	Gene ID	Adj P-value (Real)	Rank (Real)	abs(log2FoldChange) (Real)	log2FoldChange (Real)	Median adj p-value (simulated)	Rank (simulated)	Percentile (simulated)	Percent DE (simulated)	Mean abs(log2FoldChange) (simulated)	Std deviation (simulated)	Number of experiments (simulated)	Z score
PAX7	PAX7	5.950002344388559e-13	17569.0	10.6940692814481	10.6940692814481	0.0172963685487894	12930.0	72.82302579700348	0.43478260869565216	1.6045295801699897	1.7715243658811968	23	5.1309142997628285
PRAME	PRAME	2.9598499983981297e-15	17568.0	8.66489619410186	8.66489619410186	0.00028634131192046885	13643.0	76.83902219218204	0.4166666666666667	2.0748335273745457	2.9767656254115438	24	2.213833232442082
SLCO1B3	SLCO1B3	0.000529182777851368	17567.0	8.3255294992486	8.3255294992486	5.2291874626204905e-11	16861.0	94.96451503886448	0.7916666666666666	2.6029620993990137	2.0928753275749745	24	2.7343087877481715
KCNC2	KCNC2	1.98386379332695e-10	17566.0	8.23078313383692	8.23078313383692	2.7495888368755247e-05	15650.0	88.14351695392587	0.4583333333333333	2.134981547314125	2.2475566910429094	24	2.712190358007934
HOTAIR	HOTAIR	3.1151546742384003e-10	17565.0	8.22835548772391	8.22835548772391	0.00012347547593085468	17002.0	95.75870226427847	0.6818181818181818	2.4300825729323803	1.8856402367834635	22	3.0749624460083957
HOXB13	HOXB13	2.88166564587678e-07	17564.0	8.19790570168982	8.19790570168982	0.0017177340196181134	14839.0	83.57553227441703	0.5833333333333334	2.1721290689930117	2.6936554381310915	24	2.2370257707784647
PADI3	PADI3	3.6529616704384697e-10	17563.0	8.12589684849185	8.12589684849185	0.01753232896333434	12015.0	67.6692576320829	0.375	1.6417172268610984	1.9671406332660133	24	3.296246090380009
HOXC12	HOXC12	3.15945302438842e-08	17562.0	8.0591155607979	8.0591155607979	0.00028722642426994504	13191.0	74.29311704404641	0.391304347826087	1.7002833667362547	1.914789207037475	23	3.3209045521516747
HOXC13	HOXC13	3.32523708520592e-10	17561.0	8.00650774991529	8.00650774991529	0.00117482952859959	11597.0	65.31485862340881	0.30434782608695654	1.3935494097153378	1.782250103763604	23	3.710454737096253
HOXC11	HOXC11	2.83205751386451e-10	17560.0	7.76546149279557	7.76546149279557	1.8524434349298483e-05	14658.0	82.55604370846007	0.5	2.084505861798218	2.2859566825718463	24	2.4851545413388654
SPP2	SPP2	4.68266018593498e-05	17559.0	7.70510245607204	7.70510245607204	2.0955882511579502e-05	17516.0	98.65382449025572	0.6190476190476191	3.1428812067995517	2.328276214547393	21	1.95948454086637
CHRM2	CHRM2	5.94726203654775e-17	17558.0	7.410503413675361	-7.410503413675361	3.83356084269475e-06	13816.0	77.8134504900304	0.4782608695652174	1.7231670991676413	1.7358493349588922	23	3.276399742747492
BPIFB2	BPIFB2	2.31161329563988e-11	17557.0	7.21499930196149	7.21499930196149	0.000380189874469438	17050.0	96.02906387293004	0.8181818181818182	3.0976959859278894	2.6736502033417224	22	1.5399558666603042
ISX	ISX	1.6988982650453503e-08	17556.0	7.21124317506412	7.21124317506412	1.2163175603186111e-05	17235.0	97.07108257294131	0.75	2.7929159083137236	2.2741829345075013	24	1.9428196385209586
HOXB9	HOXB9	7.7874349924991e-14	17555.0	7.19774477518906	7.19774477518906	5.94774788583785e-06	14147.0	79.67781908302354	0.5	2.012979759092253	2.29421307751525	24	2.2599317678513855
ANKS4B	ANKS4B	7.873657155615541e-11	17554.0	7.042296306088929	7.042296306088929	1.203525517342302e-05	16009.0	90.16559648529908	0.7083333333333334	2.1704341166869257	1.8370695158259749	24	2.651974869449368
KRTAP4.1	KRTAP4.1	2.5688080212729605e-09	17553.0	7.0194407191560195	7.0194407191560195	0.000164553424926064	15973.0	89.9628252788104	0.5652173913043478	2.04919850079661	1.9783503349605733	23	2.512316514687709
CDX2	CDX2	1.51478254274588e-09	17552.0	6.9987766040115895	6.9987766040115895	0.0007003489775424145	15751.0	88.71240283879689	0.625	2.2165444278272832	2.134975008217053	24	2.2399476142711454
COL11A1	COL11A1	2.4616041035288098e-20	17551.0	6.966711638784009	6.966711638784009	0.0010811409940055625	12521.0	70.51931958995155	0.4583333333333333	1.4915155711302956	1.662560761797297	24	3.293230655663255
ZIC4	ZIC4	2.66212323631864e-08	17550.0	6.95776901090222	6.95776901090222	3.185204951878055e-05	14427.0	81.25492846682437	0.5416666666666666	1.8030847924521556	1.8039278850293503	24	2.8574779852500574
TFAP2D	TFAP2D	2.86262240748987e-05	17549.0	6.89978882360551	6.89978882360551	0.00023458991665687752	16946.0	95.4432803875183	0.6818181818181818	2.3762089560905544	1.6238649629210344	22	2.7856872158740758
SERPINA4	SERPINA4	1.71556002556553e-09	17548.0	6.8891645382426105	6.8891645382426105	7.5878455900983795e-06	16636.0	93.69719499831024	0.6521739130434783	2.5466885856743606	2.2951346049821	23	1.8920354140197009
ITLN1	ITLN1	6.6699410755296695e-22	17547.0	6.8723904096910795	-6.8723904096910795	4.998190750868e-05	17471.0	98.40036048214486	0.75	2.7880606810082713	2.3105036085327733	24	1.7677227222667957
UGT2B15	UGT2B15	1.6755692360863999e-12	17546.0	6.847470414396059	6.847470414396059	3.0086740725608396e-06	17013.0	95.82066013292778	0.6956521739130435	2.887109390917383	2.676237459708662	23	1.4798242245326787
CEACAM7	CEACAM7	1.0015254046098698e-15	17545.0	6.79972256454565	6.79972256454565	0.00022522230511479337	16853.0	94.91945477075588	0.6818181818181818	3.431848110530042	3.3241347354273008	22	1.0131582267475945
HOXC10	HOXC10	8.25035683529826e-14	17544.0	6.74008829483287	6.74008829483287	0.000215537177114325	15053.0	84.78089444632195	0.5416666666666666	2.016208636813668	2.145081946887147	24	2.202190767058712
LY6D	LY6D	2.51870309853871e-23	17543.0	6.736489260028581	6.736489260028581	0.0182136202614054	14133.0	79.59896361383349	0.5217391304347826	1.9867116959626012	2.2641570675003235	23	2.0978127499386927
TRPM8	TRPM8	2.74510008070621e-09	17542.0	6.73250207990566	6.73250207990566	5.005761275607029e-08	16111.0	90.74011490368368	0.625	2.6421520100444975	2.782597020609896	24	1.4699757239604283
DMRTA2	DMRTA2	2.0197278433893596e-17	17541.0	6.71483785765486	6.71483785765486	4.49497724773573e-05	12891.0	72.60335698997409	0.30434782608695654	1.5679623144367927	1.9509793369447095	23	2.6380984389502684
FUT9	FUT9	1.17399867143288e-10	17540.0	6.71440830630221	6.71440830630221	0.00032192735191872404	13346.0	75.16615973865044	0.43478260869565216	2.1077372372462015	2.4617497664040546	23	1.8712994845877853
GLB1L3	GLB1L3	2.58858947578048e-24	17539.0	6.662787421871071	6.662787421871071	0.00178923358983325	11009.0	62.002928917427056	0.28	1.1395014643368042	1.2572726609018643	25	4.39306932322247
CALML5	CALML5	4.76268214621575e-06	17538.0	6.51183352272417	6.51183352272417	5.8101149452433995e-05	17482.0	98.46231835079418	0.6956521739130435	3.529840015856398	3.217554634593432	23	0.9267887714498979
CLDN10.AS1	CLDN10.AS1	5.43582146669377e-06	17537.0	6.36573603476743	6.36573603476743	5.6306585368845e-05	15841.0	89.21933085501858	0.7916666666666666	1.8695602887978877	1.2554682071479313	24	3.581274077966165
KRT75	KRT75	1.4111943640325e-09	17536.0	6.3457780599620595	6.3457780599620595	9.340998263314391e-05	16001.0	90.12053621719049	0.5652173913043478	2.1593326490812688	2.2696416746386086	23	1.8445402451236677
SLC28A2	SLC28A2	8.43878192957822e-14	17535.0	6.34135953837976	6.34135953837976	0.020780396075545896	15143.0	85.28782246254364	0.4583333333333333	1.8609985366663364	1.8523107888780912	24	2.418795500525639
SLC6A4	SLC6A4	5.64151383347558e-16	17534.0	6.319224181300191	-6.319224181300191	1.6778780766752036e-06	15624.0	87.99707108257293	0.625	1.7085341732486778	1.3443036746852772	24	3.429797965203769
GCNT3	GCNT3	1.6621128212687e-24	17533.0	6.29144969860924	6.29144969860924	6.6086730460466755e-06	15866.0	89.36014419285794	0.7083333333333334	1.9565534812701235	1.6546589496155877	24	2.619812510817534
SPINK1	SPINK1	2.27393447445898e-10	17532.0	6.24804733607908	6.24804733607908	9.486943437194155e-05	16483.0	92.83541737073335	0.6666666666666666	3.0760444558150053	2.909182809390253	24	1.0903415454076972
IBSP	IBSP	3.2231733029309e-16	17531.0	6.21612031447505	6.21612031447505	8.66566194041886e-07	16594.0	93.46062859074011	0.782608695652174	2.630779312981363	2.1580282301938785	23	1.6613967098899247
TINAG	TINAG	0.000300787942199405	17530.0	6.187453153913269	6.187453153913269	0.0002450447879658938	15560.0	87.63658893770418	0.5454545454545454	1.930450878968002	1.9356328904780298	22	2.199281845171553
HABP2	HABP2	2.12640489552491e-30	17529.0	6.16846093873775	6.16846093873775	2.6308004504869896e-05	16830.0	94.78990649994367	0.7391304347826086	2.497325648312398	2.201598219221667	23	1.6674864915739311
ZPLD1	ZPLD1	5.39936490698083e-13	17528.0	6.15769295935688	6.15769295935688	2.6220629179305497e-09	15438.0	86.9494198490481	0.75	2.3385702312319316	2.205658572914527	24	1.7315112932816306
PADI1	PADI1	1.27243041101866e-23	17527.0	6.15289754295362	6.15289754295362	0.0661666489428717	13045.0	73.47076715106455	0.43478260869565216	1.996573016932706	2.6254387381801423	23	1.5830971279497175
LINC00491	LINC00491	8.27101045865669e-11	17526.0	5.98880321944799	5.98880321944799	5.1187009257883546e-05	14743.0	83.03480905711389	0.4583333333333333	1.6222237066298903	1.713608144172334	24	2.5481785480934094
UNC93A	UNC93A	3.11094958250069e-07	17525.0	5.983805756755969	5.983805756755969	0.0009995960192980364	15122.0	85.16953925875859	0.625	1.8919134506829953	1.909166900572292	24	2.143286846658816
SPRR1A	SPRR1A	0.00859678418522055	17524.0	5.971094636099339	5.971094636099339	0.000755720674555834	16435.0	92.56505576208178	0.6086956521739131	2.826103806600685	2.6611983742599326	23	1.1817949612167722
ABCA12	ABCA12	1.53860161824445e-45	17523.0	5.96277211621576	5.96277211621576	3.003489104726756e-09	16084.0	90.58803649881716	0.6666666666666666	1.953350511009865	1.6705890446281768	24	2.4000047277325898
B3GNT6	B3GNT6	1.66180766499425e-12	17522.0	5.90045453557095	5.90045453557095	0.0008048419856716965	15131.0	85.22023206038075	0.625	2.1094206810516174	1.877166264663104	24	2.0195514515064605
MUC3A	MUC3A	3.28003212616669e-21	17521.0	5.89991900444159	5.89991900444159	0.030300929501977	11789.0	66.39630505801509	0.25	1.059351211504428	1.1864681194665008	24	4.079812776692002
KLK6	KLK6	4.4102668300901e-09	17520.0	5.8735215367767095	5.8735215367767095	1.35738130105848e-05	14982.0	84.38098456685817	0.5652173913043478	2.5952738569082787	3.0319248972532864	23	1.0812430356828087
SALL1	SALL1	9.613423557172491e-11	17519.0	5.859326322660809	5.859326322660809	3.99311278755661e-05	12729.0	71.69088656077503	0.391304347826087	1.3338626797803999	1.5278430018552351	23	2.961995203293278
EEF1A2	EEF1A2	2.38890708648536e-15	17518.0	5.859262489989099	5.859262489989099	5.902208826057301e-06	13542.0	76.27013630731102	0.4583333333333333	1.7920913498404019	1.9034060829358916	24	2.1367858265301565
BBOX1.AS1	BBOX1.AS1	1.84348194707486e-12	17517.0	5.8576352248459	5.8576352248459	1.1894814538086341e-06	14959.0	84.25143629604595	0.5416666666666666	1.7808183229800043	1.7762833662160296	24	2.2951388159146213
TMPRSS11E	TMPRSS11E	1.0867562651923201e-17	17516.0	5.852794047720639	5.852794047720639	0.000522651517162619	15459.0	87.06770305283315	0.6086956521739131	2.50225864545036	2.5541413200291943	23	1.3118050187731907
SLCO6A1	SLCO6A1	1.73609989410934e-09	17515.0	5.84127585232854	5.84127585232854	0.0005041323423012321	14605.0	82.25751943224061	0.5217391304347826	1.844342036551428	1.8348316801663553	23	2.1783653830386935
NRAP	NRAP	5.1822358341620297e-20	17514.0	5.81485106350473	5.81485106350473	3.61826483527712e-08	17702.0	99.70147572378055	0.7391304347826086	4.010929017283216	2.620348657147141	23	0.6884282522103388
HOXA13	HOXA13	2.20914362480935e-05	17513.0	5.793405805737191	5.793405805737191	1.033550647290976e-05	15452.0	87.02827531823814	0.6666666666666666	2.333864189348366	2.432520302572179	24	1.4222046215732134
BARX1	BARX1	7.58830700462017e-10	17512.0	5.76261517068243	5.76261517068243	5.304277004262804e-06	11934.0	67.21302241748337	0.375	1.5502637189487036	1.694576848393772	24	2.485783666716834
MNX1.AS1	MNX1.AS1	1.77799575029356e-14	17511.0	5.761036338631951	5.761036338631951	0.008400426047714425	10122.0	57.006871690886555	0.25	1.106883097354196	1.3502456465905954	24	3.4468937211755577
GLYATL2	GLYATL2	4.04777195306351e-06	17510.0	5.73222788500216	5.73222788500216	9.287887111405116e-08	16779.0	94.50264729075137	0.7916666666666666	3.042901730283512	2.7171808461263023	24	0.9897486796113095
C11orf86	C11orf86	1.20481605370287e-06	17509.0	5.6499345919831105	5.6499345919831105	0.004655707248505765	13419.0	75.57733468514137	0.4583333333333333	1.7729841720740405	2.0577607569474576	24	1.8840627642546024
SYT12	SYT12	1.4251863819115802e-17	17508.0	5.613193007216231	5.613193007216231	0.00219853736965117	12672.0	71.3698321505013	0.36	1.2895933783296243	1.5381431195546669	25	2.810921541643279
CA10	CA10	4.1489323428831205e-13	17507.0	5.6002529173200895	5.6002529173200895	5.41517415010043e-05	15274.0	86.0256843528219	0.5652173913043478	2.0207736402920453	2.12228006520429	23	1.6866196576574284
FCN3	FCN3	9.30873057073454e-28	17506.0	5.583570972335139	-5.583570972335139	7.54815441104118e-06	17226.0	97.02038977131913	0.782608695652174	2.7945624912343967	1.9246422177748963	23	1.4491049065343435
LINC01395	LINC01395	8.077471857255709e-06	17505.0	5.5820943369353495	5.5820943369353495	7.3261024632707e-05	15135.0	85.24276219443504	0.5652173913043478	1.7226721627423154	1.3844657527706676	23	2.7876617146139946
COL10A1	COL10A1	7.800209532607819e-26	17504.0	5.541466121490929	5.541466121490929	8.81050237850466e-13	15851.0	89.27565619015432	0.75	2.1088765126498434	1.6668656042505186	24	2.059307961054544
CLEC4M	CLEC4M	1.32499343977093e-12	17503.0	5.5105018487324	-5.5105018487324	1.4547739182874371e-09	17642.0	99.36352371296609	0.8333333333333334	3.265455489228833	1.9737681531679687	24	1.1374417790155273
LY6G6E	LY6G6E	1.2507748660460899e-06	17502.0	5.509303306685609	-5.509303306685609	1.0505595063744699e-06	16979.0	95.62915399346626	0.6521739130434783	2.2804648226862456	1.5036921752777408	23	2.1472735823759797
MUC5AC	MUC5AC	1.28667869620682e-06	17501.0	5.485422768529191	5.485422768529191	0.0016930417717444272	16928.0	95.34189478427396	0.6666666666666666	2.7471465695494195	2.377113969333863	24	1.151933072753393
PRAC2	PRAC2	6.669923021066751e-05	17500.0	5.474135683165519	5.474135683165519	0.000480523642999713	16823.0	94.75047876534865	0.6521739130434783	2.3314049833946053	1.8686079881598827	23	1.6818566118117302
FAM83A	FAM83A	4.41268970337095e-18	17499.0	5.46908927801422	5.46908927801422	0.0001573442233409484	14267.0	80.35372310465247	0.5833333333333334	2.056488336132153	2.2410169859558673	24	1.5227911984908409
UBE2U	UBE2U	4.03195308628564e-06	17498.0	5.45071491740517	5.45071491740517	0.0006311560134931789	15625.0	88.0027036160865	0.5454545454545454	1.9856816060565272	2.0227871479093116	22	1.7129994695339008
SERTM1	SERTM1	2.51507211832721e-40	17497.0	5.43134054666466	-5.43134054666466	0.0005615019734741745	14629.0	82.3927002365664	0.5	1.5565187588871474	1.4242864840807163	24	2.7205353916409987
PLAC1	PLAC1	2.18783621751067e-08	17496.0	5.4278689092481605	5.4278689092481605	3.86929582035364e-05	16200.0	91.24141038639179	0.5833333333333334	1.9528449660671026	2.0504167256210324	24	1.6947891127490384
CA4	CA4	1.0296690122390998e-34	17495.0	5.417339296154441	-5.417339296154441	0.002093851239842655	14152.0	79.7059817505914	0.5	1.6724636514756632	1.8031139942460224	24	2.0768934502361893
CEACAM5	CEACAM5	3.09515019084781e-26	17494.0	5.38570057602924	5.38570057602924	7.002792238041e-08	16969.0	95.57282865833051	0.9130434782608695	3.189919845138391	2.459876196823251	23	0.8926387164226144
SPP1	SPP1	2.02986367335166e-13	17493.0	5.35390547773473	5.35390547773473	0.00021028656807845048	14544.0	81.91393488791257	0.5833333333333334	2.323732401017159	2.7698188137615363	24	1.0939968570010765
PDX1	PDX1	3.11589738677292e-06	17492.0	5.34022201781641	5.34022201781641	0.007021936438552572	15194.0	85.57508167173594	0.5416666666666666	1.9346126002368285	2.052283963322472	24	1.659424075051579
COL2A1	COL2A1	3.14434802107462e-13	17491.0	5.3339904654528	5.3339904654528	0.00010077513640381864	16589.0	93.43246592317223	0.625	2.2392079484296605	2.231298977849183	24	1.3869869290247667
IL1RAPL2	IL1RAPL2	4.10191240708133e-09	17490.0	5.31702393291195	5.31702393291195	1.7668696191335e-06	15771.0	88.82505350906837	0.6086956521739131	2.0308154134962897	1.8346839898178564	23	1.7911577893814337
KRT24	KRT24	1.08910100580741e-05	17489.0	5.31579109820003	5.31579109820003	0.000896018877667833	17104.0	96.33322068266305	0.6363636363636364	2.739488906698278	2.3329007414741696	22	1.1043342503606803
TMPRSS4	TMPRSS4	1.7744485369406799e-25	17488.0	5.25543837063029	5.25543837063029	2.484400593997114e-10	17089.0	96.24873267995945	0.8333333333333334	2.781527272490989	1.9645983763179231	24	1.2592452116223054
EFNA2	EFNA2	1.3413171792931799e-08	17487.0	5.2548484824017105	5.2548484824017105	2.5368503214109748e-06	15896.0	89.52912019826518	0.625	1.8706509090171028	1.5442356529947086	24	2.1915033284082606
MOGAT2	MOGAT2	4.28429552534427e-09	17486.0	5.254514708590559	5.254514708590559	3.70383732741747e-06	16588.0	93.42683338965867	0.6956521739130435	2.6418406230369804	2.483210650985483	23	1.052135502284801
LINC01082	LINC01082	8.59156053623986e-11	17485.0	5.20647749319008	-5.20647749319008	6.734252107740805e-05	16302.0	91.81592880477638	0.6818181818181818	1.8693366038872858	1.311952080858238	22	2.5436454105242485
IGF2BP1	IGF2BP1	3.2057799649792103e-09	17484.0	5.18458523361856	5.18458523361856	1.22883455059667e-09	14229.0	80.13968683113664	0.48	1.4715192042593161	1.6196879069933137	25	2.292457709492902
CLDN6	CLDN6	2.2523656599299104e-08	17483.0	5.15660617881836	5.15660617881836	0.0011946589872504749	16553.0	93.22969471668355	0.6666666666666666	2.1795677479915962	2.004709733808323	24	1.4850221858160582
ATP10B	ATP10B	4.0315584814056294e-30	17482.0	5.13867651412317	5.13867651412317	4.022119155759276e-06	16101.0	90.68378956854792	0.6666666666666666	2.318984668882362	2.0856495740856764	24	1.3519489948242753
SOSTDC1	SOSTDC1	2.65323459784887e-12	17481.0	5.11107598927621	-5.11107598927621	0.01410947100810668	8668.0	48.81716796214937	0.2916666666666667	1.1693394035285598	1.5538808003787195	24	2.5367046074492654
CRABP1	CRABP1	0.00063737826791148	17480.0	5.1108515301281905	5.1108515301281905	1.6298275847720966e-05	16540.0	93.15647178100708	0.625	2.5634167602761924	2.6328520125973696	24	0.9675571424688221
TAS2R38	TAS2R38	9.74366299095143e-05	17479.0	5.104356908906309	5.104356908906309	0.123604016669278	12474.0	70.25459051481356	0.2916666666666667	1.1076045448012426	0.957937004635742	24	4.17224968318751
CSF3	CSF3	2.07530174843413e-25	17478.0	5.09558857992112	-5.09558857992112	3.146767877393818e-05	16229.0	91.40475385828545	0.625	2.016455998619578	1.7946674087986147	24	1.7157120958488759
SCGB3A1	SCGB3A1	1.83566525437214e-09	17477.0	5.08550599910559	5.08550599910559	0.000209279784182698	17551.0	98.85096316323082	0.6956521739130435	3.15431729357504	1.8841024241379996	23	1.0249913596996154
LINC00461	LINC00461	2.7060201207485197e-09	17476.0	5.08286174698113	5.08286174698113	3.26643686087458e-05	16033.0	90.30077728962486	0.6521739130434783	2.6560952195236482	2.779658791746752	23	0.8730447545083362
TMEM100	TMEM100	2.36156283113049e-26	17475.0	5.06493900814413	-5.06493900814413	2.6010751857299184e-05	14981.0	84.3753520333446	0.5	1.5020571067334556	1.3381373663366964	24	2.662568127190461
KIF1A	KIF1A	1.3971917639686401e-09	17474.0	5.058074549972719	5.058074549972719	0.00011798371526337694	15261.0	85.95246141714543	0.625	2.057380004094843	2.206474472466919	24	1.3599498128446463
SLCO1B1	SLCO1B1	0.0156713111000938	17473.0	5.0528780538019005	5.0528780538019005	7.22404100473023e-06	17009.0	95.79812999887349	0.6521739130434783	2.3070564631501354	1.5917742259278782	23	1.7250069425211159
OFCC1	OFCC1	0.00307026335188691	17472.0	5.0399458446994005	5.0399458446994005	9.27502391217082e-05	13990.0	78.79351132139236	0.5217391304347826	1.5869043471325692	1.5145639827566866	23	2.279891465055101
TM4SF4	TM4SF4	3.8054267285502004e-08	17471.0	5.03250393413039	5.03250393413039	3.83697923636589e-06	17280.0	97.32454658105215	0.6956521739130435	2.824322848092688	2.330097907113218	23	0.9476773826956653
MNX1	MNX1	4.87815171065529e-44	17470.0	5.00252292932958	5.00252292932958	0.0069560237115589675	11265.0	63.4448574969021	0.375	1.1531445063046428	1.3008280618341337	24	2.9591754175393588
SSX5	SSX5	1.51590511878699e-05	17469.0	4.94493049592757	4.94493049592757	0.000193914121398891	14905.0	83.94727948631294	0.6521739130434783	2.0067768540711532	2.038423760456996	23	1.4413851029668678
IL36RN	IL36RN	2.90407056895924e-05	17468.0	4.911465627631481	4.911465627631481	0.00207327035645291	15995.0	90.08674101610904	0.5652173913043478	2.5718333411392287	2.8246118292893168	23	0.8283022333305573
TFF2	TFF2	0.0210355292573749	17467.0	4.905505715980531	4.905505715980531	0.000594703990372001	17277.0	97.30764898051143	0.7391304347826086	3.3688720499658134	3.29569973144164	23	0.46625414668542836
LGALS4	LGALS4	1.13165917622342e-08	17466.0	4.90319755301156	4.90319755301156	1.097176536430701e-07	17060.0	96.08538920806578	0.75	3.499675402202728	3.0649924433736877	24	0.4579202646463793
MMP11	MMP11	5.5212377799429e-16	17465.0	4.90265730691056	4.90265730691056	0.00320068574049262	10027.0	56.471781007096986	0.28	1.130876929959861	1.2379927666535309	25	3.046690157282868
CD300LG	CD300LG	9.748314125158999e-45	17464.0	4.8879955690445	-4.8879955690445	3.1062624215139094e-08	17193.0	96.83451616537118	0.875	2.8490591708441357	1.6435744718264476	24	1.240550053040532
XDH	XDH	7.687982924339219e-48	17463.0	4.883826020316531	4.883826020316531	2.45523419283816e-07	15474.0	87.15219105553678	0.6086956521739131	2.920306101465011	3.281446348992577	23	0.5983702642142333
FENDRR	FENDRR	7.5644674400906594e-31	17462.0	4.877999446608991	-4.877999446608991	5.06719958119266e-11	17151.0	96.59794975780105	0.7272727272727273	2.6426988833903606	2.002735061077536	22	1.1161239480253402
SLC10A2	SLC10A2	1.91228639789248e-05	17461.0	4.8652033770651695	4.8652033770651695	5.018205252632129e-06	17589.0	99.06499943674665	0.8260869565217391	2.950321259636423	1.7304481172664423	23	1.1065816410917022
ZIC1	ZIC1	1.84100150861351e-05	17460.0	4.84281141504716	4.84281141504716	4.966756183625789e-06	16242.0	91.47797679396191	0.6521739130434783	2.21747144331052	2.2633597190083026	23	1.1599305005246539
GABRA3	GABRA3	6.47337438888029e-06	17459.0	4.8366345100847195	4.8366345100847195	0.0009554946973567071	13620.0	76.70947392136982	0.43478260869565216	1.6860660945767127	1.9876076642974663	23	1.5851057892864369
AOC1	AOC1	1.02313829135865e-19	17458.0	4.83026334570426	4.83026334570426	7.126559660674074e-05	14774.0	83.2094175960347	0.5833333333333334	2.268432375190557	2.4166826170660913	24	1.0600609912210257
NR2E1	NR2E1	0.0014202455342996801	17457.0	4.81107597244541	4.81107597244541	8.2245265205269e-06	15111.0	85.10758139010926	0.625	1.8755109570283055	1.7567195337253931	24	1.6710493388730008
ANKRD1	ANKRD1	1.5897397108668799e-22	17456.0	4.7990899591571505	-4.7990899591571505	0.0014693042499583525	16188.0	91.1738199842289	0.5833333333333334	1.8329095390516847	1.9524707051000654	24	1.5191933033143497
SLC44A5	SLC44A5	1.48942392009606e-19	17455.0	4.79288591817603	4.79288591817603	3.63795387888484e-10	14399.0	81.09721752844429	0.52	1.5233171059613293	1.3683762429663757	25	2.3893785273024815
HOXA11.AS	HOXA11.AS	6.78477194064632e-06	17454.0	4.785291051609639	4.785291051609639	1.5479265263108614e-06	16733.0	94.24355074912695	0.75	2.402010978780028	2.2216438961328167	24	1.0727552138207894
LCT	LCT	2.38475261302043e-09	17453.0	4.7834498169755	4.7834498169755	2.64258296620954e-05	15039.0	84.7020389771319	0.6666666666666666	2.57594125169668	2.343598776493795	24	0.9419310964914493
VSX1	VSX1	2.1416793050613e-09	17452.0	4.77820789910314	4.77820789910314	0.0002149022518635431	16136.0	90.88092824152304	0.6363636363636364	1.915254994941151	1.7647801741214861	22	1.6222716835467494
MAP7D2	MAP7D2	1.3121341955031697e-21	17451.0	4.7677686833073	4.7677686833073	0.000134699468308952	10796.0	60.8031992790357	0.20833333333333334	1.0348158299326833	1.4024444759572996	24	2.6617473399982745
DMRTC2	DMRTC2	1.19700639955308e-05	17450.0	4.7607926725672	4.7607926725672	0.007364392492213434	16091.0	90.62746423341218	0.625	2.3542831514619125	2.1823556130432835	24	1.102711907593017
IL37	IL37	1.44718554838067e-09	17449.0	4.74008456268672	4.74008456268672	0.00030685877990757447	14397.0	81.08595246141714	0.5416666666666666	1.6148887865074117	1.4793904884440083	24	2.112488758438837
COMP	COMP	5.512014909322731e-12	17448.0	4.72556141169903	4.72556141169903	5.916281855527175e-05	15852.0	89.2812887236679	0.6666666666666666	2.2525593730990736	2.089604380031372	24	1.1834785867757553
AKR1B10	AKR1B10	1.60194123613792e-08	17447.0	4.72157418802416	4.72157418802416	1.2867415705962802e-09	16763.0	94.41252675453418	0.6521739130434783	2.994132505003094	3.0141093476546628	23	0.5731184518455583
LGSN	LGSN	7.06150031988951e-26	17446.0	4.67365523014552	4.67365523014552	0.001472855839475395	14679.0	82.67432691224512	0.5	1.47728648160293	1.6539949188288436	24	1.9325142490799583
KCNK2	KCNK2	1.48604424882244e-16	17445.0	4.66554042095785	4.66554042095785	0.000235254517074805	13495.0	76.00540723217303	0.4782608695652174	1.636560085955901	1.876391995344835	23	1.6142577577161834
FOXD3.AS1	FOXD3.AS1	5.17735579234124e-07	17444.0	4.65192615932024	4.65192615932024	1.1444740271948502e-05	15035.0	84.67950884307761	0.5833333333333334	1.6133892417894449	1.6936789750096284	24	1.794045366545051
CASP14	CASP14	0.00608583905580707	17443.0	4.65026721336478	4.65026721336478	0.0106779627570734	16498.0	92.91990537343696	0.6086956521739131	2.8402772561496206	3.154020797261225	23	0.5738674769636439
GRIN2A	GRIN2A	6.863609551145381e-07	17442.0	4.6500991151751	4.6500991151751	0.00433038545699088	10612.0	59.76681311253802	0.2916666666666667	1.226003171979123	1.4657804160054093	24	2.336022439518895
PLPP4	PLPP4	2.99776130529137e-15	17441.0	4.63824156618625	4.63824156618625	0.005461567057427375	12667.0	71.34166948293341	0.375	1.5694105686065616	1.8672557115313526	24	1.6434979840350379
TCN1	TCN1	1.02755806555679e-06	17440.0	4.6276376081428	4.6276376081428	2.30107058451639e-07	16696.0	94.0351470091247	0.625	3.5295380300055914	3.5870668003069275	24	0.30612744040430184
ADAM2	ADAM2	0.0200706417634065	17439.0	4.61771805972179	4.61771805972179	6.81469822834452e-05	15629.0	88.02523375014081	0.6521739130434783	2.1324399331543815	2.026247573680485	23	1.22654218509594
IL6	IL6	2.6334810598492993e-34	17438.0	4.61437012010459	-4.61437012010459	0.04332537611884815	13051.0	73.504562352146	0.375	1.477417253189046	1.71722202092842	24	1.826760214278841
LINC01561	LINC01561	1.09239480028412e-05	17437.0	4.5922327179541105	4.5922327179541105	0.000103969920559089	16244.0	91.48924186098907	0.6086956521739131	2.028934748534989	1.5827581554015793	23	1.6195133543752036
SMPX	SMPX	1.0290846577568401e-05	17436.0	4.570598119078441	4.570598119078441	1.96183579039482e-05	16963.0	95.53903345724906	0.782608695652174	2.8356653693090514	2.415439206852725	23	0.7182680254784705
LINC01096	LINC01096	0.000889139267697488	17435.0	4.560173801095679	4.560173801095679	0.00319316687465769	13146.0	74.03965303593556	0.3333333333333333	1.1428273337308628	1.2270699120405841	24	2.784964763484308
NXPH1	NXPH1	0.000248553178169296	17434.0	4.55626970384508	4.55626970384508	8.55483034228009e-05	16123.0	90.80770530584657	0.6521739130434783	2.1085776558044724	1.938516540518666	23	1.2626624518693599
TFF1	TFF1	3.12222903508641e-06	17433.0	4.537682964936679	4.537682964936679	4.2169556725651703e-07	17510.0	98.62002928917427	0.8260869565217391	3.8581911653332086	3.72529951579565	23	0.182399239771824
LINC00858	LINC00858	2.12506378264952e-11	17432.0	4.53641915768427	4.53641915768427	7.095477956864659e-08	16155.0	90.98794637828094	0.75	1.9108121439053	1.3986235385195673	24	1.8772792974427952
DMBX1	DMBX1	1.7205752737934e-11	17431.0	4.5330213666074	4.5330213666074	0.0006117697919587271	9770.0	55.02421989410836	0.3333333333333333	1.2248711816749231	1.597393367678687	24	2.0709677727908944
IL36G	IL36G	3.6790670025441297e-05	17430.0	4.5204442321039195	4.5204442321039195	5.869818387181271e-07	16583.0	93.39867072209078	0.6956521739130435	3.3757894424052433	3.224604508054504	23	0.3549752494730832
PNPLA5	PNPLA5	0.0124573589328629	17429.0	4.51925592571558	4.51925592571558	0.0018761281023623698	13886.0	78.20772783598062	0.4166666666666667	1.6177755122683488	1.8417646812601678	24	1.575380635197102
CST1	CST1	9.03655371852524e-07	17428.0	4.51708961531095	4.51708961531095	0.00406997664036973	16852.0	94.9138222372423	0.6086956521739131	3.0504524522701497	3.3172325794517725	23	0.44212672096786965
DLK1	DLK1	1.02940528223051e-08	17427.0	4.50583627217644	4.50583627217644	1.37137434401807e-07	16746.0	94.31677368480342	0.6666666666666666	2.994265917722606	2.954396438510403	24	0.5116342325459757
PITX1	PITX1	5.7787369021415e-31	17426.0	4.50437246468954	4.50437246468954	2.5057482130932302e-06	15195.0	85.58071420524952	0.5416666666666666	1.6189263477625004	1.5531460049291623	24	1.8578073843473861
ONECUT1	ONECUT1	7.43994764074492e-06	17425.0	4.501978723691231	4.501978723691231	8.99556948208875e-05	16043.0	90.35710262476061	0.6521739130434783	1.9674736425620079	1.7505336835187852	23	1.447847079431548
PIWIL1	PIWIL1	5.9929090323996494e-05	17424.0	4.48315676817994	4.48315676817994	0.0004527500397357745	14833.0	83.54173707333558	0.5416666666666666	2.4779495214053355	2.774045062947236	24	0.7228459528498816
WFDC3	WFDC3	6.2328748680135e-20	17423.0	4.48306713530667	4.48306713530667	0.0042647150163861395	15233.0	85.79475047876534	0.6086956521739131	2.252887374218137	2.240699655771997	23	0.9953050848843732
CFC1	CFC1	2.55894827397947e-08	17422.0	4.47868961207788	-4.47868961207788	0.00277118864191397	17217.0	96.96969696969697	0.5909090909090909	2.75964888510461	2.5698063986447375	22	0.6689378343364141
SYT4	SYT4	2.08906852783089e-10	17421.0	4.4657185624340805	-4.4657185624340805	0.001085213385906743	15093.0	85.00619578686492	0.5833333333333334	1.926266149358546	2.148302603781982	24	1.1820738887552211
AGER	AGER	8.31555756710213e-33	17420.0	4.45306600710187	-4.45306600710187	9.913523010870545e-10	15704.0	88.44767376365888	0.75	1.6557543389094571	1.1030485927937022	24	2.535982264487219
PPP1R14D	PPP1R14D	1.72336201835777e-10	17419.0	4.446182524396691	4.446182524396691	1.1345198270521919e-05	16087.0	90.60493409935789	0.6666666666666666	2.1173441112740314	1.7873725579423703	24	1.3029395593964062
KISS1R	KISS1R	7.72760121243521e-12	17418.0	4.44152987707347	4.44152987707347	1.450143944645925e-06	14153.0	79.71161428410498	0.4583333333333333	1.1742907669945044	0.9402670680043237	24	3.474799045141015
B3GNT3	B3GNT3	1.10222147488913e-27	17417.0	4.43854447792778	4.43854447792778	0.0007843724915732969	14494.0	81.63230821223385	0.5416666666666666	1.516044705473474	1.4305282945855953	24	2.042951393213033
ATP6V0A4	ATP6V0A4	2.4269802009150097e-09	17416.0	4.42125584090675	4.42125584090675	0.00244079337177121	13747.0	77.42480567759378	0.4166666666666667	1.1672663395984697	0.9836610109657034	24	3.308039522796268
BPIFB6	BPIFB6	0.146549919410887	17415.0	4.42085499944793	4.42085499944793	0.02543296275543066	14769.0	83.18125492846681	0.45454545454545453	1.654572322384381	1.5285633285119096	22	1.8097272291338997
SSTR5	SSTR5	0.000763324388419137	17414.0	4.41978063838864	4.41978063838864	1.10505900683557e-05	15980.0	90.00225301340542	0.6086956521739131	1.6756335894040877	1.1845263209643184	23	2.3166619436118165
CHRNA2	CHRNA2	2.26395337022996e-14	17413.0	4.39361334443342	-4.39361334443342	0.0017331207637239175	15148.0	85.31598513011151	0.625	1.95211065495164	1.783973911401669	24	1.3685753327880732
MMP13	MMP13	1.42510944705639e-06	17412.0	4.38819496216603	4.38819496216603	1.151811047699978e-08	16578.0	93.37050805452292	0.7916666666666666	2.6287840605391737	1.9632282392319411	24	0.8961825560919892
FABP7	FABP7	6.14620211004231e-06	17411.0	4.3785769390165905	4.3785769390165905	2.23295527070836e-07	15787.0	88.91517404528557	0.6086956521739131	2.6302874196987496	2.5924221433583594	23	0.674384580380499
HOXA10	HOXA10	2.00450397770305e-12	17410.0	4.375726177158491	4.375726177158491	2.017338319803845e-06	14248.0	80.24670496789456	0.5416666666666666	2.2582587295533534	2.790224625342547	24	0.7588878072299224
CACNA1S	CACNA1S	1.2868127108575e-15	17409.0	4.37378531223363	-4.37378531223363	1.08575826246506e-05	17214.0	96.95279936915624	0.7391304347826086	2.6171105268212624	1.8948255586876344	23	0.927090505697553
MUC5B	MUC5B	3.09194084552766e-05	17408.0	4.37308187165914	4.37308187165914	0.0001385006619967595	14767.0	83.16998986143967	0.5416666666666666	2.0338861535181505	2.150369510351244	24	1.0878110514871013
UPK3A	UPK3A	7.14735588777403e-12	17407.0	4.37038007237967	4.37038007237967	0.004526961773884735	14231.0	80.15095189816378	0.5	1.8470984813772893	1.8893770666053011	24	1.3355098014056213
HOXA11	HOXA11	5.919042681329239e-05	17406.0	4.368831679989009	4.368831679989009	1.598472904540945e-07	16597.0	93.47752619128083	0.625	2.3163279134231813	2.2764636799581335	24	0.9016193777374808
LINC00163	LINC00163	3.27145193894741e-28	17405.0	4.36759273136121	-4.36759273136121	0.0013026103903530399	14291.0	80.48890390897826	0.4583333333333333	1.2066757216504957	0.7774507249698275	24	4.065745787083018
PRSS3	PRSS3	2.7967678703254197e-07	17404.0	4.36655452066253	4.36655452066253	1.816059048946643e-05	16166.0	91.04990424693027	0.5833333333333334	2.422395981027624	2.5971182776148414	24	0.748582979986724
HOXA10.AS	HOXA10.AS	6.58340240112145e-09	17403.0	4.36593705395246	4.36593705395246	6.852868461140949e-05	17647.0	99.39168638053395	0.5652173913043478	4.029152959360647	3.308817937266301	23	0.10178380949846384
FAM71A	FAM71A	6.67770151640354e-11	17402.0	4.3634352034124	-4.3634352034124	0.000558493254528325	15908.0	89.59671060042807	0.5	1.5741917245305161	1.1633777670677894	24	2.3975389231581867
ERN2	ERN2	3.67553889057655e-13	17401.0	4.36202955764896	4.36202955764896	1.8323825912771903e-05	14301.0	80.545229244114	0.5416666666666666	1.3032846603943307	1.0192878316941782	24	3.000864723530182
MYEOV	MYEOV	7.69358035620557e-09	17400.0	4.35755281130773	4.35755281130773	9.244920358449994e-06	14164.0	79.7735721527543	0.5	1.7710747305112349	1.8390704774828108	24	1.4064050902152934
MYO3B	MYO3B	2.0298049942666e-21	17399.0	4.3559658340496705	4.3559658340496705	3.825189703330048e-10	15566.0	87.67038413878562	0.7083333333333334	1.709019536521854	1.022147637634109	24	2.589592931657614
MYOC	MYOC	5.92081256962708e-47	17398.0	4.35500817989992	-4.35500817989992	1.023995913110106e-05	17358.0	97.76388419511096	0.7272727272727273	2.787061104323362	2.0817102744012943	22	0.7532013915949488
HTR3A	HTR3A	1.11646916605187e-13	17397.0	4.35144561948845	4.35144561948845	0.000534867176834409	16580.0	93.38177312155007	0.7083333333333334	2.4901336290638985	2.3952317373292358	24	0.7770905676542084
ERICH5	ERICH5	1.23504274626658e-13	17396.0	4.34768435760863	4.34768435760863	0.0059990862450167055	6197.0	34.89917765010701	0.2916666666666667	1.1276125790822458	1.35783020191105	24	2.3714833960788035
NGB	NGB	0.00407861302079674	17395.0	4.34493020165528	4.34493020165528	5.54555916269139e-07	16815.0	94.70541849724005	0.6666666666666666	2.2219375676625726	1.679835773009392	24	1.263809634312888
SYT16	SYT16	1.47064638307193e-16	17394.0	4.33120907593354	4.33120907593354	0.0011424786039789	14368.0	80.92260898952348	0.5652173913043478	1.558983967266943	1.5785586939104346	23	1.7561748697472819
ZG16	ZG16	1.39328569893078e-06	17393.0	4.325232885917741	4.325232885917741	2.1099238325862252e-05	17538.0	98.77774022755435	0.7272727272727273	3.2534604519351054	2.765388804385735	22	0.3875666352170338
FGB	FGB	0.000587670131156063	17392.0	4.32280615243923	4.32280615243923	6.552165723000699e-05	17381.0	97.89343246592317	0.6956521739130435	3.022094356312106	2.2253547477415303	23	0.584496380834198
PCP4	PCP4	5.195374124352821e-09	17391.0	4.29409047508194	4.29409047508194	2.3420956173624e-06	15966.0	89.92339754421538	0.6086956521739131	2.309460036260711	2.4254278279753447	23	0.8182599440519832
CALML3	CALML3	0.000890201174090252	17390.0	4.289554623229661	4.289554623229661	0.00588268970256875	16929.0	95.34752731778754	0.6086956521739131	3.038348002649518	2.8575438332112566	23	0.43786086709790173
MESP2	MESP2	1.1712563416852498e-10	17389.0	4.28928515016117	4.28928515016117	0.00516676989769527	8004.0	45.07716570913597	0.2916666666666667	0.914370339873622	1.0323728514274582	24	3.2690852007790263
CA9	CA9	2.99386717729958e-09	17388.0	4.28757451940906	4.28757451940906	1.0946605958277154e-05	12625.0	71.10510307536329	0.375	1.7065838945161573	1.9237160144577539	24	1.3416692513319943
BARX2	BARX2	4.7891740896651397e-17	17387.0	4.2874815980106495	4.2874815980106495	0.006005355247765368	9725.0	54.77075588599752	0.4166666666666667	1.287220773655722	1.295844433129885	24	2.3152939871866587
HS6ST2	HS6ST2	1.0651263041033498e-52	17386.0	4.28408280933712	4.28408280933712	0.00404009839691173	11099.0	62.50985693364875	0.36	1.0970633914869528	1.41925070815799	25	2.245564789596984
LINC00460	LINC00460	6.772846341795321e-08	17385.0	4.27840654070935	4.27840654070935	2.655476411335845e-08	17076.0	96.17550974428298	0.6363636363636364	2.4631346621083448	1.8979304414149247	22	0.9564480546756513
NXPH4	NXPH4	4.686184540284721e-13	17384.0	4.27051826854987	4.27051826854987	1.6126024297403026e-05	12826.0	72.23724231159174	0.4583333333333333	1.5047124795480602	1.5651683733452257	24	1.7670979276756458
CP	CP	1.88072176724255e-17	17383.0	4.25700771627428	4.25700771627428	6.20647842558534e-11	14995.0	84.45420750253463	0.64	1.7777293693345149	1.58267366747856	25	1.566512666435926
IVL	IVL	6.03616058238951e-10	17382.0	4.2555606114099405	4.2555606114099405	0.00136212659432266	15768.0	88.80815590852765	0.5217391304347826	2.558987179279499	2.914235902460324	23	0.582167500818352
MIOX	MIOX	2.69763076710644e-11	17381.0	4.2378473344416	4.2378473344416	2.7073049182803626e-05	17513.0	98.63692688971499	0.7272727272727273	3.005182281247136	1.8241035715766507	22	0.6757648372614167
ARC	ARC	1.61780758818865e-44	17380.0	4.23228063384763	-4.23228063384763	7.119524786888884e-07	14863.0	83.71071307874281	0.5833333333333334	1.661335938286726	1.6123592341935913	24	1.594523503843572
PRX	PRX	2.0194471629461102e-38	17379.0	4.23201550056254	-4.23201550056254	4.00373568132675e-14	14256.0	80.29176523600314	0.56	1.4244596720284957	0.8371799700760686	25	3.3535869572691066
SLC24A2	SLC24A2	3.65578907974895e-11	17378.0	4.23127373242987	4.23127373242987	7.5056795314803206e-06	16119.0	90.78517517179226	0.7391304347826086	2.3613498846621868	2.2579109600360514	23	0.8281654506596784
CAPNS2	CAPNS2	6.79754078445498e-08	17377.0	4.227427463755101	4.227427463755101	0.01757759675872218	13154.0	74.08471330404416	0.3333333333333333	1.6182968499411237	1.7027863935078813	24	1.5322712371684808
AFAP1.AS1	AFAP1.AS1	4.183873017240179e-25	17376.0	4.22648992892108	4.22648992892108	2.7605773878081e-09	13612.0	76.66441365326124	0.4	1.37447098601052	1.0591614918795316	25	2.692713967394641
CHRM1	CHRM1	9.14287134910823e-14	17375.0	4.22240258108714	-4.22240258108714	0.02331929454009595	13211.0	74.40576771431789	0.375	1.1685969365512512	1.0580692509290819	24	2.8862058337432708
FAM107A	FAM107A	4.06445666340025e-31	17374.0	4.21755351283077	-4.21755351283077	3.2403124331953805e-05	15263.0	85.96372648417258	0.6086956521739131	1.9857074304325781	2.1122572549734953	23	1.0566166015730871
BCL2L10	BCL2L10	1.99985408067457e-07	17373.0	4.19888657378701	4.19888657378701	0.000142362999299197	17318.0	97.53858285456798	0.7391304347826086	2.709869685633944	1.8690268878296257	23	0.7966802927496458
SLC17A4	SLC17A4	0.175352558333292	17372.0	4.1927975147097305	4.1927975147097305	0.00119309439765444	16282.0	91.7032781345049	0.6086956521739131	2.0781508353761162	1.8660272245219507	23	1.1332346342778339
HTR3C	HTR3C	1.0230903637991801e-09	17371.0	4.19171866242365	-4.19171866242365	0.0001807168787087	16465.0	92.73403176748901	0.6521739130434783	1.7400161641850844	1.19794298253367	23	2.046593647598463
ALDH3B2	ALDH3B2	5.696897082422811e-15	17370.0	4.18995985127465	4.18995985127465	0.00022826962992935878	16639.0	93.71409259885095	0.625	2.2039737008606757	2.1015212544960162	24	0.945023109409498
LINC01426	LINC01426	4.51674986782724e-36	17369.0	4.18002874100527	4.18002874100527	6.49007470456535e-07	14096.0	79.39055987383125	0.5	1.4010532885077216	1.4309130636150962	24	1.9420994350814518
ZYG11A	ZYG11A	1.76854652834425e-12	17368.0	4.17859461799232	4.17859461799232	0.0266076508320233	9400.0	52.94018249408584	0.24	0.9777127591716909	1.2756598225221492	25	2.509197046350539
MIR205HG	MIR205HG	6.413196491026271e-14	17367.0	4.167118175648049	4.167118175648049	0.000588192234243066	16676.0	93.92249633885321	0.6521739130434783	3.9460204962342367	4.4044317329942215	23	0.05019891164563606
IGFL1	IGFL1	0.000251989824807198	17366.0	4.16423966771252	4.16423966771252	0.00220562639339233	12680.0	71.41489241860988	0.4782608695652174	1.6735191174573634	1.8609276073916594	23	1.3384295769281627
CD5L	CD5L	1.81559290767963e-19	17365.0	4.15748425465068	-4.15748425465068	3.1136595697272497e-09	17706.0	99.72400585783485	0.8695652173913043	4.07618342736731	2.3600822557057595	23	0.03444830242116209
LRRC31	LRRC31	2.8140574673952398e-14	17364.0	4.15563455270519	4.15563455270519	2.470780281933182e-08	17274.0	97.2907513799707	0.7916666666666666	2.4162297946147664	1.3309196169307473	24	1.3069194682859133
FOXE1	FOXE1	2.1582935863014803e-09	17363.0	4.15365079433884	4.15365079433884	0.0349596792105305	12296.0	69.25199954939731	0.3333333333333333	1.3504712346853422	1.6279230124722515	24	1.7219361961082167
CASC16	CASC16	0.00016292138467192	17362.0	4.14841249753796	4.14841249753796	0.00103123020844315	14643.0	82.47155570575644	0.4782608695652174	1.4337759795377902	1.2549332483549016	23	2.1631720424642507
SPRR3	SPRR3	0.184130451580587	17361.0	4.13334795092054	4.13334795092054	0.011608296483971504	16994.0	95.71364199616987	0.5454545454545454	3.7315541801628287	3.7912372795705167	22	0.10597958954529693
GABRR1	GABRR1	1.29126228227726e-05	17360.0	4.13303403908706	4.13303403908706	0.0008943371999147046	15856.0	89.30381885772219	0.5833333333333334	1.798899596369374	1.6485968785324645	24	1.4158309245347283
GPM6A	GPM6A	1.2361447241487497e-51	17359.0	4.121800483145759	-4.121800483145759	1.3640742181142037e-05	14699.0	82.78697758251661	0.5833333333333334	1.8218287528935075	1.737240437046877	24	1.3239225159655839
LY6G6F	LY6G6F	5.87326523209453e-05	17358.0	4.1185911992973	-4.1185911992973	0.000158076825692982	16743.0	94.29987608426269	0.6666666666666666	2.4837977893206302	1.9124824346067497	24	0.8548017908006672
NELL1	NELL1	2.2041053600714495e-09	17357.0	4.1095951612015496	4.1095951612015496	0.0013441702755948401	13996.0	78.8273065224738	0.5	1.3933556826806213	1.2360622480112833	24	2.1974940848578797
INSC	INSC	9.04310703180559e-25	17356.0	4.09665918278214	-4.09665918278214	0.00035169930501509545	12593.0	70.92486200292892	0.4166666666666667	1.3188523810730828	1.209703678630225	24	2.296270442737209
CLDN10	CLDN10	5.9704974601004796e-09	17355.0	4.09162231073001	4.09162231073001	0.00010085092277966553	14782.0	83.25447786414328	0.5416666666666666	1.7998980943738534	1.6411641282303	24	1.3964016011167442
KCNA4	KCNA4	7.417155069702209e-11	17354.0	4.0703352276494105	-4.0703352276494105	1.3253229352798031e-05	15712.0	88.49273403176748	0.7727272727272727	1.7697247480406721	1.258607978197587	22	1.8279007597769803
HAS1	HAS1	5.30236007425607e-21	17353.0	4.06543263564829	-4.06543263564829	1.9060554363652e-08	17094.0	96.27689534752732	0.6666666666666666	2.3157341820873927	1.695630235604102	24	1.031886797499534
PRR32	PRR32	0.000357772637052198	17352.0	4.06429695154388	4.06429695154388	0.00015534820179230496	17108.0	96.35575081671735	0.5909090909090909	2.1886630760758314	1.6266990639843901	22	1.1530306477670949
PITX2	PITX2	2.54763154677918e-07	17351.0	4.05619859029898	4.05619859029898	0.019491023346318748	7704.0	43.387405655063645	0.25	1.2980068972790482	2.050290337575648	24	1.3452688345989752
BRDT	BRDT	5.10630743223085e-06	17350.0	4.0451727553093795	4.0451727553093795	0.000468584728621929	14452.0	81.39574180466373	0.43478260869565216	2.296995754925624	2.4901401110924843	23	0.7020396131913991
GSC	GSC	1.00432884081784e-06	17349.0	4.02681573461432	4.02681573461432	2.2891185499691898e-07	14700.0	82.79261011603019	0.6666666666666666	1.792736016901278	1.645950515553014	24	1.357318884500258
SLC25A48	SLC25A48	4.27823656484905e-05	17348.0	4.0219914564515005	4.0219914564515005	2.5147619977723102e-08	17326.0	97.58364312267658	0.7391304347826086	3.116212773524063	2.507767502314214	23	0.3611892578126035
BPIFA2	BPIFA2	6.42567211964789e-07	17347.0	4.0155782474963795	4.0155782474963795	0.009718267943165156	17132.0	96.49093162104315	0.7727272727272727	2.8422850112063496	2.3945266995138814	22	0.4899896236397042
CRISP3	CRISP3	0.00036873863427285697	17346.0	4.01393220971101	4.01393220971101	7.42841947191096e-07	17262.0	97.22316097780781	0.7083333333333334	3.244767482515035	2.8367193050973594	24	0.27114587115258354
MMP1	MMP1	1.1947559565767e-06	17345.0	4.00311524502583	4.00311524502583	6.532898968978805e-07	15060.0	84.82032218091697	0.6666666666666666	2.458061069109179	2.736676812409641	24	0.5645731234724177
LHX5	LHX5	0.00507195507493823	17344.0	4.0027126803360495	4.0027126803360495	0.015418440126335795	13439.0	75.68998535541286	0.4166666666666667	1.3034591932883492	1.4389812519226683	24	1.875808655214335
NETO1	NETO1	3.8308325106650895e-09	17343.0	4.00083705280765	4.00083705280765	4.610988810431016e-05	15218.0	85.71026247606173	0.5416666666666666	1.8714733992363781	2.218469140507086	24	0.9598346962286581
TMEM59L	TMEM59L	2.71153298352528e-13	17342.0	4.00065152441273	4.00065152441273	7.532733069435471e-06	16407.0	92.40734482370169	0.6521739130434783	2.2386216650986612	1.9499256667076188	23	0.9036395024684167
DPP6	DPP6	8.678988600279928e-41	17341.0	3.9978737878279604	-3.9978737878279604	1.6427161320389268e-05	15024.0	84.6175509744283	0.625	1.6640849326070664	1.1043302910463244	24	2.1133069283191444
CAMK2B	CAMK2B	1.93961640211134e-11	17340.0	3.99731797073703	3.99731797073703	7.789427375160095e-06	14587.0	82.15613382899627	0.5833333333333334	1.6836029497911926	1.5993663940173597	24	1.446644764827242
OR51E1	OR51E1	1.4735685879961e-06	17339.0	3.9906721369523503	3.9906721369523503	0.0002548605813529	15387.0	86.6621606398558	0.6086956521739131	2.274694006915804	2.0898493593436376	23	0.8211013498960931
CCDC185	CCDC185	0.0419177821006947	17338.0	3.98125768402336	3.98125768402336	0.004711164074857254	15941.0	89.78258420637603	0.4166666666666667	1.572488400914238	0.912179994723309	24	2.6406732191487854
TOX3	TOX3	7.9920639842391e-19	17337.0	3.9743709620051604	3.9743709620051604	4.68895980287144e-07	13671.0	76.99673313056212	0.4782608695652174	1.40730899343244	1.6134182805693291	23	1.5910703377346622
CLEC3B	CLEC3B	6.625579034679788e-87	17336.0	3.96781269128802	-3.96781269128802	1.46040627618237e-14	16480.0	92.81851977019262	0.84	1.8709610855392904	0.8463990504515482	25	2.4773794401471423
SGCG	SGCG	6.2754584877694e-33	17335.0	3.9612467027672302	-3.9612467027672302	0.0011834799147006285	12858.0	72.41748338402613	0.375	1.343058981727853	1.46721330832488	24	1.7844629040535127
YBX2	YBX2	1.45887739767284e-16	17334.0	3.9570921914632797	3.9570921914632797	0.00033790761271874	12904.0	72.67657992565056	0.44	1.3289342473353867	1.2069753212251397	25	2.1774744668848593
C12orf56	C12orf56	1.88822702223157e-10	17333.0	3.94877803346818	3.94877803346818	6.59243624839845e-05	11461.0	64.54883406556269	0.375	1.1562678392067594	1.2952727054318112	24	2.1559245265887608
TFAP2A	TFAP2A	1.2637116482628399e-40	17332.0	3.9362812980997597	3.9362812980997597	0.001684278832329918	11780.0	66.34561225639293	0.3333333333333333	1.366246620684232	1.6274795622510467	24	1.5791502007317295
PGLYRP4	PGLYRP4	1.50923286456377e-16	17331.0	3.93130086003419	3.93130086003419	0.00882660521110984	13661.0	76.94040779542638	0.375	1.598085037873277	1.6597374965457692	24	1.405774001621811
CYP1A2	CYP1A2	5.36380270659935e-06	17330.0	3.92859800461168	-3.92859800461168	0.0001165923082117059	16783.0	94.52517742480568	0.5909090909090909	2.266731422236673	1.8306970205564859	22	0.9077780559613526
LIN28B	LIN28B	0.27041508587444296	17329.0	3.9271257699612403	3.9271257699612403	0.0007880748821824655	17701.0	99.69584319026697	0.75	4.1982424797829	3.2079542892421196	20	-0.08451389433161506
CNGA1	CNGA1	1.13049782873012e-09	17328.0	3.9259689035888	3.9259689035888	0.00020512214824366048	12991.0	73.16661034133152	0.375	1.2013682977301015	1.0740991611775899	24	2.5366378676542114
SH3GL3	SH3GL3	4.5611353204114394e-32	17327.0	3.9240919680737205	-3.9240919680737205	0.00014790037351265878	14495.0	81.63794074574743	0.5	1.4722777708973085	1.035544542276274	24	2.367656915835775
GP9	GP9	5.241783557791139e-08	17326.0	3.9051139348149904	-3.9051139348149904	3.774566773953075e-06	17439.0	98.22011940971048	0.8333333333333334	3.109601991517742	2.0606850835629795	24	0.386042462112545
ZFHX4.AS1	ZFHX4.AS1	0.00988682735567286	17325.0	3.89460606280984	3.89460606280984	0.0003652888907259787	14295.0	80.51143404303255	0.5454545454545454	2.0438205102840716	2.0537327620869603	22	0.9011812961707046
AZGP1	AZGP1	1.64103538775571e-06	17324.0	3.88474461127999	3.88474461127999	3.30430766064597e-08	16067.0	90.4922834290864	0.6521739130434783	2.3874986588847937	2.235688518985335	23	0.6697023935493126
NXF3	NXF3	1.4619202716149402e-21	17323.0	3.88404295938835	-3.88404295938835	2.9512591213082825e-05	14604.0	82.25188689872704	0.5833333333333334	1.4872239451569325	1.525685996595787	24	1.5709779204760095
ADAM30	ADAM30	0.27666799689857696	17322.0	3.88202020321376	3.88202020321376	0.000375001860306966	16517.0	93.02692351019488	0.6818181818181818	2.240790857021651	1.794791566285086	22	0.9144400815238815
GPIHBP1	GPIHBP1	3.03977691708696e-31	17321.0	3.8780407745686603	-3.8780407745686603	2.3975381614911156e-11	17164.0	96.67117269347752	0.75	2.2672450189559656	1.3807265888948506	24	1.1666290549977705
SIX1	SIX1	7.756701772429709e-31	17320.0	3.8765609600491695	3.8765609600491695	2.85495448740645e-06	12835.0	72.28793511321392	0.32	1.2558130194590675	1.278509810000024	25	2.0498457814649482
BTNL9	BTNL9	1.3235345528858699e-52	17319.0	3.8731722542467795	-3.8731722542467795	1.482466723120533e-07	14226.0	80.12278923059591	0.5	1.31197576525801	1.2067800964625521	24	2.122339021414451
CHRNB4	CHRNB4	1.34196550171428e-09	17318.0	3.86967531439353	3.86967531439353	1.3480563482775402e-07	15565.0	87.66475160527204	0.5416666666666666	1.6276849768963784	1.5198798099669637	24	1.4751102835860972
APOA5	APOA5	5.6875290378493705e-05	17317.0	3.86830070101619	-3.86830070101619	8.847522498601258e-06	17224.0	97.00912470429198	0.6818181818181818	3.0380402441445287	2.4417899694059155	22	0.34002124149672985
SPDEF	SPDEF	6.209220806248249e-22	17316.0	3.86515371932904	3.86515371932904	1.0046267940663334e-05	15655.0	88.17167962149374	0.625	1.8743264056437836	1.9014688527239056	24	1.0469944384486458
CMTM5	CMTM5	1.09220946118624e-11	17315.0	3.85906723359965	-3.85906723359965	2.3198510420014583e-06	15950.0	89.83327700799819	0.7083333333333334	2.2961929384940327	1.8798629272957568	24	0.8313767309374317
SLC15A1	SLC15A1	7.97929481025051e-09	17314.0	3.8558300342842697	3.8558300342842697	0.011079411301908815	13573.0	76.44474484623183	0.4166666666666667	1.9261172649987606	2.2515699313884063	24	0.8570521138979559
XIRP2	XIRP2	0.00022716575637162997	17313.0	3.85498116137881	-3.85498116137881	4.591021260273475e-07	17717.0	99.78596372648417	0.8333333333333334	4.124694918332119	2.610532891586221	24	-0.10331750954856746
AZGP1P1	AZGP1P1	3.53744521014405e-06	17312.0	3.85497350819294	3.85497350819294	0.0004635706544025569	15842.0	89.22496338853216	0.5833333333333334	2.1097099540372515	1.984325729262322	24	0.8795247314585265
MB	MB	4.8140111635234096e-14	17311.0	3.8537067514685805	3.8537067514685805	0.00022624651458163302	17297.0	97.42029965078292	0.782608695652174	3.3051829717106296	3.012984537682587	23	0.1820533006053339
EN2	EN2	1.39124981978059e-06	17310.0	3.82916001115766	3.82916001115766	5.691303984715445e-07	13126.0	73.92700236566407	0.375	1.5964284939374416	2.032526599435667	24	1.0985005154865566
DLX6	DLX6	1.4783001511600101e-08	17309.0	3.822288835399	3.822288835399	0.001257061912491932	12989.0	73.15534527430438	0.3333333333333333	1.3411184825497324	1.6159799726252246	24	1.5353967220388915
TRIM51	TRIM51	0.00497233061368243	17308.0	3.81885881631631	3.81885881631631	0.000873624879601883	16470.0	92.76219443505688	0.6521739130434783	2.1604238667528906	1.84860185391043	23	0.8971293337476959
CLDN5	CLDN5	3.003859513458799e-66	17307.0	3.8161097784805698	-3.8161097784805698	4.05939150893572e-11	17019.0	95.85445533400923	0.875	2.491966685670295	1.7245103953960093	24	0.767837118491944
STXBP6	STXBP6	1.2507774150551699e-40	17306.0	3.8124393766851497	-3.8124393766851497	0.0176708287053644	3452.0	19.437873155345276	0.08	0.5730848901750423	0.9888455841212922	25	3.275895183764877
SMIM24	SMIM24	8.53512282765638e-09	17305.0	3.80737035039877	3.80737035039877	7.6617649153222e-05	15098.0	85.0343584544328	0.5416666666666666	2.358851437973661	2.82061754590724	24	0.5135467282783278
CILP2	CILP2	2.0762988931691197e-11	17304.0	3.7749485089803905	3.7749485089803905	3.80794908877691e-09	15469.0	87.1240283879689	0.7083333333333334	2.0111797427098583	1.612830912573475	24	1.0935856651310192
LRRC15	LRRC15	2.07424674601204e-11	17303.0	3.7736992348620997	3.7736992348620997	0.0009050523049190355	13417.0	75.56606961811423	0.4166666666666667	1.8310172437800178	2.3686604722867552	24	0.8201605987060591
LINC00968	LINC00968	2.0641513925571997e-50	17302.0	3.7727419889263203	-3.7727419889263203	4.4363124962771205e-05	14192.0	79.93128309113439	0.5652173913043478	1.6097434381079154	1.4826147308984214	23	1.4589080397897374
GPR87	GPR87	1.5053285640717699e-13	17301.0	3.7703092426502995	3.7703092426502995	1.8903917155419152e-07	14758.0	83.1192970598175	0.5833333333333334	1.697763854349362	1.4779597653552994	24	1.4023016301818612
RTKN2	RTKN2	2.1731715310928702e-14	17300.0	3.77004167350767	-3.77004167350767	0.0154834773671278	4690.0	26.41094964515039	0.24	0.7419705684315645	1.0427314331901492	25	2.903979882731622
CXCR1	CXCR1	2.3495284239986198e-18	17299.0	3.76874480018807	-3.76874480018807	9.985601833405756e-07	16955.0	95.49397318914048	0.7083333333333334	2.4649019964443846	2.080551493823395	24	0.62668134271824
FUT2	FUT2	9.27563353710823e-20	17298.0	3.76490853801336	3.76490853801336	8.937921772843895e-07	15210.0	85.66520220795313	0.625	1.4245737845513042	1.0302469467969446	24	2.2716250319772326
QRFPR	QRFPR	4.0223719420131696e-06	17297.0	3.76385295184995	-3.76385295184995	0.0004825965205297675	16446.0	92.6270136307311	0.7083333333333334	2.293341094910578	2.0458258883901057	24	0.7187864154444453
GRIA1	GRIA1	2.5121928162464702e-24	17296.0	3.76131098283296	-3.76131098283296	1.7256498200538365e-06	15539.0	87.5183057339191	0.5833333333333334	1.943937932787941	1.8561507848506693	24	0.9791085211814997
RGS17	RGS17	1.0634387603476099e-19	17295.0	3.74972870140934	3.74972870140934	3.1430790621740503e-10	13918.0	78.387968908415	0.48	1.1845961876985829	1.0102796774074492	25	2.539032082970655
KRT15	KRT15	7.12983363521579e-16	17294.0	3.74347980170565	3.74347980170565	0.000316070796758764	13212.0	74.41140024783147	0.391304347826087	1.5358446915703272	2.001990640118996	23	1.1027199957358957
CNTNAP5	CNTNAP5	0.0670215154970215	17293.0	3.73840206281038	3.73840206281038	0.00029121281828194074	15187.0	85.53565393714092	0.5833333333333334	2.1493495876657427	2.139111202715974	24	0.7428564130406397
STMN2	STMN2	3.91588759503588e-06	17292.0	3.7375712117474102	3.7375712117474102	1.91784336793248e-06	15004.0	84.5049003041568	0.5652173913043478	2.420245335886905	3.0262232783153786	23	0.4353035961688283
MAGEA1	MAGEA1	0.24238710417249804	17291.0	3.73140754589437	3.73140754589437	7.07074251735754e-05	15338.0	86.38616649769065	0.5833333333333334	2.247415642792563	2.4864045028327295	24	0.5968425094996063
HTR1A	HTR1A	0.0544012716141308	17290.0	3.72621799158394	3.72621799158394	3.9069964474146e-05	16755.0	94.36746648642558	0.6521739130434783	2.134729681098363	1.6909243959846008	23	0.9411942451506687
TAC1	TAC1	9.62677459961719e-07	17289.0	3.7257762789250295	-3.7257762789250295	1.97880497115099e-06	16312.0	91.87225413991213	0.6521739130434783	2.242865375473346	1.8788110579194903	23	0.7892815497337936
SOX7	SOX7	3.0270449640899196e-54	17288.0	3.72537943886588	-3.72537943886588	1.5871257811827518e-05	12979.0	73.09901993916863	0.5	1.2224264727122292	1.1695642086999818	24	2.1400731550564336
FAT2	FAT2	6.81770013386258e-18	17287.0	3.69684438548716	3.69684438548716	0.00045750816814189903	12142.0	68.38458938830685	0.375	1.10254927403502	1.0454065568217037	24	2.4816135832737105
LDHC	LDHC	4.29115579224985e-05	17286.0	3.6911065315844303	3.6911065315844303	3.229348148541087e-05	12404.0	69.86031316886336	0.4166666666666667	1.2370282288463181	1.0758811662378105	24	2.28099383068452
PTPRH	PTPRH	1.4959488922462e-46	17285.0	3.6842300172404303	3.6842300172404303	0.00043679606607395396	14011.0	78.91179452517741	0.5	1.4316891381487487	1.4856309986874892	24	1.5162182810413454
LEP	LEP	1.9764641559127097e-08	17284.0	3.67329285333188	3.67329285333188	3.0328719472796854e-07	17553.0	98.86222823025797	0.6666666666666666	3.4852847761845687	2.818033368482248	24	0.06671605781892129
PTPN5	PTPN5	3.9507107264647997e-16	17283.0	3.6726745148255002	-3.6726745148255002	9.61959058996171e-08	17599.0	99.12132477188239	0.6956521739130435	3.3872637266756214	2.405651702635271	23	0.1186417750488259
CRHR1	CRHR1	3.0223570280641497e-06	17282.0	3.67243633580967	3.67243633580967	0.000195096973617148	14277.0	80.41004843978821	0.5416666666666666	1.5123525106384308	1.3268754902009026	24	1.6279476417521137
MMP10	MMP10	6.05778531027351e-06	17281.0	3.6681626105321903	3.6681626105321903	0.00027975952316786946	13466.0	75.84206376027937	0.4583333333333333	1.7743127358508293	2.029380420107068	24	0.9332158011958367
NPC1L1	NPC1L1	6.07530470956025e-06	17280.0	3.66189937800829	3.66189937800829	0.0008937332665597671	15170.0	85.43990086741016	0.5833333333333334	1.7683122065778818	1.596578713248364	24	1.1860280709729352
ITIH6	ITIH6	5.781528111720061e-07	17279.0	3.6585696878906	3.6585696878906	7.932834507129005e-05	15781.0	88.88137884420412	0.6363636363636364	2.007150378521591	2.052210962022105	22	0.8047025086260214
SLC28A1	SLC28A1	3.0150430308461e-07	17278.0	3.6581438245815003	3.6581438245815003	0.00016613134605976084	15219.0	85.7158950095753	0.5833333333333334	1.6094584225084205	1.3569700749826097	24	1.509749875729083
EPN3	EPN3	2.5337162969461696e-26	17277.0	3.65564381008977	3.65564381008977	0.0004894256930752269	12698.0	71.51627802185422	0.375	1.4429317657780578	1.669433184150388	24	1.3254271361796435
PADI4	PADI4	1.98907964221778e-19	17276.0	3.64572838597342	-3.64572838597342	2.9409624696337982e-05	16258.0	91.56809733017911	0.5833333333333334	2.1266827773706365	2.035655692159832	24	0.7462193211029097
HBM	HBM	1.1338897032381101e-12	17275.0	3.64188442565242	-3.64188442565242	4.192588653786072e-06	17281.0	97.33017911456572	0.7083333333333334	3.214798026481486	2.6553725661383893	24	0.1608385974221426
KCNK3	KCNK3	1.4052309344255696e-114	17274.0	3.64101069106632	-3.64101069106632	2.7902692235337e-05	13014.0	73.29615861214374	0.391304347826087	1.2250433078377871	1.3578814929076484	23	1.7792181393202378
KRT23	KRT23	1.4788255448055801e-05	17273.0	3.6384702044549195	3.6384702044549195	0.000440580292030344	13772.0	77.56561901543314	0.5	1.8833724123378526	2.123734988402541	24	0.8264203404386343
GTSF1L	GTSF1L	0.0258440501005011	17272.0	3.63833149007093	3.63833149007093	0.00239605277122191	16621.0	93.61270699560662	0.5652173913043478	2.5649881360437465	2.2393773177178042	23	0.47930437873732235
CRABP2	CRABP2	4.21633766202514e-39	17271.0	3.6371361931087405	3.6371361931087405	8.496097935321495e-06	13062.0	73.56652022079531	0.4583333333333333	1.5601488840609117	2.022681066297538	24	1.0268486434441675
RS1	RS1	1.90651072385068e-32	17270.0	3.6353351343395097	-3.6353351343395097	0.0012302644375926726	14852.0	83.6487552100935	0.5416666666666666	1.5661715274920673	1.4645874146062254	24	1.4127962497914577
APOBEC1	APOBEC1	0.0494991486564387	17269.0	3.6315218599059396	3.6315218599059396	2.638277291906405e-05	17256.0	97.18936577672636	0.7083333333333334	2.7394777783795834	2.115156742557801	24	0.4217389962540704
INA	INA	2.24729871478954e-06	17268.0	3.6276670689905797	3.6276670689905797	1.8997790044396296e-05	12064.0	67.94525177424805	0.4166666666666667	1.5472943665200158	1.836032196485097	24	1.133080730530343
RXFP1	RXFP1	9.38540375591254e-28	17267.0	3.62704619944861	-3.62704619944861	0.00038160745111392454	11473.0	64.61642446772558	0.3333333333333333	1.344333759766893	1.8256587442250671	24	1.2503500157969851
ISL1	ISL1	0.000429496572771538	17266.0	3.6259873597807997	3.6259873597807997	0.0014832931534069	11747.0	66.15973865044496	0.34782608695652173	1.6448346896066766	2.2292078426600694	23	0.8887249686911441
CRYM	CRYM	2.0561019071962e-12	17265.0	3.62538494759438	3.62538494759438	0.000211885913166168	11986.0	67.50591416018925	0.375	1.1684992654612063	1.2789221341827868	24	1.9210596301885798
STRA6	STRA6	4.20749728662164e-09	17264.0	3.62390420281604	3.62390420281604	0.00590234894990932	7026.0	39.5685479328602	0.3333333333333333	1.1622989353566524	1.584459561049681	24	1.5535929902992351
HOXC8	HOXC8	9.0567827482585e-07	17263.0	3.6229462660676197	3.6229462660676197	1.028773706875478e-05	12949.0	72.9300439337614	0.375	1.1766622552255275	1.3673419262386008	24	1.789079939625296
DEFA4	DEFA4	0.0153938481355315	17262.0	3.6204314114695095	-3.6204314114695095	8.349546007307016e-05	17347.0	97.70192632646163	0.625	3.383893604322484	2.4579330455441672	24	0.09623443875976606
SSX3	SSX3	0.0329080805228307	17261.0	3.61680192784429	3.61680192784429	0.000482624846705592	14381.0	80.99583192519995	0.6086956521739131	1.88009804958684	1.9401812020345899	23	0.8951245772488872
CPNE4	CPNE4	2.4899264858943103e-09	17260.0	3.61556337709479	3.61556337709479	0.00039327311454819284	14186.0	79.89748789005294	0.5	1.594924300037231	1.7410535121979818	24	1.160584130758058
PLA2G4E.AS1	PLA2G4E.AS1	7.770428716454449e-13	17259.0	3.6141587083427202	3.6141587083427202	0.0013446555618090148	12977.0	73.08775487214149	0.375	0.9784478680970726	0.583070440343194	24	4.520398665201196
CYP4F8	CYP4F8	0.00664089930578705	17258.0	3.61253677443327	3.61253677443327	0.0001434905007969334	16616.0	93.58454432803875	0.625	2.737099705406711	2.6410153604621946	24	0.331477462089941
MYH2	MYH2	7.75155880237184e-19	17257.0	3.60882836469602	-3.60882836469602	3.36013541370936e-07	17731.0	99.86481919567422	0.782608695652174	4.773633564319862	3.4983964075925553	23	-0.33295403491035785
SERPINB11	SERPINB11	0.000860336439321989	17256.0	3.60772834608107	3.60772834608107	0.000834287886424316	15544.0	87.54646840148699	0.6086956521739131	2.385526142937953	2.5474776120097182	23	0.479769556121404
ENPP3	ENPP3	2.6496699797946897e-19	17255.0	3.60334643438069	3.60334643438069	3.47394274692769e-09	15934.0	89.743156471781	0.625	2.0769651523889183	1.9464407739468033	24	0.7841909717585314
MC4R	MC4R	8.319994711937941e-05	17254.0	3.6025693392990297	3.6025693392990297	0.000791487352105831	16369.0	92.19330855018586	0.5833333333333334	2.2507934160403527	1.9495114051381721	24	0.6933921595410567
ADGRF1	ADGRF1	2.83322241783425e-35	17253.0	3.59927277974637	3.59927277974637	5.624829911779525e-10	17029.0	95.91078066914497	0.875	2.7381378414897863	2.0076966590043943	24	0.4289168557383643
EPHA8	EPHA8	0.000246573615337957	17252.0	3.5927086101855497	3.5927086101855497	9.540980984145474e-07	13784.0	77.63320941759603	0.5	1.4718705802233458	1.268152078376497	24	1.6723846186313278
SLC5A12	SLC5A12	7.42608797276369e-06	17251.0	3.5921588326911698	3.5921588326911698	1.4625090005045602e-06	16298.0	91.79339867072208	0.7391304347826086	2.3497676956531146	2.2920966879621183	23	0.5420326042801682
TRIM55	TRIM55	2.49854779539644e-07	17250.0	3.5901692507934504	3.5901692507934504	9.300919729870419e-05	14491.0	81.61541061169314	0.4782608695652174	2.3110348656791366	2.548342258396896	23	0.5019476410201619
CD1A	CD1A	2.0852181308826e-11	17249.0	3.5900621415421403	3.5900621415421403	2.48513940363186e-06	17362.0	97.78641432916525	0.6956521739130435	2.6403732311950705	1.805778234437121	23	0.5259166891238433
SLCO1A2	SLCO1A2	2.07961953481212e-09	17248.0	3.5815911455998397	-3.5815911455998397	0.000964255930101883	14853.0	83.65438774360707	0.5652173913043478	1.4672057322964018	1.3335412201432915	23	1.585541850049632
SLC13A2	SLC13A2	0.00024044964678732997	17247.0	3.57981349528652	3.57981349528652	0.00045864041693823894	15023.0	84.61191844091472	0.5217391304347826	1.833508899393225	1.410488941340082	23	1.2380845710382955
CAV1	CAV1	2.2232506785707698e-61	17246.0	3.5769112525960898	-3.5769112525960898	0.0174864265734431	10032.0	56.49994367466486	0.2	0.8964900232473522	1.1859869065733744	25	2.260076577989528
CNGB1	CNGB1	1.35437935937176e-12	17245.0	3.57608848048664	3.57608848048664	2.469020736955615e-05	15432.0	86.91562464796665	0.5833333333333334	1.869175591172353	1.7253719706817332	24	0.9893013902618619
FOXF1	FOXF1	2.9871499498718595e-56	17244.0	3.57607316555367	-3.57607316555367	5.333996097995983e-06	16297.0	91.78776613720851	0.625	1.7121906453158757	1.3191620187899966	24	1.4129291881428205
ERVV.1	ERVV.1	0.0009514268151198461	17243.0	3.57471306175677	3.57471306175677	3.3261100734598904e-05	17343.0	97.67939619240734	0.782608695652174	2.6946466516449705	1.9657860077830238	23	0.4476918681013106
GRID2	GRID2	1.7873955560372398e-06	17242.0	3.57045277781855	-3.57045277781855	6.2697336613134e-05	14862.0	83.70508054522924	0.625	1.6108639960471047	1.5062498289111288	24	1.3009719530976054
MASP1	MASP1	1.4863857889980498e-27	17241.0	3.56384894384933	-3.56384894384933	3.33006090723072e-08	15801.0	88.9940295144756	0.5652173913043478	1.7665891489671792	1.9479610260876967	23	0.9226364238363558
VTCN1	VTCN1	2.95959735913008e-06	17240.0	3.5611011586914803	3.5611011586914803	5.14343079766408e-06	16264.0	91.60189253126056	0.7391304347826086	2.1495068617895816	1.8732091605141201	23	0.7535700372693421
AMER2	AMER2	1.7571961614834701e-06	17239.0	3.56032316145876	-3.56032316145876	0.000107050743449828	16595.0	93.46626112425368	0.6956521739130435	2.337280726421701	1.9828829871730806	23	0.616800105174488
IL20	IL20	2.11078570715309e-05	17238.0	3.5597390046564503	-3.5597390046564503	0.004199488568475764	14326.0	80.68604258195336	0.5454545454545454	1.9005974522415132	2.010439217636021	22	0.8252632250010732
PGLYRP3	PGLYRP3	7.83310803383791e-06	17237.0	3.55558914011654	3.55558914011654	0.00219918865683917	14323.0	80.66914498141263	0.5652173913043478	1.7483726678672284	1.5492905266137285	23	1.1664800379302194
PPP1R17	PPP1R17	7.3723434721985105e-06	17236.0	3.55103985977434	-3.55103985977434	1.55203080197553e-06	17287.0	97.36397431564717	0.5833333333333334	3.1913416341724172	2.3833024727915757	24	0.1509242866603525
GSDMC	GSDMC	7.356527514427489e-39	17235.0	3.55050014139122	3.55050014139122	8.709231627818656e-07	16525.0	93.07198377830348	0.7083333333333334	1.9827537355470042	1.452262596946934	24	1.0795199223198761
SORCS3	SORCS3	6.33373359671823e-06	17234.0	3.55033420662744	3.55033420662744	1.3315894129381062e-06	16270.0	91.635687732342	0.6666666666666666	2.3622106060220744	1.9802800894123298	24	0.5999775521441285
STAC2	STAC2	2.8686837774288804e-07	17233.0	3.54633493121396	3.54633493121396	0.0060281683395829394	14355.0	80.84938605384701	0.4782608695652174	1.8753630143698066	1.9853971388186065	23	0.8416310692572323
TUSC8	TUSC8	0.00323003383200707	17232.0	3.5442627817712404	3.5442627817712404	0.0027640458941353397	13636.0	76.79959445758702	0.4166666666666667	1.5258361371635012	1.5218822142550552	24	1.3262699476356896
LINC00896	LINC00896	2.52765951535127e-14	17231.0	3.53761346823139	3.53761346823139	0.037233675357311515	7955.0	44.80117156697082	0.25	0.8388388089342432	1.0046730594439461	24	2.686221785215213
VIPR1	VIPR1	1.18346481670135e-16	17230.0	3.53375732539816	-3.53375732539816	0.0137466976502497	5489.0	30.91134392249634	0.20833333333333334	0.7736079756228288	1.4128333383314782	24	1.9536269954069745
OR1F1	OR1F1	0.0667578296348026	17229.0	3.53028100948307	3.53028100948307	0.046858782859945644	11687.0	65.8217866396305	0.20833333333333334	1.1402817224210557	1.396903616381068	24	1.7109264082612519
MYZAP	MYZAP	8.38943300810842e-29	17228.0	3.52597732916292	-3.52597732916292	0.001093553902268535	9676.0	54.49476174383237	0.125	0.7293710868423776	0.9068360728405028	24	3.0839159646138365
NWD2	NWD2	0.0534776606247913	17227.0	3.5230521771877004	3.5230521771877004	0.0001344509490642401	15306.0	86.20592542525627	0.5833333333333334	1.8252989398176025	1.8206304855261826	24	0.9325084089643969
CAV3	CAV3	2.6352825887033606e-13	17226.0	3.5229261267960696	-3.5229261267960696	2.2615906109369353e-07	17464.0	98.36093274754984	0.7727272727272727	3.2388073160550075	2.3882794507026217	22	0.11896380495066254
HNF4G	HNF4G	4.59102363644168e-10	17225.0	3.5221509276885294	3.5221509276885294	3.0275902128131466e-06	16013.0	90.18812661935338	0.5833333333333334	2.0867521328580745	2.1085282018612492	24	0.6807586417688858
CLDN18	CLDN18	3.15283663289309e-26	17224.0	3.52135174673917	-3.52135174673917	0.00153760372700355	16441.0	92.59885096316323	0.5217391304347826	2.454264739673342	2.342040369492953	23	0.4556228069189304
RASAL1	RASAL1	1.26647554035384e-15	17223.0	3.50873633657889	3.50873633657889	0.00027627460495090704	11689.0	65.83305170665766	0.2916666666666667	1.3882577961261162	1.908749831867607	24	1.1109253318849026
HOXC9	HOXC9	5.39697189787012e-06	17222.0	3.50203950735629	3.50203950735629	0.00017535706071268402	13409.0	75.52100935000563	0.391304347826087	1.5713783542791133	2.021848013328014	23	0.9548992507598327
CR2	CR2	4.5623557316134104e-06	17221.0	3.5009374601055003	3.5009374601055003	0.0008820062845899295	12432.0	70.01802410724343	0.375	1.7188675440588985	2.060942240848223	24	0.8646869770174416
GREM1	GREM1	7.68379855584272e-07	17220.0	3.49881734964841	3.49881734964841	0.0030108110872553665	14225.0	80.11715669708234	0.5	1.8741191010014038	2.322200591010078	24	0.6996373418113369
EDN3	EDN3	3.3217760802854e-12	17219.0	3.49164995965433	-3.49164995965433	0.00140978604039021	15959.0	89.88396980962037	0.5833333333333334	1.714495850587431	1.676811087600638	24	1.0598415779858914
SALL4	SALL4	1.2317519899208e-42	17218.0	3.4909612585145497	3.4909612585145497	0.000470402858751637	13852.0	78.01622169651908	0.44	1.340226409805848	1.5578742057979307	25	1.3805574549628752
RAMP3	RAMP3	2.36758397149459e-30	17217.0	3.48802278980519	-3.48802278980519	1.4454356039036027e-06	14169.0	79.80173482032218	0.5416666666666666	1.729008398359429	1.9378741715431107	24	0.9077030992394489
A2ML1	A2ML1	1.24781860250756e-06	17216.0	3.4844294447555	3.4844294447555	0.0183785987445274	15366.0	86.54387743607074	0.5416666666666666	2.3225872023602903	2.7820567271519057	24	0.41761989648019526
KCNQ2	KCNQ2	2.9449600122064e-05	17215.0	3.4829399693430494	3.4829399693430494	1.791943661289009e-06	16125.0	90.81897037287371	0.6666666666666666	2.2870462469320896	2.1434205827095325	24	0.5579370339437588
IGF2BP3	IGF2BP3	1.45887739767284e-16	17214.0	3.47779649587201	3.47779649587201	2.8666044800262e-05	10756.0	60.57789793849273	0.28	0.7940801288414437	0.7816454108140978	25	3.433419207611578
LINC01812	LINC01812	0.0627611696599855	17213.0	3.47759947570513	3.47759947570513	0.01047137764000063	15447.0	87.00011265067026	0.5	1.5426783003208309	1.1199100115370917	22	1.7277470113233415
ADRA1A	ADRA1A	1.6627091569357796e-50	17212.0	3.47750408326747	-3.47750408326747	5.646960694690346e-06	13696.0	77.13754646840148	0.5	1.3213120484280656	1.2251942041149866	24	1.7598777627232733
SP8	SP8	5.641216825374041e-08	17211.0	3.4774045669827096	3.4774045669827096	0.01010626193661676	11523.0	64.8980511434043	0.3333333333333333	1.373595766649135	1.6826767109819094	24	1.2502751043044493
PROM2	PROM2	3.16109822607783e-26	17210.0	3.47367847393505	3.47367847393505	0.002870581404632374	14486.0	81.58724794412527	0.5	1.6763089878708266	1.9412086144510337	24	0.925902282054581
SELE	SELE	2.81254306264251e-15	17209.0	3.45698518967489	-3.45698518967489	0.00132341132200775	15582.0	87.7605046750028	0.625	1.7920107100486817	1.7711778690662727	24	0.9400379875477709
NPSR1.AS1	NPSR1.AS1	0.0180292326444772	17208.0	3.4565422730216	3.4565422730216	0.00032325027328065497	13432.0	75.65055762081784	0.43478260869565216	1.7262304711028025	1.8219075224223291	23	0.9497253733374186
CTHRC1	CTHRC1	2.8904836519067604e-13	17207.0	3.45628270524769	3.45628270524769	1.6878658702222111e-07	12866.0	72.46254365213473	0.4583333333333333	1.4802773844754418	1.599356088902766	24	1.2355005458027057
DPP10	DPP10	5.4383419921797e-10	17206.0	3.44401557339164	3.44401557339164	1.7839140468746603e-05	13487.0	75.96034696406443	0.4166666666666667	1.4783408197413086	1.5974579663796669	24	1.2305017064737909
MYBPC1	MYBPC1	4.52072161824119e-07	17205.0	3.44116918715805	3.44116918715805	0.0003743286082745393	17045.0	96.00090120536217	0.5833333333333334	3.239895886838463	3.76923990476088	24	0.05339890943671726
S100A12	S100A12	1.3073109413791898e-16	17204.0	3.4401591607249804	-3.4401591607249804	0.000268200853635067	16267.0	91.61879013180128	0.625	2.583201491124868	2.764475640815861	24	0.3099892279561574
DNAJC12	DNAJC12	5.03651943950488e-13	17203.0	3.43592227001248	3.43592227001248	3.259905512156365e-09	13752.0	77.45296834516165	0.4166666666666667	1.517889892993301	1.4923553448138773	24	1.2852383875493079
LINC01449	LINC01449	0.00607002827482578	17202.0	3.4353990883961294	3.4353990883961294	0.00106743495674874	15884.0	89.46152979610228	0.5238095238095238	1.8116221736540343	1.6468699123413493	21	0.9859776431482539
FOXA3	FOXA3	1.2073333648477198e-13	17201.0	3.43530897609754	3.43530897609754	0.00124370746077596	16398.0	92.35665202207953	0.6521739130434783	2.8473132175815343	2.848015606362005	23	0.20645805353120913
BLACAT1	BLACAT1	4.575394828953209e-47	17200.0	3.4326537136522	3.4326537136522	4.1388065824332344e-05	13490.0	75.97724456460516	0.4583333333333333	1.428558180082489	1.55594450420312	24	1.288025072973996
CGA	CGA	0.00950753108517529	17199.0	3.431264388564	3.431264388564	0.000865062047039495	17494.0	98.52990875295707	0.6956521739130435	3.7333623282459256	3.2735298113959366	23	-0.09228507363221516
MEG3	MEG3	4.18767089206013e-07	17198.0	3.43043253982296	3.43043253982296	1.6105274829060306e-05	13194.0	74.31001464458713	0.5	1.8059998703788327	2.6108835337229106	24	0.6221773772987171
TNR	TNR	1.50272405010586e-10	17197.0	3.41008814342687	-3.41008814342687	1.680753735214159e-07	16607.0	93.53385152641657	0.75	2.326217604193155	1.9728200194640717	24	0.5494016324551263
BTNL8	BTNL8	5.651085844604469e-16	17196.0	3.40633208964591	-3.40633208964591	0.000413081405171276	14389.0	81.04089219330855	0.5833333333333334	1.6532155881874957	1.487632757585946	24	1.1784605390804124
CA7	CA7	7.95542001498865e-05	17195.0	3.3993972741725296	3.3993972741725296	5.179419532464025e-05	14912.0	83.98670722090796	0.5	1.645359373615414	1.444104167094149	24	1.2146200672536114
FGL1	FGL1	3.5435036036190996e-09	17194.0	3.39874973555538	3.39874973555538	1.0767049209925865e-06	17299.0	97.43156471781006	0.6818181818181818	3.1072563064964043	2.186997169068674	22	0.13328477657934393
PACRG.AS3	PACRG.AS3	0.000197415202941849	17193.0	3.3981415987439196	-3.3981415987439196	0.0014347975951562357	13853.0	78.02185423003266	0.45454545454545453	1.379817882565594	1.2885056460847772	22	1.566406575175791
GJB1	GJB1	3.1318869945404705e-14	17192.0	3.3967518858599	3.3967518858599	2.99222208867302e-06	16150.0	90.95978371071307	0.6086956521739131	2.0343866013153082	2.011872252387728	23	0.6771629177387933
UGT3A1	UGT3A1	0.0037049622873559103	17191.0	3.39346226527173	3.39346226527173	0.0003206352840083355	16016.0	90.2050242198941	0.5833333333333334	1.9923320013142989	1.9527259505842947	24	0.7175252951076851
MAGEC1	MAGEC1	0.0027764580452208604	17190.0	3.39283080001933	3.39283080001933	1.41690137208947e-08	16651.0	93.78168300101385	0.6956521739130435	3.009133397978811	2.9296600896302145	23	0.1309699385941219
KIF26B	KIF26B	2.3786175424214302e-17	17189.0	3.38820022085612	3.38820022085612	2.62933904417248e-06	10583.0	59.603469640644356	0.25	1.0410292091624245	1.6689742705720785	24	1.4063554202601036
ERICH4	ERICH4	1.0099596709288e-21	17188.0	3.38765410562965	-3.38765410562965	0.0019984039022972982	14741.0	83.02354399008674	0.5	1.323194150515423	1.0008922198110979	24	2.0626196450041947
COL17A1	COL17A1	1.04332544790326e-15	17187.0	3.38630265078068	3.38630265078068	5.449576366916325e-05	13139.0	74.00022530134054	0.375	1.8084243971296805	1.9633555991122407	24	0.8036640200911439
C10orf67	C10orf67	2.45255991593899e-16	17186.0	3.38433379475941	-3.38433379475941	0.0287588428291517	9047.0	50.95189816379407	0.391304347826087	0.9672087418817132	0.844762963260462	23	2.8613056656136044
BAAT	BAAT	1.6988982650453503e-08	17185.0	3.38088491126732	3.38088491126732	7.59606739178907e-07	16584.0	93.40430325560436	0.6956521739130435	2.387500870625131	1.9109473553838658	23	0.5198385177087418
CLDN2	CLDN2	2.4173265269935304e-15	17184.0	3.37802115402958	3.37802115402958	8.762339045677841e-07	16224.0	91.37659119071758	0.6086956521739131	2.04707459569494	1.8703118417407176	23	0.7116174579186298
ADRA1D	ADRA1D	7.67810621906091e-42	17183.0	3.37630400619754	-3.37630400619754	3.060702058176785e-08	15946.0	89.8107468739439	0.6666666666666666	1.6741086202665405	1.147071593628371	24	1.4839486875851253
GDF10	GDF10	3.2988876155212003e-31	17182.0	3.37486344846882	-3.37486344846882	1.87856777892258e-09	16796.0	94.59840036048215	0.7916666666666666	2.0201324744478337	1.4133901450942932	24	0.9584975377981048
SH3GL2	SH3GL2	1.65194773087192e-12	17181.0	3.3714676197002404	-3.3714676197002404	0.00324664147720391	14258.0	80.3030303030303	0.5416666666666666	1.2954373910408712	1.3226124928783733	24	1.5696435954127037
LAMC3	LAMC3	2.6501754109457895e-41	17180.0	3.37093474034767	-3.37093474034767	3.67973474200698e-13	16351.0	92.09192294694152	0.76	1.9604043346084816	1.1868951866415163	25	1.1884203606305614
GKN2	GKN2	3.942756983677e-09	17179.0	3.3667275904980403	-3.3667275904980403	0.00150305570328843	17198.0	96.86267883293905	0.6521739130434783	2.7973925986940382	1.9704510150705001	23	0.28893638433515284
NOX1	NOX1	7.109442918698861e-08	17178.0	3.36383319384582	3.36383319384582	1.338140789506396e-07	16437.0	92.57632082910892	0.6666666666666666	1.9536033486090305	1.5333147975751886	24	0.9197262346042392
PKHD1L1	PKHD1L1	2.16562805635387e-17	17177.0	3.3602517740319997	-3.3602517740319997	0.001532044564026609	10941.0	61.619916638503994	0.4583333333333333	1.364665366988009	1.7054664497671852	24	1.170111793941423
WNK4	WNK4	2.5070276902697803e-07	17176.0	3.35971489107041	3.35971489107041	0.004843002887694579	10604.0	59.72175284442942	0.20833333333333334	0.8888577546273914	1.0346378096150297	24	2.3881372916019576
NRG3	NRG3	1.26883846445818e-34	17175.0	3.35604760266879	-3.35604760266879	0.0118208839250128	10695.0	60.234313394164694	0.30434782608695654	0.9590414344583205	1.108057334715975	23	2.163251027822389
CELF5	CELF5	8.030326173519709e-13	17174.0	3.3558148195191	3.3558148195191	2.8925602455012753e-07	15436.0	86.93815478202094	0.6666666666666666	1.5087036600546673	1.2613145185698162	24	1.4644334400898213
ROBO4	ROBO4	1.7303494480189398e-62	17173.0	3.3525893921039303	-3.3525893921039303	6.931374316571714e-11	16214.0	91.32026585558184	0.75	2.142232101533518	1.9127205761425137	24	0.6327935745907042
YWHAEP7	YWHAEP7	3.92931826699833e-07	17172.0	3.3517849670508904	3.3517849670508904	0.002957360549891456	13587.0	76.52360031542187	0.4583333333333333	1.9947734162369486	2.1023422522128254	24	0.6454760395866163
IZUMO2	IZUMO2	1.4663943420130801e-05	17171.0	3.3514683671592005	3.3514683671592005	0.00956510243129624	13295.0	74.87890052945815	0.43478260869565216	1.5911147943579627	1.5979649828428462	23	1.1016221204481562
SEMA3G	SEMA3G	1.76661954377957e-13	17170.0	3.3482190622970895	-3.3482190622970895	4.695321994909446e-13	16325.0	91.9454770755886	0.7916666666666666	1.7677040681079956	1.3674356547418145	24	1.1558240336270236
KRTAP2.3	KRTAP2.3	0.0523167897856695	17169.0	3.3445012598660697	3.3445012598660697	0.0008358698788037875	15553.0	87.59716120310915	0.5454545454545454	2.050312420108338	1.9217313950922168	22	0.6734493920757477
FMO9P	FMO9P	0.0987718654689399	17168.0	3.33362222097512	3.33362222097512	0.04388329418330005	14781.0	83.2488453306297	0.5	2.021673207938412	2.002568718078395	22	0.6551330804246333
HSPB3	HSPB3	6.67770151640354e-11	17167.0	3.3322757464884196	-3.3322757464884196	5.592538574310272e-06	17606.0	99.16075250647741	0.7272727272727273	3.2522804723248866	2.5703035276304544	22	0.031122890080332314
AQP6	AQP6	2.3265780321657202e-08	17166.0	3.33101862529658	3.33101862529658	0.0476057153051584	9489.0	53.441477976793955	0.25	0.7874485066534119	0.8522274279259983	24	2.98461424180311
MIR548XHG	MIR548XHG	0.0748012932118548	17165.0	3.3263361790744304	3.3263361790744304	0.000218140600404644	16044.0	90.36273515827419	0.5652173913043478	1.7411966111773485	1.5444517966993843	23	1.0263444746444341
CDC20B	CDC20B	5.05241216397626e-06	17164.0	3.3259025999620597	3.3259025999620597	0.000119160837243648	13662.0	76.94604032893996	0.4782608695652174	1.9473237295405292	2.2462794807230395	23	0.6137165398393744
MYBPH	MYBPH	0.00025961818377720296	17163.0	3.3254367075143496	3.3254367075143496	1.45534907012355e-05	17383.0	97.90469753295031	0.8260869565217391	3.156849610680213	2.4675915344429695	23	0.06832050381150029
LINC00862	LINC00862	1.1889949720295e-08	17162.0	3.32446378384135	3.32446378384135	6.530275449641965e-05	12066.0	67.9565168412752	0.4583333333333333	1.187238217762611	1.076708361266681	24	1.9849623565330403
GRHL3	GRHL3	1.4431708501779301e-15	17161.0	3.32224813117778	3.32224813117778	0.0285403565593454	9976.0	56.184521797904694	0.25	1.2050632279321154	1.4922772070866817	24	1.4187611344536766
TLX1	TLX1	0.00411137437138772	17160.0	3.32109589254641	3.32109589254641	9.05574603941399e-06	14158.0	79.73977695167285	0.5	1.6065008884619425	1.6439855363782088	24	1.0429501757429176
GJB2	GJB2	3.80879229548852e-10	17159.0	3.3132032299736296	3.3132032299736296	0.0005210417735525385	14746.0	83.0517066576546	0.5416666666666666	2.046269798162218	2.322091515982948	24	0.5456001294915006
PAH	PAH	6.698918538038001e-05	17158.0	3.31291938292025	3.31291938292025	4.77175874496428e-07	17162.0	96.65990762645038	0.7391304347826086	3.0914245617991964	2.433053162577877	23	0.09103575068880727
INMT	INMT	2.3193178029291897e-24	17157.0	3.30977076849944	-3.30977076849944	0.00047718671774579953	14395.0	81.07468739439	0.5	1.7426090147062492	1.7353923483214437	24	0.9030590432814956
CNTN6	CNTN6	8.44292298857396e-14	17156.0	3.3015515981745804	-3.3015515981745804	0.0225078931530192	13769.0	77.54872141489241	0.4782608695652174	1.2111677220755372	1.3933435332005435	23	1.5002645265072436
POU6F2	POU6F2	2.7041796059442403e-08	17155.0	3.30054443853454	3.30054443853454	0.0017103509709955193	11910.0	67.07784161315759	0.3333333333333333	1.0837997809693325	1.160381017702121	24	1.9103592903949622
RADIL	RADIL	3.2504558722511495e-62	17154.0	3.2998691300249203	-3.2998691300249203	1.41352790116042e-12	15455.0	87.04517291877886	0.56	1.3713688306344667	0.7219332719682805	25	2.671299930716015
ALAS2	ALAS2	0.00034434743384959704	17153.0	3.29951853758575	-3.29951853758575	5.6722762295016845e-08	17641.0	99.35789117945251	0.7916666666666666	3.6108053540954432	2.762032538281043	24	-0.11270208159945255
RETNLB	RETNLB	0.0118689994491189	17152.0	3.2985022048141897	3.2985022048141897	0.0002388115052972305	15924.0	89.68683113664525	0.7727272727272727	2.2411667912690567	1.9794902011177742	22	0.5341453132468548
IGFL2	IGFL2	9.160181624066021e-07	17151.0	3.29782760717054	3.29782760717054	0.001245378308697268	14529.0	81.82944688520897	0.4583333333333333	1.3706658226865773	1.335803216075755	24	1.442698865589998
WIF1	WIF1	1.72623679790804e-16	17150.0	3.29243198435742	-3.29243198435742	0.02265866219835915	13846.0	77.98242649543764	0.375	1.4487546725182268	1.7156300416105443	24	1.0746357123173507
SLC6A3	SLC6A3	5.99047513952596e-12	17149.0	3.29218203888641	3.29218203888641	0.0005959507266037645	15421.0	86.85366677931734	0.6666666666666666	1.822133335850512	1.4212174644090334	24	1.0343587380888044
TMEM151A	TMEM151A	1.54250295870441e-10	17148.0	3.29207158826852	-3.29207158826852	1.1426667775431253e-05	15543.0	87.54083586797341	0.6666666666666666	1.564305851551732	1.1453625499573776	24	1.5084880650070873
PINX1.1	PINX1.1	3.09558529483978e-42	17147.0	3.28959580074996	-3.28959580074996	4.1497630041365203e-07	8861.0	49.90424693026923	0.24	0.7843822141260408	0.8066852600133453	25	3.105565095589418
ADRB1	ADRB1	9.565781930552351e-12	17146.0	3.2889863201471203	-3.2889863201471203	0.0155628627036138	7284.0	41.02174157936239	0.16666666666666666	0.6139519125415128	0.6759993698970341	24	3.957155179024885
FOSB	FOSB	1.86245538556291e-13	17145.0	3.28641605455557	-3.28641605455557	0.000127451108173269	13791.0	77.67263715219104	0.4166666666666667	1.182801999483366	0.8802298809879753	24	2.3898462214337632
TNMD	TNMD	0.00389654170839683	17144.0	3.2848027477530897	3.2848027477530897	0.000496964392148192	16186.0	91.16255491720175	0.6086956521739131	2.2379322061820104	2.1442021134316986	23	0.4882331451001185
SSTR1	SSTR1	3.1414394563289694e-11	17143.0	3.28420464033741	-3.28420464033741	0.000992398906721609	13322.0	75.03097893432465	0.4166666666666667	1.3110104569976901	1.5093271420913614	24	1.3073336643278095
HOXB1	HOXB1	0.0044811079733786206	17142.0	3.28384277943169	3.28384277943169	0.00291746238648074	14129.0	79.5764334797792	0.4583333333333333	1.5291293404983646	1.2754730658330236	24	1.375735392567702
LINC00629	LINC00629	0.00022117484184759102	17141.0	3.28307403598198	3.28307403598198	0.0352698061483771	10825.0	60.966542750929364	0.20833333333333334	0.90586524565432	0.9738997418260008	24	2.4409173637016712
KRT32	KRT32	0.000410286443681699	17140.0	3.27945340083022	3.27945340083022	0.00571748258724482	13714.0	77.23893207164582	0.4090909090909091	1.5185750280178594	1.6964836274493582	22	1.037957775908406
KLF4	KLF4	9.91822766124829e-55	17139.0	3.27914888251019	-3.27914888251019	8.945772440700775e-07	8762.0	49.34662611242536	0.16666666666666666	0.6810800158064176	0.6738148161731629	24	3.8557609662832015
EPHA10	EPHA10	3.4604146571894896e-21	17138.0	3.27586486472938	3.27586486472938	0.0101922331517206	9739.0	54.84961135518756	0.28	0.8937940886145573	0.9779164990588624	25	2.4358631625576472
RHBG	RHBG	3.2264059989328495e-05	17137.0	3.27464294428141	3.27464294428141	0.00173900984288375	14506.0	81.69989861439674	0.5217391304347826	1.8137412508637052	1.7344039101852775	23	0.8423076567335714
EFCC1	EFCC1	2.393122793546549e-72	17136.0	3.27196020975661	-3.27196020975661	2.0186905269413751e-07	13475.0	75.89275656190154	0.5	1.3611481260873586	1.5095637793619339	24	1.2658041414301275
GLP2R	GLP2R	8.92276268099057e-19	17135.0	3.27194109283414	-3.27194109283414	8.1011532199972e-05	14033.0	79.03571026247606	0.5416666666666666	1.2205873383550443	0.9582600240962376	24	2.140706804934064
C6orf15	C6orf15	0.0763245694148166	17134.0	3.2706961759449302	3.2706961759449302	2.21616396056235e-07	16780.0	94.50827982426495	0.7619047619047619	3.537129708193769	2.9582109474206724	21	-0.09006576508046123
SAMMSON	SAMMSON	0.0005250174156349911	17133.0	3.26568870949179	3.26568870949179	0.0011296351030152516	13257.0	74.66486425594232	0.5	1.2709104329566132	1.293342428004803	22	1.5423434918256382
HBZ	HBZ	3.93001161885196e-06	17132.0	3.25850689623545	-3.25850689623545	0.0016001381215459268	17440.0	98.22575194322405	0.625	3.1160520964425324	2.704065632925927	24	0.052681709370631914
COLEC10	COLEC10	2.82749496151772e-10	17131.0	3.25263727005149	-3.25263727005149	9.49892653827952e-06	15386.0	86.65652810634222	0.6086956521739131	1.6721133511466315	1.3765230463547573	23	1.1482001141138367
NUP210L	NUP210L	4.56189237608367e-09	17130.0	3.25115120920331	3.25115120920331	0.006538045542768625	6307.0	35.5187563366002	0.20833333333333334	0.8116680323607627	1.1167169698555408	24	2.1845133930024545
IL13	IL13	2.94027762645507e-05	17129.0	3.2483769662321205	-3.2483769662321205	2.217467421887765e-06	17236.0	97.07671510645488	0.7083333333333334	2.533916987834117	1.8210174957574756	24	0.3923410840711417
LINC01208	LINC01208	0.0181192701580018	17128.0	3.2452630346425098	3.2452630346425098	3.22724444804677e-07	16406.0	92.40171229018812	0.6956521739130435	2.1814219052147026	1.5955157050899078	23	0.666769450174644
DNAJC22	DNAJC22	6.56186416980077e-20	17127.0	3.24418201375202	3.24418201375202	0.00032997798515180867	9934.0	55.94795539033457	0.25	1.062318559066111	1.3032493358138921	24	1.6741719291368857
MROH2A	MROH2A	0.00012462397250701	17126.0	3.24414495186961	3.24414495186961	0.00043521905574451803	15555.0	87.6084262701363	0.6521739130434783	1.7912539739845432	1.6669282708831472	23	0.8715977785386757
BCO1	BCO1	2.7473550225824504e-12	17125.0	3.24386159526434	3.24386159526434	1.2173015737790957e-05	13188.0	74.27621944350568	0.375	1.29352662032488	1.3304574817939048	24	1.4659130424143667
NDP	NDP	0.0020979991362958896	17124.0	3.2401519915932	3.2401519915932	3.5833130013933505e-05	13679.0	77.04179339867072	0.4782608695652174	2.037957612833449	2.198752386425944	23	0.5467620575111276
MCEMP1	MCEMP1	9.480908136301941e-17	17123.0	3.23750420182781	-3.23750420182781	0.003980267497429205	14816.0	83.44598400360482	0.4583333333333333	1.9097583730722938	2.205464218204189	24	0.602025558971272
EDNRB	EDNRB	1.82503059691924e-36	17122.0	3.23514643890932	-3.23514643890932	7.934936887417101e-05	13807.0	77.76275768840824	0.4583333333333333	1.392970459364584	1.2581258171664318	24	1.464222380948918
KRT83	KRT83	0.0178209360138172	17121.0	3.23365547722883	3.23365547722883	6.92601193188359e-05	16930.0	95.35315985130111	0.5909090909090909	2.390501985568366	2.2964051942838024	22	0.36716233431244466
NKAIN3	NKAIN3	0.000499118219587101	17120.0	3.2310265705238503	3.2310265705238503	0.0016060983137830386	10662.0	60.04843978821673	0.3333333333333333	1.0950430990819378	1.4241364684115192	24	1.4998446559158667
GLRA3	GLRA3	4.27905841385396e-08	17119.0	3.2262085713608997	3.2262085713608997	4.280383502974895e-05	14686.0	82.71375464684014	0.5416666666666666	1.5772534732672099	1.6499548644933149	24	0.9993940643946451
TRPM2.AS	TRPM2.AS	7.535061447747579e-13	17118.0	3.22617191924755	3.22617191924755	1.0979970689578461e-05	13061.0	73.56088768728173	0.4583333333333333	1.2658483149369597	0.999125935064573	24	1.9620385534120837
HOXD12	HOXD12	0.33938312949726596	17117.0	3.22347983060725	3.22347983060725	0.0172659998913482	13640.0	76.82212459164131	0.34782608695652173	1.3356842131685756	0.9593693219208186	23	1.967746491683714
CBLC	CBLC	8.489843501803309e-11	17116.0	3.2228229132779402	3.2228229132779402	0.0025388050941352602	12390.0	69.78145769967331	0.391304347826087	1.405131505367349	1.523328768976	23	1.1932364470031414
HHLA2	HHLA2	4.28256650340411e-08	17115.0	3.22083565208642	3.22083565208642	2.6899827890967503e-05	15932.0	89.73189140475385	0.5833333333333334	2.0601522202675344	1.7302840109288362	24	0.6708051536555653
HBB	HBB	4.31073625934956e-07	17114.0	3.2181628763058	-3.2181628763058	1.7998231612328272e-07	17496.0	98.54117381998422	0.6666666666666666	3.6226297617321808	4.335455010518256	24	-0.09329283418813088
SRMS	SRMS	5.339735297262019e-24	17113.0	3.21684428920084	3.21684428920084	0.0031945788435686854	11614.0	65.41061169313957	0.375	1.09218035922599	0.986116964503548	24	2.1545759848523582
NCKAP5	NCKAP5	6.549371531406728e-66	17112.0	3.2149484294297097	-3.2149484294297097	0.0002630701193361425	7520.0	42.35101948856595	0.25	0.829792204929893	1.046099879840851	24	2.2800463612161814
FGFR4	FGFR4	1.23152457462521e-23	17111.0	3.2128331062962503	-3.2128331062962503	0.00010785295474413199	12802.0	72.10206150726596	0.32	1.0277580351498126	0.9275839336928944	25	2.3556629128398368
NHS	NHS	4.19268841397242e-25	17110.0	3.2116927095960097	3.2116927095960097	0.0002044140742952815	7938.0	44.70541849724005	0.25	0.8354535825689372	1.2064814853157766	24	1.969561204169769
LYVE1	LYVE1	2.66180743300575e-32	17109.0	3.21020709661645	-3.21020709661645	9.985105542459008e-10	16871.0	95.02084037400022	0.75	2.3900893891615373	2.0685046815351753	24	0.3964785358117965
APOA1	APOA1	4.3871663199521695e-14	17108.0	3.2065750767105	-3.2065750767105	3.23145493874297e-06	17466.0	98.37219781457699	0.6521739130434783	3.1168971492428517	2.6776739689907045	23	0.03349098079384577
CEACAM6	CEACAM6	1.08475111228422e-19	17107.0	3.20621372754951	3.20621372754951	4.275105022726095e-09	17040.0	95.9727385377943	0.875	2.964777672051204	2.3863958088286026	24	0.10117184023082013
TEKT5	TEKT5	3.8887357810796806e-08	17106.0	3.2049992759495898	3.2049992759495898	0.003124720929642995	12273.0	69.1224512785851	0.375	0.9729468682558466	0.7520430486337946	24	2.967984893615625
SLC6A5	SLC6A5	0.0808896962477104	17105.0	3.1985471934708194	3.1985471934708194	2.8567625443519e-05	16742.0	94.29424355074912	0.6956521739130435	2.4164085942950875	1.952184200280253	23	0.40064795067158576
MRGPRX2	MRGPRX2	0.00064307548782222	17104.0	3.1985276698922003	-3.1985276698922003	0.00048675712558799296	15915.0	89.63613833502309	0.6521739130434783	1.45197516681172	0.92070826989998	23	1.8969662380356536
GJB5	GJB5	9.03655371852524e-07	17103.0	3.19792957902535	3.19792957902535	0.0068952057832624754	12982.0	73.11591753970936	0.4166666666666667	1.2803176333737238	1.3548807622532972	24	1.4153363152506888
FOSL1	FOSL1	6.8224837523012e-13	17102.0	3.19765908557081	-3.19765908557081	0.00044790044500666454	9949.0	56.032443393038186	0.25	0.9630220747477755	1.3429959455228238	24	1.6639194021938002
PGLYRP1	PGLYRP1	6.80611298362423e-13	17101.0	3.19319009245242	-3.19319009245242	8.564784795866154e-06	16614.0	93.57327926101159	0.75	2.203161525502882	1.8696194420768484	24	0.5295348051418286
IL22RA2	IL22RA2	5.5518157507196494e-05	17100.0	3.1922459271236896	3.1922459271236896	1.58890651779917e-05	15235.0	85.80601554579249	0.75	2.096362593481895	1.8300744446087995	24	0.5988189916919217
FGF11	FGF11	2.5433927593046996e-42	17099.0	3.19155519931453	3.19155519931453	4.29711754336475e-05	10206.0	57.48000450602681	0.2	0.7924785818761518	0.8082878830419353	25	2.968096723669319
TMEM132B	TMEM132B	7.25428724151285e-05	17098.0	3.1895859220298797	3.1895859220298797	4.812318090250188e-06	14417.0	81.19860313168863	0.5	1.640539273110698	1.690263013405129	24	0.9164530233661925
S1PR5	S1PR5	5.9482110892505986e-24	17097.0	3.1894212584206096	-3.1894212584206096	6.20532129106993e-09	13594.0	76.5630280500169	0.5	1.4322238850532114	1.7869659445811414	24	0.9833412767019906
C10orf71	C10orf71	0.0100203767372853	17096.0	3.18598354117522	3.18598354117522	1.231382001289233e-07	17655.0	99.43674664864255	0.7727272727272727	3.43071395877071	2.28644253304796	22	-0.10703545532336213
FAM131C	FAM131C	0.000149675242870033	17095.0	3.18380125722216	3.18380125722216	0.0006466813164311931	12526.0	70.54748225751943	0.3333333333333333	1.2331439845995853	1.2917598816093343	24	1.510077298725484
UPK1B	UPK1B	2.44044258737896e-06	17094.0	3.1835376781216698	-3.1835376781216698	9.126055277170524e-05	14489.0	81.60414554466598	0.5416666666666666	2.020247097408845	2.2070949387827077	24	0.5270686640033806
KANK3	KANK3	3.643330130876279e-49	17093.0	3.1816970846992896	-3.1816970846992896	1.25766817245734e-16	14683.0	82.69685704629941	0.72	1.3590599874053941	0.6849623225216804	25	2.6609304444423736
IL1RL1	IL1RL1	1.6670195510186599e-09	17092.0	3.1815956763607205	-3.1815956763607205	0.007173052729732895	13223.0	74.47335811648078	0.3333333333333333	1.7038362563043459	2.22501808727168	24	0.6641561381051087
MUC2	MUC2	8.41710449536083e-05	17091.0	3.18077473643385	3.18077473643385	1.20711449106648e-05	17485.0	98.47921595133491	0.6956521739130435	4.053763777453763	3.8661662023721592	23	-0.22580225353071318
LINC01565	LINC01565	0.0017346291448235801	17090.0	3.17790823107871	-3.17790823107871	8.850116181333429e-07	17122.0	96.43460628590739	0.6521739130434783	2.420039034339808	1.500252704857534	23	0.5051610267290738
GABRG2	GABRG2	0.256693865469872	17089.0	3.17714587950914	3.17714587950914	7.21997704826453e-05	16023.0	90.24445195448912	0.6666666666666666	2.3182362297595915	2.224111426379901	24	0.38618103372076196
MEGF10	MEGF10	6.60462721085816e-08	17088.0	3.17485668900764	3.17485668900764	3.2884855955224473e-09	14669.0	82.61800157710938	0.625	2.1280473457330973	2.017580182542456	24	0.5188439856478986
CDH7	CDH7	2.55735166106701e-06	17087.0	3.17460561110996	3.17460561110996	4.905119840100515e-06	12340.0	69.49983102399459	0.375	1.6432798746487958	2.1266719757707007	24	0.7200573261450984
TMEM88	TMEM88	4.462593677108539e-50	17086.0	3.1692521838732404	-3.1692521838732404	1.030246034633943e-10	14292.0	80.49453644249182	0.5416666666666666	1.223562388868672	1.0658681721683476	24	1.8254506943821738
CCBE1	CCBE1	1.2664693399572198e-15	17085.0	3.16534337914352	-3.16534337914352	0.010286637741007739	11334.0	63.83350230933873	0.3333333333333333	0.9975511529937634	1.0013050747648211	24	2.1649667826350636
ETV4	ETV4	1.0045103905743698e-54	17084.0	3.16075071988087	3.16075071988087	0.034416835937696996	5261.0	29.627126281401374	0.24	0.8480171548137538	1.2679801598414762	25	1.8239509089450232
GFRA3	GFRA3	2.5910599978068104e-09	17083.0	3.15950413785596	3.15950413785596	0.06828583707679631	9902.0	55.767714317900186	0.2916666666666667	1.0837539080093461	1.2538731828962841	24	1.655470631449267
CXCL14	CXCL14	9.45530140287681e-10	17082.0	3.15495401278269	3.15495401278269	0.0197577253124597	12785.0	72.0063084375352	0.4583333333333333	1.6099151638282672	1.9029962819495714	24	0.8118979861440243
SMC1B	SMC1B	2.11481904148819e-08	17081.0	3.1428533020583997	3.1428533020583997	0.00040162836999791545	13476.0	75.89838909541511	0.4166666666666667	1.8754739091604433	2.0162831521889464	24	0.6285721286328488
TYR	TYR	0.0137573855288049	17080.0	3.14101784075027	3.14101784075027	3.81439967968803e-05	17107.0	96.35011828320378	0.6521739130434783	3.199422652836543	2.8384430917499492	23	-0.020576354782672505
LINC00970	LINC00970	0.00747641820433669	17079.0	3.1362283158958197	3.1362283158958197	0.00318312294015517	14732.0	82.97285118846456	0.5217391304347826	1.2772166048682614	0.9126364881596727	23	2.036968426252874
CD207	CD207	4.28429552534427e-09	17078.0	3.13472473913469	3.13472473913469	0.000803881884312593	15358.0	86.49881716796214	0.6086956521739131	2.0254376721308285	1.9886084075942996	23	0.5578207669079562
DUSP9	DUSP9	1.85016735967157e-05	17077.0	3.13143405510955	3.13143405510955	6.276381630004355e-08	16924.0	95.31936465021967	0.75	2.258791951743218	1.6261429581104014	24	0.5366330795297068
DGKK	DGKK	4.87805481602434e-07	17076.0	3.1306111520738797	-3.1306111520738797	0.0001250537352544995	15615.0	87.94637828095077	0.6666666666666666	1.8617020464760126	1.544751984631309	24	0.8214322546416549
S100A3	S100A3	6.528440530721279e-19	17075.0	3.12338297943347	-3.12338297943347	0.04021420149417345	9513.0	53.57665878111975	0.25	0.9487478765745512	1.3480828607675694	24	1.6131316302179886
SOX17	SOX17	1.5401585520102199e-27	17074.0	3.11793675483271	-3.11793675483271	0.019933533858457548	10721.0	60.380759265517625	0.4166666666666667	1.1466471858996414	1.3893844110715423	24	1.418822287931632
SCUBE1	SCUBE1	1.8968662927160598e-32	17073.0	3.1149551411879997	-3.1149551411879997	9.494186338534911e-14	15512.0	87.3662273290526	0.7916666666666666	1.8288394425279544	1.4240595010557482	24	0.9031333997677512
RNF183	RNF183	2.62298556932562e-08	17072.0	3.1147694879303396	3.1147694879303396	1.8246417582266363e-10	16147.0	90.94288611017235	0.7916666666666666	1.8598216038984663	1.1960022078103991	24	1.0492855914784556
EMX2	EMX2	0.0118116847255017	17071.0	3.1125732748582404	3.1125732748582404	0.00030298025222463246	14209.0	80.02703616086515	0.5416666666666666	2.0885321906115473	2.5184430092998573	24	0.40661673917782354
TLX2	TLX2	1.62495586536237e-05	17070.0	3.1104008326606603	3.1104008326606603	5.865830605936082e-06	16073.0	90.52607863016785	0.625	1.7922144953083603	1.4992643969669035	24	0.8792220638461536
MAGEA10	MAGEA10	0.0128542100514308	17069.0	3.10870366913503	3.10870366913503	5.2002276206860336e-05	16274.0	91.6582178663963	0.625	2.351844789995726	2.2827631733607583	24	0.33155383264091803
NKX2.2	NKX2.2	0.0699890275583057	17068.0	3.1082531895367	3.1082531895367	5.884135196721011e-06	15913.0	89.62487326799594	0.5416666666666666	2.1469209566530374	2.1008403912694753	24	0.4575941308433994
PROK2	PROK2	1.20819461064898e-14	17067.0	3.10705529165492	-3.10705529165492	1.0287757747292295e-06	16712.0	94.12526754534188	0.7083333333333334	2.169774352354642	2.182784245503875	24	0.4293969691374218
RNF186	RNF186	4.1541609406799796e-06	17066.0	3.1068269158281296	3.1068269158281296	0.0122592859274915	16541.0	93.16210431452066	0.6086956521739131	2.121223017648924	1.8511824024534589	23	0.5324185757561969
SLC32A1	SLC32A1	0.00221344166725024	17065.0	3.10320055115352	-3.10320055115352	2.8363015814941035e-06	17454.0	98.3046074124141	0.625	2.8176130929673753	2.0664989306982213	24	0.13819869632821505
ITGA11	ITGA11	1.00776967525236e-12	17064.0	3.1028817838516702	3.1028817838516702	1.2024709337289226e-05	11905.0	67.04967894558972	0.3333333333333333	1.3780123608470383	1.5694127695295939	24	1.0990540261257296
ACY3	ACY3	6.91119721800827e-14	17063.0	3.10114595842342	3.10114595842342	9.502034327982079e-07	16363.0	92.15951334910442	0.625	2.531228333131008	2.5857544275848827	24	0.22040670962892633
SERPIND1	SERPIND1	4.1341946734531297e-07	17062.0	3.09987804066453	3.09987804066453	2.2753772897845744e-07	16394.0	92.33412188802522	0.7083333333333334	2.224602015799588	1.8943544116064452	24	0.4620444936292005
CPB1	CPB1	3.00803123076815e-07	17061.0	3.09800550683173	-3.09800550683173	0.00204707934172796	17267.0	97.25132364537568	0.6956521739130435	3.240019545886796	2.7737658367609783	23	-0.05119900071337695
ALPK2	ALPK2	5.155969026729141e-07	17060.0	3.0907299379382795	3.0907299379382795	0.0002414076510479686	12987.0	73.14408020727723	0.4166666666666667	1.8723835703786573	2.32100837430522	24	0.5249211424858934
KRT73	KRT73	4.61335749820533e-07	17059.0	3.09069105026116	-3.09069105026116	6.597416597045893e-06	16892.0	95.13912357778528	0.7083333333333334	2.134577836280613	1.5881813795989448	24	0.6020176450009693
MROH6	MROH6	2.4186230644126198e-27	17058.0	3.09062387612526	3.09062387612526	0.00223097575085677	8327.0	46.8964740340205	0.20833333333333334	0.6260553037350421	0.6944399486455757	24	3.5490017203029174
BNC1	BNC1	1.4812449977682701e-09	17057.0	3.08975078392205	-3.08975078392205	0.0155983961661378	13214.0	74.42266531485862	0.375	1.157340324124871	1.164736973352306	24	1.6590960053713941
FCAR	FCAR	2.2272932549854098e-18	17056.0	3.0882554313476698	-3.0882554313476698	0.001730571999001428	13403.0	75.48721414892418	0.4166666666666667	1.8733174410790638	2.2093459935033577	24	0.549908431654057
BPIFB4	BPIFB4	0.0171993013673052	17055.0	3.0879697002299498	3.0879697002299498	0.007859206678841954	14578.0	82.10544102737411	0.5	2.0694337397208775	2.3146490724155933	24	0.440039042050602
SLC18A3	SLC18A3	0.27993846582097304	17054.0	3.08734216866325	3.08734216866325	0.0027880481134987317	16372.0	92.21020615072659	0.4583333333333333	1.8808188089347142	1.55499941712238	24	0.7758995575453527
WNT6	WNT6	5.3502270556110004e-08	17053.0	3.08615980561173	3.08615980561173	4.8155893217879986e-05	14631.0	82.40396530359355	0.625	1.4610058290821968	1.3290178726561	24	1.2228232666891021
CDH20	CDH20	7.74969398649245e-08	17052.0	3.0853029015541202	3.0853029015541202	4.7998753072639845e-06	16599.0	93.48879125830798	0.5416666666666666	2.1060566584780376	1.7426569601140778	24	0.5619271408481789
P2RY6	P2RY6	5.70866092956149e-15	17051.0	3.0852498480784907	3.0852498480784907	0.00209432653518695	11733.0	66.08088318125492	0.375	0.9285355711368607	0.8306701133135427	24	2.5963547290012614
GALNT9	GALNT9	2.39206281613504e-10	17050.0	3.0829479759757996	-3.0829479759757996	5.162697333733e-05	16535.0	93.12830911343922	0.6666666666666666	2.140418398654377	1.6853188713616682	24	0.5592588995101547
LRRTM4	LRRTM4	6.76400388275065e-14	17049.0	3.0824849309632403	-3.0824849309632403	0.0016278421550665698	13819.0	77.83034809057114	0.4782608695652174	1.192177462237853	0.9532494129986148	23	1.9830145636062766
CCNO	CCNO	1.1743622894618198e-13	17048.0	3.08043111437209	3.08043111437209	0.00859802913503957	9996.0	56.29717246817618	0.25	0.9509928242517454	1.0410888785534986	24	2.0453952913981865
CXCR2	CXCR2	2.4335824815517402e-20	17047.0	3.0782511379638	-3.0782511379638	5.5337379736435295e-06	16990.0	95.69111186211558	0.75	2.5646829701694096	2.401733775790227	24	0.21383226274752878
DIO2	DIO2	7.082759681220631e-13	17046.0	3.077880470324	3.077880470324	0.0006333352651251021	9945.0	56.009913258983886	0.3333333333333333	1.1625536117401947	1.3306274343836457	24	1.4394163302900755
AGR2	AGR2	2.35892830447636e-17	17045.0	3.0773744545509203	3.0773744545509203	2.77721720836462e-12	17211.0	96.93590176861552	0.875	2.7783523556251235	2.0996921070849552	24	0.14241235556242346
FCGBP	FCGBP	6.34174452748043e-10	17044.0	3.0766700168706205	3.0766700168706205	9.322514901279679e-06	14673.0	82.64053171116367	0.6666666666666666	2.183613457558908	2.5767131170469697	24	0.3465875007207616
FOXI1	FOXI1	6.65385404041557e-05	17043.0	3.0758657842571098	3.0758657842571098	0.001697191995771365	14820.0	83.46851413765911	0.5833333333333334	1.9651589716419713	1.9849679740054282	24	0.5595590594713046
CCKAR	CCKAR	0.0183442167348834	17042.0	3.0692356065466497	3.0692356065466497	0.000485173311143229	15546.0	87.55773346851413	0.7272727272727273	2.1069979719952587	1.694962205534361	22	0.567704478252972
SLC6A11	SLC6A11	2.66606693554944e-08	17041.0	3.06864377308494	3.06864377308494	9.896250240299185e-05	13951.0	78.57384251436295	0.5	1.6686834458070952	1.6911018115536918	24	0.8278391742668868
CXCL2	CXCL2	1.7602222420661898e-21	17040.0	3.0667037613703703	-3.0667037613703703	0.00861149797557121	9829.0	55.356539371409255	0.375	1.3023084755802254	2.073479706186607	24	0.8509344366987283
MMP12	MMP12	0.00151007671065741	17039.0	3.0648525576762795	3.0648525576762795	3.323357362037025e-05	16381.0	92.26089895234875	0.6666666666666666	2.370791120118143	2.406069702974807	24	0.28846273102562886
CDCA7	CDCA7	3.53071650463387e-11	17038.0	3.06095284027762	3.06095284027762	0.0024311005513164103	5465.0	30.776163118170555	0.28	1.0023397617848664	1.6398600349190946	25	1.2553590151944394
GPER1	GPER1	3.91470173803509e-21	17037.0	3.05896820752196	-3.05896820752196	9.222856555600049e-07	12985.0	73.13281514025007	0.4583333333333333	1.0110321463024572	0.8428171490491324	24	2.4298699469155176
COX4I2	COX4I2	2.1828297627179496e-47	17036.0	3.0584043843299105	-3.0584043843299105	0.00722489230625754	14751.0	83.07986932522248	0.5	1.4818265071724896	1.329599340278474	24	1.1857541060656807
MIR3945HG	MIR3945HG	1.59574817321554e-16	17035.0	3.05760605575705	-3.05760605575705	0.04714218413128085	12864.0	72.45127858510757	0.375	1.3147136672713398	1.3899555280592282	24	1.2539195343316356
TNNC1	TNNC1	4.640649108875191e-24	17034.0	3.05750839455402	-3.05750839455402	1.21231365770776e-06	17033.0	95.93331080319928	0.6956521739130435	2.737689334208484	2.1546665689398905	23	0.14843088251138967
LINC00626	LINC00626	0.00456074153827751	17033.0	3.0545745183346003	3.0545745183346003	0.03835749470482035	14298.0	80.52833164357327	0.4090909090909091	1.52494183513838	1.4584118480490753	22	1.048834514915946
GPR37	GPR37	3.2494102914031102e-15	17032.0	3.05455359692488	3.05455359692488	0.00122034495942803	9479.0	53.385152641658216	0.28	0.9589908627863903	1.0933390932624143	25	1.916663135025695
ALDOB	ALDOB	6.640547414110579e-08	17031.0	3.05176353853004	3.05176353853004	1.82592290424722e-07	17616.0	99.21707784161315	0.782608695652174	3.886290788928872	2.9707436234669897	23	-0.2809152711148132
GUCY1B2	GUCY1B2	8.23037069276559e-10	17030.0	3.0498054301038597	3.0498054301038597	2.3216526109315e-09	14380.0	80.99019939168637	0.5	1.3346540612101319	0.8791925269711145	24	1.9508256909354718
PDE11A	PDE11A	1.5708519069668e-07	17029.0	3.04576019649863	3.04576019649863	6.71112997856693e-06	10551.0	59.42322856820998	0.20833333333333334	0.9362844343384946	1.0132273424004412	24	2.08193726509844
TRIM31	TRIM31	2.28871293607504e-05	17028.0	3.0341327073147006	3.0341327073147006	1.798942861443665e-05	15653.0	88.1604145544666	0.6666666666666666	2.32675532133146	2.1403536004466015	24	0.33049557130917095
DPP10.AS1	DPP10.AS1	7.335034022628241e-07	17027.0	3.03387503751528	3.03387503751528	0.0016112179539244402	12031.0	67.7593781683001	0.4583333333333333	1.438905926208421	1.648600130487566	24	0.9674687523136093
CDH19	CDH19	1.7612066348381103e-15	17026.0	3.03223381002334	-3.03223381002334	0.0124937908268617	11948.0	67.29187788667342	0.34782608695652173	1.0704446750516858	1.2828785586798515	23	1.52920876391483
FPR2	FPR2	4.3616062897579296e-13	17025.0	3.0319815131022296	-3.0319815131022296	0.00013915580645111294	15359.0	86.50444970147572	0.5833333333333334	1.8740308625723345	2.1049066981668876	24	0.5501197043737504
PCDH11Y	PCDH11Y	0.00046634194559059503	17024.0	3.0307202366671198	-3.0307202366671198	0.001083270281334002	13652.0	76.8897149938042	0.4166666666666667	1.2487270327702316	0.9769321272075697	24	1.8240706332286136
TBX10	TBX10	0.0103630747633641	17023.0	3.0270636413391503	3.0270636413391503	0.0005479168079593396	13355.0	75.21685254027261	0.4583333333333333	1.766923934165235	1.7879497061308893	24	0.704795947477096
NR4A3	NR4A3	1.48664386450341e-22	17022.0	3.02569186206299	-3.02569186206299	1.083675148825948e-07	14426.0	81.2492959333108	0.5416666666666666	1.5243606735905504	1.5857204567828433	24	0.9467817496145473
NAT16	NAT16	0.0178838188179104	17021.0	3.0247115725160096	3.0247115725160096	5.77463936794336e-05	12792.0	72.04573617213022	0.4166666666666667	1.3535540275102733	1.4028753969046244	24	1.1912373320489213
OTP	OTP	0.0813282339200133	17020.0	3.0233970435524906	3.0233970435524906	0.0008682104895849196	13231.0	74.51841838458938	0.4583333333333333	1.4049102489107925	1.271466069913519	24	1.2729295990979785
FHL1	FHL1	2.28715020090633e-48	17019.0	3.02285384808294	-3.02285384808294	7.7220679880918e-10	15028.0	84.64008110848259	0.6	1.703277106132195	1.893372191069097	25	0.6969452430827363
MS4A3	MS4A3	0.000270411757099765	17018.0	3.02149946312815	-3.02149946312815	0.0005229781846485675	16532.0	93.1114115128985	0.6666666666666666	2.8734383169001014	2.786220549789611	24	0.053140497524228204
ADAMTS4	ADAMTS4	2.1682761059564e-13	17017.0	3.01971629540033	-3.01971629540033	2.8582412973894948e-06	13605.0	76.62498591866621	0.4583333333333333	1.631590931286391	1.5771511252553545	24	0.8801473377443073
HMGB3	HMGB3	5.2491891890251196e-18	17016.0	3.0187209896605998	3.0187209896605998	6.59456212907995e-14	12945.0	72.9075137997071	0.4	0.9638988268901446	0.7888214011364488	25	2.604926995908185
RASIP1	RASIP1	4.814542240087419e-56	17015.0	3.0176674122157205	-3.0176674122157205	1.73767885491864e-16	16196.0	91.2188802523375	0.72	1.8735899494472985	1.2504779546664486	25	0.9149121409929951
CTXN3	CTXN3	0.0160972819733059	17014.0	3.0146554670844705	3.0146554670844705	0.000266835554880325	15630.0	88.03086628365438	0.5217391304347826	1.756243042395093	1.3540577828847478	23	0.9293639020399832
LIMS2	LIMS2	1.24546770949924e-29	17013.0	3.0141887322346004	-3.0141887322346004	9.004770816225335e-11	16249.0	91.51740452855694	0.75	1.92898322051494	1.3900157758848948	24	0.7807145289619538
ADAMTS8	ADAMTS8	1.863818310571e-21	17012.0	3.0136855399747207	-3.0136855399747207	2.7055086506948487e-05	15346.0	86.43122676579925	0.625	1.6306319701958776	1.574755154405172	24	0.8782657836743262
POF1B	POF1B	1.3302962040467101e-15	17011.0	3.0110168344676205	3.0110168344676205	2.172520207856815e-05	14948.0	84.18947842739664	0.5416666666666666	1.9624001849874564	1.9114553977545314	24	0.5485959288990049
RGR	RGR	0.000618477783560385	17010.0	3.00872260686534	-3.00872260686534	0.00026757739425701914	17561.0	98.90728849836655	0.6363636363636364	3.1550260361079863	2.5029600240829213	22	-0.05845216377207288
C2CD4A	C2CD4A	1.20837388376633e-09	17009.0	3.008467027754	3.008467027754	0.00028221292976019646	14112.0	79.48068041004844	0.5	1.8769278185814018	1.9611730731214572	24	0.5769706022791804
ADCY8	ADCY8	2.14725118680745e-09	17008.0	3.00764516781991	-3.00764516781991	0.00381347467772169	10048.0	56.59006421088205	0.375	1.3052427936665916	1.7696835878466788	24	0.9619812184757689
RNF182	RNF182	1.2564650865456799e-26	17007.0	3.0026771221854403	-3.0026771221854403	0.034899335074495455	8166.0	45.98963613833502	0.25	0.9114006833735225	1.2874680378098304	24	1.6243327037224797
PAX1	PAX1	0.00748608700306294	17006.0	3.0018299656202903	3.0018299656202903	1.13264698358703e-05	16144.0	90.92598850963162	0.6521739130434783	2.605833895835909	2.7419627038618404	23	0.14442066233309872
FRMD5	FRMD5	1.9382499489366296e-32	17005.0	3.00129757468013	3.00129757468013	1.63692203059119e-07	12366.0	69.64627689534753	0.32	1.2629486620381516	1.3798135392502044	25	1.2598433507085336
CYP27C1	CYP27C1	6.58035312237729e-08	17004.0	3.0007782283839304	3.0007782283839304	0.0245184703636855	8098.0	45.60662385941196	0.25	0.7668154235811054	0.8585075719182957	24	2.6021468859163788
C20orf197	C20orf197	2.1728720458461104e-12	17003.0	3.00074082193388	3.00074082193388	0.010891601026225429	13969.0	78.67522811760729	0.4583333333333333	1.5194297591166352	1.8287426798806192	24	0.8100161269894708
LINC00466	LINC00466	0.0871395279103442	17002.0	2.9912332481719304	2.9912332481719304	0.0074857795022100744	12156.0	68.4634448574969	0.3333333333333333	1.2370259861572033	1.2127386474919544	24	1.4464841750055344
CCDC160	CCDC160	2.2759838025882303e-06	17001.0	2.9910918773173396	2.9910918773173396	2.34088966169194e-07	14988.0	84.41477976793962	0.6086956521739131	1.7144015496200098	1.4769483999531696	23	0.8644109216935476
TRIM58	TRIM58	3.8394155216276e-12	17000.0	2.99063449799391	-2.99063449799391	8.66417261014261e-06	12207.0	68.7507040666892	0.375	1.2964572413742388	1.2311567601423279	24	1.3760857361688172
ASCL3	ASCL3	0.00013940550176583	16999.0	2.98982552933175	2.98982552933175	0.00018404259305759198	15940.0	89.77695167286245	0.5217391304347826	1.9927445979831515	1.937327027973389	23	0.5146683636534154
FGF19	FGF19	0.00780863741813818	16998.0	2.98968492918164	2.98968492918164	0.0006983053615909	15160.0	85.3835755322744	0.5652173913043478	1.902625441163966	2.0296712260169487	23	0.5355840266558504
SSMEM1	SSMEM1	0.00842512470129766	16997.0	2.9878425566326405	-2.9878425566326405	0.005974705157693844	14415.0	81.18733806466147	0.45454545454545453	1.3977404906190434	0.9385956061684125	22	1.6941290323154194
EPAS1	EPAS1	8.761761543403401e-44	16996.0	2.98322960082877	-2.98322960082877	1.6317892634405698e-07	13233.0	74.52968345161653	0.4	0.9834211197637877	0.6047920537059521	25	3.306605086510086
SERPINB7	SERPINB7	0.000618841811094782	16995.0	2.97829777758098	2.97829777758098	7.503840388957459e-08	15678.0	88.30122789230596	0.5416666666666666	2.254445215745511	2.3016980065891928	24	0.3144863312924885
TFDP3	TFDP3	0.292392428540659	16994.0	2.97550899307428	2.97550899307428	0.0053430392107170765	14498.0	81.65483834628816	0.4583333333333333	1.5405961103876538	1.5340193056960028	24	0.9353942791714668
SYNGR4	SYNGR4	4.07044577081823e-05	16993.0	2.9754831360554905	2.9754831360554905	4.498698160623529e-05	15350.0	86.45375689985354	0.5	1.6588554741788426	1.290382368200429	24	1.0203391601768557
LINC01305	LINC01305	0.0029830366940041602	16992.0	2.97534131395467	2.97534131395467	0.000111070789430871	15181.0	85.50185873605948	0.5	1.8437670803410275	1.783688212396966	24	0.6344013632814246
RSPO1	RSPO1	1.32437233461774e-25	16991.0	2.9749838663315398	-2.9749838663315398	0.0034667126618052	12610.0	71.02061507265968	0.4583333333333333	1.3528718944070144	1.4548547810112435	24	1.1149648700999728
MOGAT3	MOGAT3	0.00692774545663734	16990.0	2.96900976397457	2.96900976397457	0.0007529630283487766	16608.0	93.53948405993015	0.7272727272727273	2.599140028913415	2.407365851423959	22	0.15364084974553277
SPAG11B	SPAG11B	0.197331005640207	16989.0	2.96875237644202	2.96875237644202	0.0002550035576729245	17309.0	97.48789005294582	0.7272727272727273	2.735047531650437	1.9305683723862914	22	0.12105494326663546
ACTN2	ACTN2	3.60753686348344e-23	16988.0	2.96822362924703	-2.96822362924703	1.8557825431217582e-08	17404.0	98.02298073673538	0.75	2.9161329124201227	1.8174081426246322	24	0.028662090592199013
DDX4	DDX4	0.0135382519147085	16987.0	2.96796850354014	2.96796850354014	0.000135458265584657	17401.0	98.00608313619466	0.5652173913043478	2.782404803360172	2.190582485837404	23	0.08470975248806122
ADGRG4	ADGRG4	1.5819308437370498e-09	16986.0	2.9654279381463904	-2.9654279381463904	4.1702437364788356e-05	14881.0	83.81209868198715	0.5	1.5004799947078844	1.325209091105675	24	1.1054466448130393
ZBED2	ZBED2	9.26569034698628e-12	16985.0	2.96277735094491	-2.96277735094491	0.006365802666023695	14954.0	84.22327362847808	0.5416666666666666	1.7639680686209898	1.9152638697116586	24	0.6259238224466689
RAMP2	RAMP2	2.7976101106290096e-46	16984.0	2.96202730480512	-2.96202730480512	2.3759719120554665e-09	15397.0	86.71848597499155	0.75	1.638672418033508	1.207767773988644	24	1.0957030939824157
MIR646HG	MIR646HG	3.2746017885422395e-07	16983.0	2.96109636986287	2.96109636986287	0.11865161765655999	6060.0	34.12752055874732	0.125	0.8119630374730095	1.5105078942441121	24	1.4227885472027466
GPR17	GPR17	6.61923866356295e-24	16982.0	2.9590921764660902	-2.9590921764660902	5.103430424794788e-06	16632.0	93.67466486425593	0.625	1.9274772962161706	1.5445764384448115	24	0.6678949999319052
ADGRG7	ADGRG7	0.17511045420159302	16981.0	2.9584805794992204	2.9584805794992204	1.3842122756749345e-06	16041.0	90.34583755773346	0.5833333333333334	2.770330829293028	2.8239221479632532	24	0.06662710242982263
SIX6	SIX6	0.00882035231278975	16980.0	2.9557815730267296	2.9557815730267296	0.00157375906439324	16209.0	91.29210318801397	0.5652173913043478	2.21241833972713	2.0990427630786352	23	0.3541439204455843
RHPN1.AS1	RHPN1.AS1	2.92230439586488e-10	16979.0	2.95549464102709	2.95549464102709	0.00049690775689953	7008.0	39.46716232961586	0.3333333333333333	0.9251933323393273	1.2683832534162935	24	1.6007001852313179
PPBP	PPBP	2.93930368802273e-05	16978.0	2.95223864582254	-2.95223864582254	2.403542516393917e-07	17201.0	96.87957643347977	0.6666666666666666	4.265713275079846	4.105995076874556	24	-0.319891915276506
ABCC12	ABCC12	1.11435498901156e-06	16977.0	2.95222898613745	2.95222898613745	5.9888094870247204e-05	15379.0	86.61710037174721	0.6086956521739131	1.995221157390167	1.9751113399274745	23	0.4845336105368238
FCRL4	FCRL4	0.000599840989845561	16976.0	2.95068643183125	2.95068643183125	0.000869418342327688	15394.0	86.70158837445082	0.5652173913043478	1.8507648239155632	1.5786217440399122	23	0.6967607104541933
PRB3	PRB3	1.14062123426064e-06	16975.0	2.94859553772321	2.94859553772321	0.0001908484381337204	17692.0	99.64515038864481	0.7727272727272727	4.613930804004586	3.099794923621934	22	-0.5372404650355149
FABP2	FABP2	0.22125376792409196	16974.0	2.94723739645471	2.94723739645471	0.000509524787193323	17508.0	98.60876422214712	0.6956521739130435	3.315829035303508	2.4032736044175267	23	-0.15337065166915628
CDH5	CDH5	2.1206938724462396e-50	16973.0	2.9451637152394103	-2.9451637152394103	8.455049455415911e-12	16785.0	94.53644249183282	0.8333333333333334	2.3285754078015084	1.580859698751457	24	0.3900335418284593
RHOV	RHOV	3.81504363395617e-09	16972.0	2.94450373725897	2.94450373725897	0.008009486620692471	12961.0	72.99763433592429	0.391304347826087	1.7574853488585347	2.1591662125761903	23	0.5497577636619992
GJB6	GJB6	0.000143432954325246	16971.0	2.94096628045244	2.94096628045244	0.0004355340901313695	14434.0	81.29435620141939	0.5416666666666666	2.510707522395888	2.7249013830980027	24	0.15789883653234488
UCN3	UCN3	0.000149420733466124	16970.0	2.9358067343864103	2.9358067343864103	0.010130295427936194	14978.0	84.35845443280387	0.5416666666666666	1.5646883434846066	1.3847931525303043	24	0.9901250510926386
HCAR1	HCAR1	8.57070809472857e-10	16969.0	2.93427057708036	2.93427057708036	2.0743754536190535e-05	13393.0	75.43088881378844	0.375	1.2597460258076296	1.101728404266235	24	1.519906852531396
HMX2	HMX2	0.21487838166486103	16968.0	2.9333959021679803	2.9333959021679803	1.1800223329077051e-06	15742.0	88.66171003717471	0.625	1.8688621587814218	1.4958467827681219	24	0.7116596135712495
DIO1	DIO1	5.77083770639047e-10	16967.0	2.9319364245103996	2.9319364245103996	6.35924588757184e-05	15581.0	87.75487214148923	0.625	1.9308195685897651	1.7629888069049922	24	0.5678520771088394
KCNQ3	KCNQ3	1.71527633643345e-09	16966.0	2.9314119839233	2.9314119839233	0.000806242400633496	10005.0	56.34786526979835	0.2916666666666667	1.1006400366958167	1.5200776461580887	24	1.2043937043970465
ACMSD	ACMSD	4.56468575690378e-07	16965.0	2.9308421815134	2.9308421815134	0.0004366384280745555	13070.0	73.6115804889039	0.4583333333333333	1.0436391463697152	0.8491527635397912	24	2.222454093273702
SPOCK2	SPOCK2	4.37639337400036e-29	16964.0	2.9308133337265097	-2.9308133337265097	2.284201668684965e-11	15200.0	85.60887687281739	0.5833333333333334	1.8065171433579665	2.427492827387082	24	0.4631511894429444
SSTR4	SSTR4	0.000286920283062427	16963.0	2.9287526879965498	-2.9287526879965498	0.01964111502443485	16124.0	90.81333783936014	0.5833333333333334	1.603735914272857	1.1278453985685368	24	1.1748212790559824
IFNE	IFNE	0.0170526163590113	16962.0	2.9274868583759504	2.9274868583759504	2.70402535134489e-07	14656.0	82.54477864143291	0.625	1.573034602374469	1.4021895185334543	24	0.9659551994213299
MESP1	MESP1	1.6467031136789498e-13	16961.0	2.9243020575488696	2.9243020575488696	0.006667372932216486	10310.0	58.06578799143855	0.2916666666666667	0.9037026418944064	1.303283179120011	24	1.5503916938594962
CLPS	CLPS	0.13637574422277	16960.0	2.9186706356589003	2.9186706356589003	0.0015621598672257802	17431.0	98.17505914160189	0.631578947368421	3.4406615955022204	2.624413719964483	19	-0.19889812184428926
CIT	CIT	5.1114526653022795e-09	16959.0	2.9178585364139904	2.9178585364139904	0.0292084582481118	556.0	3.126056100033795	0.12	0.5531575377420637	1.2104487566879754	25	1.9535738176494237
SCN4B	SCN4B	1.5359326339070797e-58	16958.0	2.91394194680713	-2.91394194680713	1.1315935072148756e-09	15259.0	85.94119635011828	0.7083333333333334	1.5980024678218678	1.5430091402525543	24	0.8528397173135823
CD24	CD24	1.0195896319425801e-09	16957.0	2.91376986581946	2.91376986581946	2.3950831643777306e-06	13353.0	75.20558747324546	0.4166666666666667	1.2386202089610874	1.213393767573344	24	1.380549086063373
KIR3DX1	KIR3DX1	3.27952711259844e-09	16956.0	2.91320466054363	-2.91320466054363	9.422799051676164e-07	14932.0	84.09935789117945	0.5833333333333334	1.7474180606206182	1.7861307923997818	24	0.6526882605034217
AFP	AFP	0.306534471202682	16955.0	2.91319472723199	2.91319472723199	3.4768759053205e-06	17209.0	96.92463670158837	0.6956521739130435	3.275308399646541	3.0279553973408557	23	-0.11959016065182418
DACH1	DACH1	3.0597925891558104e-23	16954.0	2.9109008792667206	-2.9109008792667206	0.000146375065671727	10877.0	61.25943449363523	0.2916666666666667	1.1875064365891157	1.916110095945125	24	0.8994234967628711
PSCA	PSCA	0.000109924182449857	16953.0	2.9080724300305296	2.9080724300305296	0.00107286905917932	16031.0	90.28951222259772	0.625	2.66600037364454	2.7206508732618753	24	0.08897578839131298
BPIFA1	BPIFA1	0.0065132521975692	16952.0	2.90456986700005	2.90456986700005	7.065331798791901e-07	17739.0	99.9098794637828	0.8181818181818182	4.978099049056976	3.5751296126864753	22	-0.5799871352073316
SYN2	SYN2	1.08772820349179e-11	16951.0	2.90335701613719	-2.90335701613719	2.889874771732935e-07	13446.0	75.72941309000788	0.4583333333333333	1.1820119139765362	1.2665341424034853	24	1.3590988545275848
THEG	THEG	0.0006159807481070281	16950.0	2.89666994742086	2.89666994742086	0.047662301644363005	12934.0	72.84555593105779	0.34782608695652173	1.0142791232415183	0.9789362663934188	23	1.9228941544013032
TAL1	TAL1	5.558896561165289e-41	16949.0	2.8942796625221803	-2.8942796625221803	1.0648287164564276e-09	16276.0	91.66948293342345	0.8333333333333334	2.2531221824160905	2.3501306154860777	24	0.27281780675559564
DEFB126	DEFB126	0.0938621268967808	16948.0	2.88883163408125	2.88883163408125	0.01135065968727935	16736.0	94.26044834966767	0.6363636363636364	2.097038871732205	1.4588145172252935	22	0.5427645207802408
USH1G	USH1G	0.0033618734862379198	16947.0	2.8878445022288703	2.8878445022288703	0.0026515335468147226	14139.0	79.63275881491494	0.5	1.2820618713599494	1.1569449378511945	24	1.387950781695244
TFAP2A.AS1	TFAP2A.AS1	4.49534783829573e-21	16946.0	2.8859200266822405	2.8859200266822405	0.012190795576436679	7580.0	42.688971499380415	0.2916666666666667	1.0142942689048147	1.225915681698098	24	1.5267165480621891
BTNL3	BTNL3	1.34376755665286e-05	16945.0	2.8835471474701295	-2.8835471474701295	0.00015016621876336612	16153.0	90.9766813112538	0.6666666666666666	2.2180100992254084	2.041084786384518	24	0.32607026062039407
ABCA4	ABCA4	2.47573813869496e-07	16944.0	2.88118346065809	2.88118346065809	0.02928687162742312	10631.0	59.873831249295925	0.3333333333333333	1.1397765429582993	1.3627816391542142	24	1.2778326825569526
MMP7	MMP7	1.57215706209666e-05	16943.0	2.8809052049696295	2.8809052049696295	4.49927585927526e-08	16711.0	94.11963501182831	0.7916666666666666	2.589012192665359	2.0003416984153852	24	0.14592157556656443
GNAT1	GNAT1	6.0017971788524595e-05	16942.0	2.88081248030277	-2.88081248030277	1.1017009316439479e-09	17724.0	99.82539146107919	0.7727272727272727	4.4079068694088805	2.7311642815900785	22	-0.5591367752572683
CSRNP1	CSRNP1	5.485993725809148e-81	16941.0	2.88073383742569	-2.88073383742569	1.29979232494611e-07	12414.0	69.9166385039991	0.24	0.9293637967259122	0.7750633680948968	25	2.51769096699311
NR4A2	NR4A2	5.66961592956124e-39	16940.0	2.8799910708793903	-2.8799910708793903	0.000190925360435993	11279.0	63.52371296609214	0.3333333333333333	1.154258203367361	1.6351122725620995	24	1.0554216346305898
EN1	EN1	0.00020462681621163202	16939.0	2.87908140727036	2.87908140727036	0.0009324860551801911	10508.0	59.18102962712628	0.2916666666666667	1.7450534106356104	2.4469245617731334	24	0.46345033040699474
CCDC85A	CCDC85A	1.99820170759893e-19	16938.0	2.8777258819230003	-2.8777258819230003	0.000267356343079747	10001.0	56.325335135744055	0.3333333333333333	0.9973538160706559	1.0033944364014704	24	1.874010855188741
BAALC	BAALC	5.51221738942868e-32	16937.0	2.87637857068815	-2.87637857068815	3.786097762783935e-10	16397.0	92.35101948856595	0.7083333333333334	2.0870837842968775	2.0301328928114946	24	0.3887897138094208
HOXD13	HOXD13	0.415537286520048	16936.0	2.87614794696271	2.87614794696271	8.242795741098221e-06	14938.0	84.1331530922609	0.5833333333333334	2.0998662253792446	2.3850006018086396	24	0.32548491643766486
ART1	ART1	1.98838458869491e-07	16935.0	2.8740756847572704	-2.8740756847572704	4.35297982857673e-06	16591.0	93.44373099019938	0.6086956521739131	1.7477446568552941	1.0252868718850168	23	1.0985520821418373
CKM	CKM	1.05604860794998e-05	16934.0	2.8721993186200603	2.8721993186200603	6.071509030829311e-07	17721.0	99.80849386053846	0.8260869565217391	4.727482376794556	3.2489923798189997	23	-0.5710333670520498
TBX3	TBX3	1.4716037390648597e-29	16933.0	2.8705014187068	-2.8705014187068	0.0015490200135248	8419.0	47.414667117269346	0.16666666666666666	0.7092041635663677	0.9631479083369509	24	2.2439930943444635
HSPA12B	HSPA12B	5.7593199710541395e-31	16932.0	2.86900910716711	-2.86900910716711	4.17045088718791e-17	16560.0	93.26912245127858	0.875	2.0720087613983273	1.2788161194037968	24	0.6232329524751034
ACOD1	ACOD1	0.0017211253260252	16931.0	2.86897682281815	-2.86897682281815	0.00011418698551268401	17350.0	97.71882392700236	0.6956521739130435	2.6937774998170125	1.495867734535619	23	0.11712220202110771
HBEGF	HBEGF	4.250882400108579e-29	16930.0	2.8680863317371403	-2.8680863317371403	0.0023596168122205	9998.0	56.30843753520333	0.2	0.7959662519756435	0.9938144542570251	25	2.0850170480873236
UMODL1	UMODL1	2.0831678656849203e-09	16929.0	2.8663870869166295	2.8663870869166295	0.002574612558213245	13551.0	76.3208291089332	0.4166666666666667	1.6369347539633112	2.0236889346286784	24	0.6075302937696339
CCM2L	CCM2L	7.412285803340341e-33	16928.0	2.8652880278591204	-2.8652880278591204	9.70216785903474e-13	16148.0	90.94851864368593	0.7083333333333334	1.8319861407530516	1.4259102023046475	24	0.7246612622842449
ADIRF	ADIRF	1.7135442089955998e-51	16927.0	2.8625189584191095	-2.8625189584191095	0.0374953276115185	10735.0	60.459614734707664	0.25	1.2254968442287437	1.721320339075954	24	0.951026997722666
PRKCG	PRKCG	7.241445860537221e-08	16926.0	2.8603703710665296	2.8603703710665296	7.45509703960812e-06	16181.0	91.13439224963388	0.6666666666666666	1.6895779379169376	1.2133162122551104	24	0.9649524347601997
FAM83B	FAM83B	0.0008180305155587599	16925.0	2.8586560814313198	2.8586560814313198	0.0001913098734516145	13035.0	73.4144418159288	0.375	1.2980879094620712	1.5922739208356635	24	0.9800877547188771
GYG2	GYG2	3.06156192524225e-14	16924.0	2.85856484112831	2.85856484112831	4.71671880849296e-07	13080.0	73.66790582403965	0.44	1.2063147945221953	1.1954122041619293	25	1.382159259252721
RGCC	RGCC	1.4460929510225398e-76	16923.0	2.8580259262844105	-2.8580259262844105	2.0131744123766524e-09	14294.0	80.50580150951897	0.625	1.4362769316494532	1.297291353220525	24	1.0959365381611974
TGM4	TGM4	1.3474180992794198e-08	16922.0	2.85800817357205	-2.85800817357205	0.0030214055299805902	17239.0	97.0936127069956	0.7272727272727273	3.291813655476081	2.4853583355328124	22	-0.17454444121878765
WDR87	WDR87	2.47760952403917e-05	16921.0	2.85726098627796	2.85726098627796	0.0002538696085950879	15935.0	89.74878900529457	0.625	2.071622289809601	2.0420508836135443	24	0.38473022527142875
TERT	TERT	3.2913848576537605e-05	16920.0	2.8540843608117203	2.8540843608117203	7.559325718447469e-07	16814.0	94.69978596372648	0.7916666666666666	3.0522731972199133	2.608080887546905	24	-0.07599029514556367
NMUR1	NMUR1	1.8104094422540297e-26	16919.0	2.8535537321857296	-2.8535537321857296	1.3211576629137125e-11	16561.0	93.27475498479215	0.75	2.1808284755660354	1.7829208054650532	24	0.377316398214458
SSC4D	SSC4D	3.25250888991475e-07	16918.0	2.85303504883368	2.85303504883368	0.000876400946382087	8071.0	45.45454545454545	0.16	0.8172846410728124	0.8684248147666098	25	2.3441872838559754
CRLF1	CRLF1	4.01036461686425e-08	16917.0	2.8511734321287596	2.8511734321287596	2.8740676090523497e-05	11491.0	64.71781007096992	0.2	0.7605322371591974	0.6304765333672901	25	3.3159698804390536
ANGPTL3	ANGPTL3	0.000226805305593309	16916.0	2.85114680937527	2.85114680937527	3.02715293650467e-06	16682.0	93.95629153993465	0.6521739130434783	2.7000072502316446	2.3718508918482155	23	0.063722200945715
PLEKHS1	PLEKHS1	7.78917662001988e-08	16915.0	2.85035489872813	2.85035489872813	4.384443154975345e-12	17180.0	96.76129322969472	0.8333333333333334	2.4582578685823697	1.5333953183712452	24	0.2557051175571875
NR4A1	NR4A1	8.44882412254872e-30	16914.0	2.84925217928607	-2.84925217928607	1.54772439762539e-14	15246.0	85.8679734144418	0.64	1.431633568353476	0.9102635769288272	25	1.5573715645259048
SCUBE3	SCUBE3	1.45803904057704e-15	16913.0	2.84787681146914	2.84787681146914	0.000239967516973695	11673.0	65.74293117044046	0.3333333333333333	1.1788442974662952	1.47230553533217	24	1.1336183108394624
IZUMO1	IZUMO1	2.53781145653048e-12	16912.0	2.8451115796650397	-2.8451115796650397	0.0975239280953905	8433.0	47.493522586459385	0.16	0.6139101307967241	0.6237515183581006	25	3.57706776368497
DRAIC	DRAIC	3.2750988840375996e-11	16911.0	2.84453864086613	2.84453864086613	1.18605481645859e-05	16324.0	91.93984454207502	0.6521739130434783	1.7353870511094198	1.1278499320684081	23	0.983421249777968
CECR7	CECR7	5.693701415830149e-19	16910.0	2.8430408676597203	2.8430408676597203	0.0635204949191689	7652.0	43.094513912357776	0.16666666666666666	0.6867564248218331	0.8373263436350145	24	2.5752019618503708
BCL2L15	BCL2L15	7.78846556509907e-18	16909.0	2.8421707159974905	2.8421707159974905	6.171601828269445e-08	15254.0	85.9130336825504	0.6666666666666666	1.6634750746985747	1.3745497953664936	24	0.857513962224004
LEMD1	LEMD1	1.7990758727945897e-23	16908.0	2.84096303683866	2.84096303683866	5.61532821871875e-06	15659.0	88.19420975554804	0.6086956521739131	1.7859729916841942	1.4296370351258518	23	0.7379425820915407
LINC01687	LINC01687	0.145226907142974	16907.0	2.84080337550123	2.84080337550123	3.4163862243902096e-05	14635.0	82.42649543764784	0.45454545454545453	1.3743294699063517	1.1286067172138547	22	1.2993666289840116
S1PR1	S1PR1	2.6897543874331896e-51	16906.0	2.84017242071073	-2.84017242071073	6.457266070697305e-09	13880.0	78.17393263489917	0.5	1.8555465236722208	2.5433496368915725	24	0.387137451633232
FAM162B	FAM162B	2.0508498653865197e-25	16905.0	2.8383996945351897	-2.8383996945351897	7.632107458218325e-05	14180.0	79.8636926889715	0.5416666666666666	1.3232264756738683	1.0430856033996738	24	1.4525876053921147
ADAM29	ADAM29	4.35728752844859e-10	16904.0	2.83813129810574	-2.83813129810574	0.006354353566018768	14818.0	83.45724907063196	0.4166666666666667	1.580615795664757	1.4719925112529906	24	0.8542947690478122
CCK	CCK	2.11873353034757e-10	16903.0	2.8380806554326803	-2.8380806554326803	9.322878830876808e-05	15790.0	88.93207164582628	0.6521739130434783	2.0300711516518306	1.8714821784334312	23	0.4317484361284238
HOXB8	HOXB8	4.51630360344974e-05	16902.0	2.8370769079086	2.8370769079086	2.690911118861622e-06	15132.0	85.22586459389433	0.6666666666666666	1.8818006000373206	1.8085504969123414	24	0.528199964281993
KCNK12	KCNK12	1.71614746203757e-09	16901.0	2.8317314919989705	2.8317314919989705	1.2551757966849914e-10	16263.0	91.59625999774698	0.625	1.724227318038048	1.3013467944934773	24	0.8510446090521134
SHOX2	SHOX2	6.05614641407175e-07	16900.0	2.82919659113383	2.82919659113383	0.004644573986393533	8028.0	45.21234651346175	0.3333333333333333	1.1157586329621625	1.4567963874032783	24	1.1761684563385344
SEMA6A	SEMA6A	1.2014879974328599e-47	16899.0	2.8281719293245096	-2.8281719293245096	5.8704176423871844e-09	13830.0	77.89230595922045	0.5	1.1837013983793196	1.0297430844035254	24	1.596971667838627
FOXD3	FOXD3	0.00496103261199239	16898.0	2.8273443991717704	2.8273443991717704	3.6689705928907344e-09	15525.0	87.43945026472908	0.625	1.7256954784513219	1.5024082964207943	24	0.7332553496575599
TNXB	TNXB	2.3706734560049898e-53	16897.0	2.82294354911897	-2.82294354911897	2.0391942253044995e-14	16913.0	95.25740678157034	0.9583333333333334	2.583494471535093	2.0751969134265593	24	0.1153861959000792
HIGD1B	HIGD1B	3.6615711808345e-46	16896.0	2.81972533542637	-2.81972533542637	0.011167460206518001	15382.0	86.63399797228793	0.4583333333333333	1.3954766715493248	1.0539398477632966	24	1.3513566897576073
FER1L4	FER1L4	3.21852293929532e-16	16895.0	2.8178102429362295	2.8178102429362295	0.0010116557534697252	11610.0	65.38808155908526	0.375	1.0687731708606385	1.0165594313446165	24	1.7205458118293357
ECEL1	ECEL1	3.0412596522969404e-08	16894.0	2.8175481018807798	2.8175481018807798	1.1594264844060516e-08	17258.0	97.20063084375352	0.75	2.5857472587633166	2.0534422889254116	24	0.11288403105731647
TACR3	TACR3	0.000284776367885098	16893.0	2.8167360626817697	-2.8167360626817697	0.0011430693359918	14269.0	80.36498817167961	0.5652173913043478	1.1126624499037179	0.803267172398216	23	2.121428176493767
CDO1	CDO1	1.97078838345035e-33	16892.0	2.81633346497782	-2.81633346497782	1.9479713872947935e-05	13921.0	78.40486650895572	0.4583333333333333	1.259145100679223	1.0077088839897026	24	1.5452760107992751
PLAC9	PLAC9	6.262033712647019e-73	16891.0	2.8154239836908297	-2.8154239836908297	1.0899939411411667e-08	15927.0	89.70372873718598	0.625	1.5295036576553942	1.163446532864269	24	1.1052680890024662
AQP2	AQP2	2.22966291436876e-05	16890.0	2.81268047640671	2.81268047640671	0.00038266143911200095	16983.0	95.65168412752055	0.625	2.731189528552843	2.0308099143306966	24	0.040127314367935006
PLPP2	PLPP2	4.827228763752e-16	16889.0	2.8120311669793905	2.8120311669793905	0.0058237884795728	9874.0	55.6100033795201	0.4	0.9589736806065051	0.9368458102813106	25	1.9779748876887862
ATP13A4.AS1	ATP13A4.AS1	0.000179174570971078	16888.0	2.81196592628901	2.81196592628901	0.0284873419835493	14175.0	79.83553002140363	0.4166666666666667	1.140700215581081	1.0447853856113591	24	1.5996258501739888
APOBEC3A	APOBEC3A	1.1059144002877299e-16	16887.0	2.8114477982844597	-2.8114477982844597	0.074485263418982	3434.0	19.336487552100934	0.25	0.7375452902980636	1.1197340568337322	24	1.8521384567428112
BDNF	BDNF	2.79926010921316e-26	16886.0	2.80521307800888	-2.80521307800888	0.009237052481549865	11500.0	64.76850287259208	0.3333333333333333	0.919999014379369	1.1842752198498452	24	1.591871578524237
PTPRB	PTPRB	1.4555998859402e-47	16885.0	2.80092453901708	-2.80092453901708	5.40694985601374e-09	12289.0	69.21257181480229	0.36	1.137491735495833	1.080213622901654	25	1.5399109659929657
RETN	RETN	6.315283075725449e-07	16884.0	2.8008187333100802	-2.8008187333100802	0.000414553603518265	14886.0	83.84026134955502	0.625	2.2592731969058186	2.4655215301098536	24	0.21964745786670642
TEK	TEK	2.63993311822748e-48	16883.0	2.7978770164671296	-2.7978770164671296	1.80398085333047e-07	14455.0	81.41263940520446	0.5833333333333334	1.6464909116543192	1.4776814670478535	24	0.779184235905101
TCF21	TCF21	2.32061868398482e-13	16882.0	2.7973856221694304	-2.7973856221694304	3.57099479453866e-07	15818.0	89.08978258420638	0.6521739130434783	1.7709962966297879	1.450169024197939	23	0.7077722033866494
NDRG4	NDRG4	3.2017251546735997e-13	16881.0	2.79146620913643	-2.79146620913643	5.5959506026673896e-09	14598.0	82.21809169764559	0.6	1.3767709712311618	1.1232156241381301	25	1.2595045933329119
TGM1	TGM1	3.2760478708893696e-14	16880.0	2.7905488974962904	-2.7905488974962904	0.008712773547996114	11864.0	66.81874507153317	0.3333333333333333	1.1516958200360985	1.4803613180309267	24	1.1070628889709708
CLIC6	CLIC6	6.26079582779601e-16	16879.0	2.78915951878248	2.78915951878248	2.19351769660364e-07	12228.0	68.86898727047425	0.4166666666666667	1.5623258443966506	1.8693162910304222	24	0.6563007449689332
SLC4A11	SLC4A11	1.33851406729455e-07	16878.0	2.7882631800102096	2.7882631800102096	0.000490889599436036	15917.0	89.64740340205023	0.625	1.9120596448628253	1.5765131224362268	24	0.5557857544460931
NKX3.2	NKX3.2	3.73200265679083e-07	16877.0	2.7845326128796204	2.7845326128796204	0.0002261445810634793	12815.0	72.17528444294243	0.375	1.3217712900084975	1.1864906244957838	24	1.2328469291468227
AVPR2	AVPR2	2.2770538083559796e-22	16876.0	2.78148770664486	-2.78148770664486	3.483902184331999e-07	13227.0	74.49588825053509	0.4166666666666667	1.4616442252941078	1.605335197439427	24	0.8221606823646267
CYP24A1	CYP24A1	0.0015636433224526301	16875.0	2.7806729177536402	2.7806729177536402	0.000308231019713979	12796.0	72.06826630618451	0.391304347826087	1.7625484638593012	1.9952399659379467	23	0.5102766941698297
TENM2	TENM2	3.70342498421425e-18	16874.0	2.7782785255925204	-2.7782785255925204	0.0005742927318307335	13962.0	78.63580038301227	0.4583333333333333	1.303210989448828	1.2520683295885948	24	1.1781046619303683
C16orf78	C16orf78	0.00092459776536408	16873.0	2.77764042131379	-2.77764042131379	0.00258404969392045	15593.0	87.82246254365212	0.6521739130434783	1.8750468790530868	1.462651634751437	23	0.6170939961476815
HOXC6	HOXC6	2.11335073319817e-07	16872.0	2.7772717437571504	2.7772717437571504	0.0001676840929129675	13457.0	75.7913709586572	0.4583333333333333	1.4041535715172258	1.7140058606096207	24	0.8011163811024237
DUSP27	DUSP27	1.08269840672626e-07	16871.0	2.77682875402917	-2.77682875402917	0.0024557748919728497	14314.0	80.61845217979047	0.4583333333333333	1.6744058916492792	1.6753035137605152	24	0.6580436639241014
SPINK13	SPINK13	0.000177327708139487	16870.0	2.77534734616449	2.77534734616449	0.00191962741425448	14724.0	82.92779092035597	0.5652173913043478	1.9566946670247736	1.9133364201177412	23	0.4278665636278114
MAGEC2	MAGEC2	0.430485713362855	16869.0	2.7713750199429703	2.7713750199429703	8.79337079076109e-05	16747.0	94.322406218317	0.6086956521739131	2.798382140786753	2.982385264813208	23	-0.009055543950816248
GNLY	GNLY	4.54117615475921e-16	16868.0	2.77071316238625	-2.77071316238625	0.000235267582111775	16018.0	90.21628928692125	0.7391304347826086	2.427997647712575	2.7393681135733567	23	0.1251075067186283
SIX3	SIX3	0.0073295462406043205	16867.0	2.76935040980805	2.76935040980805	0.005051705749198586	12921.0	72.77233299538132	0.4583333333333333	2.078870227214962	2.5377023027845325	24	0.2720887244478786
TSHR	TSHR	6.5209846426968395e-12	16866.0	2.7692936346757597	2.7692936346757597	0.0001261518539467512	15044.0	84.73020164469978	0.5833333333333334	2.0778311839716146	2.3106135426050454	24	0.29925491128411397
CTAG2	CTAG2	0.215958946955945	16865.0	2.76502244908714	2.76502244908714	0.010437088833618035	13067.0	73.59468288836318	0.4166666666666667	1.6291754312362017	1.9044098790473234	24	0.5964299126715007
IGHG1	IGHG1	5.49273539553678e-05	16864.0	2.7638003815644403	2.7638003815644403	0.00224874496224635	14928.0	84.07682775712514	0.625	2.7020315406564546	3.571736749439724	24	0.017293783176398715
PODNL1	PODNL1	6.48747871105734e-09	16863.0	2.7612979605607597	2.7612979605607597	0.001010129482264031	12119.0	68.25504111749464	0.3333333333333333	1.1332989572399106	1.4221072076668775	24	1.1447793770708465
TMEM74B	TMEM74B	1.96774288203946e-38	16862.0	2.76015666567023	-2.76015666567023	0.0015013511024230901	11841.0	66.68919680072096	0.2916666666666667	0.7756384993859412	0.5683507798272698	24	3.491713633061985
KL	KL	2.8512651593514004e-33	16861.0	2.7590928148425604	-2.7590928148425604	0.000157909952783583	12696.0	71.50501295482708	0.3333333333333333	1.5359932800191372	1.9853849904502752	24	0.6160515671804442
MAGEA4	MAGEA4	0.439250066901284	16860.0	2.7585212624742095	2.7585212624742095	7.395094687251089e-08	16731.0	94.2322856820998	0.7391304347826086	3.1924542154605633	2.8368493001055706	23	-0.15296299065664343
GDF15	GDF15	2.0205012563745102e-05	16859.0	2.75653864990387	2.75653864990387	0.0267273848766392	9660.0	54.40464120761518	0.25	0.8131255093804151	0.9294401731575318	24	2.0909502264370747
OTC	OTC	2.34747064689736e-10	16858.0	2.75578876065534	-2.75578876065534	0.0004551128979586015	17106.0	96.34448574969021	0.7727272727272727	2.5042064082178093	1.8917586840765706	22	0.1329886071385137
KRT72	KRT72	9.433386186096198e-06	16857.0	2.75402469828748	-2.75402469828748	2.06447931564107e-05	15437.0	86.94378731553452	0.7083333333333334	1.5968308017205224	1.4533502522807964	24	0.796225063263952
BMPER	BMPER	3.23893248467869e-10	16856.0	2.7537050315802403	-2.7537050315802403	0.0010192423744788646	12747.0	71.79227216401937	0.3333333333333333	1.0413456646747858	1.1606080498128926	24	1.4753984923519292
FAT3	FAT3	5.25016281295727e-32	16855.0	2.7505194004000004	-2.7505194004000004	7.211216869869231e-06	12582.0	70.86290413427959	0.375	1.3649867611032152	1.5574831356708176	24	0.889597201770039
DIO2.AS1	DIO2.AS1	0.00116918427111244	16854.0	2.75028977185703	2.75028977185703	0.01767162150066274	9665.0	54.432803875183055	0.20833333333333334	0.9392365737562728	1.1136594951069823	24	1.6262180729907758
ZNF99	ZNF99	0.000765809577103229	16853.0	2.74965953893756	2.74965953893756	0.0029875792215867587	8243.0	46.423341218880246	0.3333333333333333	0.797587259231785	0.8412526365667276	24	2.320435259106541
HBE1	HBE1	0.000606014147342552	16852.0	2.74926823424225	-2.74926823424225	4.32110421372669e-06	15882.0	89.45026472907513	0.625	2.499018855317972	2.5829939125151316	24	0.09688345671732662
MIR4500HG	MIR4500HG	0.0101747201954328	16851.0	2.74703984671113	2.74703984671113	0.004591381501705925	12224.0	68.84645713641996	0.2916666666666667	1.0267520213154386	0.9997759755070688	24	1.7206732983588566
ENHO	ENHO	1.97042104841428e-08	16850.0	2.7460115686466606	-2.7460115686466606	7.120356264672362e-07	15610.0	87.9182156133829	0.5416666666666666	1.543054598796788	1.446590298984356	24	0.8315809740286955
NOVA2	NOVA2	1.36696667352483e-26	16849.0	2.74377293776389	-2.74377293776389	3.9596746752219724e-08	15430.0	86.9043595809395	0.625	1.6604505009443857	1.685338695590817	24	0.642792122232577
LIM2	LIM2	0.00155142476355845	16848.0	2.74369615505985	-2.74369615505985	5.846492710142145e-07	17427.0	98.15252900754759	0.7083333333333334	2.601585257933742	1.5368092290268895	24	0.09247139751763017
S100P	S100P	5.36380270659935e-06	16847.0	2.7424909523182404	2.7424909523182404	1.0953420704867385e-05	15448.0	87.00574518418384	0.6666666666666666	1.9358401180486056	1.5614369302904239	24	0.516608015745855
G6PC2	G6PC2	0.0270852863493634	16846.0	2.7416583509008503	-2.7416583509008503	0.00133663142844325	17242.0	97.11051030753633	0.5909090909090909	3.0014048860120597	2.558688667652673	22	-0.10151549049126771
HMGA2	HMGA2	3.8637431208345e-14	16845.0	2.74065984428912	2.74065984428912	0.0001911886613282586	13128.0	73.93826743269122	0.4583333333333333	1.7389133220602753	2.1237028362509043	24	0.47169806675838216
PSAPL1	PSAPL1	1.41096998666314e-11	16844.0	2.74046424785046	-2.74046424785046	1.3259417825069302e-07	17066.0	96.11918440914722	0.782608695652174	2.4170764963314797	1.411117132014054	23	0.2291714445117795
CLIC5	CLIC5	9.16406241764419e-25	16843.0	2.73915872695408	-2.73915872695408	0.004829829679278971	9523.0	53.632984116255486	0.3333333333333333	1.355983304664987	2.0595992393727	24	0.6715750306406075
CHRDL2	CHRDL2	3.8774194328213896e-07	16842.0	2.73829853421318	2.73829853421318	0.000155006096921939	15073.0	84.89354511659344	0.5217391304347826	1.8532253023403553	1.8301746985295624	23	0.4836004085205247
RXRG	RXRG	1.63299346505231e-14	16841.0	2.73811527345588	-2.73811527345588	5.0241182316101795e-08	14278.0	80.41568097330179	0.5217391304347826	1.497530591236438	1.4939987803144685	23	0.8303786445918743
HORMAD2	HORMAD2	0.0012022800298210699	16840.0	2.73728718129608	2.73728718129608	1.8840599908215548e-05	15099.0	85.03999098794637	0.5833333333333334	1.6850679860456121	1.3055933995351832	24	0.8059317668311426
TUBB3	TUBB3	6.2650683932164e-11	16839.0	2.7326496965015203	2.7326496965015203	5.77731042751171e-07	10762.0	60.61169313957418	0.28	1.1004742146116675	1.4906510180849615	25	1.0949413793623592
APLN	APLN	6.2576752334786095e-09	16838.0	2.73087517934728	-2.73087517934728	2.1885646500959197e-05	14689.0	82.73065224738086	0.4583333333333333	1.6047667712895652	1.7921322862729494	24	0.6283623238548158
THBD	THBD	1.64885627975652e-46	16837.0	2.73006953699185	-2.73006953699185	1.0533391405404863e-06	12562.0	70.75025346400811	0.4583333333333333	1.4298230961039502	1.9350419910955436	24	0.6719474031422709
STX11	STX11	2.06410324910539e-43	16836.0	2.7287260421516297	-2.7287260421516297	0.001294210342785905	12750.0	71.8091697645601	0.375	0.9167056973487369	0.6160076134070737	24	2.941555112899982
CAMP	CAMP	4.90616476096843e-09	16835.0	2.7282143383766204	-2.7282143383766204	0.00615152414975297	14919.0	84.02613495550298	0.5	2.129225579693607	2.2684285818661083	24	0.2640544928199852
FOXB1	FOXB1	7.81737240673626e-05	16834.0	2.7274019339982796	2.7274019339982796	0.00011824425651161853	14445.0	81.3563140700687	0.5416666666666666	1.4876778100926347	1.4974071827364592	24	0.8279138354606344
TUBB1	TUBB1	3.68122386671338e-11	16833.0	2.72606711613025	-2.72606711613025	5.8061393270633146e-05	15353.0	86.47065450039428	0.5833333333333334	2.3595931482480745	2.5415278382822963	24	0.1441943552071649
SIX3.AS1	SIX3.AS1	0.180626926369716	16832.0	2.71694860162702	2.71694860162702	0.007360681343965005	11764.0	66.25549172017573	0.4166666666666667	1.4811063467030976	1.8525436650237985	24	0.6671056009403408
DES	DES	2.7047089620674e-10	16831.0	2.7104997823632098	-2.7104997823632098	4.646372455212985e-06	17102.0	96.3219556156359	0.6666666666666666	2.6978701401458665	2.369515067383199	24	0.005330053558718661
SDR9C7	SDR9C7	0.00589314208877329	16830.0	2.7097484808831602	-2.7097484808831602	0.0008131069965253375	15755.0	88.73493297285118	0.6666666666666666	1.7230482691805407	1.433207738446862	24	0.6884558220233212
SLC4A1	SLC4A1	4.63926435001303e-05	16829.0	2.7094306848487597	-2.7094306848487597	5.661217471035715e-10	17583.0	99.0312042356652	0.7916666666666666	3.616851521301602	3.1370908742195875	24	-0.2892555150091343
ELAVL2	ELAVL2	2.1004768618155102e-05	16828.0	2.7076901605579597	2.7076901605579597	0.0003388236826619835	11703.0	65.91190717584769	0.375	1.525084943788818	1.9218236031004508	24	0.6153557563042006
RHBDL2	RHBDL2	1.54903508395128e-14	16827.0	2.70531085268499	2.70531085268499	3.77637096764884e-09	14457.0	81.4239044722316	0.48	1.2072543148650812	0.6649346894079587	25	2.252937862444417
RTBDN	RTBDN	0.004649897398093079	16826.0	2.7035335504397797	2.7035335504397797	0.000261639334296327	12774.0	71.94435056888588	0.43478260869565216	1.3973285490463339	1.540306404534607	23	0.8480163411305861
WFDC2	WFDC2	1.46878447896218e-15	16825.0	2.7022280320456296	2.7022280320456296	6.48344939903549e-05	15354.0	86.47628703390785	0.6521739130434783	1.742264834235186	1.3805840922106722	23	0.6953312030948394
ARG1	ARG1	4.56831166815648e-05	16824.0	2.70073306683173	-2.70073306683173	7.09685575560283e-09	17087.0	96.23746761293229	0.7083333333333334	2.747648487408277	2.2077538356257493	24	-0.021250295127785306
CAPN13	CAPN13	4.4500815177993895e-09	16823.0	2.7005995398709906	2.7005995398709906	1.4269855679295328e-05	15211.0	85.6708347414667	0.75	1.5331280450507003	0.8974770071126466	24	1.3008372198595561
C5orf46	C5orf46	7.98622076008332e-07	16822.0	2.69955704828823	2.69955704828823	0.00040738692085807754	12742.0	71.7641094964515	0.4166666666666667	1.501610102912652	1.5254132619907645	24	0.7853261638830767
FABP4	FABP4	1.72979485122154e-11	16821.0	2.6971762036083002	-2.6971762036083002	0.000105416019886533	16481.0	92.8241523037062	0.8260869565217391	2.496060526268971	2.3279889741067397	23	0.08639030492680845
HHIPL2	HHIPL2	3.5006797228207e-06	16820.0	2.6967273256555404	2.6967273256555404	0.0457145370295276	13108.0	73.82561676241973	0.391304347826087	1.6023897541769896	2.199558947301644	23	0.4975259121020843
PCDH15	PCDH15	3.6303579603388795e-12	16819.0	2.6962732242306298	-2.6962732242306298	0.0005810548862449044	14576.0	82.09417596034696	0.5833333333333334	1.4347782117189398	1.0567732985706944	24	1.1937233976462933
TINCR	TINCR	1.9940394286845797e-22	16818.0	2.6962599458673195	-2.6962599458673195	0.09498350513499745	4458.0	25.104201870001127	0.20833333333333334	0.6280832376626239	0.5902466747656434	24	3.50391928768741
SIX4	SIX4	1.46994512000036e-18	16817.0	2.69549405915977	2.69549405915977	2.9146658881145195e-05	11198.0	63.06747775149262	0.2	0.8966915337684668	0.7966209912107306	25	2.258040580448959
DNASE1L3	DNASE1L3	9.29029181041102e-08	16816.0	2.69441818914627	-2.69441818914627	9.39122050705978e-05	15002.0	84.49363523712965	0.6086956521739131	1.8294563771783576	2.1453698169709297	23	0.40317608886152834
SLC1A7	SLC1A7	1.1751933142866901e-05	16815.0	2.69398253385285	2.69398253385285	0.0007047275371108982	13723.0	77.289624873268	0.4583333333333333	1.4435693643604506	1.5225304381389986	24	0.821273019027974
FREM3	FREM3	5.5091357100946495e-05	16814.0	2.6885984485341097	-2.6885984485341097	0.00389756888172121	12384.0	69.74766249859186	0.375	1.482305423251549	1.692934014653294	24	0.7125458020462804
ACVRL1	ACVRL1	3.1020892615122497e-25	16813.0	2.68778546163255	-2.68778546163255	1.0615776644475611e-10	15476.0	87.16345612256393	0.5833333333333334	1.5520374067314526	1.5177161754638009	24	0.7483270411571007
LILRA5	LILRA5	2.0343312518569102e-23	16812.0	2.68696378645896	-2.68696378645896	9.377848272524595e-07	16277.0	91.67511546693703	0.625	2.0894754954345784	1.9390208689486985	24	0.3081391750818695
SLC5A4	SLC5A4	1.60914882278092e-39	16811.0	2.68604482353481	-2.68604482353481	0.02251926540984268	11598.0	65.32049115692237	0.375	1.0581221727774668	1.083837431340401	24	1.5019989194726948
BCHE	BCHE	2.9235600216502103e-31	16810.0	2.68478541066658	-2.68478541066658	0.004619224842722265	11686.0	65.81615410611693	0.2916666666666667	1.14945996518077	1.708914981198225	24	0.8984211984667015
GRIK4	GRIK4	7.932401473971109e-23	16809.0	2.68318454636953	-2.68318454636953	5.358023050525835e-06	13442.0	75.70688295595359	0.375	1.161226487276959	1.0115463599587	24	1.5045855724840038
CIDEC	CIDEC	0.000408083186290446	16808.0	2.67619294212599	2.67619294212599	1.4302643504005858e-06	16628.0	93.65213473020164	0.5416666666666666	2.5526206253262207	2.1106381140626866	24	0.05854737293732922
ST6GALNAC1	ST6GALNAC1	5.887443580416999e-21	16807.0	2.67304869989441	2.67304869989441	1.2073444861126896e-06	15207.0	85.64830460741241	0.6666666666666666	1.725891153104046	1.3795446632659853	24	0.6865725858762906
ANKRD36BP2	ANKRD36BP2	4.67312201120879e-09	16806.0	2.6696668369502	2.6696668369502	0.001563234556031255	9103.0	51.26732004055424	0.2916666666666667	0.796282620080992	0.6684868053479266	24	2.802425121755649
WDR72	WDR72	3.38031049094897e-05	16805.0	2.66859674092838	2.66859674092838	9.236563604667715e-06	14040.0	79.07513799707108	0.4583333333333333	1.4186813496679687	1.2842459853615895	24	0.9732678984458634
SMAD6	SMAD6	4.64992893526109e-11	16804.0	2.66695966045683	-2.66695966045683	1.2897426424389998e-09	15332.0	86.3523712966092	0.52	1.3475896648323038	1.2754575596842315	25	1.0344287707629929
LINC01214	LINC01214	0.47926871209933103	16803.0	2.66635949941562	2.66635949941562	0.00660354792380611	15716.0	88.51526416582178	0.4782608695652174	1.6888996184838903	1.3375383498164108	23	0.7307901721590971
TMEM213	TMEM213	1.4562653080310999e-05	16802.0	2.6637233823826296	2.6637233823826296	0.0373246550947607	12483.0	70.30528331643573	0.2916666666666667	1.0333996662052536	1.2124029335995847	24	1.3447045293242554
LINC01711	LINC01711	2.55712346233985e-05	16801.0	2.66346788856041	2.66346788856041	0.0011370808271796901	14205.0	80.00450602681086	0.4782608695652174	1.3769123301082462	1.440295203448666	23	0.8932582399577631
NT5C1A	NT5C1A	0.0010647368884745	16800.0	2.66272244377552	2.66272244377552	6.201088505837471e-07	16234.0	91.43291652585333	0.5833333333333334	1.5117596822266661	1.0476749499649813	24	1.0985876502891712
ANKRD29	ANKRD29	5.494102912847969e-70	16799.0	2.6583909373388903	-2.6583909373388903	0.00496537319779109	899.0	5.058015095189816	0.16666666666666666	0.7448202620520364	1.2513458071792216	24	1.5292101226601915
NECAB1	NECAB1	7.96634798984961e-13	16798.0	2.6581794011109503	-2.6581794011109503	5.863189518290845e-05	12282.0	69.17314408020727	0.375	1.134983096052893	1.4881036956037468	24	1.023582099525714
AMBP	AMBP	1.86834667222194e-11	16797.0	2.65690606904836	2.65690606904836	4.48262058312909e-05	17245.0	97.12740790807705	0.7391304347826086	2.913261134352631	2.0526991548702997	23	-0.12488681777650405
SOX11	SOX11	9.65289894696665e-06	16796.0	2.65646612227629	2.65646612227629	0.0007268922357732376	13950.0	78.56820998084937	0.4166666666666667	1.9050439420329814	1.8413447776781766	24	0.4080833689336584
AKAP4	AKAP4	0.25680645970812	16795.0	2.65594377654927	-2.65594377654927	0.0145430500058864	17058.0	96.07412414103864	0.5217391304347826	2.7817401790822234	2.348879882730167	23	-0.0535559112485296
LRRN3	LRRN3	7.56891954712165e-18	16794.0	2.65586859258381	-2.65586859258381	1.4810100736388498e-05	14196.0	79.95381322518868	0.5416666666666666	1.4199985189067297	1.8017880467156895	24	0.6859131272015218
VSIG1	VSIG1	0.00044498242489982595	16793.0	2.65349980175891	2.65349980175891	0.0005154018284507675	14142.0	79.64965641545567	0.5416666666666666	1.9898766096621632	2.118458255608669	24	0.3132576204132362
PCSK1N	PCSK1N	3.9780207382737704e-13	16792.0	2.6534882990292403	2.6534882990292403	2.8442853896638995e-05	16083.0	90.58240396530358	0.6666666666666666	1.8322586742379467	1.4872754727599657	24	0.5521704888115461
KRT5	KRT5	0.00164447892612205	16791.0	2.65080679578637	2.65080679578637	0.000485789121104219	16045.0	90.36836769178775	0.6521739130434783	2.3552536699706463	2.889079604469288	23	0.10230009770534358
FCAMR	FCAMR	1.84056710776287e-05	16790.0	2.64715168138578	2.64715168138578	9.8059599353553e-06	16046.0	90.37400022530133	0.6086956521739131	1.9558010308738067	1.4848342335952012	23	0.4656079681285491
EDDM3A	EDDM3A	0.0737037932763896	16789.0	2.64578282213699	2.64578282213699	0.00110078235626636	15756.0	88.74056550636476	0.5217391304347826	2.4326041697117997	2.5801330634490722	23	0.08262312337496938
SOHLH2	SOHLH2	0.00426893027616155	16788.0	2.64517763071431	2.64517763071431	0.0018121737651465403	11808.0	66.503323194773	0.4166666666666667	1.457347354777675	1.6577568594374585	24	0.7165286448217214
TRHDE	TRHDE	6.25822472307322e-18	16787.0	2.6448041959203903	-2.6448041959203903	0.002788765891416352	12470.0	70.23206038075926	0.3333333333333333	1.0810221269865765	1.0631900626264816	24	1.4708396211592503
VIL1	VIL1	1.02015088102826e-08	16786.0	2.6433002949270095	2.6433002949270095	0.00017221262545031698	10199.0	57.440576771431786	0.16	0.7100827256276306	0.7264707756211616	25	2.661108518297106
RET	RET	1.7169588561317902e-11	16785.0	2.64097392066867	2.64097392066867	9.22149640989738e-07	14365.0	80.90571138898277	0.5416666666666666	1.7001934005129904	2.0325321758057795	24	0.4628613172053306
SFTPC	SFTPC	2.3019744085220103e-09	16784.0	2.6396546982462206	-2.6396546982462206	0.000382697447082401	17580.0	99.01430663512447	0.6521739130434783	3.4705381479312964	2.6548798929604738	23	-0.31296460976942814
ADAM7	ADAM7	0.36503123730413506	16783.0	2.63642634802644	2.63642634802644	0.0043329329784098	17333.0	97.6230708572716	0.6086956521739131	2.8244956065304287	1.9417929883081302	23	-0.0968534028273798
SSTR5.AS1	SSTR5.AS1	0.0158127458417653	16782.0	2.63235758688784	2.63235758688784	0.00011445556182518399	15689.0	88.36318576095528	0.5833333333333334	1.913701261665557	1.8539628669767227	24	0.3876325346225534
KRT6A	KRT6A	0.00022228190121009901	16781.0	2.6321293615968195	2.6321293615968195	0.000563875565412154	15464.0	87.09586572040104	0.5217391304347826	2.990333711169593	3.682225249035945	23	-0.09727931491061179
GPC3	GPC3	1.0206451108893901e-21	16780.0	2.63075445927478	-2.63075445927478	1.319937808498015e-06	15301.0	86.1777627576884	0.625	1.6497038970527322	1.487283023786601	24	0.6596260069749921
CAV2	CAV2	3.91906855230541e-42	16779.0	2.63060727010479	-2.63060727010479	0.00406989592127698	10352.0	58.30235439900867	0.16	0.8885960102754134	1.6584588063461936	25	1.050379577209554
CLEC14A	CLEC14A	8.40132845252426e-30	16778.0	2.6302061025622003	-2.6302061025622003	6.167270614930593e-08	15658.0	88.18857722203447	0.7083333333333334	1.9491072872060837	1.8875817939219128	24	0.36083141803405894
LOXHD1	LOXHD1	3.6627758482329295e-17	16777.0	2.62966255124433	-2.62966255124433	1.3974862535621652e-09	16751.0	94.34493635237129	0.7083333333333334	2.1905251451074945	1.9239157299066465	24	0.22825189238311572
TMPRSS15	TMPRSS15	0.368116297386368	16776.0	2.6271544961246898	2.6271544961246898	1.78082181125867e-06	17011.0	95.80939506590063	0.782608695652174	2.880320642378146	2.48781515312304	23	-0.10176244241283283
NPTX1	NPTX1	7.87706498327787e-14	16775.0	2.62674160462198	2.62674160462198	4.069168281387541e-06	14802.0	83.36712853441477	0.5833333333333334	1.7008972605811516	1.6849496512293223	24	0.5494789374657822
ZNF280A	ZNF280A	0.26561100316325104	16774.0	2.6253125999980496	2.6253125999980496	0.00010792203873855601	16452.0	92.66080883181255	0.7391304347826086	2.2019936935045323	1.5262609257362065	23	0.2773568394207074
MAFF	MAFF	2.82998284065849e-25	16773.0	2.6252565441806	-2.6252565441806	0.00995320630230468	5921.0	33.34459840036048	0.20833333333333334	0.5649590711208354	0.554257319804664	24	3.7172219462719442
ANXA10	ANXA10	0.0032493630668433103	16772.0	2.6241370454645097	2.6241370454645097	1.56126901818094e-06	16303.0	91.82156133828995	0.6956521739130435	2.823381123674515	2.90336005499277	23	-0.06862534251216096
APCDD1L	APCDD1L	1.4356913329448402e-05	16771.0	2.62099540461581	2.62099540461581	0.00821743694600241	13510.0	76.08989523487664	0.4583333333333333	1.6667539820839066	2.0529883435128458	24	0.46480605968717353
PNCK	PNCK	4.10609651773564e-07	16770.0	2.6209064693958397	2.6209064693958397	5.9040630080336807e-05	14766.0	83.1643573279261	0.5833333333333334	1.5828604069458907	1.2407695595098192	24	0.8366147077786479
FERMT1	FERMT1	1.95863652331525e-39	16769.0	2.61913033567454	2.61913033567454	0.000326285944629828	9096.0	51.227892305959216	0.3333333333333333	1.0281605461713894	1.2188943202688312	24	1.305256545253453
NEK2	NEK2	4.9919370391291e-13	16768.0	2.61862753361091	2.61862753361091	5.95384340635717e-10	11568.0	65.15151515151514	0.4	1.4608986700266984	1.844858029064887	25	0.627543607879158
PTPRN	PTPRN	8.01057842550133e-06	16767.0	2.6183436525634103	2.6183436525634103	0.00017779079479179503	16040.0	90.34020502421988	0.5416666666666666	2.5314345614152414	2.674760159651625	24	0.03249229312563427
LINC00939	LINC00939	0.00777080161190048	16766.0	2.61784061830927	2.61784061830927	0.004152908739267334	11477.0	64.63895460177987	0.3333333333333333	1.1897914072063405	1.259330010261532	24	1.1339753674307809
AQP5	AQP5	7.31958544407552e-05	16765.0	2.61495701100774	2.61495701100774	0.0395868784359865	12830.0	72.25977244564605	0.4583333333333333	1.3140003136812326	1.4689793101286732	24	0.8856194831039192
ADGRL2	ADGRL2	1.18070105268804e-40	16764.0	2.61321637425881	-2.61321637425881	0.00100410186936174	7716.0	43.45499605722654	0.2	1.0534116864680187	1.6575097086986041	25	0.9410531230103467
CNTFR	CNTFR	2.4536918173039998e-20	16763.0	2.6118050913537902	-2.6118050913537902	8.455370028774794e-11	16739.0	94.2773459502084	0.7916666666666666	2.0362293690236744	1.3577197581792082	24	0.4239282214630219
MAJIN	MAJIN	0.00108230110170024	16762.0	2.6108838079577	2.6108838079577	6.13686885232086e-05	15426.0	86.8818294468852	0.5833333333333334	1.7976424375005982	1.6786804064071148	24	0.4844527685872531
CD36	CD36	1.28355986825163e-21	16761.0	2.60943196426371	-2.60943196426371	0.00304890140738584	11762.0	66.24422665314859	0.3333333333333333	1.366437299364561	1.8937017373069405	24	0.6563835478478406
USHBP1	USHBP1	7.108641895854809e-20	16760.0	2.6090942126497296	-2.6090942126497296	5.286902693134179e-13	15084.0	84.95550298524276	0.56	1.3121565292910347	0.6025861417864915	25	2.152285944568281
FCRL5	FCRL5	6.74376676017375e-07	16759.0	2.60738860978269	2.60738860978269	0.000784641141844919	15295.0	86.14396755660695	0.5416666666666666	1.9217336969502998	2.579881422764786	24	0.2657699329830412
KHDRBS2	KHDRBS2	1.51095059975221e-21	16758.0	2.60684749626599	-2.60684749626599	0.0010393715402167835	13931.0	78.46119184409147	0.5	1.4555022066733436	1.521904524035847	24	0.7565161095253619
C20orf202	C20orf202	2.5209841947485e-15	16757.0	2.60362602136046	-2.60362602136046	0.04033519339935	11913.0	67.09473921369832	0.20833333333333334	0.7890153657685243	0.6552197565264626	24	2.769468773670362
STK32A	STK32A	4.8261104778810703e-11	16756.0	2.6028017791730296	2.6028017791730296	3.097438324417634e-06	12564.0	70.76151853103525	0.4583333333333333	1.1821550082642787	1.381241900017381	24	1.0285285806134856
LINC00326	LINC00326	0.132674943183473	16755.0	2.60240182119726	2.60240182119726	6.883841970338186e-08	16975.0	95.60662385941195	0.7272727272727273	2.227619557563984	1.6104172408576294	22	0.23272370297879147
PDE1C	PDE1C	9.58439701323964e-22	16754.0	2.60237538030763	-2.60237538030763	0.004015353802335	12995.0	73.18914047538583	0.3333333333333333	1.1142271990867505	1.1788537530647458	24	1.262368786078884
LTBP4	LTBP4	7.870817643370389e-58	16753.0	2.6010524287669	-2.6010524287669	2.31725462122908e-17	15837.0	89.19680072096429	0.64	1.7264069307906091	1.0966142874788476	25	0.7975871808009447
ZNF536	ZNF536	6.32594304666591e-13	16752.0	2.6009212701552	-2.6009212701552	2.8144370717634752e-05	16321.0	91.92294694153429	0.625	2.590244374062101	2.264537201650382	24	0.004714824770958809
IGSF10	IGSF10	1.2819011786161299e-18	16751.0	2.5987245126009397	-2.5987245126009397	0.00044983783820759797	5548.0	31.243663399797228	0.2916666666666667	0.9718723147670585	1.5544781458505081	24	1.0465584235948038
SEMA3B	SEMA3B	1.31403842002841e-36	16750.0	2.5986006633901404	-2.5986006633901404	5.167601824188555e-07	13160.0	74.1185085051256	0.4583333333333333	1.5700934468380827	2.056119525768518	24	0.5002176204555188
GPR146	GPR146	5.83296433914073e-32	16749.0	2.5972123320039	-2.5972123320039	6.069736986162788e-12	14662.0	82.57857384251436	0.7083333333333334	1.2692118732930833	0.7375390946568305	24	1.8005831397028813
ZBTB8B	ZBTB8B	8.68412758521114e-06	16748.0	2.59637904454899	2.59637904454899	0.01280276778542695	10571.0	59.53587923848146	0.375	1.1167827929260823	1.3007277599790268	24	1.1375141648754887
CABYR	CABYR	1.0537272126061601e-13	16747.0	2.59609528323178	2.59609528323178	0.0005220897066337989	8986.0	50.60831361946603	0.25	1.0977105481201077	1.3883847717045774	24	1.0792287308597048
NOS2	NOS2	8.14410561870444e-25	16746.0	2.59063500181034	-2.59063500181034	0.002596349983334355	13592.0	76.55176298298974	0.4166666666666667	1.587163780580702	1.66427411592428	24	0.6029482833555607
TEX11	TEX11	8.435274188131591e-05	16745.0	2.58933445968989	2.58933445968989	2.76134567429962e-07	15384.0	86.64526303931508	0.6521739130434783	1.9768576554362511	1.9429072228409392	23	0.3152372882520191
ADAM12	ADAM12	6.524558410678981e-06	16744.0	2.58857270907982	2.58857270907982	1.5023375476909772e-06	13436.0	75.67308775487214	0.4166666666666667	1.515060222897664	1.427469467321931	24	0.7520388426914432
MUC16	MUC16	0.00023786100947622	16743.0	2.58757158490171	2.58757158490171	6.51249147849461e-08	15906.0	89.58544553340091	0.75	2.006707266549693	1.520373705727222	24	0.38205364652381896
AOC3	AOC3	4.57156677474856e-42	16742.0	2.58728227091723	-2.58728227091723	7.36312489434612e-14	16658.0	93.82111073560887	0.75	2.1158580898494277	1.8111533980137613	24	0.26028948270466734
SH2D1B	SH2D1B	4.93250168162285e-13	16741.0	2.58614017100455	-2.58614017100455	7.325865773163449e-05	15773.0	88.83631857609552	0.6666666666666666	2.3966374113949795	2.197359240385648	24	0.08624113714620087
FXYD1	FXYD1	3.48411614216723e-28	16740.0	2.5842850135830098	-2.5842850135830098	6.46472442951547e-10	16286.0	91.72580826855919	0.6666666666666666	2.006286576543029	1.7063685432348286	24	0.3387301291573547
CASP12	CASP12	8.497531180299209e-10	16739.0	2.5838507947892704	-2.5838507947892704	0.000489526322586381	14522.0	81.79001915061394	0.5	1.5264039145947599	1.3272830521114676	24	0.796700356048624
SST	SST	0.1547107208706	16738.0	2.58354538748452	2.58354538748452	0.00116289699971497	17668.0	99.50996958431902	0.8260869565217391	3.967609078564721	2.836805601547525	23	-0.4878951487987654
EGFL7	EGFL7	1.1463221000811399e-38	16737.0	2.58237046950671	-2.58237046950671	7.87721867880419e-14	15577.0	87.73234200743494	0.68	1.5345250177101957	0.9627043543948861	25	1.088439505870049
NEU4	NEU4	3.1679209459187305e-07	16736.0	2.57964052990366	-2.57964052990366	3.853711251251674e-08	16088.0	90.61056663287145	0.7083333333333334	1.9024961203290813	1.6290060558462889	24	0.41567949188672215
TOP2A	TOP2A	4.86284884351053e-12	16735.0	2.57920992029895	2.57920992029895	0.00119014715915685	8629.0	48.59749915511997	0.24	1.1011710558600034	1.5850638732642028	25	0.9324790561248146
TRIM9	TRIM9	9.954769992420791e-05	16734.0	2.57659037657342	2.57659037657342	2.1670729340709397e-09	13093.0	73.74112875971612	0.4583333333333333	1.6048486542766371	1.9483257063065451	24	0.4987573274588264
IHH	IHH	4.3499349024306005e-14	16733.0	2.57622966544186	-2.57622966544186	7.715305772039944e-05	16691.0	94.00698434155683	0.6666666666666666	1.951002488683747	1.3218974525768956	24	0.4729770645516416
THBS2	THBS2	1.3745263172093501e-08	16732.0	2.5735191372872	2.5735191372872	4.4184362170093444e-05	13632.0	76.77706432353271	0.5	1.4292360931040748	1.5695868134163384	24	0.7290345678252076
KCNK9	KCNK9	0.000192732303058561	16731.0	2.57344422633706	2.57344422633706	7.985768304895826e-05	13310.0	74.96338853216176	0.4583333333333333	1.4037268579497402	1.4690393906684587	24	0.7962464286645589
MSMB	MSMB	0.0108882936835857	16730.0	2.57331691018782	2.57331691018782	0.0016171750803243199	17405.0	98.02861327024895	0.7391304347826086	3.24650529752851	2.7862764587062223	23	-0.2416086118221297
NCR1	NCR1	1.70440101229402e-11	16729.0	2.57274416879254	-2.57274416879254	6.82565166248392e-07	16495.0	92.90300777289625	0.7083333333333334	2.0919094218749508	1.737376266937642	24	0.2767591316100598
SMIM22	SMIM22	1.0773626627611499e-19	16728.0	2.57264281641912	2.57264281641912	4.48091712289303e-06	16353.0	92.10318801396868	0.75	2.0033895286728316	1.367291765419352	24	0.41633636809894553
PYCR1	PYCR1	6.528192228953731e-40	16727.0	2.57217153840945	2.57217153840945	0.0006686674644411269	7464.0	42.035597611805784	0.16	0.5915329440394302	0.6271529913884917	25	3.158142624792341
HKDC1	HKDC1	8.59448792823084e-12	16726.0	2.57141338199739	2.57141338199739	0.0003169598551477425	12928.0	72.81176072997634	0.4166666666666667	1.1958618227893814	1.0308924430701834	24	1.3343308203049469
ADH1A	ADH1A	6.885631044187349e-20	16725.0	2.5706325974306097	-2.5706325974306097	8.168861800733009e-06	17172.0	96.71623296158612	0.6086956521739131	2.5853617030497262	2.079332847464924	23	-0.007083572808977625
AGTR1	AGTR1	9.33862585107009e-21	16724.0	2.57030190626269	-2.57030190626269	1.069264761861785e-06	14958.0	84.24580376253238	0.5833333333333334	1.3002779492206162	0.9529014120096985	24	1.332796804617546
C11orf96	C11orf96	7.932401473971109e-23	16723.0	2.57021565818208	-2.57021565818208	1.399955115729975e-09	16538.0	93.14520671397995	0.7083333333333334	2.055906981506326	1.8714010364329878	24	0.27482547388990447
CDH3	CDH3	2.4510853338071e-27	16722.0	2.56961222444434	2.56961222444434	0.01396798096479105	10977.0	61.82268784499267	0.3333333333333333	1.0171410505870895	0.9856472367908864	24	1.575077893904369
KCND2	KCND2	1.56758462142699e-06	16721.0	2.5694965532741003	2.5694965532741003	0.0021044714373294293	9030.0	50.85614509406331	0.4166666666666667	1.2946794331960414	1.618669007490584	24	0.7875712169558388
GUCA1A	GUCA1A	0.00540370388890387	16720.0	2.5692573727762	2.5692573727762	1.79120549997635e-06	16630.0	93.66339979722879	0.6521739130434783	2.2086814213070682	1.9370595464741027	23	0.18614603362372809
GRK5	GRK5	1.18070105268804e-40	16719.0	2.56811090010964	-2.56811090010964	1.49383763223516e-09	12457.0	70.1588374450828	0.36	0.931385031630348	0.7346279585870867	25	2.2279656652698248
CXCL13	CXCL13	0.00518507255116161	16718.0	2.56792139607707	2.56792139607707	5.7862038969872105e-05	17121.0	96.42897375239382	0.6086956521739131	2.2734065296248955	1.8115823192138423	23	0.16257327272877262
ACR	ACR	9.951041703657501e-18	16717.0	2.56789484990904	-2.56789484990904	3.2823442769665205e-06	16449.0	92.64391123127182	0.75	1.8210222006700987	0.9587404682397177	24	0.7790144194186635
ANGPT4	ANGPT4	1.22969769262795e-10	16716.0	2.5675352654389902	-2.5675352654389902	8.40301397071826e-07	17057.0	96.06849160752506	0.8333333333333334	2.7546371590554486	1.8467429185182302	24	-0.10131453151399283
CFP	CFP	7.83313889753564e-22	16715.0	2.5640288957222404	-2.5640288957222404	8.09598035360422e-09	16261.0	91.58499493071983	0.75	1.9970834193036693	1.8141316890433086	24	0.3125161639823141
TBX2.AS1	TBX2.AS1	8.29390899046208e-30	16714.0	2.5638450481068196	-2.5638450481068196	2.8443100660461647e-05	15273.0	86.02005181930832	0.5	1.6115699274107889	1.2593970716325855	22	0.7561357272822419
NTNG1	NTNG1	2.6310566281602097e-14	16713.0	2.56325863990075	-2.56325863990075	0.0008460544809710245	9627.0	54.218767601667224	0.2916666666666667	1.0020709183498235	1.2589585003368289	24	1.2400628941567473
CPNE7	CPNE7	5.64300090199881e-05	16712.0	2.5625793816738502	2.5625793816738502	2.4443553928532347e-07	12583.0	70.86853666779317	0.375	1.4211361013457842	2.0619530580961483	24	0.5535738439079639
SUGCT	SUGCT	4.2328541823137997e-10	16711.0	2.56167828571042	2.56167828571042	2.614674820467645e-07	10179.0	57.327926101160294	0.375	0.8829280090294432	0.86321224512057	24	1.9447711570014807
SEZ6L2	SEZ6L2	7.27224945565002e-30	16710.0	2.5606311733343596	2.5606311733343596	0.002940013966469885	8726.0	49.143854905936685	0.25	0.7963280948688052	1.1754357095622605	24	1.5009779472520806
FFAR3	FFAR3	2.0426809926255702e-05	16709.0	2.56000434456066	-2.56000434456066	0.0003416552846392265	14392.0	81.05778979384927	0.5	1.3449792744796083	1.0081334421740566	24	1.205222462872405
DUSP13	DUSP13	0.0030981265434731602	16708.0	2.55914674867204	2.55914674867204	0.00030927386662318304	14262.0	80.32556043708459	0.5416666666666666	1.8142193860819582	1.8344075646503526	24	0.40608607211673203
SH2D3C	SH2D3C	2.02272937854056e-20	16707.0	2.5590218911442	-2.5590218911442	1.9382330156390826e-12	15191.0	85.55818407119521	0.7083333333333334	1.6466747081369755	1.342165128809372	24	0.6797577760171457
LGI2	LGI2	5.8408311106645504e-08	16706.0	2.5565642943772997	2.5565642943772997	0.0183717926727367	8675.0	48.85659569674439	0.125	0.7948851165302709	1.101559505154422	24	1.5992592044313283
MFSD6L	MFSD6L	1.61789848495238e-07	16705.0	2.55398907945241	2.55398907945241	0.07524289253410685	6691.0	37.68164920581277	0.2916666666666667	1.0680902165489272	1.4524883053499769	24	1.0230022902287366
CLIC3	CLIC3	3.22196023226072e-40	16704.0	2.55305394506706	-2.55305394506706	0.00398728315724786	11414.0	64.2841049904247	0.2916666666666667	1.122054770953094	1.3692278174109107	24	1.045114009456702
LINC01799	LINC01799	0.0622959732650988	16703.0	2.55263760034979	-2.55263760034979	0.043264188470114595	14022.0	78.97375239382674	0.4090909090909091	1.3182594988140013	1.1262496671416178	22	1.096007517292855
RPL23AP32	RPL23AP32	0.00028913779759393796	16702.0	2.55239429673839	-2.55239429673839	0.02351799835306055	12590.0	70.90796440238819	0.25	0.8283500875182778	0.7019028110705264	24	2.4562434884548168
S100A7A	S100A7A	0.501692566968193	16701.0	2.55077619794567	2.55077619794567	4.096181488135269e-05	16720.0	94.17032781345048	0.7272727272727273	3.4065974192370376	3.295291874839497	22	-0.25971029389712313
SHISA3	SHISA3	2.2150807383921395e-19	16700.0	2.54678088867276	-2.54678088867276	0.008448548351260299	8586.0	48.35530021403627	0.20833333333333334	0.8974656190626842	1.3109546303080808	24	1.2581024785140569
EGLN3	EGLN3	7.79625482487779e-08	16699.0	2.54423510392958	2.54423510392958	0.0052601763455273655	9278.0	52.253013405429755	0.2916666666666667	0.7767014944247626	0.9097457970012017	24	1.9428873596681016
LINC01587	LINC01587	0.000673627697109309	16698.0	2.54109589466587	2.54109589466587	9.19063692083452e-08	15657.0	88.18294468852089	0.6086956521739131	2.0911755162918193	1.8195378201402448	23	0.24727179253650924
DRP2	DRP2	2.39330059224281e-06	16697.0	2.53973346779272	2.53973346779272	0.00019913155190022226	8578.0	48.31023994592768	0.2916666666666667	1.0713307332064381	1.3813922690580918	24	1.0629875144643155
PAX3	PAX3	0.136977248023143	16696.0	2.5379679700748903	2.5379679700748903	1.548880327526682e-05	15696.0	88.4026134955503	0.625	2.3476978717359205	2.4258449608485333	24	0.0784345666808053
GDF2	GDF2	0.198266053805596	16695.0	2.5377622962372204	-2.5377622962372204	0.000257396561202012	16419.0	92.47493522586458	0.5652173913043478	2.341514997734531	1.670579799849795	23	0.11747256762013658
SERPINB2	SERPINB2	5.18049864745675e-09	16694.0	2.53597373110201	-2.53597373110201	0.000621684641768596	13600.0	76.59682325109834	0.4583333333333333	2.347981495553362	2.7829791820217427	24	0.06755071570893946
FCRL2	FCRL2	2.7794486762772305e-09	16693.0	2.5348070240985696	2.5348070240985696	0.0001053646976630015	16014.0	90.19375915286696	0.6666666666666666	2.020595979073284	1.9619212194327427	24	0.26209566415412
TSPAN1	TSPAN1	1.5566214868206e-06	16692.0	2.53441596682553	2.53441596682553	4.81080319771518e-07	16545.0	93.18463444857497	0.6956521739130435	1.994554141460727	1.4850403998351136	23	0.36353342671670386
SOGA3	SOGA3	1.7598739066309102e-29	16691.0	2.5339632653591297	-2.5339632653591297	4.0406809767714195e-10	13868.0	78.10634223273628	0.5	1.642888172062715	1.6379114641103676	24	0.5440312940116104
CALCA	CALCA	1.3461878432607599e-10	16690.0	2.53295751207692	-2.53295751207692	1.0335784171408599e-05	17586.0	99.04810183620592	0.782608695652174	3.9268001583632826	2.9748288078539504	23	-0.46854549835151166
LY6K	LY6K	0.00023342740001875298	16689.0	2.53227105617057	2.53227105617057	0.044220892813630605	8970.0	50.51819308324884	0.375	1.2074472691246203	1.6115407174304504	24	0.8220852087177409
ADAMTSL3	ADAMTSL3	2.8072543973593895e-27	16688.0	2.5319873691021297	-2.5319873691021297	0.0017814419525027725	9122.0	51.374338177312154	0.25	0.9778868945304576	1.1172726082633775	24	1.3909769765028734
SPRR1B	SPRR1B	0.103666637375244	16687.0	2.52664285877864	2.52664285877864	0.00127253791532531	16464.0	92.72839923397544	0.6086956521739131	2.9669862448256437	3.19273239779859	23	-0.13792054302785392
ARHGEF15	ARHGEF15	2.17171564921223e-42	16686.0	2.52645544157229	-2.52645544157229	1.7455167520458536e-09	15605.0	87.89005294581503	0.7083333333333334	1.7843936153637472	1.6621398456967997	24	0.4464496944283632
KCNN4	KCNN4	6.31876916207054e-13	16685.0	2.5258464555712403	2.5258464555712403	0.00220216906298544	8844.0	49.80849386053847	0.25	0.85444093501069	0.9650606045317918	24	1.7319176772027165
TBX2	TBX2	1.23152457462521e-23	16684.0	2.52512872806588	-2.52512872806588	1.8262270481032061e-06	13352.0	75.19995493973188	0.4583333333333333	1.593237309118212	1.549961789189155	24	0.601235092018092
PCAT19	PCAT19	1.38164792361074e-38	16683.0	2.52466521615611	-2.52466521615611	1.440903688429542e-05	13379.0	75.3520333445984	0.4583333333333333	1.2598324197944522	1.262156500508339	24	1.002120415219698
ASIC5	ASIC5	0.20503765804169	16682.0	2.52404608026912	2.52404608026912	7.96327523260259e-05	15769.0	88.81378844204123	0.5	1.6509086959698784	1.1922320120712548	24	0.7323552592606092
DEPDC1	DEPDC1	8.337738339992769e-09	16681.0	2.52316835027277	2.52316835027277	6.61337854242852e-07	12305.0	69.30269235101949	0.4	1.5008139637141822	1.6904935808015344	25	0.604766796022879
SULF1	SULF1	5.33298720181652e-18	16680.0	2.52222827902702	2.52222827902702	0.0007052074852490206	10897.0	61.37208516390672	0.2916666666666667	1.3155754124428134	1.9272588378095894	24	0.6260979806716663
GAL3ST3	GAL3ST3	0.00227580275638268	16679.0	2.5207331809147204	-2.5207331809147204	0.0001353391929468236	15125.0	85.1864368592993	0.5416666666666666	1.787460077046546	1.6971853662338336	24	0.4320524548802561
FAM189A1	FAM189A1	3.88131795372985e-07	16678.0	2.51716876326308	-2.51716876326308	4.131267578525635e-10	13280.0	74.79441252675453	0.4166666666666667	1.3970043218335393	1.3277291729885987	24	0.843669374913373
OVOL1	OVOL1	8.441485032717401e-10	16677.0	2.5152247156496403	2.5152247156496403	0.1515821950927005	10315.0	58.09395065900642	0.25	0.9618510621007306	1.079241354567698	24	1.4393199880402383
AATK	AATK	5.07328715726671e-16	16676.0	2.51306537289897	-2.51306537289897	2.7214449043597747e-14	15831.0	89.16300551988284	0.6666666666666666	1.8897998494365729	1.5894323632402056	24	0.39213088765338366
VPREB1	VPREB1	0.23558783692564103	16675.0	2.51005988792	2.51005988792	2.3694686852427502e-07	17736.0	99.89298186324208	0.7272727272727273	3.8075983935354425	2.4962718621160964	22	-0.5197905425715594
SULT4A1	SULT4A1	8.81420651757057e-05	16674.0	2.50938358789567	2.50938358789567	9.31940165337829e-06	15222.0	85.73279261011602	0.5416666666666666	1.5908581847723615	1.5917908954384525	24	0.5770389853061098
KCNQ5	KCNQ5	4.09045232883523e-09	16673.0	2.5083142142050896	2.5083142142050896	0.002630524239407859	10399.0	58.56708347414666	0.25	1.1256672431282742	1.795328239669769	24	0.7701360344730823
S100A8	S100A8	2.4335824815517402e-20	16672.0	2.5079463904129704	-2.5079463904129704	0.04893914462185485	13039.0	73.4369719499831	0.375	2.3725238651372567	3.2195210035631487	24	0.04206294201088834
LINC01583	LINC01583	0.063498859318256	16671.0	2.50554399005415	2.50554399005415	0.0029388488033637514	13176.0	74.20862904134279	0.5	1.309722161969894	1.375533273209417	24	0.8693514372750466
KLHDC8A	KLHDC8A	2.7794486762772305e-09	16670.0	2.50476343632666	2.50476343632666	2.7028533591793505e-05	16360.0	92.1426157485637	0.7083333333333334	2.120258452574597	1.917311569086169	24	0.20054381872599156
ZBTB16	ZBTB16	3.28505809126485e-08	16669.0	2.50345360122367	-2.50345360122367	8.414652167378885e-06	13514.0	76.11242536893094	0.4166666666666667	1.5179533812009696	1.8787812121180785	24	0.5245423009695092
ELOVL2.AS1	ELOVL2.AS1	0.103502273991563	16668.0	2.50224858858894	2.50224858858894	0.00477449158069081	16139.0	90.89782584206375	0.5909090909090909	1.699836723336938	1.3748121178321229	22	0.583652016769599
PLEKHN1	PLEKHN1	8.593967999554159e-27	16667.0	2.5011321808701	2.5011321808701	0.00021237492975174763	11609.0	65.3824490255717	0.375	1.096945216482296	1.3599741352498733	24	1.032510051472271
PRLR	PRLR	1.51940239144981e-07	16666.0	2.50092424249419	2.50092424249419	9.86790798479828e-05	12053.0	67.88329390559873	0.375	1.4363624170097404	1.7187430413293394	24	0.6193839334244391
C11orf87	C11orf87	0.00687532441641515	16665.0	2.50091067107826	-2.50091067107826	2.0306348983771301e-07	17166.0	96.68243776050467	0.7391304347826086	2.5838974869420324	2.1103275705498423	23	-0.03932413954206667
LINC00551	LINC00551	9.4888649518792e-05	16664.0	2.4998298156896697	-2.4998298156896697	0.0496934151854203	13725.0	77.30088994029514	0.43478260869565216	1.2819983542620574	1.266667873116465	23	0.9614449748625129
ADH1B	ADH1B	8.00766124782353e-25	16663.0	2.49972014201702	-2.49972014201702	2.058170653864271e-06	16653.0	93.792948068041	0.5416666666666666	2.1006515866426234	2.209101932991639	24	0.1806474157731439
OTOR	OTOR	0.21807353607331798	16662.0	2.49945889548786	2.49945889548786	0.000341078105505042	16943.0	95.42638278697757	0.7391304347826086	2.3230379000114123	1.7144953844504822	23	0.10289966195096695
PRG4	PRG4	4.64103587637767e-19	16661.0	2.49919581676448	-2.49919581676448	4.716653823193875e-09	13308.0	74.95212346513462	0.375	1.32198093244786	1.3132922754368732	24	0.8963845339949278
SGK2	SGK2	9.976644067631231e-08	16660.0	2.4991463809944303	2.4991463809944303	0.00039064785717678446	11833.0	66.64413653261236	0.2916666666666667	1.1969322739439467	1.2201757549489944	24	1.0672348649518268
DMRT3	DMRT3	0.00203016702829002	16659.0	2.49871061993696	2.49871061993696	0.00252765898305742	13974.0	78.70339078517517	0.4166666666666667	1.6081459013698425	1.584108361258903	24	0.5621867419848595
IL1B	IL1B	1.0666908168957499e-10	16658.0	2.49596699021363	-2.49596699021363	0.005641244831838029	16029.0	90.27824715557057	0.625	2.4096057485365177	2.6707550808047644	24	0.03233588968820363
HEMGN	HEMGN	0.000689921577808975	16657.0	2.49567255755054	-2.49567255755054	3.0955463831305474e-05	16486.0	92.85231497127407	0.7083333333333334	2.7018865841168025	2.5943786627680505	24	-0.07948493777166835
PPP1R3A	PPP1R3A	0.11479155710683803	16656.0	2.49486111357831	-2.49486111357831	9.136537649506409e-07	17674.0	99.54376478540047	0.6956521739130435	3.4379931043171	2.2884648605314104	23	-0.41212430525141763
MARCO	MARCO	5.42674179672126e-16	16655.0	2.49462886926777	-2.49462886926777	0.0004368297912106711	14048.0	79.12019826517967	0.4583333333333333	1.7729178791221039	2.337168042976202	24	0.30879721820371253
TMEM74	TMEM74	0.000238942313195317	16654.0	2.49444686086373	2.49444686086373	0.03482710895030885	8958.0	50.45060268108595	0.20833333333333334	0.8015921153232292	0.8813824131208402	24	1.9206813300782364
ATOH8	ATOH8	1.42271538742924e-14	16653.0	2.4944311027975097	-2.4944311027975097	4.57718479051955e-08	13824.0	77.858510758139	0.4166666666666667	1.2830153821297672	1.1605689010261604	24	1.0438119784156064
ANO2	ANO2	3.2462252927100697e-31	16652.0	2.49378113251592	-2.49378113251592	8.841497211280728e-11	13970.0	78.68086065112087	0.5	1.2896936264393533	1.0474355851177537	24	1.1495575701117715
FAM110D	FAM110D	1.1408408587944298e-20	16651.0	2.4936072985571203	-2.4936072985571203	1.3263998765748921e-08	14601.0	82.23498929818632	0.6666666666666666	1.3739724023534283	0.9498373008520457	24	1.1787649265819846
RAB26	RAB26	1.02222762990905e-14	16650.0	2.4933386236641897	2.4933386236641897	0.000645750390110066	9957.0	56.07750366114678	0.36	1.0063596373638681	1.1494534442604116	25	1.2936400284198397
HAPLN2	HAPLN2	7.021939799371049e-06	16649.0	2.49321171703521	-2.49321171703521	3.37116041372457e-06	17203.0	96.89084150050692	0.7083333333333334	2.4571048261220363	1.7063183881438053	24	0.02116069964671249
HOXD10	HOXD10	0.00307026335188691	16648.0	2.49256675156516	2.49256675156516	0.00024570389760960096	12354.0	69.57868649318463	0.391304347826087	1.7034288774005042	2.1901823058122107	23	0.3603069352128706
SLC19A3	SLC19A3	4.52922074503957e-21	16647.0	2.48925724144549	-2.48925724144549	0.0005693617928520544	12970.0	73.04832713754647	0.375	1.0605027023004518	0.8689698691109599	24	1.644193417899279
ABCC3	ABCC3	3.030602926022319e-69	16646.0	2.4890088025074304	2.4890088025074304	3.8798610691939526e-05	12024.0	67.71995043370508	0.4166666666666667	1.0543690267506263	1.1071017795169324	24	1.2958517475988414
PERM1	PERM1	1.7416859097906498e-18	16645.0	2.48873954450891	2.48873954450891	0.0006723401619838894	14926.0	84.065562690098	0.5416666666666666	1.584390250147046	1.450922180423557	24	0.6232927627433914
SYNPR	SYNPR	0.0247023424665756	16644.0	2.48793858304934	2.48793858304934	0.000108335463505532	15902.0	89.56291539934662	0.6521739130434783	2.565104927460561	2.6796824397387575	23	-0.028796824305324736
CSTL1	CSTL1	0.0325852534519359	16643.0	2.4878430315021096	2.4878430315021096	0.000541583227902422	15939.0	89.77131913934888	0.6818181818181818	2.1995918003839345	1.938957745652296	22	0.1486629771920083
DLL3	DLL3	0.00192483899335053	16642.0	2.48610787736494	2.48610787736494	1.3299192863730912e-05	15875.0	89.4108369944801	0.5416666666666666	1.7968653002019994	1.6665110777716892	24	0.4135841557588291
ANGPTL1	ANGPTL1	2.10780510822765e-26	16641.0	2.4856037981038597	-2.4856037981038597	0.000307903716479123	10681.0	60.15545792497465	0.20833333333333334	1.1161523971526048	1.7524587029074656	24	0.7814457474399985
MEFV	MEFV	7.52764032356423e-27	16640.0	2.4851713706566496	-2.4851713706566496	1.4180921001435108e-05	15826.0	89.13484285231496	0.6666666666666666	1.8032803777159259	1.6763661250760944	24	0.4067673420147231
MOGAT1	MOGAT1	0.000678709290186802	16639.0	2.48450623813942	-2.48450623813942	0.010370768775644714	13726.0	77.30652247380871	0.4583333333333333	1.3649304104398965	1.2001290400610982	24	0.9328795407221594
CYP19A1	CYP19A1	5.70592913677683e-08	16638.0	2.4834973484236698	2.4834973484236698	6.013777151576015e-05	16925.0	95.32499718373323	0.625	3.109740122899272	3.1282126710997367	24	-0.2001918796190554
AGAP11	AGAP11	2.2468818599898892e-94	16637.0	2.48281716147246	-2.48281716147246	0.0034869819914527646	4349.0	24.490255717021515	0.08333333333333333	0.45225187816737605	0.5278144584444536	24	3.847119476964418
EDN1	EDN1	5.5310482152173e-10	16636.0	2.4814996110687404	-2.4814996110687404	0.02024239290419065	4867.0	27.407908077053058	0.125	0.7691528204487968	1.1534669271400178	24	1.4845217928056675
TNS4	TNS4	3.11540036955195e-06	16635.0	2.4773195667331804	2.4773195667331804	0.02112618252055435	14060.0	79.18778866734256	0.4166666666666667	1.8355346525188134	2.122207310966818	24	0.302413864516369
METTL7B	METTL7B	9.759706848716479e-17	16634.0	2.4772723091597	2.4772723091597	3.3513109119495024e-10	15572.0	87.70417933986707	0.5833333333333334	2.435107377324957	2.6737866492270603	24	0.015769744323815924
LINC00867	LINC00867	0.0262696390110218	16633.0	2.47669486670356	2.47669486670356	0.0002058123353617711	14588.0	82.16176636250985	0.5	1.4200623046248537	1.0434772188413612	24	1.0126072165254862
CHIAP2	CHIAP2	0.00600523990357599	16632.0	2.47561861421798	-2.47561861421798	0.00355053533255118	15127.0	85.19770192632646	0.5454545454545454	1.4869896131251588	1.2327170544997326	22	0.8019918256862533
NOTCH4	NOTCH4	1.44234130745191e-31	16631.0	2.47465616575706	-2.47465616575706	8.83183923355305e-13	14993.0	84.44294243550749	0.7083333333333334	1.639735289392698	1.650672722562325	24	0.505806429676939
SERPINB5	SERPINB5	0.0190550054786143	16630.0	2.47450613464692	2.47450613464692	1.0407008689966e-05	14213.0	80.04956629491944	0.5652173913043478	2.132953098710199	2.202571155720575	23	0.1550701483807372
DEPTOR	DEPTOR	1.27829863581369e-25	16629.0	2.47367713585079	2.47367713585079	3.593902183533125e-05	10446.0	58.83181254928466	0.25	0.7673976748234824	0.7370050334879173	24	2.315153063408869
PAX9	PAX9	1.34105247475664e-06	16628.0	2.47318769696031	2.47318769696031	6.131010369609913e-06	12633.0	71.15016334347189	0.375	1.1946418125428184	1.009768766487091	24	1.2661768979698749
CSMD2	CSMD2	3.01439700493222e-08	16627.0	2.4716974609719102	2.4716974609719102	0.00022880367349494048	10212.0	57.513799707108255	0.2916666666666667	1.1273261950405564	1.5760436979252963	24	0.8530038016719231
LINC01648	LINC01648	0.101068827354373	16626.0	2.46887434618581	2.46887434618581	0.01959666896960105	15341.0	86.40306409823138	0.5909090909090909	1.4528384186461418	1.1342783046673204	22	0.8957554097251887
SPX	SPX	2.27443663419795e-09	16625.0	2.46841023171118	-2.46841023171118	0.003996249937501138	12569.0	70.78968119860313	0.3333333333333333	1.3077283780636162	1.3611497667659724	24	0.8527216343028065
SPTBN2	SPTBN2	3.26700671052032e-31	16624.0	2.46836057611272	2.46836057611272	5.32166132011315e-06	10804.0	60.8482595471443	0.36	1.2114614640035875	1.6508901343589168	25	0.7613463100603111
NXPH3	NXPH3	4.42458246850055e-22	16623.0	2.46769134559904	-2.46769134559904	4.990112978704654e-13	16042.0	90.35147009124704	0.7916666666666666	1.5472518591313096	0.8738075229436965	24	1.053366401981685
SCARA5	SCARA5	5.520298845562049e-14	16622.0	2.46738095904436	-2.46738095904436	6.3045317339236e-08	16145.0	90.9316210431452	0.6666666666666666	1.7038968603713576	1.299309485087717	24	0.5876075772828359
CABP5	CABP5	0.0454036412070157	16621.0	2.46547123970775	-2.46547123970775	0.0012883836490703172	16362.0	92.15388081559085	0.625	2.1118503968568807	1.7796641042658037	24	0.1987008908047594
OR5P2	OR5P2	0.00452779476581361	16620.0	2.4633214211042995	-2.4633214211042995	0.0102595712376313	16019.0	90.22192182043483	0.5238095238095238	1.4324378866000786	1.010989512071404	21	1.0196777733055373
FAM133A	FAM133A	0.005401643486320121	16619.0	2.46137802756156	2.46137802756156	1.5224236770735998e-05	14212.0	80.04393376140588	0.4782608695652174	1.4026885594222505	1.4454561964104706	23	0.7324258395158384
C1QTNF2	C1QTNF2	4.9289475457847097e-32	16618.0	2.4586596449003397	-2.4586596449003397	8.723177255349669e-07	12498.0	70.38977131913934	0.375	1.092402405659057	1.063632567809228	24	1.2845199372329985
VIP	VIP	4.02651446180274e-10	16617.0	2.45775088977408	-2.45775088977408	2.6646661993734856e-05	16842.0	94.85749690210656	0.6818181818181818	2.539213230388303	2.290948405561968	22	-0.03555834798219303
C17orf77	C17orf77	0.105722531865759	16616.0	2.4565392802078	2.4565392802078	0.0020816776352336353	16769.0	94.44632195561563	0.7083333333333334	2.4663122744661092	2.182104327335597	24	-0.00447870165320758
LINC00656	LINC00656	3.55128575471008e-05	16615.0	2.4548298216670803	-2.4548298216670803	0.000642345265273553	14579.0	82.11107356088768	0.5217391304347826	1.4469166372430817	1.2130590043742693	23	0.830885538782105
DERL3	DERL3	5.30298185423886e-14	16614.0	2.45289202071314	2.45289202071314	0.012720318754261349	6833.0	38.48146896474034	0.125	0.8797292145324133	1.7794815767977952	24	0.8840568099680232
KBTBD12	KBTBD12	4.6123978497503607e-07	16613.0	2.45211414557806	2.45211414557806	0.001676556369333808	11435.0	64.40238819420975	0.4166666666666667	1.368466610779793	1.5536956821917083	24	0.6974644695347474
LINC00906	LINC00906	0.00936229780336471	16612.0	2.45179456726871	-2.45179456726871	0.000188649035956267	15621.0	87.98017348203221	0.5416666666666666	1.9510773041397556	2.066486660150932	24	0.24230365130563333
SIX2	SIX2	8.955000547454109e-07	16611.0	2.44730680471752	2.44730680471752	1.680783156140745e-05	11547.0	65.03323194773009	0.375	1.216753091769307	1.33995353259605	24	0.9183555123468469
DGCR5	DGCR5	6.46389929637022e-18	16610.0	2.4469175323554597	2.4469175323554597	0.0015073485502882665	12578.0	70.8403740002253	0.25	1.1973079010915704	1.4632854171659653	24	0.8539753192402375
LCN6	LCN6	4.83201849161306e-07	16609.0	2.44686516329129	-2.44686516329129	9.16357586591952e-07	17225.0	97.01475723780555	0.8260869565217391	2.597181662508124	1.653126162838237	23	-0.09092863121756949
WFDC1	WFDC1	1.57315110065474e-19	16608.0	2.44630898356667	-2.44630898356667	6.047288631513526e-08	16323.0	91.93421200856145	0.6666666666666666	2.0249765503134287	1.8171763048622787	24	0.23186106495328396
NKAIN4	NKAIN4	6.38241523275961e-09	16607.0	2.44596509736125	2.44596509736125	1.161815047999254e-07	16786.0	94.54207502534639	0.6666666666666666	2.2338642181456208	1.999993209822103	24	0.10605079965971248
TNFRSF17	TNFRSF17	4.2208803384154995e-06	16606.0	2.44563602604959	2.44563602604959	0.02760188298267078	15522.0	87.42255266418834	0.4583333333333333	2.0529603521189626	2.1820642880047134	24	0.17995605174845297
MGAT3	MGAT3	3.39965954595349e-08	16605.0	2.44493570544021	-2.44493570544021	1.4743950690798031e-08	12543.0	70.6432353272502	0.375	1.1172466696198864	1.1162457060546864	24	1.1894236444706898
GOLM1	GOLM1	6.31108199488409e-30	16604.0	2.44138672944667	2.44138672944667	6.89158807577234e-08	11227.0	63.23082122338627	0.28	0.8286332290245204	0.5925184102931302	25	2.721862261839745
LINC00051	LINC00051	0.0921356498842906	16603.0	2.4402681218849103	2.4402681218849103	4.47200975010696e-09	17745.0	99.94367466486425	0.8888888888888888	6.111737836898205	3.9091813689534245	18	-0.939191449179609
MUC20	MUC20	8.240849031178651e-24	16602.0	2.44020796948825	2.44020796948825	2.44262231111267e-12	16579.0	93.37614058803649	0.8333333333333334	1.8678254629856461	1.0292046735800722	24	0.5561406017634768
TRPC3	TRPC3	1.81371729840027e-16	16601.0	2.44009344638342	-2.44009344638342	7.069502135627036e-07	14181.0	79.86932522248507	0.4583333333333333	1.2696586062847472	1.0822442266828232	24	1.081488642989727
MUC4	MUC4	0.00044873678825278095	16600.0	2.4397085271520202	2.4397085271520202	4.9965302324142e-06	16294.0	91.77086853666779	0.75	2.022534723729419	1.313929998960447	24	0.31750078295849876
NOS1	NOS1	1.40956645899559e-06	16599.0	2.43917737134958	-2.43917737134958	4.861931607934276e-06	13786.0	77.64447448462317	0.4583333333333333	1.4204565449816993	1.4529120938227007	24	0.7011579232488621
CFD	CFD	2.6132731007104303e-16	16598.0	2.4391447549376095	-2.4391447549376095	2.4972716433946597e-11	16915.0	95.26867184859749	0.7916666666666666	2.600387751047916	2.3061313344107996	24	-0.06991925988963799
LDB2	LDB2	2.2026725499714902e-36	16597.0	2.43913598167708	-2.43913598167708	1.8979968320489702e-06	13241.0	74.57474371972512	0.375	1.6133071609439338	2.2489763054069996	24	0.3672020993496839
TMEM63C	TMEM63C	1.15436383620749e-23	16596.0	2.43903219897454	2.43903219897454	0.000910697283950306	6336.0	35.68209980849386	0.16	0.5961565411370521	0.6370728011240344	25	2.892723805797339
LHX9	LHX9	0.00140717506397171	16595.0	2.43795554895742	2.43795554895742	0.001384696721207075	12333.0	69.46040328939957	0.20833333333333334	0.9174494861858156	0.8756698989451988	24	1.7363918351003647
PDK4	PDK4	9.890809512131508e-21	16594.0	2.4375249295067003	-2.4375249295067003	2.2409372554072243e-05	11845.0	66.71172693477526	0.4166666666666667	1.323230813663318	1.702189135073927	24	0.6546241500918686
SPTB	SPTB	8.72639284048494e-06	16593.0	2.43747640244631	2.43747640244631	0.00010912155956638455	10314.0	58.08831812549284	0.25	0.8111150284094895	0.8127284304735489	24	2.001112933983613
OTX1	OTX1	8.44884360267067e-09	16592.0	2.43688947482626	2.43688947482626	0.000677592229291457	9364.0	52.737411287597155	0.3333333333333333	1.2239997964618003	1.5774706040373405	24	0.7688825866296455
LGR4	LGR4	6.54845543323836e-23	16591.0	2.4342311862740402	2.4342311862740402	4.97175506829015e-05	8173.0	46.02906387293004	0.2	0.7506708790801979	0.837873223758717	25	2.0093258257393107
STK31	STK31	1.1676574137299302e-15	16590.0	2.4328881342431403	2.4328881342431403	0.0014901684244254003	14613.0	82.30257970034921	0.5	1.523531780393905	1.3830963646799526	24	0.6574786667591739
IL13RA2	IL13RA2	9.262154329569051e-12	16589.0	2.4319435537358	2.4319435537358	0.004770738832243755	15092.0	85.00056325335134	0.5416666666666666	1.8344681709735136	1.9270006497264665	24	0.3100545829328582
TGFBR3	TGFBR3	2.33928959968018e-31	16588.0	2.43078685205145	-2.43078685205145	1.4259194289597098e-07	11287.0	63.56877323420074	0.36	0.9536391324158491	1.3581253291221935	25	1.0876372658408013
RTN4RL2	RTN4RL2	3.7952087818327703e-07	16587.0	2.4284794550421	2.4284794550421	4.6381479490577196e-10	13727.0	77.31215500732229	0.48	1.2433111980514162	0.9065371926168553	25	1.3073575652969274
IYD	IYD	4.69265088033844e-08	16586.0	2.4275897089264302	2.4275897089264302	0.0177429582351981	15313.0	86.24535315985129	0.5217391304347826	2.2302877380421093	2.620378967426707	23	0.07529520475356186
GPT2	GPT2	1.3322281281248397e-63	16585.0	2.42542157760692	2.42542157760692	0.000106289656180615	6501.0	36.61146783823364	0.28	1.0500471366276205	1.4325660102067483	25	0.9600775330281676
PRKG2	PRKG2	7.90204683210143e-14	16584.0	2.42475523638959	-2.42475523638959	0.025582909526653652	3730.0	21.00371747211896	0.20833333333333334	0.7062198739922523	1.1489871640907476	24	1.4956958755560186
SFTPA2	SFTPA2	6.805943501535279e-17	16583.0	2.42449803616671	-2.42449803616671	0.0010076611429431599	17328.0	97.59490818970372	0.5217391304347826	2.6212817305864182	2.4985257514360257	23	-0.07875992244891095
PEAR1	PEAR1	6.20673857875729e-30	16582.0	2.4238656069667797	-2.4238656069667797	6.02141286699606e-16	14875.0	83.7783034809057	0.7083333333333334	1.6335972967585848	1.6640090108181609	24	0.4749182877439079
MFAP4	MFAP4	1.91189646971335e-28	16581.0	2.42382921837429	-2.42382921837429	1.7312381184990198e-08	14634.0	82.42086290413427	0.5416666666666666	1.7888352097430946	2.3857445098233683	24	0.26616178137121993
PCAT6	PCAT6	2.64094150791302e-21	16580.0	2.42147439140887	2.42147439140887	0.007420265781506565	13832.0	77.9035710262476	0.375	1.0954965485010928	1.0313340388024284	24	1.2856919223256564
ADCYAP1R1	ADCYAP1R1	1.0702943873452399e-12	16579.0	2.4203890940065	-2.4203890940065	0.000205440793930013	15647.0	88.12661935338515	0.5652173913043478	1.831131146060372	1.7910072858174304	23	0.32900924111941054
MAST1	MAST1	5.65258018108653e-09	16578.0	2.41923990787326	2.41923990787326	9.322412000290014e-09	15088.0	84.97803311929705	0.625	1.7801299319229402	1.7015779122580434	24	0.3755984203522024
KRT4	KRT4	1.9320949951784303e-06	16577.0	2.41650191454859	-2.41650191454859	0.0148111262091995	15673.0	88.27306522473808	0.5217391304347826	2.6718722388425182	2.8808680213232374	23	-0.08864353465822146
IL1A	IL1A	2.38663806297674e-11	16576.0	2.41490231884309	-2.41490231884309	0.0017893813795585897	13531.0	76.2081784386617	0.4166666666666667	1.607025965420527	1.9663708705518523	24	0.4108463797553288
LMX1B	LMX1B	0.00022195549085067003	16575.0	2.41458669425769	2.41458669425769	1.7511950162907452e-05	13664.0	76.9573053959671	0.4583333333333333	1.6468206225379038	1.8992251878788913	24	0.4042522585630033
NTS	NTS	0.00108368695390689	16574.0	2.41281352038866	-2.41281352038866	0.00223422250561427	15997.0	90.09800608313618	0.5416666666666666	2.349206214051342	2.6776376042274714	24	0.02375500935484858
SLC8A2	SLC8A2	2.27478497498797e-05	16573.0	2.41280687980677	2.41280687980677	5.9948958361342044e-06	16625.0	93.63523712966092	0.5416666666666666	1.8644432700818088	1.3480581593217793	24	0.4067803795652615
ADAMTS1	ADAMTS1	2.3608035645696298e-27	16572.0	2.41208598871258	-2.41208598871258	4.288013509687804e-06	12382.0	69.73639743156471	0.4166666666666667	1.0543540158549172	1.0001733190682878	24	1.3574966927956638
NPAP1	NPAP1	0.00198254928303298	16571.0	2.41145232705311	-2.41145232705311	0.00364351299386043	13914.0	78.3654387743607	0.5	1.5139932744729856	1.5339508771930566	24	0.5850637500350503
PPP2R2C	PPP2R2C	3.65778091758759e-05	16570.0	2.41052070543967	2.41052070543967	0.00020296714419797336	12492.0	70.3559761180579	0.2916666666666667	1.2826878708012663	1.4458833717240187	24	0.7800302961459586
TSPAN7	TSPAN7	2.8246919859697697e-38	16569.0	2.40979324503821	-2.40979324503821	1.7517522512821915e-05	11824.0	66.59344373099019	0.3333333333333333	1.1664526022451163	1.7152363644609154	24	0.724880062336986
SPOCK1	SPOCK1	7.57248066882683e-05	16568.0	2.40574528513537	2.40574528513537	0.023493391674107997	8396.0	47.28511884645713	0.28	1.0736155754823027	1.5421469415372488	25	0.8638150320002377
SPINK2	SPINK2	5.38707192351083e-05	16567.0	2.40303714079612	2.40303714079612	4.161344684362549e-05	17119.0	96.41770868536668	0.6666666666666666	3.171759142705508	2.913377110155062	24	-0.2638594225340342
NECTIN4	NECTIN4	2.0844720581900797e-55	16566.0	2.40236134033302	2.40236134033302	4.597764399345115e-06	14287.0	80.46637377492395	0.5416666666666666	1.3326303517505786	1.0498985072273987	24	1.018889903374962
FMO2	FMO2	5.36702546092365e-25	16565.0	2.4017928619941	-2.4017928619941	0.0001616990629152405	14474.0	81.51965754196237	0.5416666666666666	1.7690271456649256	2.0516132450333013	24	0.30842348959338267
RAMP2.AS1	RAMP2.AS1	1.63930454593497e-24	16564.0	2.4005319354568297	-2.4005319354568297	3.2058944255142594e-08	13889.0	78.22462543652134	0.5	1.13530522000506	0.7620730804116813	24	1.6602432863371563
KLF2	KLF2	3.3968963468916998e-40	16563.0	2.39948326825847	-2.39948326825847	3.3585630331523254e-13	16146.0	90.93725357665878	0.7083333333333334	2.0089966937147445	2.134811185119147	24	0.18291386951016558
FGFBP2	FGFBP2	3.08628790644113e-12	16562.0	2.3988398470593397	-2.3988398470593397	0.0001588806224679138	12793.0	72.0513687056438	0.4583333333333333	1.436042927822218	1.8286183395613695	24	0.5265160577291748
ZSCAN4	ZSCAN4	0.0016135140138888	16561.0	2.39860912780827	2.39860912780827	2.7708595751342602e-06	17367.0	97.81457699673312	0.6521739130434783	3.0144568508420595	2.6561448877531006	23	-0.23185772955132364
GRIN2D	GRIN2D	2.3019744085220103e-09	16560.0	2.39751927205806	2.39751927205806	6.051810864831e-06	11236.0	63.28151402500844	0.48	1.1643539657369006	1.142084014349452	25	1.079750080403313
SLC13A5	SLC13A5	3.5356140709959103e-07	16559.0	2.39559797414704	2.39559797414704	0.00014166033204344945	16730.0	94.22665314858622	0.6666666666666666	2.3064313026702536	2.1564526508598836	24	0.04134877315355434
LBP	LBP	0.00161786111687125	16558.0	2.39525940350868	2.39525940350868	0.00237515662531574	15799.0	88.98276444744846	0.5833333333333334	2.5899842887969355	2.4916841486404975	24	-0.07814990732051671
AVPR1B	AVPR1B	0.00273324893699765	16557.0	2.39492127990951	2.39492127990951	0.0010811399510929586	15413.0	86.80860651120874	0.625	1.4990462368844157	1.2329979721821205	24	0.7265827383637972
NOTUM	NOTUM	1.32929076791059e-10	16556.0	2.39475086552415	-2.39475086552415	0.0001466307840536405	16326.0	91.95110960910216	0.6666666666666666	1.874289168009847	1.6021921874520983	24	0.3248434873109524
AKR1C6P	AKR1C6P	0.0203464546687449	16555.0	2.3946467687375	2.3946467687375	0.0648044908151357	16400.0	92.36791708910667	0.5	1.938460398657522	1.8296515196534322	24	0.2493296483946778
ASCL1	ASCL1	0.00151747601484017	16554.0	2.39462626623727	2.39462626623727	3.54768961529776e-06	17254.0	97.17810070969922	0.7391304347826086	3.1205956729514686	2.8044849805682475	23	-0.25886015141614405
COL6A6	COL6A6	6.747107685788101e-11	16553.0	2.39351804778554	-2.39351804778554	8.838041940328859e-05	14435.0	81.29998873493297	0.5416666666666666	1.473288510257958	1.4709672143482162	24	0.62559486612034
TRHDE.AS1	TRHDE.AS1	4.3988345830915394e-11	16552.0	2.38904781202226	-2.38904781202226	2.1143731983840678e-05	12565.0	70.76715106454883	0.375	1.4548781234907333	1.6408979076353647	24	0.5693039671661979
PTH1R	PTH1R	8.35716042365023e-39	16551.0	2.3888420739044602	-2.3888420739044602	1.1726094786953452e-08	16132.0	90.85839810746873	0.75	1.9413592074279755	1.306644395444129	24	0.34246721452043205
EMCN	EMCN	1.5965181822439798e-28	16550.0	2.38867906755316	-2.38867906755316	4.372245195447733e-06	13751.0	77.44733581164807	0.4166666666666667	1.5850245264965415	1.7992127642949607	24	0.4466700976143523
LHX1	LHX1	0.0299914682656749	16549.0	2.38816056777301	2.38816056777301	0.008876594208991676	10716.0	60.352596597949756	0.4166666666666667	1.6336177148847482	2.104325019268243	24	0.3585676385440906
TMEM132C	TMEM132C	6.57754435426747e-21	16548.0	2.38763397193858	-2.38763397193858	7.447705806846885e-06	16060.0	90.45285569449138	0.6666666666666666	1.9159084906235309	1.8172638621019075	24	0.25958007043040837
PODXL2	PODXL2	3.22248028078374e-20	16547.0	2.38480041404032	2.38480041404032	1.2634609863581302e-06	9415.0	53.024670496789454	0.32	0.989220644145948	1.1363760905171054	25	1.2280967379904275
DGKI	DGKI	5.77880456636228e-10	16546.0	2.3847442210035	2.3847442210035	0.0010111243095478825	12328.0	69.4322406218317	0.375	1.176693637899966	1.3251719161219522	24	0.9116180085062715
CELF3	CELF3	0.000288033928682656	16545.0	2.38393936593828	2.38393936593828	0.00011177209722371688	17047.0	96.01216627238931	0.5833333333333334	2.2210767473637003	1.988496097436024	24	0.08190240794768239
LINC01788	LINC01788	0.535463399807687	16544.0	2.38181320039939	2.38181320039939	0.00512723702120994	14624.0	82.36453756899853	0.5217391304347826	1.7444328329612873	1.5491530231656936	23	0.41143796507307995
BRS3	BRS3	0.0413705231612358	16543.0	2.38050760969473	2.38050760969473	0.00114191576066687	16420.0	92.48056775937816	0.6363636363636364	2.158893130670654	1.8769888891689632	22	0.11806914803965407
MIR9.3HG	MIR9.3HG	6.82027226365771e-10	16542.0	2.38013906674154	2.38013906674154	0.0044590359400076	16388.0	92.30032668694378	0.6521739130434783	2.9823239011000386	2.753980336932629	23	-0.21865981622410907
ADGRA1	ADGRA1	8.68329538297007e-07	16541.0	2.37912264701406	-2.37912264701406	0.000284563259790393	15892.0	89.50659006421088	0.6086956521739131	1.8806175987698455	1.540981419370182	23	0.3234984159951516
ADM2	ADM2	7.082759681220631e-13	16540.0	2.37889840612833	2.37889840612833	0.007879516472039615	8011.0	45.116593443730984	0.2916666666666667	0.7729199237824024	0.8757866703948447	24	1.8337553386395786
HSD3B1	HSD3B1	0.07167429189730701	16539.0	2.37884275495759	-2.37884275495759	4.487334073301856e-05	17140.0	96.53599188915173	0.6818181818181818	3.160224475042901	2.6198635249955444	22	-0.2982528336420272
C2orf72	C2orf72	0.000131944928754494	16538.0	2.37744253291542	2.37744253291542	7.499919614727361e-06	14370.0	80.93387405655064	0.5652173913043478	1.7960250630703274	1.7785708020275202	23	0.32690150382672045
TMEM171	TMEM171	2.0231345732334398e-07	16537.0	2.3774113009896802	2.3774113009896802	9.01118732890611e-11	14005.0	78.87799932409597	0.5217391304347826	1.8383226166185023	1.984980665870028	23	0.27158384645267686
ARHGAP6	ARHGAP6	6.23081303461773e-38	16536.0	2.3765893530885096	-2.3765893530885096	4.48664943578298e-05	9576.0	53.93150839247493	0.25	0.8259692746930122	0.99490593834596	24	1.5585594764600734
OCIAD2	OCIAD2	1.27622586294297e-48	16535.0	2.37545194500581	2.37545194500581	5.671251163147521e-16	14848.0	83.62622507603919	0.64	1.3749544525665542	1.2215183184748617	25	0.8190605718368894
DLGAP5	DLGAP5	2.8958124409306805e-07	16534.0	2.37397787049173	2.37397787049173	0.000564608738910079	5873.0	33.074236791708906	0.24	1.1689358084093286	1.7350299339534925	25	0.6945367561103429
DMRT1	DMRT1	0.10441386836050401	16533.0	2.37323475960827	2.37323475960827	2.4963151817600605e-06	17229.0	97.03728737185986	0.5833333333333334	2.4857710314122525	2.054359717778388	24	-0.05477924378583544
OR1Q1	OR1Q1	0.131362086642387	16532.0	2.3687463670106603	2.3687463670106603	0.099792440126334	11346.0	63.901092711501626	0.30434782608695654	1.1447780033600934	1.2738352205770147	23	0.9608529768050695
SFRP2	SFRP2	1.65763581026818e-05	16531.0	2.3686475706710097	2.3686475706710097	0.00032819232149710047	13414.0	75.5491720175735	0.4583333333333333	1.6217589418116638	2.300382961555353	24	0.32468012558846016
DCC	DCC	3.45017736928819e-10	16530.0	2.36600932077439	-2.36600932077439	1.81679174793138e-05	13608.0	76.64188351920693	0.391304347826087	1.3983163121644775	1.5421000944640697	23	0.6275163409196325
GYPE	GYPE	3.4438932391717705e-08	16529.0	2.36470726520515	-2.36470726520515	2.5293637549041348e-05	15272.0	86.01441928579474	0.6666666666666666	2.043110762642852	2.0816572393099846	24	0.15449061281044468
GATA3.AS1	GATA3.AS1	0.0444898355941434	16528.0	2.36396995588012	2.36396995588012	0.0001493298073684366	14526.0	81.81254928466824	0.5416666666666666	1.6924471844470172	1.8657818287663002	24	0.35991494883253833
ATF3	ATF3	1.49898490701623e-12	16527.0	2.3633446033464	-2.3633446033464	0.0305782549981929	5682.0	31.9984228906162	0.16	0.6104818622698001	0.7115702097461664	25	2.4633728577562106
ADGRE1	ADGRE1	4.22680873507487e-14	16526.0	2.36269226214843	-2.36269226214843	0.00032119682470498046	14325.0	80.68041004843978	0.5416666666666666	1.4748121041328783	1.7578612970946752	24	0.5050911351669245
SERPINB4	SERPINB4	0.0162523888339478	16525.0	2.36054113476584	2.36054113476584	0.00401274433312503	14383.0	81.0070969922271	0.5217391304347826	2.758970586961749	3.4467044670590608	23	-0.11559721931595536
TBX4	TBX4	1.54589592510795e-17	16524.0	2.36052713999881	-2.36052713999881	3.913441935958865e-05	16162.0	91.02737411287596	0.7083333333333334	1.6462188697472333	1.1101527144951844	24	0.6434324403524894
BCL6B	BCL6B	9.894109571762229e-21	16523.0	2.3599472906230496	-2.3599472906230496	1.095915335237767e-09	15711.0	88.4871014982539	0.7916666666666666	1.8228894991614	1.3571246924067868	24	0.3957320904015142
LTF	LTF	0.000357551641680632	16522.0	2.35799894190787	2.35799894190787	0.00014353875485514304	15976.0	89.97972287935113	0.5416666666666666	3.007708962028753	3.286981997967453	24	-0.19766156934313586
ASPA	ASPA	2.09157761755215e-28	16521.0	2.35771248512255	-2.35771248512255	7.918929225455955e-06	14939.0	84.13878562577447	0.4583333333333333	1.5901409784879643	1.5609299652983148	24	0.4917398753940202
DLX3	DLX3	5.9244847755053e-08	16520.0	2.3572057447487302	2.3572057447487302	0.00038895345498575696	10772.0	60.66801847470992	0.2916666666666667	1.1909203149582066	1.4675764091592012	24	0.7947016744829715
LRRC32	LRRC32	2.71043124309399e-14	16519.0	2.35690517530066	-2.35690517530066	4.703493499453856e-08	14540.0	81.89140475385828	0.625	1.3779909610907302	1.1254487693646833	24	0.8697990000580192
KLK8	KLK8	0.0131887680903184	16518.0	2.35489886567039	2.35489886567039	0.0112914492557322	14929.0	84.08246029063872	0.6086956521739131	2.0659606305566673	2.2483203489324723	23	0.1285129297748489
ANKRD22	ANKRD22	7.103537409340359e-09	16517.0	2.35333807066082	2.35333807066082	4.79233396958158e-12	15905.0	89.57981299988734	0.75	2.314568970865667	2.096332788859404	24	0.01849377160018891
ARHGEF26	ARHGEF26	3.956814774195829e-19	16516.0	2.35250223260579	-2.35250223260579	0.00770752558989762	3725.0	20.975554804551088	0.16	0.7787013867598904	1.266764320404952	25	1.2423785707374486
SLC45A2	SLC45A2	3.14422006569835e-05	16515.0	2.35199238089789	2.35199238089789	1.0682609419235695e-06	16399.0	92.3622845555931	0.5833333333333334	2.5667633483800025	2.601440831370323	24	-0.08255846717412388
CLEC4E	CLEC4E	6.04417932800582e-11	16514.0	2.35056197879473	-2.35056197879473	0.00296398389820194	14078.0	79.2891742705869	0.5	1.9303026905318805	2.1755727950036468	24	0.19317178870226914
NES	NES	2.75627552177899e-32	16513.0	2.34925240538585	-2.34925240538585	7.18132284410286e-07	13711.0	77.2220344711051	0.36	1.338186984343001	1.1154391206863534	25	0.9064281521888161
RAB3B	RAB3B	2.1582935863014803e-09	16512.0	2.34876274115833	2.34876274115833	0.0018578701353914706	11624.0	65.46693702827531	0.4166666666666667	1.5445698453280128	1.8555504679104022	24	0.43339855732188515
TCEAL2	TCEAL2	3.94803704690435e-15	16511.0	2.3478798758597903	-2.3478798758597903	0.00912602116886423	13798.0	77.71206488678607	0.4782608695652174	1.3317606299910962	1.5442365275309267	23	0.6580075187661588
SLC5A1	SLC5A1	0.007698522391028291	16510.0	2.3453089366691002	2.3453089366691002	0.000409621591476376	15494.0	87.26484172580827	0.6086956521739131	2.0187633074931104	2.1065173925083327	23	0.1550168208139768
SLIT2	SLIT2	2.47599968608703e-44	16509.0	2.34493731367384	-2.34493731367384	0.01824004730258225	11406.0	64.2390447223161	0.2916666666666667	1.137265120566575	1.5605977977886192	24	0.773852298663081
SNCB	SNCB	0.0149595891819245	16508.0	2.34470034757046	2.34470034757046	3.7108108419835708e-09	17567.0	98.941083699448	0.6956521739130435	3.085954896807627	2.307350684124547	23	-0.3212578626809011
ZIC2	ZIC2	4.07168561195426e-08	16507.0	2.34465955377415	2.34465955377415	3.564874557761205e-05	12499.0	70.39540385265292	0.4166666666666667	1.3340224962350484	1.43249145289213	24	0.705510008802269
SLC22A18AS	SLC22A18AS	3.6225174213484704e-17	16506.0	2.34330251464284	2.34330251464284	0.00042633362677905497	9293.0	52.33750140813338	0.20833333333333334	0.7053933103861616	0.646224349968899	24	2.5345829267119173
ACE	ACE	4.7712201644659e-31	16505.0	2.34307897931278	-2.34307897931278	2.02078874256394e-09	15911.0	89.61360820096878	0.6666666666666666	1.739688009988148	1.537887167844872	24	0.39235061059141146
SBK1	SBK1	1.4997487038963e-30	16504.0	2.34078550497972	2.34078550497972	5.4291458583890496e-08	13455.0	75.78010589163004	0.4	1.2000529832846103	1.2783966507765423	25	0.8923150111525946
NPR1	NPR1	5.17405160560624e-11	16503.0	2.33942075025632	-2.33942075025632	5.8644284472609155e-06	17457.0	98.32150501295482	0.8333333333333334	3.4172449990632217	2.3862923670452036	24	-0.45167317454126715
PTPRZ1	PTPRZ1	1.63661912240743e-05	16502.0	2.3379643784444104	2.3379643784444104	6.06217350312085e-07	16537.0	93.13957418046637	0.6521739130434783	2.251352041922371	2.0647653542240243	23	0.04194778663098486
PVT1	PVT1	3.45824175629774e-10	16501.0	2.3360440203844903	2.3360440203844903	2.9881090366680697e-06	10541.0	59.36690323307423	0.16	0.6546318260921663	0.5489414280227102	25	3.063008380236083
GNG11	GNG11	4.1691573076996e-26	16500.0	2.3360331309474502	-2.3360331309474502	4.91157695277621e-05	9923.0	55.88599752168525	0.2	1.1372902480478762	1.8935775269275779	25	0.6330571977396632
HS6ST3	HS6ST3	1.33738760943269e-05	16499.0	2.33533360094141	2.33533360094141	0.0027829871346962297	12923.0	72.78359806240847	0.3333333333333333	1.4376896727265154	1.78442621806634	24	0.50304345403959
TSHB	TSHB	0.0123339646299989	16498.0	2.3336462512155296	-2.3336462512155296	0.00376942453317353	15626.0	88.00833614960008	0.5909090909090909	1.764038769175567	1.4498380333160383	22	0.3928766310104092
ACKR2	ACKR2	6.157253427442669e-08	16497.0	2.33343259921406	2.33343259921406	3.6602112996769425e-06	15155.0	85.35541286470654	0.625	1.3381972246258889	0.7979532999948409	24	1.2472351133764414
B4GALNT4	B4GALNT4	1.2013775767766501e-17	16496.0	2.33309933325113	2.33309933325113	3.740936709523195e-11	14759.0	83.12492959333107	0.625	1.6884466492408141	1.5146223126613123	24	0.42561942909556755
VWF	VWF	1.35008331787847e-14	16495.0	2.3320163221860097	-2.3320163221860097	9.12742888590665e-13	16953.0	95.48270812211332	0.7916666666666666	2.5328187614003297	2.1693368634761683	24	-0.0925639731639244
TMIE	TMIE	1.71899460665866e-11	16494.0	2.33100892623733	-2.33100892623733	0.0005361990657418255	10970.0	61.783260110397656	0.25	0.9492152887296229	1.280078551708422	24	1.0794600344358039
ST6GALNAC5	ST6GALNAC5	1.3332661517771398e-16	16493.0	2.32974324549427	-2.32974324549427	0.02219659637412006	7925.0	44.632195561563584	0.16666666666666666	0.922716175607627	1.339997046031578	24	1.0500225161343268
WFDC10B	WFDC10B	1.4178517144358802e-06	16492.0	2.32772200477341	2.32772200477341	0.000784436204504036	14402.0	81.114115128985	0.5	1.4687459296724523	1.1484215825147988	24	0.7479623234004216
LINC00536	LINC00536	0.0911503345049298	16491.0	2.32706095259477	2.32706095259477	0.010821325966581417	14661.0	82.57294130900078	0.5	1.3888359444978906	1.300825228943637	24	0.721253698975984
EXOSC7	EXOSC7	3.64839646416805e-42	16490.0	2.32312287364217	-2.32312287364217	1.62806418933427e-07	7458.0	42.00180241072434	0.12	0.4619665668541683	0.3499281643735592	25	5.318681078786099
TIE1	TIE1	1.9988018661771496e-25	16489.0	2.3224126531010496	-2.3224126531010496	1.1186896923339839e-12	16456.0	92.68333896586684	0.7083333333333334	2.482964147684369	2.261703761251203	24	-0.07098696890988959
CHODL	CHODL	3.27213234503802e-05	16488.0	2.3219281190834202	2.3219281190834202	0.0158035945886165	8358.0	47.07108257294131	0.25	0.8993611346412115	0.9180282012630717	24	1.549589634049331
ADGRG3	ADGRG3	6.99408357018088e-10	16487.0	2.32123813322709	-2.32123813322709	3.4186629643040546e-06	15797.0	88.9714993804213	0.625	1.6713906086842234	1.6447265654037186	24	0.3951097636605349
FBXO32	FBXO32	1.4664728053186498e-19	16486.0	2.32123126398137	2.32123126398137	1.403778763377913e-10	13437.0	75.6787202883857	0.4166666666666667	1.0325866451285186	0.5868845430385508	24	2.195737874064617
SLC7A10	SLC7A10	9.28760517531085e-05	16485.0	2.3194089103985296	2.3194089103985296	5.46111174830712e-08	16230.0	91.41038639179902	0.625	1.7832766303069245	1.623965775101227	24	0.33013767181034726
KCNK5	KCNK5	1.6356975478463698e-26	16484.0	2.31887600149773	2.31887600149773	0.00187189039330891	9988.0	56.252112200067586	0.125	0.6317843492731364	0.5642875727606061	24	2.9897728280121574
AOC4P	AOC4P	1.6806017620400198e-34	16483.0	2.31775532855223	-2.31775532855223	5.672316884058727e-09	15895.0	89.5234876647516	0.7083333333333334	1.6512939012215728	1.1830209275529124	24	0.5633555686197685
TBX15	TBX15	4.61717859236895e-11	16482.0	2.31739271264534	2.31739271264534	0.02783770019697985	6540.0	36.83113664526304	0.2916666666666667	1.0773815476627917	1.4520183221243927	24	0.8539914036128243
CNBD1	CNBD1	0.44069920993878203	16481.0	2.31663835769571	2.31663835769571	4.9371700943543e-05	15335.0	86.36926889714994	0.5217391304347826	1.6589985208509173	1.2303495660459247	23	0.5345146249437905
LINC01700	LINC01700	0.0021130215795172897	16480.0	2.31645500049915	-2.31645500049915	1.01797305827291e-05	16863.0	94.97578010589163	0.6086956521739131	2.3957350456498907	1.9076657438948583	23	-0.04155866687047365
LIN7A	LIN7A	4.83230203898258e-26	16479.0	2.31602341653619	-2.31602341653619	0.003631177428477272	4035.0	22.721640193759153	0.16666666666666666	0.7959642313697725	1.3616732384956352	24	1.1163171473104412
PRF1	PRF1	8.36962687338919e-10	16478.0	2.3145917062861803	-2.3145917062861803	0.000335269363840541	16221.0	91.35969359017686	0.6666666666666666	2.3169936085891325	2.752476026668008	24	-0.0008726333234806907
GATA2	GATA2	5.6340050332182094e-18	16477.0	2.31302226695887	-2.31302226695887	9.80274169891164e-11	12607.0	71.00371747211895	0.3333333333333333	1.033120435043484	0.8572685736200065	24	1.492999826776242
ECSCR	ECSCR	1.3138823924063897e-32	16476.0	2.31262657842145	-2.31262657842145	9.486639576539873e-08	15517.0	87.39438999662048	0.75	2.0121284563057675	1.7535191808448203	24	0.17136859716065778
ADGRF4	ADGRF4	7.44501605307872e-09	16475.0	2.31257944289592	2.31257944289592	1.24689330026661e-07	15344.0	86.4199616987721	0.5652173913043478	2.187503528041064	2.3761942686746025	23	0.052637074545517165
C12orf77	C12orf77	0.0941190417954553	16474.0	2.31218505735808	2.31218505735808	0.00554058450393842	15482.0	87.19725132364538	0.6086956521739131	1.7321538460686607	1.5275300291948368	23	0.37971836900329514
ADAMTS9.AS1	ADAMTS9.AS1	2.37727388936193e-35	16473.0	2.31211040268295	-2.31211040268295	8.1864215148841e-06	15487.0	87.22541399121324	0.5652173913043478	1.783772853187021	1.8315432435453687	23	0.2884657795320255
OR2S2	OR2S2	0.0905166042108267	16472.0	2.31176021681462	-2.31176021681462	0.02057847029619959	14779.0	83.23758026360257	0.5454545454545454	1.6407100938707933	1.35445581223367	22	0.49543891862900996
STARD8	STARD8	1.03695257728988e-30	16471.0	2.31109632682676	-2.31109632682676	5.96358396361858e-10	13381.0	75.36329841162555	0.44	1.2515988449445763	1.2807104970055094	25	0.8272732083944384
KRT34	KRT34	0.262303802835714	16470.0	2.31098048071508	2.31098048071508	0.0007001745781002429	16989.0	95.685479328602	0.6363636363636364	2.28720628867026	2.222459215883697	22	0.010697245589439033
PNMT	PNMT	2.4854284186130103e-05	16469.0	2.3105314541225	-2.3105314541225	0.002910137436279555	15930.0	89.7206263377267	0.5416666666666666	2.486470709476783	2.429268668528928	24	-0.0724247826654862
SIK1	SIK1	9.64902603058337e-27	16468.0	2.30884856426283	-2.30884856426283	1.7990309559896203e-12	13189.0	74.28185197701926	0.36	0.9974072256907615	0.6689418585952039	25	1.9604713350217475
EGR3	EGR3	5.53075643366852e-26	16467.0	2.30774534958179	-2.30774534958179	1.307816271366425e-05	13459.0	75.80263602568435	0.4166666666666667	1.364055200847763	1.9081642408344826	24	0.49455394275774195
CYP4F22	CYP4F22	6.334469914070889e-11	16466.0	2.30679932678468	-2.30679932678468	1.94079153538477e-07	15730.0	88.59411963501182	0.625	1.8766644726441244	1.6964189539555028	24	0.2535546146414007
NKD1	NKD1	1.1867944351080299e-53	16465.0	2.30658724128069	-2.30658724128069	0.0019127027571030322	12351.0	69.5617888926439	0.3333333333333333	1.0430226290338125	1.1858222956775935	24	1.0655598371296107
HECW1	HECW1	3.92796320286867e-09	16464.0	2.3062186098384396	2.3062186098384396	2.9210389566594003e-05	11452.0	64.49814126394051	0.4166666666666667	1.345856002137675	1.7663731689930162	24	0.5436917999882512
ALOX12P2	ALOX12P2	7.80107129132593e-09	16463.0	2.30435211576023	2.30435211576023	3.9902348307415755e-06	10216.0	57.53632984116255	0.375	0.9419642921166936	0.8587021242125817	24	1.5865662669611162
MIXL1	MIXL1	1.38271605243204e-07	16462.0	2.3034698568135	2.3034698568135	0.0001404613933855305	16027.0	90.26698208854341	0.6666666666666666	1.8564516338494619	1.496918426906205	24	0.2986256398005097
FIGLA	FIGLA	0.00017598366010618401	16461.0	2.30309242777839	-2.30309242777839	0.0001699892569290033	16395.0	92.3397544215388	0.6818181818181818	2.0470768184612447	1.5906964262467507	22	0.1609456116785365
MIR4300HG	MIR4300HG	0.188600627878915	16460.0	2.30274122635561	2.30274122635561	0.00138152690733219	14343.0	80.78179565168412	0.4166666666666667	1.5336876051584216	1.3003670924733084	24	0.5914127061877906
KLHDC7A	KLHDC7A	9.620758666899741e-08	16459.0	2.2996799043066	2.2996799043066	0.002423963854947675	11283.0	63.54624310014644	0.3333333333333333	0.9418558290311075	1.0440418950619232	24	1.3005455831779227
CCL2	CCL2	4.6853448876194895e-09	16458.0	2.2992939358971096	-2.2992939358971096	0.02083731735698085	10993.0	61.912808381209864	0.3333333333333333	1.2637384982394664	1.7909831343555178	24	0.578205019239495
NIM1K	NIM1K	2.18783621751067e-08	16457.0	2.29823172927949	-2.29823172927949	0.000483078854813804	12911.0	72.71600766024558	0.2916666666666667	1.0286995103838261	1.118084764611331	24	1.135452569499039
RHO	RHO	0.0318219846508263	16456.0	2.29474386024023	-2.29474386024023	3.668908453740965e-09	17749.0	99.96620479891855	0.8	6.162383928980736	4.206692133193546	20	-0.9194017404369342
KRT14	KRT14	9.91921310170446e-05	16455.0	2.29397344573627	2.29397344573627	1.4666347056477698e-05	16577.0	93.36487552100934	0.6956521739130435	3.25117931066751	3.762186993265934	23	-0.25442804056379315
NQO1	NQO1	5.623065990085701e-12	16454.0	2.29370688054778	2.29370688054778	4.3889147794861e-10	15025.0	84.62318350794186	0.52	1.3824160023557894	0.9311211348570703	25	0.9787028175790211
HAS2	HAS2	1.99639409431407e-07	16453.0	2.2930461562565	-2.2930461562565	0.009632385984269786	13041.0	73.44823701701024	0.3333333333333333	0.8104938899192783	0.8020326821498317	24	1.8484935830336384
OR51E2	OR51E2	0.21641243536290103	16452.0	2.2916870847753303	2.2916870847753303	0.0007154179841200421	16927.0	95.33626225076038	0.6818181818181818	2.740662695020241	2.4011452955070807	22	-0.1869839409905824
SEL1L2	SEL1L2	0.0356237332338146	16451.0	2.2912491118112	-2.2912491118112	0.000983118983702519	14944.0	84.16694829334234	0.6086956521739131	1.4017701382797316	1.0084516631113227	23	0.882024400442958
MIR3681HG	MIR3681HG	0.0060883830872376	16450.0	2.29123044904762	2.29123044904762	9.317161513949959e-07	16675.0	93.91686380533963	0.6086956521739131	2.8656450917157157	2.4682213505429704	23	-0.23272412036373208
PSAT1	PSAT1	5.235338947555769e-35	16449.0	2.29028574594083	2.29028574594083	2.50720070655325e-08	11290.0	63.585670834741464	0.32	1.2392566551606519	1.469681532054506	25	0.7151407076000452
CHRNA5	CHRNA5	7.66852676325105e-06	16448.0	2.2893493119304402	2.2893493119304402	0.0075155490243837	2797.0	15.748563703954037	0.16	0.548700774497312	0.6300383860319761	25	2.7627658504997594
HOXD1	HOXD1	2.07606102736757e-09	16447.0	2.28607683596613	2.28607683596613	0.0898083224161267	10486.0	59.05711388982764	0.34782608695652173	1.2238561837469126	1.5724003002120495	23	0.6755408607311824
SYCE3	SYCE3	0.000142700787527832	16446.0	2.2850916135443704	2.2850916135443704	0.0003188315172364442	14263.0	80.33119297059817	0.5416666666666666	1.3625608751875076	1.1401300559943663	24	0.8091451791017614
PKHD1	PKHD1	2.41795752277383e-06	16445.0	2.28471900616722	2.28471900616722	0.01374331345345795	9754.0	54.93409935789118	0.2916666666666667	1.1733977653781054	1.3543065224463509	24	0.8205832449080139
LAPTM4B	LAPTM4B	9.80837194397717e-12	16444.0	2.28441210269908	2.28441210269908	0.00019385546297260602	6912.0	38.926439112312714	0.08	0.699814311918457	1.3123494100848596	25	1.2074511396154468
RIMBP2	RIMBP2	0.0008493033200838781	16443.0	2.28429069978288	2.28429069978288	2.865077157442195e-06	13339.0	75.12673200405541	0.4166666666666667	1.4187903282247631	1.3452979141089056	24	0.6433521991531551
SHANK3	SHANK3	8.0199222277902e-35	16442.0	2.2833478005648797	-2.2833478005648797	3.74928784176883e-20	16005.0	90.14306635124478	0.8	1.7969705297816132	1.0771819082376668	25	0.4515275155140773
CYP4B1	CYP4B1	9.19119642564719e-06	16441.0	2.28285120001186	-2.28285120001186	0.0360524264381744	11000.0	61.95223611580489	0.391304347826087	1.5000190546373284	2.11559388437288	23	0.3700294991193853
TKTL1	TKTL1	3.564217828825711e-09	16440.0	2.2827153370654396	-2.2827153370654396	1.2409319151596082e-06	17006.0	95.78123239833276	0.75	2.5882862977357957	2.1707878620803824	24	-0.140765003346532
LINGO1.AS1	LINGO1.AS1	0.26136404172772304	16439.0	2.27834770533173	2.27834770533173	0.0011891991707433224	16515.0	93.01565844316774	0.5416666666666666	1.8232353980320146	1.4398940012435442	24	0.3160734796496576
GDNF	GDNF	0.0008559539620187809	16438.0	2.2782037031052997	2.2782037031052997	3.3285572951903804e-06	13768.0	77.54308888137884	0.4583333333333333	1.4117163010207072	1.4781431303776797	24	0.5861999317097233
LINC00092	LINC00092	1.9988459994103298e-14	16437.0	2.27768146336659	-2.27768146336659	0.00029508098361961255	15293.0	86.13270248957981	0.625	1.8037283185805952	1.5472183595614286	24	0.3063259570681028
CXCL3	CXCL3	2.6134096827204904e-16	16436.0	2.27718294021	-2.27718294021	0.0014326041778113799	13003.0	73.23420074349441	0.375	1.478483828484794	2.2443513257704466	24	0.35587080442988417
MMP19	MMP19	1.9235732664423603e-11	16435.0	2.27618297693651	-2.27618297693651	1.704154880080145e-06	11114.0	62.594344936352364	0.3333333333333333	0.7727991016543297	0.6331411366355784	24	2.374484594810799
ZNF331	ZNF331	2.32063784971648e-33	16434.0	2.27604120228002	-2.27604120228002	3.66791324050948e-08	8103.0	45.63478652697983	0.28	0.905801510836413	1.0951308135801416	25	1.2512109735677097
ESCO2	ESCO2	3.7056567070406697e-10	16433.0	2.2742575734298103	2.2742575734298103	0.0009647139082227381	9137.0	51.45882618001577	0.24	1.022933479570377	1.2463133045177932	25	1.0040204893291889
CXCL6	CXCL6	0.000516189851168321	16432.0	2.2735000124530096	2.2735000124530096	9.306572301058561e-05	15749.0	88.70113777176974	0.5833333333333334	2.5002375792416642	2.6768769269901393	24	-0.0847022754399085
SYCP2	SYCP2	9.569965683238122e-07	16431.0	2.27273665905724	2.27273665905724	1.6501737966326927e-08	13260.0	74.68176185648304	0.4166666666666667	1.0815399303917912	1.0012419745107297	24	1.1897191278337518
NEUROD1	NEUROD1	0.19863265476927303	16430.0	2.2724836363892202	-2.2724836363892202	1.0741389555789e-08	16827.0	94.77300889940294	0.6956521739130435	2.618645402919832	2.570869416367302	23	-0.13464774380479674
OR5P3	OR5P3	0.042633200037782995	16429.0	2.27191101991508	-2.27191101991508	0.00456760926714659	13537.0	76.24197363974315	0.43478260869565216	1.3315525226156582	1.1593643798654243	23	0.8110983170007138
TOX2	TOX2	9.257619106142732e-14	16428.0	2.27190223647212	-2.27190223647212	1.5607637109529102e-07	12310.0	69.33085501858736	0.4166666666666667	1.0749039594448897	1.484969119707423	24	0.8060762080110255
ID1	ID1	4.50446909857149e-15	16427.0	2.27025105697951	-2.27025105697951	0.005964155758275289	9521.0	53.62171904922834	0.24	0.8351961720612671	1.2825982349156773	25	1.1188654762280947
NBPF22P	NBPF22P	0.0269712994164312	16426.0	2.2699500259372996	2.2699500259372996	0.0249274873078883	12400.0	69.83778303480905	0.2608695652173913	1.0184222401003928	0.9698307262741549	23	1.2904600276431342
PKNOX2	PKNOX2	1.62679046589949e-17	16425.0	2.2683871840583	-2.2683871840583	1.3343630103048084e-05	13354.0	75.21122000675904	0.4166666666666667	1.0735653473945626	0.9656390983446353	24	1.2373378819395182
MEX3A	MEX3A	1.72097591923837e-13	16424.0	2.2683688958841097	2.2683688958841097	5.37903807582743e-07	11571.0	65.16841275205587	0.24	1.295658052529487	1.4843828336174534	25	0.6552964783243406
CILP	CILP	9.65289894696665e-06	16423.0	2.2683292923977203	2.2683292923977203	3.0517285204677943e-06	14821.0	83.47414667117269	0.5416666666666666	1.7820357845267798	1.911426236868887	24	0.2544139546119966
CEL	CEL	1.04348121898748e-05	16422.0	2.26808443559804	2.26808443559804	0.00046241442887697996	17502.0	98.57496902106567	0.6521739130434783	3.5089614713746813	2.5761642026045632	23	-0.481676220220002
TBX18	TBX18	0.00118206209647819	16421.0	2.26608339602093	2.26608339602093	0.014393803932534284	11105.0	62.543652134730195	0.25	1.1075899709246733	1.3004899869337627	24	0.8908130295010581
GALNT14	GALNT14	5.3044553827410995e-08	16420.0	2.2658182368435296	2.2658182368435296	0.0017056517332082178	4718.0	26.568660583530473	0.375	1.2507735606594936	1.9058071159379828	24	0.5326061948742701
E2F8	E2F8	1.7961923376942999e-09	16419.0	2.2652620219409703	2.2652620219409703	0.0108541836775382	3815.0	21.482482820772784	0.2	0.6490115345988812	0.7459211713441	25	2.166784573803843
TUBB8	TUBB8	4.01367168214445e-08	16418.0	2.26459994189395	2.26459994189395	9.579996973657801e-05	17573.0	98.97487890052945	0.8095238095238095	3.8327055488292903	2.4361604096289997	21	-0.6436791275062816
WFDC12	WFDC12	0.00012694087461227198	16417.0	2.2643300850256898	-2.2643300850256898	0.0020188671898951098	16904.0	95.20671397994818	0.7272727272727273	2.4523404926536636	1.9830046873682883	22	-0.09481087403655547
TCF15	TCF15	1.5283908844129398e-10	16416.0	2.26344782075038	-2.26344782075038	1.562102156073966e-10	16252.0	91.53430212909767	0.75	1.7772594937983304	0.8435772138881205	24	0.5763412275103608
MELK	MELK	1.14037382545027e-10	16415.0	2.26290767083667	2.26290767083667	1.1407817567250399e-07	11371.0	64.041906049341	0.32	1.3707063827384909	1.8493435767310433	25	0.4824421482974308
APELA	APELA	0.008575044395003959	16414.0	2.2626853831359504	2.2626853831359504	0.0032583831657868	16703.0	94.07457474371972	0.6521739130434783	2.772601433122455	2.5724870311503856	23	-0.19821909452288913
SBSPON	SBSPON	8.30207150753476e-14	16413.0	2.26226813183016	-2.26226813183016	0.012567185258889	4735.0	26.66441365326124	0.12	0.8724765626079276	1.5576132319285962	25	0.8922571667559785
KLF14	KLF14	2.9165303638522e-07	16412.0	2.2622112534635295	-2.2622112534635295	0.004432822613252625	12503.0	70.41793398670721	0.4166666666666667	1.0193647274557744	0.6568108538275247	24	1.8922441959738387
BMP3	BMP3	0.000390300884932415	16411.0	2.26110598459524	2.26110598459524	5.606991865584867e-06	16964.0	95.54466599076264	0.875	2.7028822297159003	2.104269874061319	24	-0.20994276949278168
LINC01505	LINC01505	0.0358580168064366	16410.0	2.2605632038163104	2.2605632038163104	0.006256576738314035	12743.0	71.76974202996507	0.4166666666666667	1.2338186216144325	1.2228171607434708	24	0.8396550319735608
SRPX2	SRPX2	2.9932431074514195e-29	16409.0	2.26021122755564	2.26021122755564	1.901960365993904e-09	14906.0	83.95291201982651	0.5833333333333334	1.4573904131585103	1.0187765022706274	24	0.7880244711257276
IL18RAP	IL18RAP	1.3053784740077902e-12	16408.0	2.26003808222734	-2.26003808222734	0.0030033079407023704	14382.0	81.00146445871353	0.5416666666666666	2.1187938108860993	2.2395993908140226	24	0.06306675734980564
FRMD3	FRMD3	1.5503647845986698e-29	16407.0	2.2594433620229903	-2.2594433620229903	0.011154426102287524	2661.0	14.982539146107918	0.125	0.6622987214089414	1.260539002436914	24	1.2670331005438136
PLA2G2F	PLA2G2F	0.00342570322503368	16406.0	2.2589928553369103	2.2589928553369103	0.021114038565086535	14462.0	81.45206713979948	0.4583333333333333	1.7563110342337735	1.9075988893559748	24	0.2635154716790841
FABP3	FABP3	2.66788663824117e-05	16405.0	2.2587141959362502	2.2587141959362502	0.005398216254734945	11412.0	64.27283992339754	0.375	1.4142567141867612	1.9387624562793413	24	0.43556521275436627
MMP20	MMP20	0.148388233893333	16404.0	2.25846666628452	2.25846666628452	0.0003314044717361725	17037.0	95.95584093725357	0.6363636363636364	2.620022293174946	2.1557359251875017	22	-0.16771795778231924
PIGR	PIGR	7.89895771666959e-08	16403.0	2.2573896832488303	2.2573896832488303	0.0015467521051719599	16898.0	95.17291877886673	0.5652173913043478	2.5408329368677873	2.6267522449241185	23	-0.10790635248020704
PNLIPRP1	PNLIPRP1	0.10986269756558699	16402.0	2.25653068125104	2.25653068125104	0.02433087212922065	17202.0	96.88520896699335	0.6363636363636364	2.631620656878516	2.130873380485842	22	-0.1760264026302467
GPD1	GPD1	2.1134761493322602e-11	16401.0	2.25579002478641	-2.25579002478641	1.874063788054875e-09	17020.0	95.86008786752281	0.7083333333333334	2.393691468091366	1.8279668297745462	24	-0.07543979521880291
SLCO2A1	SLCO2A1	1.07060282800678e-15	16400.0	2.25538658374325	-2.25538658374325	4.3781716928856095e-06	12427.0	69.98986143967556	0.4166666666666667	1.2251268164563096	1.4605214402230562	24	0.7054054387107082
P2RX3	P2RX3	0.0183347095288174	16399.0	2.25450258080221	2.25450258080221	2.78520392125988e-06	16220.0	91.35406105666328	0.5833333333333334	1.8701021096787773	1.5314223848050141	24	0.25100878434160784
POU4F1	POU4F1	0.000125285592242882	16398.0	2.25351681655546	2.25351681655546	2.79870710328709e-08	14618.0	82.33074236791708	0.5	1.7612621895281972	1.8751608493297227	24	0.2625132810357146
AQP4	AQP4	4.95320440866113e-10	16397.0	2.25342314222798	-2.25342314222798	0.000415838896117433	16134.0	90.86966317449588	0.7391304347826086	2.210265676049077	2.1215560612959736	23	0.020342364251520063
FOXO6	FOXO6	7.51257178635132e-14	16396.0	2.25247612544813	2.25247612544813	4.4051320089442076e-05	12547.0	70.66576546130449	0.4166666666666667	1.130362945444875	1.3832148861804516	24	0.8112356158209145
LEMD1.AS1	LEMD1.AS1	0.000132367871056895	16395.0	2.25188216927125	2.25188216927125	0.06323190393088621	11958.0	67.34820322180917	0.2916666666666667	1.2799492051325636	1.4489501524512949	24	0.6707842657626257
PPP1R14A	PPP1R14A	9.67644415369931e-23	16394.0	2.25175370133048	-2.25175370133048	2.5675373464661653e-09	15795.0	88.96023431339415	0.6666666666666666	1.7589999304081287	1.4856859510565679	24	0.33166751733226113
RGS7	RGS7	0.004305147617216979	16393.0	2.25172678327565	2.25172678327565	0.0032353378226381868	13618.0	76.69820885434268	0.4166666666666667	1.2959784776303944	1.2875175365458145	24	0.7423186702445714
PAQR9	PAQR9	0.0182831657230923	16392.0	2.25170494674623	-2.25170494674623	1.1528829104966235e-14	17220.0	96.98659457023768	0.7916666666666666	2.7511718399581775	1.897296948917953	24	-0.2632518296605064
LINC01281	LINC01281	0.000197743167430248	16391.0	2.25074268125431	2.25074268125431	0.0280440948468506	15106.0	85.07941872254139	0.5217391304347826	1.5193003632733453	1.298602532709506	23	0.5632534201630011
RHPN1	RHPN1	2.04413021311125e-13	16390.0	2.24938036704034	2.24938036704034	3.1333441563961305e-05	9231.0	51.98828433029176	0.25	1.0211310790468249	1.673554506758279	24	0.7339165130466335
NKAIN1	NKAIN1	0.00235465550268912	16389.0	2.2486858020773397	2.2486858020773397	4.758372990824579e-06	13568.0	76.41658217866396	0.4166666666666667	1.7696899664348484	1.9693941227288438	24	0.24321989697967725
C8orf31	C8orf31	7.578130660916659e-07	16388.0	2.24777962238796	2.24777962238796	7.19719614615974e-05	10637.0	59.90762645037738	0.20833333333333334	0.7940519493256007	0.6649315503637022	24	2.186281689095973
RBM46	RBM46	0.169946792962864	16387.0	2.24769834310943	2.24769834310943	3.133329618518855e-06	15616.0	87.95201081446434	0.5833333333333334	1.934252239092036	1.761152021484809	24	0.1779778804972956
LINC00472	LINC00472	7.55687762444893e-15	16386.0	2.24738321489804	-2.24738321489804	0.025669216647953	3427.0	19.297059817505914	0.041666666666666664	0.5049785460022408	0.837151319572966	24	2.081349725142411
HBD	HBD	0.000321194556675086	16385.0	2.2470321960226203	-2.2470321960226203	0.000513920822938547	16488.0	92.86358003830122	0.7083333333333334	2.7289433222515806	2.902849703436321	24	-0.1660131165793689
CATSPERB	CATSPERB	2.4208506284855297e-08	16384.0	2.24413679370738	2.24413679370738	6.770783948909982e-12	16114.0	90.75701250422439	0.75	1.5015232281239665	0.7281220470471068	24	1.0199025954440974
ST8SIA2	ST8SIA2	0.000162694761263678	16383.0	2.2390849758354303	2.2390849758354303	0.00016257214818568547	15383.0	86.6396305058015	0.5833333333333334	1.8257499703470101	1.8072160707388474	24	0.22871366195821602
EDDM3B	EDDM3B	0.0671856505105795	16382.0	2.23872593076513	2.23872593076513	0.0059393402517877005	16977.0	95.61788892643911	0.6	2.7291009912616344	1.8916748728202637	20	-0.25922798232521493
MAMDC2	MAMDC2	2.97896874872082e-17	16381.0	2.23825886415906	-2.23825886415906	1.5961934521427848e-07	12344.0	69.52236115804888	0.375	1.2744241786556458	1.0748608319831043	24	0.8967064915047203
GABBR2	GABBR2	0.000448558294053062	16380.0	2.23670199214767	2.23670199214767	0.0107097528713249	12061.0	67.92835417370733	0.2608695652173913	1.1711404208385034	1.2446384881828874	23	0.8561213407957803
DMP1	DMP1	0.00545549725447434	16379.0	2.23599947203601	2.23599947203601	0.0001015894392518044	17184.0	96.78382336374901	0.7272727272727273	3.144776583017789	2.485849998320892	22	-0.3655800275944354
TMEM45B	TMEM45B	5.98508471464256e-22	16378.0	2.233512988416	2.233512988416	5.882832615350804e-11	16370.0	92.19894108369944	0.75	1.7806565569456252	1.239410915215649	24	0.3653803802361873
HOXC4	HOXC4	9.81040712550528e-08	16377.0	2.2331945049347404	2.2331945049347404	1.283510474668454e-06	14183.0	79.88059028951221	0.5	1.7859922937297545	1.9340996357644737	24	0.23121984148878882
ACADL	ACADL	9.15988916750523e-09	16376.0	2.23291604550838	-2.23291604550838	0.0561843948800143	7698.0	43.3536104539822	0.16666666666666666	0.9411331701212126	1.6151793644350285	24	0.7997767330559097
ADIPOQ	ADIPOQ	0.21956368363710002	16375.0	2.2326838654403702	-2.2326838654403702	2.4807292556678103e-06	17437.0	98.20885434268334	0.6086956521739131	3.212459908384301	2.538098033409174	23	-0.38602765931302324
WFDC13	WFDC13	8.420485062994179e-05	16374.0	2.2290246696172797	2.2290246696172797	0.0037246569674892	13335.0	75.10420187000112	0.43478260869565216	1.3517517128392045	1.232205284747006	23	0.7119535743252353
TMEM75	TMEM75	0.000415774080443744	16373.0	2.2285433678985695	2.2285433678985695	0.001060551616996869	14465.0	81.4689647403402	0.4583333333333333	1.54084133366244	1.649716630610849	24	0.4168607029084083
COL1A1	COL1A1	3.05826562049776e-06	16372.0	2.22834157460278	2.22834157460278	1.091708767002419e-06	14106.0	79.44688520896699	0.5	1.9310844953132589	2.7936859335012914	24	0.10640318431104835
SLC52A1	SLC52A1	3.99970737793764e-08	16371.0	2.2279741259708596	2.2279741259708596	0.0016638508962774977	9528.0	53.66114678382336	0.20833333333333334	0.6469926247467688	0.46881341617878763	24	3.3723043041523466
ADRB2	ADRB2	2.67559252519203e-37	16370.0	2.2272872346600496	-2.2272872346600496	8.32436224119215e-05	8769.0	49.386053847020385	0.16666666666666666	0.8650004463674525	1.4180579077578603	24	0.9606707743314623
GIMAP8	GIMAP8	3.23071854729016e-12	16369.0	2.2256205919339602	-2.2256205919339602	2.5663025678703902e-05	15220.0	85.72152754308888	0.5416666666666666	1.8063672310024528	2.077628239814304	24	0.20179421558545038
CES3	CES3	5.08170587789649e-05	16368.0	2.2253563789359103	2.2253563789359103	0.00258436259027569	4050.0	22.80612819646277	0.2916666666666667	0.8104586534040171	1.1023376086246586	24	1.2835430039415991
TMC5	TMC5	3.0871013140325106e-11	16367.0	2.2251447820792403	2.2251447820792403	2.56321727418367e-06	15759.0	88.75746310690548	0.75	1.5500378100113787	1.0591706898354327	24	0.6373920450657065
SERPINB13	SERPINB13	0.0337036325222204	16366.0	2.2232433330628503	2.2232433330628503	0.0159995563994559	14951.5	84.20919229469415	0.4782608695652174	2.2765452760367175	2.655476604270954	23	-0.02007245813732221
PNOC	PNOC	1.37701264023604e-07	16365.0	2.2228013093771897	2.2228013093771897	6.41917064262092e-05	15740.0	88.65044497014756	0.625	1.9174670242763592	1.7683648307544206	24	0.17266475774151685
IGFBP2	IGFBP2	3.52995511901848e-08	16364.0	2.22181271812605	2.22181271812605	8.396071390560153e-07	12118.0	68.24940858398107	0.375	1.4297610199599042	1.9484502738354046	24	0.4065034190516142
ADH4	ADH4	0.0216955506164976	16363.0	2.22174698905442	2.22174698905442	4.96191077601797e-07	17430.0	98.16942660808832	0.7391304347826086	3.0866235580902552	2.387858454406975	23	-0.3621975864773891
GRIK2	GRIK2	5.61401689988187e-06	16362.0	2.2209972021428	2.2209972021428	1.97937365752562e-07	14822.0	83.47977920468627	0.6956521739130435	2.0810217114007856	1.976530340628886	23	0.07081879183168895
PHOSPHO1	PHOSPHO1	4.80346654215194e-18	16361.0	2.2207530506925295	-2.2207530506925295	3.367019631202515e-09	16668.0	93.87743607074462	0.6666666666666666	2.0364509809227047	1.6466717619875462	24	0.11192398753918673
ESAM	ESAM	5.886011584056699e-23	16360.0	2.2188668081453398	-2.2188668081453398	8.418842867499116e-09	14132.0	79.59333108031993	0.5416666666666666	1.3082483851616997	1.0871046287763302	24	0.8376548115783969
FAM170A	FAM170A	0.0600572454583832	16359.0	2.21796563379655	2.21796563379655	0.0260966387207968	12760.0	71.86549509969583	0.43478260869565216	1.2516589610349593	1.1192288727704585	23	0.8633682495785376
DUSP1	DUSP1	1.1222543537411e-21	16358.0	2.2177860315120097	-2.2177860315120097	0.000602754240534643	10732.0	60.44271713416694	0.3333333333333333	1.1719188315327713	1.7249864823427066	24	0.6063045772734663
STYK1	STYK1	6.857246991962311e-16	16357.0	2.21646881772289	2.21646881772289	2.974590785506285e-06	13867.0	78.1007096992227	0.5	1.2419258419848582	1.026272147551835	24	0.9495950738435193
KIF26A	KIF26A	4.191625144508361e-14	16356.0	2.21596637699121	-2.21596637699121	3.713426960888365e-18	16910.0	95.24050918102962	0.9583333333333334	2.545377816232567	1.6552898231802262	24	-0.19900529479996143
PGK2	PGK2	0.204697224829714	16355.0	2.21527980559832	2.21527980559832	0.026180478155918348	12953.0	72.9525740678157	0.3333333333333333	1.5458151726693343	1.8984558923225474	24	0.3526363902560679
LAMA3	LAMA3	9.843311991171009e-30	16354.0	2.2143273060888298	-2.2143273060888298	0.007783127802830565	11421.0	64.3235327250197	0.3333333333333333	1.0837224464638424	1.4114252775089295	24	0.8010377011388294
CDC42EP2	CDC42EP2	2.4018621070489e-30	16353.0	2.21333833513369	-2.21333833513369	0.00017891747161489298	5692.0	32.054748225751936	0.16	0.7123803174485082	1.1888607939262885	25	1.2625178871684146
KCNA7	KCNA7	0.00044498242489982595	16352.0	2.21244992357428	2.21244992357428	3.53800716027255e-05	15036.0	84.68514137659119	0.5416666666666666	1.5205752322403718	1.5485020494782085	24	0.4468025674018617
TP63	TP63	2.0426809926255702e-05	16351.0	2.21244881886447	2.21244881886447	0.004886971095183976	12867.0	72.4681761856483	0.4583333333333333	1.4153125952779027	1.536385448465509	24	0.5188386966192116
ADAMTS16	ADAMTS16	1.55066295237728e-06	16350.0	2.2115319911271603	2.2115319911271603	0.004258503325289344	9704.0	54.652472682212455	0.16666666666666666	0.8535008162302095	1.4262597102330827	24	0.9521626146720628
PLA2G4F	PLA2G4F	2.32033248775957e-09	16349.0	2.2085961692123903	-2.2085961692123903	0.028848858073947548	11962.0	67.37073335586346	0.375	1.1212595315047726	1.3368459577315364	24	0.8133597079148106
BMP6	BMP6	2.67002056765367e-18	16348.0	2.2085007143856	-2.2085007143856	2.00637278972508e-07	14363.0	80.89444632195561	0.6	1.3742492723573556	1.1974216479628357	25	0.6967064972038463
ACHE	ACHE	2.19633645724778e-08	16347.0	2.20847888604552	2.20847888604552	7.183041672941099e-06	12647.0	71.22901881266193	0.375	1.062065178043981	1.3714415246629774	24	0.8359187667759022
RDM1	RDM1	1.2472971536260001e-05	16346.0	2.20844167393423	2.20844167393423	0.0011112472698662401	11051.0	62.23949532499718	0.36	1.1017379695016438	1.3142651972960289	25	0.8420703117677618
CMTM2	CMTM2	8.55665308452994e-11	16345.0	2.2054206025761003	-2.2054206025761003	1.518044841934985e-05	15524.0	87.4338177312155	0.625	1.735890302082378	1.58684783284423	24	0.29588867361790255
LILRA1	LILRA1	3.937352571383971e-15	16344.0	2.20532623038881	-2.20532623038881	2.230209181761755e-05	15955.0	89.86143967556606	0.7083333333333334	1.8917484550605534	1.8003592036197216	24	0.1741751172198255
DUSP2	DUSP2	1.2081462085866998e-10	16343.0	2.2032273149415897	-2.2032273149415897	2.632714693278118e-07	14998.0	84.47110510307536	0.5833333333333334	1.9295308269909652	2.450761555911484	24	0.11167813828744008
CELA2A	CELA2A	8.977440938625341e-05	16342.0	2.20194146811997	-2.20194146811997	0.02450667874642765	17028.0	95.9051481356314	0.5909090909090909	2.88877750739049	2.0758008334555718	22	-0.3308776199531382
PI16	PI16	5.8406255281567e-06	16341.0	2.20116926488106	-2.20116926488106	1.181413212683108e-11	16311.0	91.86662160639855	0.7083333333333334	2.3272247804440984	2.015805852215511	24	-0.06253355968011241
GAD1	GAD1	0.000205424884597335	16340.0	2.1997226531294904	2.1997226531294904	0.00017828023303754099	11295.0	63.61383350230933	0.4166666666666667	1.2780056868865888	1.6419447370705766	24	0.5613568748284146
LINC01361	LINC01361	0.147961301976119	16339.0	2.19895016463705	2.19895016463705	0.0402807441632714	12767.0	71.90492283429086	0.2608695652173913	1.0946077621662749	1.205834483946785	23	0.9158324937400872
FHL5	FHL5	4.336781848833929e-37	16338.0	2.19809040154143	-2.19809040154143	9.437242359363406e-05	15270.0	86.00315421876759	0.5454545454545454	1.6428658103109974	1.2928167460327042	22	0.4294689041848063
KIF25.AS1	KIF25.AS1	0.00915267514269077	16337.0	2.1974361350225	2.1974361350225	7.628734595742266e-07	14755.0	83.10239945927678	0.5416666666666666	1.3106726737848606	1.0812874235747287	24	0.820099671839339
KLRD1	KLRD1	1.0341729530249999e-16	16336.0	2.19604861755743	-2.19604861755743	0.013029161121223116	12714.0	71.60639855807142	0.375	1.5500400808213783	2.2335339448285763	24	0.28923157323477916
ADGRB3	ADGRB3	7.51901394471411e-26	16335.0	2.19558407760415	-2.19558407760415	2.831961629471358e-06	14665.0	82.59547144305508	0.5416666666666666	1.715145901940331	1.5326791943676905	24	0.31346297217926583
PRLH	PRLH	0.0416930815730249	16334.0	2.19303981873776	-2.19303981873776	0.0310154688862444	16191.0	91.19071758476963	0.5238095238095238	1.9001026692803287	1.5467830902995687	21	0.1893847633159072
SYT15	SYT15	8.43312793556843e-17	16333.0	2.19263670666538	-2.19263670666538	0.0116355998843137	1700.0	9.569674439562915	0.2	0.585208327610599	0.7335607824297817	25	2.191268150582529
LRRC4B	LRRC4B	3.3317067752077004e-16	16332.0	2.19177568260434	-2.19177568260434	1.5545720997104167e-13	16858.0	94.94761743832375	0.8333333333333334	2.7379860033069185	2.0385414803445845	24	-0.2679417249877349
EPHX3	EPHX3	1.6188953375731798e-40	16331.0	2.19128603551146	2.19128603551146	0.0189475014195597	12933.0	72.83992339754421	0.391304347826087	1.4163630272847727	1.374370784058549	23	0.5638383886030532
DEPDC1B	DEPDC1B	2.63079016938807e-12	16330.0	2.19086055362679	2.19086055362679	0.00015292206046917198	8065.0	45.42075025346401	0.2	0.8101833206598852	0.9818123881578356	25	1.406253628106542
ZSWIM2	ZSWIM2	0.16289141564309803	16329.0	2.18905804616394	2.18905804616394	9.532645042513411e-06	16238.0	91.45544665990762	0.6818181818181818	2.120869958289413	1.5500823406410917	22	0.04398997787841728
OR6A2	OR6A2	0.125839258201445	16328.0	2.18894093448026	2.18894093448026	0.002131389698699674	14337.0	80.74800045060267	0.5	1.7488193651590935	1.770894059019466	22	0.2485307164929218
RHBDL1	RHBDL1	5.850797610806079e-09	16327.0	2.1888431229156398	2.1888431229156398	2.874460201622015e-05	9962.0	56.105666328714655	0.3333333333333333	1.0790484355795311	1.390345330527502	24	0.7982151361741536
BCAS1	BCAS1	0.000385917398963675	16326.0	2.18795163179503	2.18795163179503	2.93382747163486e-07	15823.0	89.11794525177424	0.6086956521739131	1.9420689322873075	1.6294620711893766	23	0.15089808094044677
DSG1	DSG1	0.16788825251445996	16325.0	2.18733201687181	2.18733201687181	1.1230639875885041e-05	17293.0	97.39776951672862	0.7727272727272727	3.5378562958508923	2.9591106484773944	22	-0.45639532934464366
FAP	FAP	3.25418193194629e-08	16324.0	2.18648965901229	2.18648965901229	5.8359530946224854e-05	14113.0	79.48631294356201	0.5	1.5145694709559299	1.4785999875262656	24	0.4544299971086157
ZSCAN10	ZSCAN10	0.0042802914655874	16323.0	2.18638454816466	2.18638454816466	2.066117117248297e-09	17654.0	99.43111411512898	0.7916666666666666	3.676203893434975	2.4873386894236083	24	-0.5989611915760258
HPS3	HPS3	4.1091855363983697e-10	16322.0	2.1850167496572097	2.1850167496572097	6.03876787766103e-14	11862.0	66.80748000450602	0.32	0.881722369896302	0.7817197255878914	25	1.6672143955185048
CCDC70	CCDC70	0.572649395076693	16321.0	2.18452076287447	2.18452076287447	6.65661345632087e-05	17307.0	97.47662498591866	0.8260869565217391	2.244666158344295	1.2476708952631224	23	-0.04820613809152061
PWRN1	PWRN1	0.00311159223717779	16320.0	2.18381690611301	-2.18381690611301	0.02965462888003905	14276.0	80.40441590627464	0.4583333333333333	1.5154246283360753	1.7685540756059486	24	0.3779314904736107
SNX31	SNX31	0.0014554202506319	16319.0	2.18343315654853	2.18343315654853	0.0108008242025896	15145.0	85.2990875295708	0.5217391304347826	1.9806935112072765	2.1389988891282425	23	0.09478249211428104
SYT7	SYT7	1.6676862584959602e-13	16318.0	2.18074159476037	2.18074159476037	0.000281157254379189	12454.0	70.14193984454207	0.3333333333333333	1.079798799212676	1.067723817074886	24	1.031111957925425
ZFP36	ZFP36	4.19452884420255e-12	16317.0	2.17985345935758	-2.17985345935758	1.6801138303259983e-07	12839.0	72.31046524726821	0.4166666666666667	1.4576432619939677	1.7376383498653096	24	0.41562745056794664
SPHKAP	SPHKAP	0.0008602103924338071	16316.0	2.17961625270795	-2.17961625270795	6.50572585171089e-06	15126.0	85.19206939281288	0.6956521739130435	2.042924034109831	1.7720159197983103	23	0.07713938518886274
LIPJ	LIPJ	0.000912135744260051	16315.0	2.17924683216544	2.17924683216544	3.632023197585985e-07	16049.0	90.39089782584206	0.6363636363636364	1.9802240593141676	1.636658555264063	22	0.1216031115415895
FSTL3	FSTL3	4.37078319674916e-15	16314.0	2.1786557396627	-2.1786557396627	1.7836268936026002e-06	12861.0	72.43438098456686	0.24	0.8457003770258641	0.5298004177911961	25	2.5159575528348816
SLC5A9	SLC5A9	9.4007443372734e-10	16313.0	2.178479492254	-2.178479492254	2.159728411885597e-06	13935.0	78.48372197814577	0.5	1.3954722508861799	1.3585341886825175	24	0.5763618228313906
GADD45B	GADD45B	6.51854597076009e-24	16312.0	2.17781352841272	-2.17781352841272	0.00117916251080315	9981.0	56.21268446547256	0.2	0.7875286632772156	0.8096049871849581	25	1.7172385140185493
L1TD1	L1TD1	1.27273979714299e-10	16311.0	2.1771745550807102	-2.1771745550807102	0.000269361388147639	16762.0	94.40689422102061	0.5833333333333334	2.0799394091305823	1.4453080439931745	24	0.06727641650805559
FAM155B	FAM155B	3.7867400607497895e-07	16310.0	2.17435493027999	2.17435493027999	3.42749623973805e-05	12324.0	69.4097104877774	0.375	1.1729095287257179	1.076353844323107	24	0.9304053744371183
GZMB	GZMB	2.76228611589732e-08	16309.0	2.1742667381069998	-2.1742667381069998	0.00023882762513892098	17234.0	97.06545003942773	0.6956521739130435	2.822232127420193	2.292669740033987	23	-0.2826248272913428
NGEF	NGEF	1.55475898128019e-08	16308.0	2.17391115806867	2.17391115806867	0.00017918085730976062	11811.0	66.52022079531373	0.2916666666666667	1.1085480157665089	1.2085610750883644	24	0.8815136977866566
CHST6	CHST6	9.68226111318893e-06	16307.0	2.17365244807421	2.17365244807421	0.0012072436693587125	9078.0	51.12650670271488	0.3333333333333333	0.9129438530262681	1.0874696062033224	24	1.1593046719249909
CNFN	CNFN	2.56640741196725e-07	16306.0	2.17294519379222	2.17294519379222	0.00350476720672727	15542.0	87.53520333445984	0.625	2.0383439642334826	2.1402928800470375	24	0.06288916382125197
NPNT	NPNT	1.99006025908228e-19	16305.0	2.17206565954256	-2.17206565954256	0.13364429881968648	3615.0	20.355976118057903	0.20833333333333334	0.7657111549298223	1.0856054344814876	24	1.2954563969039523
PGM2L1	PGM2L1	1.1302997559290099e-14	16304.0	2.17082189258207	2.17082189258207	2.2963890105954103e-06	10745.0	60.51594006984341	0.2	0.7878666507785593	0.8155038710195739	25	1.6958291566102413
SMAD1.AS2	SMAD1.AS2	0.0806598137074454	16303.0	2.17027243436892	2.17027243436892	0.039981246183880395	13518.0	76.13495550298524	0.4166666666666667	1.3339417549030914	1.371869175924901	24	0.6096285958914286
SPINK5	SPINK5	3.8201852647135604e-05	16302.0	2.17018692233496	2.17018692233496	0.0036589851010277704	13584.0	76.50670271488114	0.4782608695652174	1.8560833775827208	2.021234977144677	23	0.1554017955873501
C1QTNF3	C1QTNF3	3.2264059989328495e-05	16301.0	2.17001687720254	2.17001687720254	1.556095756336395e-06	8339.0	46.96406443618339	0.20833333333333334	0.9138624865053737	1.260609343682464	24	0.9964660320759768
FOXF2	FOXF2	2.5462420833770297e-23	16300.0	2.16839172908162	-2.16839172908162	1.689311756336865e-08	13901.0	78.29221583868423	0.5	1.3858387900122524	1.4835951263866236	24	0.5274706860053645
LINC01098	LINC01098	0.33219354686607	16299.0	2.16826937150662	2.16826937150662	0.00315547030498875	15587.0	87.78866734257068	0.5454545454545454	1.6982893024093229	1.4997349937970692	22	0.313375410349924
EXD1	EXD1	0.000267462327917715	16298.0	2.16809835463886	-2.16809835463886	0.011086504379507481	11122.0	62.639405204460964	0.25	0.744397203654931	0.573746936988123	24	2.4814095887947216
RNF122	RNF122	2.43966010321598e-31	16297.0	2.16760951530661	-2.16760951530661	8.78729057354207e-17	13190.0	74.28748451053283	0.44	1.135875054474726	0.7336641517531317	25	1.4062762346592734
VIPR2	VIPR2	5.0611467444449204e-11	16296.0	2.16399133090406	-2.16399133090406	9.090316503815965e-10	14090.0	79.3567646727498	0.5	1.5492918606285546	1.7863957660552245	24	0.34410038467170356
PRDM13	PRDM13	0.37416220690399393	16295.0	2.16343962599291	2.16343962599291	0.011436502644569	10959.0	61.72130224174833	0.3333333333333333	1.203618556059726	1.5173069066156224	24	0.6325820213091103
TTPA	TTPA	3.95157770346899e-08	16294.0	2.1617033324985	-2.1617033324985	0.005663200027464186	9598.0	54.05542412977357	0.25	0.8547165832230617	0.9952551007040615	24	1.3132178356592719
RUNDC3A.AS1	RUNDC3A.AS1	5.03695423219078e-08	16293.0	2.15970308525148	2.15970308525148	0.0015666708150219003	7486.0	42.15951334910442	0.2916666666666667	1.1181921483201	1.355267128391676	24	0.7684912554231009
KCNT2	KCNT2	7.68137044289373e-19	16292.0	2.15846305737678	-2.15846305737678	0.0006119225462815623	12703.0	71.5444406894221	0.2916666666666667	1.1798108937166638	1.5404265368419094	24	0.6353124542157592
LINC01532	LINC01532	0.215436689040878	16291.0	2.1577948170880203	-2.1577948170880203	0.00180562318101521	16292.0	91.75960346964064	0.5652173913043478	2.0965471134563063	1.600902778925816	23	0.038258228068546694
RGS2	RGS2	9.76429003540066e-22	16290.0	2.15769039932402	-2.15769039932402	0.0182154698349466	1985.0	11.174946490931621	0.2	0.751576520335432	1.439696242856246	25	0.9766739935355856
JUNB	JUNB	3.91047875047347e-30	16289.0	2.1563758987095203	-2.1563758987095203	5.2046751739901245e-09	14254.0	80.280500168976	0.5	1.3252001031774645	1.2778157763469191	24	0.6504660616323433
ADAM33	ADAM33	1.14902174710568e-13	16288.0	2.1552620013466	-2.1552620013466	1.3089657548046852e-12	16327.0	91.95674214261574	0.7916666666666666	2.023118449023382	1.6842284263740164	24	0.07845940031288445
HSPB2	HSPB2	2.05481270745751e-14	16287.0	2.15483930588902	-2.15483930588902	1.587824851181875e-05	15237.0	85.81728061281964	0.5416666666666666	1.5927685815705717	1.56024354182952	24	0.36024550606975875
SLC17A1	SLC17A1	0.0221258666203242	16286.0	2.15467154146181	-2.15467154146181	0.000108019825442114	16428.0	92.52562802748676	0.6521739130434783	2.1595275420315114	1.4743787688162457	23	-0.0032935909499023585
P2RX2	P2RX2	7.524765017201171e-05	16285.0	2.154285188091	-2.154285188091	0.00013362809308274185	15373.0	86.58330517066575	0.625	1.6704612826496454	1.3999867837657698	24	0.34559176633077593
RGS9	RGS9	3.00965081248058e-13	16284.0	2.15381720609179	-2.15381720609179	0.00782001480715058	2977.0	16.762419736397433	0.16	0.5689132948170957	0.7044709667012913	25	2.249778892515698
LINC00582	LINC00582	0.000113206632026288	16283.0	2.15324965881331	2.15324965881331	0.0542886816451041	12770.0	71.92182043483159	0.25	1.0400810338024222	0.8214432733267021	24	1.355137550159427
CLDN9	CLDN9	2.85602994573899e-15	16282.0	2.1531120606431697	2.1531120606431697	0.0153419477283604	8542.0	48.10746873943899	0.25	0.9415176686197572	1.2522033140640039	24	0.9675700251033551
ABCC13	ABCC13	2.55701694938768e-06	16281.0	2.1530607456864397	-2.1530607456864397	0.0187204594531022	8972.0	50.52945815027599	0.2916666666666667	1.0512920204924407	1.5128581615724472	24	0.7282696773429396
CALN1	CALN1	4.6558006834513895e-05	16280.0	2.15218539011695	-2.15218539011695	3.02323942346872e-05	14407.0	81.14227779655289	0.625	1.8441770496633667	1.88985770451413	24	0.16297964641352206
CPA4	CPA4	0.000575754128381746	16279.0	2.15148314752495	-2.15148314752495	0.000354387650061251	16198.0	91.23014531936464	0.6086956521739131	2.844474982350609	3.2312419258532037	23	-0.21446609406774014
TAF7L	TAF7L	0.00012003648977322	16278.0	2.15062207443192	2.15062207443192	0.004044416621345635	12051.0	67.87202883857158	0.375	1.1015525699582498	1.315138474478312	24	0.7976874867795304
SMOC1	SMOC1	8.57771330317725e-05	16277.0	2.15021890724138	2.15021890724138	6.79446319223241e-07	13668.0	76.9798355300214	0.4	1.4365581337232625	1.6150966109462042	25	0.44186878275970093
SGPP2	SGPP2	2.98218716310199e-12	16276.0	2.15005713426598	2.15005713426598	2.371060576678302e-06	13124.0	73.91573729863693	0.4166666666666667	1.1758081859660174	1.6343202629408664	24	0.5961187475867532
PCDH12	PCDH12	1.8582012666444097e-24	16275.0	2.1494944393628304	-2.1494944393628304	1.97789928938915e-12	14385.0	81.01836205925424	0.5416666666666666	1.2786690646214696	1.280052196585628	24	0.6803045821601446
C14orf132	C14orf132	7.5075196538331895e-34	16274.0	2.14935511817686	-2.14935511817686	0.0008050465708212655	14216.0	80.06646389546017	0.5	1.3618247014836602	1.970567442955537	24	0.39964651781317867
DNTT	DNTT	0.252064703587759	16273.0	2.14921361433613	2.14921361433613	9.6397283842388e-09	17468.0	98.38346288160415	0.782608695652174	3.869914878173423	3.0278307508056606	23	-0.5682950618621732
JPH3	JPH3	2.78789686745286e-05	16272.0	2.14862249549814	2.14862249549814	3.1290868314746853e-09	15375.0	86.5945702376929	0.7083333333333334	1.5404868999361476	1.0797412337651695	24	0.563223461830165
RMST	RMST	0.000816707521125792	16271.0	2.1480597041562803	-2.1480597041562803	1.46923478222931e-05	14602.0	82.2406218316999	0.5652173913043478	1.8869189190661297	2.0482206944840704	23	0.127496409831915
ASPG	ASPG	5.09127640518031e-06	16270.0	2.14769505585598	-2.14769505585598	0.0007574707633780255	15292.0	86.12706995606624	0.7083333333333334	1.5004935262695331	1.1780717386189457	24	0.5493736148404355
LY6G6D	LY6G6D	0.0746157431954692	16269.0	2.14619458998525	-2.14619458998525	0.0022330988310591184	13196.0	74.32127971161428	0.4166666666666667	1.4974543760259038	1.3811646425012423	24	0.46970519950793094
PRTN3	PRTN3	0.00480557134125706	16268.0	2.14538184388958	-2.14538184388958	4.7206138313296805e-08	17638.0	99.34099357891179	0.7916666666666666	4.212683087509758	3.186715906780872	24	-0.6487246758398697
FZD10	FZD10	7.169479288517819e-29	16267.0	2.14405197273835	-2.14405197273835	0.0141345271677745	12109.0	68.1987157823589	0.2608695652173913	0.9574332192592112	1.1785227475001097	23	1.0068696221572324
EXOC3L1	EXOC3L1	5.30443894523279e-19	16266.0	2.14197656228548	-2.14197656228548	4.92974814702966e-10	14492.0	81.62104314520671	0.52	1.2409665852217693	0.9992755307753872	25	0.9016632043061964
SOCS3	SOCS3	8.411038422291709e-20	16265.0	2.14102110834771	-2.14102110834771	1.1379366962606e-08	12362.0	69.62374676129322	0.4	1.1923415733473794	1.2839821092914465	25	0.738857284798034
COL22A1	COL22A1	2.0082473527439998e-06	16264.0	2.14072107254315	2.14072107254315	9.963786083896535e-05	14611.0	82.29131463332206	0.5	1.511834344240626	1.6462614678436887	24	0.3820090189720921
FGR	FGR	9.6967063952217e-10	16263.0	2.14062567979327	-2.14062567979327	5.6429901716362803e-05	14887.0	83.8458938830686	0.5833333333333334	1.9406964848674884	2.4528926555636272	24	0.08150751908050452
DSCAML1	DSCAML1	2.72179601482031e-12	16262.0	2.13969035121721	-2.13969035121721	0.000779236142578246	12251.0	68.99853554128647	0.3333333333333333	1.1990017339788497	1.3382412380135766	24	0.7029290314163945
KCNMB4	KCNMB4	2.1823445227458e-16	16261.0	2.13930894991883	-2.13930894991883	0.0029350315838897103	2331.0	13.123803086628364	0.2	0.7223831856626504	1.2153649720344375	25	1.1658438385667338
ONECUT2	ONECUT2	1.39515306419028e-06	16260.0	2.13686655023278	2.13686655023278	0.0017623435426450602	9547.0	53.76816492058127	0.32	1.4681699974146556	2.0114789142641207	25	0.33244024984609916
GRIP1	GRIP1	6.2532654597198795e-19	16259.0	2.13632944343604	2.13632944343604	5.53282298746036e-06	10449.0	58.848710149825386	0.2916666666666667	0.8479330738529115	0.7952110908741973	24	1.620194165258383
B4GALNT2	B4GALNT2	0.00221480227407269	16258.0	2.13611692094649	2.13611692094649	0.003333119750304223	13433.0	75.65619015433141	0.4166666666666667	1.408808163100755	1.2972219084906205	24	0.5606664157345242
DPT	DPT	3.0945664230915498e-34	16257.0	2.13557151746714	-2.13557151746714	0.0004958736399189752	14973.0	84.330291765236	0.5	1.774738701218087	1.936113529713344	24	0.18636965793141108
LRAT	LRAT	1.5066258564207e-06	16256.0	2.13507019499187	2.13507019499187	0.0027859876046264	11912.0	67.08910668018474	0.3333333333333333	1.0516483255240345	1.1792416939945607	24	0.9187445415009493
CAPN8	CAPN8	2.8945419626597304e-10	16255.0	2.13378751654973	2.13378751654973	4.05639496755461e-11	16611.0	93.55638166047088	0.8333333333333334	2.058500164304786	1.4298950835000277	24	0.052652361081387204
FXYD6	FXYD6	1.0094316105184399e-28	16254.0	2.1327042627214796	-2.1327042627214796	5.2395835445258805e-09	14136.0	79.61586121437422	0.5416666666666666	1.553036924946074	1.6170452762654122	24	0.3584731647799962
IGLL5	IGLL5	1.64816094691498e-05	16253.0	2.13130056652381	2.13130056652381	0.00352984786183759	16305.0	91.8328264053171	0.5833333333333334	2.752607738896048	2.999501551386402	24	-0.20713680647541696
FUT1	FUT1	1.4976683905185096e-45	16252.0	2.1304712056401898	-2.1304712056401898	0.10317839561051599	5011.0	28.218992903007774	0.04	0.44583256464814836	0.576713739774158	25	2.921100235364166
PROC	PROC	2.70030716271649e-08	16251.0	2.13037308307672	2.13037308307672	4.591807964456985e-06	16661.0	93.8380083361496	0.625	2.306072983166931	1.991032762742666	24	-0.0882456097046755
GNGT1	GNGT1	0.00012604720312680502	16250.0	2.1303141802166103	2.1303141802166103	1.052842711759395e-05	13011.0	73.27926101160301	0.3333333333333333	1.215116074991989	1.393876686973155	24	0.6565846991902861
CHRNA6	CHRNA6	1.59692328676523e-06	16249.0	2.1303131354229503	2.1303131354229503	0.0003414709184483505	12323.0	69.40407795426383	0.4166666666666667	1.4887110875368395	1.7812246272962617	24	0.3602027717638313
VSTM2L	VSTM2L	5.841648062092379e-10	16248.0	2.12989745500108	2.12989745500108	0.0010964426407762305	11130.0	62.684465472569556	0.375	1.312952917430371	1.6850890995727064	24	0.4848079177402931
TPO	TPO	1.7113860821387898e-09	16247.0	2.12830727373275	2.12830727373275	0.005672711605455806	16279.0	91.68638053396417	0.5416666666666666	2.8222424445083742	2.8953820354639577	24	-0.23966964023261528
GPX3	GPX3	2.1528891947207897e-17	16246.0	2.12702788557251	-2.12702788557251	1.296606793382867e-05	15343.0	86.41432916525852	0.625	1.9995612762110635	2.2397827176939145	24	0.056910256675561106
ABCB1	ABCB1	7.53234115820018e-10	16245.0	2.12610596369015	-2.12610596369015	1.6606887985081642e-07	13559.0	76.36588937704178	0.4583333333333333	1.6537117891602893	1.8574371602889368	24	0.25432579073435596
EFNA3	EFNA3	2.1258518902610802e-14	16244.0	2.12600648164121	2.12600648164121	0.00015689857578848798	10038.0	56.53373887574631	0.4	1.006101853787588	0.976980103753934	25	1.1462921543136004
LHX2	LHX2	0.0164732517702665	16243.0	2.12586952018977	2.12586952018977	3.367964954718425e-06	14770.0	83.18688746198039	0.5833333333333334	1.421203755062444	1.156014801655641	24	0.6095646561948047
CCDC141	CCDC141	2.24818170789116e-09	16242.0	2.12561475629665	-2.12561475629665	6.087992919900986e-06	13626.0	76.74326912245127	0.5	1.4710252721704435	1.4499810313546924	24	0.451446929284747
CDCA2	CDCA2	3.1318869945404705e-14	16241.0	2.12559532396986	2.12559532396986	0.00242402007023929	3797.0	21.381097217528445	0.32	1.0359714517678282	1.658057999678373	25	0.6571687313793576
LINC01310	LINC01310	0.0762999100235481	16240.0	2.12479313185209	-2.12479313185209	0.01102966789379044	13609.0	76.6475160527205	0.5	1.3116212217884409	1.1599547896958369	24	0.7010375898157885
TMSB15A	TMSB15A	7.83480317131207e-06	16239.0	2.12441340247527	-2.12441340247527	0.003302206643684735	11344.0	63.88982764447448	0.3333333333333333	1.1810444112513767	1.1239456391743785	24	0.8393368489928641
TMEM156	TMEM156	6.05726695253222e-06	16238.0	2.124398455843	2.124398455843	6.943491513243542e-11	15575.0	87.72107694040778	0.75	2.3904985577073257	2.210544793345229	24	-0.12037761128632682
HS3ST1	HS3ST1	4.6289245986842096e-07	16237.0	2.1225021294857203	2.1225021294857203	0.02008074091761105	3048.0	17.162329615861214	0.125	0.7467319392933947	1.456974106099141	24	0.9442653678147868
WNK2	WNK2	4.59690776658529e-08	16236.0	2.12168476527112	2.12168476527112	0.000199236507699363	13749.0	77.43607074462092	0.4583333333333333	1.0962385343166698	1.0893620289327628	24	0.9413273124262185
ABI3BP	ABI3BP	3.1273009945773797e-26	16235.0	2.11987223122886	-2.11987223122886	9.360284352860634e-05	12138.0	68.36205925425256	0.375	1.3030285986706764	1.533317764055689	24	0.5327295174599675
PNMA6A	PNMA6A	3.8898834711062896e-05	16234.0	2.1184993532547	2.1184993532547	6.562289758717324e-09	12853.0	72.38932071645826	0.4166666666666667	1.3404240582965594	1.5463244317784828	24	0.5031772627838833
FUT3	FUT3	8.9598772148063e-22	16233.0	2.11707350930677	2.11707350930677	4.6386480293868e-08	15888.0	89.48405993015658	0.625	1.6816251628775518	1.1785311022557985	24	0.36948396660532495
SGCA	SGCA	1.8093521837555e-18	16232.0	2.11692379475426	-2.11692379475426	1.4396523553891945e-06	16596.0	93.47189365776725	0.6666666666666666	1.7768229998884433	1.2100083803592834	24	0.28107309039035905
FAM111B	FAM111B	2.03843654000274e-10	16231.0	2.11674515776696	2.11674515776696	1.32030837824792e-07	13287.0	74.83384026134955	0.36	1.2616188595151168	1.4591788452348156	25	0.5860325490904671
FDCSP	FDCSP	0.0392256731301011	16230.0	2.1163724555780603	2.1163724555780603	2.4131248892287e-05	17369.0	97.82584206376028	0.6956521739130435	3.8498418969585533	3.3492328410152377	23	-0.5175720899879371
SULT1C2	SULT1C2	3.79812940295328e-17	16229.0	2.11631394097053	2.11631394097053	4.41342239145608e-06	14246.0	80.2354399008674	0.5	1.5061910053950962	1.505659736925181	24	0.405219665912971
TEX35	TEX35	5.96381225748323e-05	16228.0	2.1159402286116	2.1159402286116	0.011316812432612601	12037.0	67.79317336938155	0.4583333333333333	1.2666012213307407	1.4291939542935774	24	0.5942783376107066
GPC5	GPC5	5.407140014337761e-10	16227.0	2.11571148744174	-2.11571148744174	0.0001570611881115685	13453.0	75.7688408246029	0.4583333333333333	1.1605304441077207	1.0783787110762684	24	0.8857565839562128
HOXD.AS2	HOXD.AS2	1.49889198262021e-05	16226.0	2.1150175135001104	2.1150175135001104	0.000861817068743376	11630.0	65.50073222935676	0.36363636363636365	1.0727800526610027	1.07173772973928	22	0.9724743581553773
OR2B6	OR2B6	0.17511045420159302	16225.0	2.1136351101302	2.1136351101302	0.01899707320705	10477.0	59.00642108820547	0.3333333333333333	1.1896803257616522	1.3608629846720321	24	0.6789476933206622
GCM1	GCM1	0.000106333283328597	16224.0	2.1113684397798798	2.1113684397798798	0.000939957529183499	15929.0	89.71499380421312	0.5416666666666666	2.2101126184481514	1.9904175818828937	24	-0.049609780162242004
CASKIN2	CASKIN2	2.9046179711266597e-32	16223.0	2.11008577942363	-2.11008577942363	8.722689029659141e-08	12214.0	68.79013180128422	0.28	0.9156262241035006	0.5652893869298341	25	2.113005449841198
LGI3	LGI3	0.000224993559711146	16222.0	2.11004858768287	-2.11004858768287	6.21081330049345e-05	14847.0	83.62059254252563	0.5833333333333334	1.4844557536019638	1.1330667451898306	24	0.5521235502998512
SRCIN1	SRCIN1	2.5869560596712898e-09	16221.0	2.10865912873917	2.10865912873917	0.000595958608830766	10124.0	57.0181367579137	0.375	0.9255805970816793	0.9969874787975989	24	1.1866533500343694
NPW	NPW	0.000370523184539415	16220.0	2.1058595118859897	2.1058595118859897	2.18496461800935e-06	16935.0	95.38132251886898	0.625	2.4258170085338095	1.9648834340084407	24	-0.16283790229484185
FPR1	FPR1	2.17828858583528e-09	16219.0	2.10570357997867	-2.10570357997867	1.919926277779845e-05	15324.0	86.30731102850062	0.5416666666666666	2.1491782885213895	2.7415960364490246	24	-0.015857445066571076
PDE6A	PDE6A	2.9218052862732202e-09	16218.0	2.10512684645972	-2.10512684645972	4.8659630451918437e-05	17003.0	95.76433479779205	0.6666666666666666	2.215234322118574	1.6097716427318292	24	-0.06839943799233454
FGD5	FGD5	1.0196631662460498e-45	16217.0	2.10497140578419	-2.10497140578419	1.2038324643336493e-11	14589.0	82.16739889602343	0.5833333333333334	1.4587303314368583	1.397515144206256	24	0.4624215179538367
EGR1	EGR1	9.52303950268207e-13	16216.0	2.10411007846954	-2.10411007846954	1.7727530965898752e-05	7346.0	41.37095865720401	0.20833333333333334	1.344518403241673	2.6913868096663767	24	0.28223058554783725
QPRT	QPRT	1.33254495780705e-10	16215.0	2.10387156009779	2.10387156009779	0.0038478317553347205	6069.0	34.17821336036949	0.12	0.46380550532076276	0.439643041572349	25	3.730449250172274
SLC25A25	SLC25A25	1.03607363992558e-28	16214.0	2.10216030271449	-2.10216030271449	1.38813034698959e-07	7527.0	42.390447223160976	0.28	0.6780418784219687	0.5907964089700442	25	2.4105062296760336
LRRC36	LRRC36	5.52141087666489e-10	16213.0	2.1020058583469	-2.1020058583469	0.000416511916484621	13844.0	77.9711614284105	0.4166666666666667	1.5406913158158353	1.717130491841134	24	0.326891022667249
HOXB7	HOXB7	1.2633881416943601e-07	16212.0	2.0973924557380803	2.0973924557380803	1.8747537784198932e-06	10546.0	59.3950659006421	0.25	1.1444610258325743	1.335766960600425	24	0.7133964666090895
NLRP6	NLRP6	2.34830929382184e-07	16211.0	2.0972083947215103	-2.0972083947215103	6.041209578994275e-07	16549.0	93.20716458262926	0.7083333333333334	2.0535587147155265	1.7786136721714279	24	0.024541405865104983
TCAM1P	TCAM1P	0.000352836434952663	16210.0	2.09714691659123	2.09714691659123	1.965715496359191e-05	12959.0	72.98636926889715	0.4583333333333333	1.340090636988576	1.1947825786592923	24	0.633635184446842
PRRG3	PRRG3	9.28366257736052e-09	16209.0	2.09605426014946	-2.09605426014946	0.000564633825464764	13435.0	75.66745522135857	0.4166666666666667	1.3402138706382971	1.16190382634961	24	0.6505188918138004
MYCT1	MYCT1	7.064960172127329e-19	16208.0	2.09317028519691	-2.09317028519691	0.00019769617666292105	13641.0	76.82775712515489	0.5	1.5383259604803392	1.5767378030939112	24	0.35189384286204234
MYADM	MYADM	1.27866832648808e-35	16207.0	2.0878866937436897	-2.0878866937436897	5.14275129724316e-11	10103.0	56.89985355412864	0.28	0.8294922646954204	0.8034243004691313	25	1.5662887322594976
MMP3	MMP3	0.00044575376429075	16206.0	2.08759616655692	2.08759616655692	0.0007294936055242576	16164.0	91.03863917990311	0.5	3.1822479745762813	3.7029098729940952	24	-0.29561934952909047
ANGPTL7	ANGPTL7	2.11265297164985e-05	16205.0	2.08758219830648	-2.08758219830648	0.001083333395839607	14880.0	83.80646614847358	0.5	1.7262434633035737	1.715639914965282	24	0.21061455370150817
LHX8	LHX8	0.183398921542725	16204.0	2.08556953192496	2.08556953192496	0.0004602937535793341	13833.0	77.90920355976118	0.4166666666666667	1.6665345376513436	1.7902552764764814	24	0.23406438164413437
SH2D4B	SH2D4B	4.50518742705758e-13	16203.0	2.08544509691694	-2.08544509691694	0.00041504236954602596	14892.0	83.87405655063647	0.5416666666666666	1.4005535921137728	1.126861332798993	24	0.6077868543966948
SLC39A8	SLC39A8	2.9652094237345397e-15	16202.0	2.08504484083329	-2.08504484083329	0.0224709154282866	3195.0	17.990312042356653	0.12	0.6731300132138313	1.1868193408153662	25	1.1896628063454442
AFAP1L1	AFAP1L1	9.20446710985399e-17	16201.0	2.08441109337992	-2.08441109337992	6.811022472387152e-06	12326.0	69.42097555480454	0.2916666666666667	0.7881522688190746	0.5493290520139329	24	2.3597128529950164
CRYAB	CRYAB	1.79910698119583e-16	16200.0	2.08374823976375	-2.08374823976375	0.0012632878479972025	13004.0	73.23983327700799	0.2916666666666667	1.3588799954415791	1.6434977266221893	24	0.44105217341064523
CSRP3	CSRP3	0.101068827354373	16199.0	2.08313057906391	2.08313057906391	1.4276713998269335e-06	17737.0	99.89861439675566	0.7727272727272727	4.491432461880556	3.071706373067385	22	-0.7840273744693026
MGAT4EP	MGAT4EP	0.0005630975556470701	16198.0	2.08229321208492	2.08229321208492	0.0036020670981890346	14666.0	82.60110397656865	0.4583333333333333	1.524297178696199	1.3903764832949184	24	0.40132729522753446
MMRN2	MMRN2	3.0232945782044604e-21	16197.0	2.0816797138341	-2.0816797138341	1.5119589167950789e-13	14786.0	83.27700799819759	0.5833333333333334	1.5262575898707909	1.1579828627062978	24	0.47964623817078234
HYAL2	HYAL2	1.33321299396529e-22	16196.0	2.07909355237246	-2.07909355237246	5.20531398998139e-07	10091.0	56.83226315196575	0.2	0.7755943664140013	0.8879017111439896	25	1.4680669826382082
ELF5	ELF5	0.00034989228288247404	16195.0	2.0781178615588503	2.0781178615588503	0.0010323407862963074	14983.0	84.38661710037174	0.5416666666666666	1.953575310264018	2.0976972860353995	24	0.059371079003593875
UBE2C	UBE2C	2.54887311735521e-10	16194.0	2.07805176406718	2.07805176406718	8.09728397439534e-05	8309.0	46.79508843077616	0.28	1.066442793863231	1.259247805887383	25	0.803343841835067
LHFPL4	LHFPL4	0.00503790876754799	16193.0	2.07793424013071	2.07793424013071	1.233979393988723e-06	13226.0	74.49025571702151	0.4166666666666667	1.2709052529401885	1.2881012269345673	24	0.6265260604642812
SOX2	SOX2	1.0201991157180701e-06	16192.0	2.07725860472788	2.07725860472788	1.64174804267802e-05	13098.0	73.76929142728399	0.391304347826087	1.424888168374966	1.503409996059164	23	0.433927164288484
AREG	AREG	5.82481935452193e-06	16191.0	2.07487825185798	-2.07487825185798	5.954183838168125e-05	13428.0	75.62802748676354	0.4166666666666667	1.4239856736064638	1.7018661338335663	24	0.3824581530307189
TFF3	TFF3	5.9075389282026e-05	16190.0	2.07392589499214	2.07392589499214	0.0004629375198133231	16981.0	95.6404190604934	0.625	2.817971518690223	2.824873976138966	24	-0.26339073175754335
LINC01206	LINC01206	0.00837059273849523	16189.0	2.07303541164137	2.07303541164137	0.0007669443156609505	14338.0	80.75363298411625	0.4166666666666667	1.817369030521947	2.1162606666310277	24	0.1208104394466821
PROM1	PROM1	0.000239882836213106	16188.0	2.07293299432741	2.07293299432741	2.66994704928485e-05	12476.0	70.26585558184071	0.375	1.4474031710846444	1.8319312640599141	24	0.34145922148654767
LINC00029	LINC00029	0.241483520399005	16187.0	2.07292353577762	2.07292353577762	0.0007787136780858624	16205.0	91.26957305395966	0.625	1.6556499927847736	1.0778771207756923	24	0.38712533641363134
TMPRSS12	TMPRSS12	0.0187174057562307	16186.0	2.07284429987914	2.07284429987914	0.0474005765432126	14117.0	79.5088430776163	0.391304347826087	1.3760760404791346	1.3747057691368993	23	0.5068490109250557
C1orf105	C1orf105	0.19162066725948002	16185.0	2.07275136373726	2.07275136373726	0.00018999591043013952	13034.0	73.40880928241522	0.4583333333333333	1.680151906797333	1.8534424985809472	24	0.21182176260688607
GPR160	GPR160	8.811770843985321e-11	16184.0	2.0725803914001397	2.0725803914001397	3.49315641745884e-08	13394.0	75.436521347302	0.36	0.8427564852932741	0.4124651964178827	25	2.9816428556577868
POU2AF1	POU2AF1	8.51585262661859e-05	16183.0	2.0716213136047803	2.0716213136047803	1.3427586884115735e-06	15595.0	87.83372761067928	0.5833333333333334	2.247110552385132	2.657613154067165	24	-0.06603264982782993
GLB1L2	GLB1L2	2.63166327857151e-23	16182.0	2.07151903133948	2.07151903133948	0.0119586047988891	5036.0	28.359806240847135	0.24	0.78014845145295	0.9531133502476598	25	1.3548971688949445
FAM43A	FAM43A	9.548789171740549e-15	16181.0	2.06900187212711	-2.06900187212711	2.1592797172334053e-08	11370.0	64.03627351582742	0.375	0.9126086997832817	0.6455005309020844	24	1.7914674225407279
CPB2	CPB2	0.0007623350345675599	16180.0	2.0684411093311796	-2.0684411093311796	5.12681843063299e-06	17375.0	97.85963726484172	0.782608695652174	2.9128982916078745	2.2683715005037373	23	-0.37227463935654553
CRYGN	CRYGN	1.1026135821681e-05	16179.0	2.06807310708837	2.06807310708837	0.0008442894346615045	13057.0	73.53835755322744	0.4583333333333333	1.3866923173851315	1.4826255567727262	24	0.4595771242379093
RSPO2	RSPO2	3.1222270533618806e-07	16178.0	2.0680584305199	-2.0680584305199	0.000609292874357356	13710.0	77.21640193759153	0.5	1.6221198674881443	1.6878267385234	24	0.2642087323618811
CNGB3	CNGB3	0.00152182384297969	16177.0	2.06738961905511	2.06738961905511	0.00013507557932887295	13550.0	76.31519657541962	0.4166666666666667	1.8051203189887042	2.060351142215123	24	0.12729349609039714
ACKR1	ACKR1	6.226294427538361e-09	16176.0	2.06554182984395	-2.06554182984395	2.485010665661103e-06	13463.0	75.82516615973864	0.375	1.5409911309950877	1.9732834093445812	24	0.2658263361283162
IGSF1	IGSF1	3.5821017681082703e-06	16175.0	2.06553878066032	2.06553878066032	0.00242351422880296	12532.0	70.58127745860088	0.375	1.6213936597301604	2.1385882126297253	24	0.2076814593418218
PLA1A	PLA1A	1.14007853787019e-09	16174.0	2.06530664277948	-2.06530664277948	0.0189820547353628	14260.0	80.31429537005745	0.4583333333333333	1.479949435209735	1.6073388212079271	24	0.3641778571177946
ANLN	ANLN	8.88684003840043e-09	16173.0	2.0650829762692298	2.0650829762692298	3.3274183878997397e-05	9956.0	56.0718711276332	0.24	0.9759754930667655	1.2512463749527114	25	0.8704180927146543
RBBP8NL	RBBP8NL	1.41173473130931e-07	16172.0	2.0649641414494697	2.0649641414494697	0.019643154471716148	12775.0	71.94998310239946	0.375	1.1927577049052929	1.187491454961395	24	0.7344949160687072
NR1I2	NR1I2	7.384081237886491e-07	16171.0	2.06445332532516	2.06445332532516	0.00011971053538173526	15141.0	85.27655739551649	0.5833333333333334	2.109532619060999	2.1739296243901456	24	-0.0207363169580456
MFAP5	MFAP5	1.70396866918986e-06	16170.0	2.0641067187547	-2.0641067187547	0.00019418860761850752	12132.0	68.32826405317111	0.375	1.329373942925477	1.4026531644676132	24	0.5238164319175054
KNG1	KNG1	0.00204906912786439	16169.0	2.06273458243398	2.06273458243398	0.00012155736138141298	17118.0	96.4120761518531	0.7391304347826086	3.082522824065906	2.3253263258329295	23	-0.43855704479096674
IQGAP3	IQGAP3	7.75227986829937e-16	16168.0	2.0625649145797302	2.0625649145797302	2.70765040110679e-05	5160.0	29.05824039653036	0.24	0.8394933951904457	1.1288273804261195	25	1.0834885303079633
ABCA8	ABCA8	1.7330689113910402e-47	16167.0	2.0620946939056	-2.0620946939056	1.954484403769875e-08	14240.0	80.20164469978596	0.5	1.5215414728997727	1.3801382603197048	24	0.39166599213082465
MED12L	MED12L	8.776904448400708e-19	16166.0	2.06148094631336	-2.06148094631336	0.028268781765125782	6344.0	35.72716007660245	0.16666666666666666	0.5654434142479131	0.5134809822916899	24	2.9135208189961794
PTK6	PTK6	7.531351583349579e-28	16165.0	2.0612227312263998	2.0612227312263998	0.00407143007540583	11285.0	63.55750816717359	0.375	0.9746158451201016	1.1112120610831189	24	0.9778573542903796
STXBP5L	STXBP5L	0.19844410260027104	16164.0	2.06094029414308	2.06094029414308	3.138180136100305e-05	12739.0	71.74721189591078	0.4166666666666667	1.5457064651363766	2.074685880709351	24	0.24834305462692077
SEMA6D	SEMA6D	1.26659805707247e-16	16163.0	2.06034981117256	-2.06034981117256	0.00024943891215288246	9270.0	52.20795313732116	0.2916666666666667	1.0232572610865918	1.3781817681886852	24	0.7525078142986878
ARL14	ARL14	0.0351812182718335	16162.0	2.06021417111516	2.06021417111516	1.3570243284020698e-05	16551.0	93.21842964965641	0.6956521739130435	2.3061125882730655	1.8367432388228622	23	-0.1338774042884174
CASS4	CASS4	9.940969489251429e-20	16161.0	2.05986590493459	-2.05986590493459	1.58819488330946e-05	12946.0	72.91314633322068	0.4166666666666667	1.6430294021275573	2.4599627924426946	24	0.16944829575780795
NPTX2	NPTX2	0.000151340745270077	16160.0	2.05943045034908	2.05943045034908	4.590698223296325e-07	14804.0	83.37839360144193	0.5	1.8572853214788099	1.9625433498759077	24	0.10300161210862015
CELA3B	CELA3B	0.186016387311488	16159.0	2.0585665770894	2.0585665770894	0.04488589516083415	17247.0	97.1386729751042	0.5454545454545454	2.8922288572802746	2.6246088620077503	22	-0.3176329594319615
COL9A2	COL9A2	3.0139045296733003e-09	16158.0	2.05813394617656	2.05813394617656	1.3045506687590651e-07	11648.0	65.6021178326011	0.4166666666666667	1.1265027681412665	0.9736702511861522	24	0.9568241166866857
CELA3A	CELA3A	0.325615614041701	16157.0	2.05769466577354	2.05769466577354	0.0227937238458351	17208.0	96.91900416807479	0.6190476190476191	3.0428651645496103	2.705459513657183	21	-0.36414165275914173
SRRM3	SRRM3	1.1801381861992e-10	16156.0	2.05533149767156	2.05533149767156	4.040103491435758e-05	13084.0	73.69043595809394	0.4583333333333333	0.9680667802903377	0.8259590971298871	24	1.3163662960542992
MIR2052HG	MIR2052HG	0.0988691868861128	16155.0	2.0552727907737602	2.0552727907737602	6.25698554483473e-06	14107.0	79.45251774248057	0.5	1.454908547170499	1.3030617479625806	24	0.4607335335735
AJAP1	AJAP1	2.3407941375066896e-05	16154.0	2.05493682890708	-2.05493682890708	5.999941279512191e-06	14859.0	83.68818294468852	0.5833333333333334	1.5683927856196183	1.4745658019979302	24	0.3299574984230813
TEX9	TEX9	9.67813561212095e-06	16153.0	2.05491050948031	2.05491050948031	8.579862980837291e-12	13253.0	74.64233412188803	0.4	0.9917715772617645	0.8727887210468722	25	1.218094261052499
HACD1	HACD1	2.4640402355355998e-27	16152.0	2.05478158265411	-2.05478158265411	3.400209965229212e-05	7109.0	40.036048214486875	0.16666666666666666	0.8349758565505687	1.3781972793772779	24	0.8850733812612779
FOXG1	FOXG1	0.000459348888009283	16151.0	2.0535715959338603	2.0535715959338603	0.0378010719979952	10240.0	57.67151064548834	0.34782608695652173	1.8305513611746767	2.5709576862774246	23	0.08674597639220663
P2RY1	P2RY1	2.01647798427256e-18	16150.0	2.05316963603542	-2.05316963603542	0.00385461532871343	10857.0	61.14678382336374	0.20833333333333334	0.7309131240929831	0.7697040672267441	24	1.7178764777826208
GJA4	GJA4	1.83166055865557e-32	16149.0	2.0526075157651	-2.0526075157651	1.590616846899354e-09	16605.0	93.52258645938943	0.7916666666666666	2.042462180731731	1.3921780738474758	24	0.0072873831472802094
PPP1R15A	PPP1R15A	1.5833642275053198e-26	16148.0	2.0517063294761	-2.0517063294761	0.000300952352075068	7822.0	44.05204460966542	0.28	0.5902417012426576	0.510281016757656	25	2.8640387947794754
PPFIA4	PPFIA4	2.5600510577823604e-05	16147.0	2.0514899551340102	2.0514899551340102	4.15483932467002e-06	12944.0	72.90188126619353	0.375	0.9807159633950365	0.8452339236438203	24	1.2668374538528286
LEFTY1	LEFTY1	0.00220616801045904	16146.0	2.05100904021115	2.05100904021115	0.0018951323508815	15168.0	85.428635800383	0.6086956521739131	2.6010125842956997	2.7288862177035362	23	-0.20154872728530213
AKAP12	AKAP12	3.4458983568715694e-21	16145.0	2.04940679389955	-2.04940679389955	0.00100036200805196	9777.0	55.063647628703386	0.16	0.7346885016591742	0.7430413626019079	25	1.7693743019051145
LINC01354	LINC01354	2.60139329595948e-08	16144.0	2.04866410932117	-2.04866410932117	0.0220805031762991	12660.0	71.3022417483384	0.391304347826087	1.049986168257279	1.0203666382081726	23	0.9787442118037409
FRMPD3	FRMPD3	7.26890732613754e-06	16143.0	2.04856513446979	2.04856513446979	0.0012468369950408172	7858.0	44.2548158161541	0.20833333333333334	0.8753780034092222	1.395028661109728	24	0.840977080805861
COLGALT2	COLGALT2	1.6458386523646297e-24	16142.0	2.0481511454059698	-2.0481511454059698	6.233547378462605e-07	11882.0	66.92013067477751	0.3333333333333333	1.4719290489390104	2.1801924221832882	24	0.2642987337282454
CD19	CD19	0.0027951146387694397	16141.0	2.0481323785821797	2.0481323785821797	2.21420096484195e-06	16190.0	91.18508505125605	0.75	2.2327988237967626	1.9198238850500349	24	-0.09618926332389606
STIL	STIL	4.93352699793284e-12	16140.0	2.0476818724326598	2.0476818724326598	6.35820100564765e-06	8640.0	48.659457023769285	0.28	0.8514061990898611	1.0152869775107702	25	1.17826358442592
SALL3	SALL3	0.0730418950610952	16139.0	2.04763523126263	2.04763523126263	1.4001874204006698e-07	16505.0	92.95933310803198	0.6956521739130435	2.2326519269637557	1.8993056942739082	23	-0.0974128052471597
GFOD1	GFOD1	5.27786614464306e-21	16138.0	2.04705377988574	-2.04705377988574	0.00229970273080404	3097.0	17.43832375802636	0.2	0.5523797830036409	0.666008736044733	25	2.2442258126501637
TSPAN18	TSPAN18	1.24930916753695e-15	16137.0	2.04639391776909	-2.04639391776909	4.515112067701089e-18	14114.0	79.49194547707559	0.5416666666666666	1.3349169905751888	1.3657978220324447	24	0.5209240457970215
AIM2	AIM2	1.4717359246462698e-05	16136.0	2.0461142727917	2.0461142727917	0.0005949501436442754	12398.0	69.8265179677819	0.3333333333333333	1.7884313181580993	2.3545325597426947	24	0.10944123646426049
LINC00589	LINC00589	0.0012155763202156	16135.0	2.04541579153724	2.04541579153724	2.41994763218899e-12	16912.0	95.25177424805678	0.7916666666666666	2.3972791978693464	1.745612581597148	24	-0.20157015940511214
LINC01800	LINC01800	0.0020032609248604397	16134.0	2.04459406214818	2.04459406214818	0.05070994519832605	12606.0	70.99808493860537	0.2916666666666667	1.0662273264498072	1.143083676250135	24	0.8559012398006477
MC5R	MC5R	0.042485715179422005	16133.0	2.04441089599602	2.04441089599602	0.007146316191807641	13854.0	78.02748676354624	0.4583333333333333	1.3549566308267733	1.1671580971830449	24	0.5907119753812752
FAM189A2	FAM189A2	7.041683751489359e-13	16132.0	2.0443651276837	-2.0443651276837	0.01795785879285405	9011.0	50.74912695730539	0.16666666666666666	0.6163460535985537	0.5975938027352903	24	2.38961493166237
ODAM	ODAM	0.00016443327976762	16131.0	2.04201398249358	-2.04201398249358	0.000194726345139292	15785.0	88.90390897825841	0.6086956521739131	2.1539077716536563	1.7342115448039706	23	-0.06452141867889842
XKRX	XKRX	2.4306136681738895e-07	16130.0	2.04122583690572	2.04122583690572	0.00773353884218732	7696.0	43.342345386955046	0.16666666666666666	0.5533837529440404	0.47176260097770034	24	3.1537940499696546
CEACAM1	CEACAM1	3.9596974322984e-19	16129.0	2.0403187268202	2.0403187268202	5.457795618402855e-05	11705.0	65.92317224287484	0.2916666666666667	0.9493120369329824	0.8055089618512183	24	1.3544314732139904
TCAP	TCAP	3.65301984056488e-09	16128.0	2.03981433365241	-2.03981433365241	6.81774499124286e-07	17639.0	99.34662611242537	0.7916666666666666	3.6224658596064785	2.5196375851600368	24	-0.6281266541170226
KRT80	KRT80	3.71021320347044e-15	16127.0	2.03962124358121	2.03962124358121	0.00028099752098277	11894.0	66.9877210769404	0.2916666666666667	1.0963593915821217	1.4239668789935152	24	0.6624183932324343
JAM2	JAM2	1.2472778559882e-37	16126.0	2.03959196907662	-2.03959196907662	9.638960087773585e-07	12071.0	67.98467950884307	0.4166666666666667	1.1612954029918852	1.250866774656831	24	0.7021503679524074
ODF3L1	ODF3L1	2.3663294728703698e-07	16125.0	2.03943090816961	-2.03943090816961	0.007139009002232185	12539.0	70.62070519319589	0.375	0.8995340392359963	0.6503824233638895	24	1.7526563264700044
KIF17	KIF17	3.88751150182389e-27	16124.0	2.03898030047116	-2.03898030047116	2.99122008495278e-11	15428.0	86.89309451391235	0.64	1.4801130282744939	0.958375536954618	25	0.5831401685946103
RAX	RAX	0.0572719835768679	16123.0	2.03863856877889	2.03863856877889	0.00022290031302281402	16444.0	92.61574856370395	0.6086956521739131	2.4636484312258404	1.9972778497796726	23	-0.2127945606034909
LINC01342	LINC01342	6.68725558414009e-06	16122.0	2.03653437031779	2.03653437031779	0.0814493302919165	12687.0	71.4543201532049	0.2916666666666667	1.0668412212077514	1.013173134793823	24	0.9570853349831145
NKG7	NKG7	6.1591814726785005e-06	16121.0	2.0358080816661	-2.0358080816661	0.0017961856741405663	15719.0	88.5321617663625	0.6666666666666666	2.2283201040351392	2.802433368455329	24	-0.06869459396822335
CCDC178	CCDC178	0.000295348946580387	16120.0	2.0352348826618702	-2.0352348826618702	0.00508361305752983	12198.0	68.70001126506702	0.2608695652173913	0.8927538530405458	0.734833893968228	23	1.5547473231695026
UGT1A6	UGT1A6	0.00140836348461126	16119.0	2.03516827994158	2.03516827994158	3.21460101346455e-07	15714.0	88.50399909879464	0.625	2.2602522077475027	2.189675566919938	24	-0.10279327732671036
TMIGD2	TMIGD2	0.0006247146843691281	16118.0	2.03309951033207	-2.03309951033207	2.4507700040676495e-06	17017.0	95.84319026698208	0.7916666666666666	2.7994318422618374	2.16093451230881	24	-0.35463005822929544
TLL2	TLL2	1.0248739749589501e-07	16117.0	2.03269457118318	2.03269457118318	2.5855311540095197e-05	10996.0	61.92970598175059	0.375	1.1387267536043433	1.269597715482273	24	0.7041347087169668
ZG16B	ZG16B	0.000186410518701104	16116.0	2.03267265771103	2.03267265771103	0.00021036965901503202	17372.0	97.84273966430099	0.6956521739130435	3.83855285704523	3.5379408830440564	23	-0.5104325535763092
ADAM28	ADAM28	8.81271204660429e-07	16115.0	2.0325167063000102	2.0325167063000102	3.55645731097337e-07	13468.0	75.85332882730651	0.4583333333333333	1.5030159802867091	1.4827210978844712	24	0.3571141779588801
SLC7A9	SLC7A9	0.00172143702757139	16114.0	2.03212262962525	2.03212262962525	1.0249504031376455e-06	16149.0	90.95415117719949	0.6666666666666666	1.8851405699356434	1.3592153773731772	24	0.10813743144494466
EVX1	EVX1	0.153514184559371	16113.0	2.03200220265038	2.03200220265038	0.017804256077703307	14811.0	83.41782133603694	0.5	1.7649039231849197	1.7823287175944196	24	0.14985915719629903
MLC1	MLC1	7.78923261715697e-15	16112.0	2.03157262796248	-2.03157262796248	9.68601873680983e-10	16603.0	93.51132139236228	0.75	2.5380820072882373	2.6735593715642607	24	-0.1894513302053233
CACNG5	CACNG5	0.21324215879292202	16111.0	2.03156798406098	2.03156798406098	4.3310054763330295e-05	16867.0	94.99831023994592	0.5652173913043478	2.0571736799688125	1.6987789682635976	23	-0.015073000305628425
GFI1B	GFI1B	3.1385576526302603e-06	16110.0	2.03120573492251	-2.03120573492251	1.2042388797301844e-05	14519.0	81.77312155007321	0.5416666666666666	1.6644073043965946	1.5958356243138982	24	0.229847250517179
MIR30C2	MIR30C2	0.0169920952759171	16109.0	2.03107551348851	-2.03107551348851	0.000454367134979686	17477.0	98.43415568322631	0.6190476190476191	3.717923213351163	3.355326832963145	21	-0.5027372246693982
MDK	MDK	2.00779257301309e-14	16108.0	2.0309439084432	2.0309439084432	0.0007409483813280139	6509.0	36.65652810634223	0.2	1.0240475247170084	1.5357053211850287	25	0.6556572864833331
EMP2	EMP2	8.752026275451619e-15	16107.0	2.03030750164884	-2.03030750164884	9.86489993454713e-05	11409.0	64.25594232285681	0.24	0.8677184842155051	1.04465709745902	25	1.112890555437921
GYPB	GYPB	0.19410738749054202	16106.0	2.02943872854549	-2.02943872854549	3.2220182330891004e-06	17557.0	98.88475836431226	0.7916666666666666	3.0479913584871543	2.13509262266031	24	-0.4770531353682235
ADCY4	ADCY4	4.4588665310285095e-17	16105.0	2.02933312142742	-2.02933312142742	3.4204447186709654e-09	14144.0	79.66092148248282	0.5416666666666666	1.4419318450860177	1.5705547652507321	24	0.3740087829714275
ZP1	ZP1	0.00287779410844751	16104.0	2.02855207458727	2.02855207458727	0.0018385089937642735	14846.0	83.61496000901205	0.5	1.4411282192022978	1.35985437102141	24	0.43197556142996996
HJURP	HJURP	6.44694929705315e-10	16103.0	2.02819274388095	2.02819274388095	0.000581459742350396	5270.0	29.677819083023543	0.32	1.1295700722352726	1.7061653577214333	25	0.5266914297485086
TRIM54	TRIM54	2.67019591102031e-05	16102.0	2.02624881761029	2.02624881761029	1.57610013915408e-06	16487.0	92.85794750478765	0.7083333333333334	1.970863757037846	1.5729746608984017	24	0.0352103959136957
MT1X	MT1X	4.08432046781742e-10	16101.0	2.02589900285451	-2.02589900285451	0.041969598090554	5151.0	29.00754759490819	0.08	0.5386632197626784	0.7442262904257859	25	1.9983650164265976
FIBIN	FIBIN	8.043773399059559e-08	16100.0	2.02566501460176	-2.02566501460176	0.00172743936312281	12115.0	68.23251098344035	0.21739130434782608	1.0208965874961156	1.4280136368619711	23	0.7036126274771444
C6orf141	C6orf141	7.109480059315658e-13	16099.0	2.02519916116684	2.02519916116684	0.02915879900651935	7397.0	41.6582178663963	0.20833333333333334	0.7235857762030413	0.7305992489114215	24	1.7815695634825481
LINC01620	LINC01620	0.0543701108479992	16098.0	2.02430460007924	-2.02430460007924	0.0014703246953829997	14525.0	81.80691675115466	0.4782608695652174	1.2496576123706489	0.8008910301158898	23	0.9672314442034627
KIF2C	KIF2C	1.64436634204599e-13	16097.0	2.0242800826703102	2.0242800826703102	0.00272040932917033	3579.0	20.153204911569226	0.24	0.742885117950957	1.0311451905433295	25	1.2426911132118672
CALCRL	CALCRL	1.9185157109645395e-17	16096.0	2.02335568974417	-2.02335568974417	2.27400038525048e-05	9110.0	51.306747775149255	0.2916666666666667	1.281115335894193	2.1273951105747266	24	0.3488963334363671
SLC14A1	SLC14A1	3.14466904057942e-07	16095.0	2.02309364062292	-2.02309364062292	4.5161853499108196e-08	13271.0	74.74371972513237	0.4583333333333333	1.873035942285223	2.426944298108038	24	0.061829889731987955
SRPK3	SRPK3	2.0992896635880202e-09	16094.0	2.02260879211983	2.02260879211983	0.0002659041767070495	9149.0	51.52641658217866	0.25	0.9952314816705531	1.5072782136394398	24	0.6816109336368599
LINC00518	LINC00518	0.16880144053737	16093.0	2.01924502576562	2.01924502576562	0.00490789839033557	12201.0	68.71690886560775	0.391304347826087	1.7903634393384866	1.9305989899007017	23	0.11855470122197966
GJB3	GJB3	0.0028946565440118397	16092.0	2.0180941688742	2.0180941688742	0.02154433321539545	11727.0	66.04708798017347	0.3333333333333333	1.1205834164051458	1.2817400223525022	24	0.7002283901705475
ADAMTS15	ADAMTS15	1.5485550580756098e-19	16091.0	2.01711337095505	-2.01711337095505	3.612354630960186e-05	10619.0	59.80624084713303	0.375	1.2095796945072737	1.7888516986938223	24	0.45142572580914253
LAMP3	LAMP3	1.06011144961178e-21	16090.0	2.01691403287191	-2.01691403287191	0.025696334309696887	9271.0	52.21358567083474	0.3333333333333333	1.0826630489868776	1.4423377328689047	24	0.6477338577468578
SLC51B	SLC51B	3.51683125172839e-13	16089.0	2.01615778941246	-2.01615778941246	0.000218561587420348	14502.0	81.67736848034245	0.5416666666666666	1.2321406931562349	1.068515100280012	24	0.7337445170880299
MEIKIN	MEIKIN	0.0052426139074427105	16088.0	2.0156997675978703	2.0156997675978703	0.0155563806125019	14857.0	83.67691787766137	0.5652173913043478	1.6847677277678847	1.7526906657746815	23	0.1888137172703633
GALNT7	GALNT7	1.5725420358395e-29	16087.0	2.01447053921887	2.01447053921887	2.9014110727532697e-11	12939.0	72.87371859862566	0.28	1.0617769905135508	1.255879505183362	25	0.7585867471945276
SCN8A	SCN8A	1.31688689998396e-06	16086.0	2.01445409577547	2.01445409577547	0.005696825917081645	5438.0	30.624084713304043	0.25	0.8417332161514026	1.1842229102944986	24	0.990287275672136
DPP4	DPP4	5.50175123894026e-11	16085.0	2.0142869766022597	2.0142869766022597	1.279045466345383e-09	13622.0	76.72073898839697	0.5	1.4452007689113617	1.6442360485369327	24	0.3461097986492146
NT5E	NT5E	1.91923073800748e-10	16084.0	2.01402290117498	2.01402290117498	8.765017912743385e-07	12077.0	68.01847470992452	0.375	1.3712894412153285	1.973003784137365	24	0.3257639266214925
FSHR	FSHR	0.10945007454802001	16083.0	2.01386491787693	-2.01386491787693	0.00021496181742966598	16090.0	90.6218316998986	0.5652173913043478	1.9640438704430583	1.7331050468997762	23	0.02874669802790824
REM1	REM1	7.755866749941391e-13	16082.0	2.01188448037054	-2.01188448037054	0.0012535165306129252	13698.0	77.14881153542864	0.5	1.4529168655094733	1.173984990915142	24	0.4761284166208476
CDC6	CDC6	1.06499061779959e-12	16081.0	2.01178771155264	2.01178771155264	2.4982399985416698e-05	7871.0	44.32803875183057	0.28	0.9896645030809759	1.1704918224960843	25	0.8732425027045273
GPBAR1	GPBAR1	2.72164327808091e-12	16080.0	2.01145586011607	-2.01145586011607	3.2324544498216044e-05	14894.0	83.88532161766362	0.5833333333333334	1.469681277821303	1.244530950172404	24	0.43532431412791733
ITIH5	ITIH5	2.7814478010400495e-102	16079.0	2.01061154187695	-2.01061154187695	7.374832921136505e-09	14335.0	80.73673538357552	0.5833333333333334	1.4728063933690683	1.4205157681315677	24	0.37859850666442607
GRB14	GRB14	5.41553091983909e-05	16078.0	2.0088889594048402	2.0088889594048402	0.0118870970023526	8739.0	49.217077841613154	0.16	0.7724653879540151	0.7463469152930371	25	1.6566338603615318
C5AR1	C5AR1	3.87966003865106e-16	16077.0	2.00720933827048	-2.00720933827048	5.73717254022072e-07	13739.0	77.37974540948518	0.4583333333333333	1.2456590432259795	1.2978837780094201	24	0.5867630892286052
ST6GALNAC3	ST6GALNAC3	4.08497923744595e-22	16076.0	2.00718009422399	-2.00718009422399	3.55196314481758e-06	10348.0	58.27982426495437	0.375	1.2691035481914674	1.7488708185282054	24	0.42203033992737354
CD93	CD93	7.726169551014119e-25	16075.0	2.0063177836091	-2.0063177836091	1.89337468021219e-07	14763.0	83.14745972738537	0.5416666666666666	1.9264430484322552	2.3328197022597763	24	0.03423956643519042
FLT4	FLT4	1.57633424521219e-22	16074.0	2.0061148989118798	-2.0061148989118798	2.694581306259808e-15	15113.0	85.11884645713641	0.7083333333333334	1.7157005333540736	1.5020566077416546	24	0.19334448785818054
PHGR1	PHGR1	0.0161877173646445	16073.0	2.00590441938503	2.00590441938503	1.3080842685389875e-06	17562.0	98.91292103188013	0.8181818181818182	3.9303448432634482	2.8738351529647135	22	-0.6696418971328686
MAB21L3	MAB21L3	3.1538490447427303e-07	16072.0	2.00456417359927	2.00456417359927	3.575307981172645e-05	11459.0	64.53756899853553	0.375	1.3591866220015378	1.451589560238795	24	0.44460057393328434
FIRRE	FIRRE	1.11841738809286e-05	16071.0	2.00318758020047	2.00318758020047	5.1087346324022154e-06	13462.0	75.81953362622507	0.2916666666666667	1.091808232346815	0.9781088683305638	24	0.9317770008661687
GLT1D1	GLT1D1	1.96297570596232e-13	16070.0	2.00307997432881	-2.00307997432881	3.624314154853604e-10	16193.0	91.20198265179677	0.625	1.9769778137963996	1.8365558939470046	24	0.01421255983465524
CD79A	CD79A	4.51251714901226e-05	16069.0	2.00288198931617	2.00288198931617	0.0015397497916795114	16122.0	90.80207277233299	0.7083333333333334	2.4248528398926266	2.665294903613908	24	-0.1583205108013755
IGSF5	IGSF5	0.0236313500268714	16068.0	2.0016310807129196	2.0016310807129196	0.000130585888713503	14953.0	84.2176410949645	0.5652173913043478	1.8537841439180611	1.934488235269357	23	0.07642689890759267
F10	F10	8.794754016533279e-19	16067.0	2.00155832342246	-2.00155832342246	7.65440371959774e-08	16007.0	90.15433141827194	0.6956521739130435	1.7401652708365989	1.4261930002115935	23	0.1832802801213302
AMH	AMH	1.33670292357474e-05	16066.0	2.00150214441799	-2.00150214441799	1.11908169946694e-09	14174.0	79.82989748789005	0.56	1.7067968073159683	1.6740214784875886	25	0.17604632968525355
IQSEC3	IQSEC3	6.92117036793199e-20	16065.0	2.00100709339987	-2.00100709339987	1.1101344958703553e-09	16680.0	93.94502647290751	0.75	2.262328874705602	1.9290863981665713	24	-0.13546401112676726
ZNF280B	ZNF280B	1.850239358179e-12	16064.0	2.00090099538125	2.00090099538125	0.000332463282524019	11080.0	62.40283879689083	0.24	1.0989167953754218	1.385133457407307	25	0.6511893819200371
MIR503HG	MIR503HG	1.09871847754814e-07	16063.0	1.9997326407628402	1.9997326407628402	0.0020859138339177526	17252.0	97.16683564267207	0.625	3.256908688157006	3.2609712563437325	24	-0.3855219652575955
PRB4	PRB4	0.104484006206405	16062.0	1.99935741563632	1.99935741563632	0.000800721504212676	17640.0	99.35225864593893	0.6363636363636364	3.6672727877082165	2.6154673620371103	22	-0.6377121719358052
RLN3	RLN3	0.00840148102272283	16061.0	1.99923711084648	1.99923711084648	0.0636704943158682	11439.0	64.42491832826404	0.2916666666666667	0.9098073004054821	0.8157345584333139	24	1.3355199913723632
ABLIM3	ABLIM3	8.292939928335229e-18	16060.0	1.9991451012921	-1.9991451012921	3.862662817684735e-05	9683.0	54.53418947842739	0.20833333333333334	0.9189055152381128	1.0532422809486257	24	1.0256325686821515
KCNJ13	KCNJ13	0.000445520774108721	16059.0	1.9982164944941	1.9982164944941	0.00442675683600604	9699.0	54.624310014644585	0.3333333333333333	1.145208677779107	1.2920798443009924	24	0.6601819697732885
C1orf220	C1orf220	4.74951707818895e-13	16058.0	1.9972900691681799	1.9972900691681799	0.0009574605969146383	6648.0	37.43945026472907	0.20833333333333334	0.7143360638446482	0.9294415937857919	24	1.380349248302754
GSTM5	GSTM5	9.50738342736962e-16	16057.0	1.99628743841811	-1.99628743841811	0.0015869323483677265	13206.0	74.37760504675002	0.3333333333333333	1.4901054220578065	2.0751657693144994	24	0.24392365364021656
RMI2	RMI2	1.31870949810173e-16	16056.0	1.9957796658928302	1.9957796658928302	2.21483965279028e-05	7004.0	39.44463219556156	0.28	0.8553102904734525	1.1536935832345927	25	0.9885375042321564
KREMEN2	KREMEN2	7.950360477426491e-07	16055.0	1.9950170386765	1.9950170386765	1.78592127390005e-07	13859.0	78.0556494311141	0.48	1.4072446191831403	1.2473804141211944	25	0.47120542605878396
TRPV6	TRPV6	3.71274509961371e-06	16054.0	1.99467198063287	1.99467198063287	0.0001868507212896074	13347.0	75.17179227216401	0.4583333333333333	1.8161202270396541	1.771409968232129	24	0.10079640331448005
SLC2A1	SLC2A1	5.58528653673702e-13	16053.0	1.9933276159359101	1.9933276159359101	0.000184597933764258	8973.0	50.53509068378956	0.2	0.6908254042212119	0.5899926766169316	25	2.2076582699015135
FAM124A	FAM124A	5.36575470856553e-15	16052.0	1.9932554540676901	-1.9932554540676901	4.830755884274581e-10	13923.0	78.41613157598287	0.5	1.2564524662404246	1.4117035119542973	24	0.521924739570329
IGSF9	IGSF9	8.05333799908803e-26	16051.0	1.9930134567112299	1.9930134567112299	0.0025778138124461546	9440.0	53.16548383462881	0.3333333333333333	0.8520997134046624	0.7951361996544017	24	1.4348658051318184
MIR924HG	MIR924HG	0.000280365058265938	16050.0	1.99273016433521	1.99273016433521	0.00023024028374663848	11177.0	62.949194547707556	0.2916666666666667	1.1877072565826816	1.4094256450480396	24	0.5711708954501744
SAPCD2	SAPCD2	6.96908061425928e-13	16049.0	1.99261076040539	1.99261076040539	5.61696888497782e-06	7773.0	43.776050467500276	0.24	0.9027305648161468	1.1827659694246628	25	0.9214673263886664
KRT20	KRT20	0.0369190856875135	16048.0	1.9925476528166899	1.9925476528166899	8.607632139464923e-06	17503.0	98.58060155457925	0.8181818181818182	4.003036932109491	3.342662416426236	22	-0.6014634530286458
TBX6	TBX6	2.45903544401342e-11	16047.0	1.99229933998407	1.99229933998407	0.009096414350865535	12948.0	72.92441140024782	0.4583333333333333	1.5415181892776573	1.676562553489948	24	0.26887225279370736
STARD9	STARD9	2.04394559054844e-37	16046.0	1.99111484333456	-1.99111484333456	5.05343073838162e-09	13255.0	74.65359918891517	0.36	0.9620939791494226	0.6195586411476948	25	1.660893409990923
GUCA2A	GUCA2A	0.00326589750382125	16045.0	1.99066941223285	-1.99066941223285	6.13727347323225e-05	17663.0	99.48180691675115	0.8095238095238095	3.551452885147847	2.552048261092118	21	-0.6115807042955679
AQP1	AQP1	1.08514279214618e-12	16044.0	1.9899473543958202	-1.9899473543958202	3.3597725889598815e-06	15699.0	88.41951109609101	0.7083333333333334	2.0584743005151154	2.607829109545375	24	-0.026277391362979904
GPR4	GPR4	1.7605901113052498e-17	16043.0	1.9883113946084499	-1.9883113946084499	2.492836331042655e-07	13790.0	77.66700461867748	0.5	1.524393474662566	1.339218224638267	24	0.34640950325417774
AACSP1	AACSP1	0.000604671603287559	16042.0	1.98809883692493	1.98809883692493	0.0551464831805431	7600.0	42.80162216965191	0.21739130434782608	0.6968997312909532	0.6698665069416317	23	1.9275468951703902
ART4	ART4	8.541253606927e-08	16041.0	1.9872308219206203	-1.9872308219206203	0.0002537491832195897	13623.0	76.72637152191055	0.4583333333333333	1.4101368927660054	1.4720004372312374	24	0.3920473897685119
GRIN2B	GRIN2B	1.72717472518888e-05	16040.0	1.9863215347483	-1.9863215347483	1.4785146274589766e-05	13389.0	75.40835867973414	0.4583333333333333	1.4143552401046973	1.545923173351793	24	0.36998364763722
KRT6B	KRT6B	0.008545579085698021	16039.0	1.9857733449483501	1.9857733449483501	8.28123543864788e-05	16133.0	90.8640306409823	0.6956521739130435	2.966198534833324	3.3624927690236026	23	-0.2915768916789876
PRPH	PRPH	6.50209611025571e-16	16038.0	1.98458786169196	-1.98458786169196	0.0006270117872564355	14513.0	81.73932634899177	0.5416666666666666	1.2453505383858163	0.9876077269947475	24	0.7485131020143135
KIF20A	KIF20A	2.99742997272533e-11	16037.0	1.98409963571407	1.98409963571407	0.0058039599421130005	3398.0	19.133716345612257	0.24	1.0061817190937878	1.6032924634444454	25	0.609943562336322
PTTG3P	PTTG3P	0.072168687898515	16036.0	1.98170428227244	1.98170428227244	0.0204981161233675	12452.0	70.13067477751493	0.375	1.7902861187240768	2.2119228865733005	24	0.08653925718220096
ARHGEF4	ARHGEF4	5.54065166857856e-11	16035.0	1.98117702284688	-1.98117702284688	4.48475255676642e-07	10999.0	61.94660358229131	0.25	1.0606627061474039	1.3799967787662792	24	0.6670409169522977
TMEM204	TMEM204	2.73475004803031e-15	16034.0	1.98074964453094	-1.98074964453094	2.1188981021043086e-09	14437.0	81.31125380196012	0.625	1.6996896838442004	2.041156002518491	24	0.13769646236738023
SCN7A	SCN7A	1.1438079497020701e-14	16033.0	1.97894741468008	-1.97894741468008	0.002702430964478731	13585.0	76.51233524839472	0.4166666666666667	1.470660351583768	1.6052949219116788	24	0.31663157726245983
ABCA3	ABCA3	5.70320476467109e-16	16032.0	1.97751881023868	-1.97751881023868	5.71120935991475e-06	8780.0	49.4480117156697	0.36	1.2323994405927214	1.8003500545963511	25	0.41387471716605617
CDCA8	CDCA8	6.55856300669331e-14	16031.0	1.9760769337982198	1.9760769337982198	0.000120957360745545	5722.0	32.223724231159174	0.24	1.0417036601963827	1.687456276144091	25	0.5537170277009604
DUOX1	DUOX1	7.20698482825122e-13	16030.0	1.9759132998129099	-1.9759132998129099	0.0351208124692175	12897.0	72.63715219105553	0.375	1.3593607471422977	1.9722230177199929	24	0.3126180696255049
RNF212	RNF212	2.50776502513685e-06	16029.0	1.9754915312198702	1.9754915312198702	1.3971361865496798e-05	9297.0	52.36003154218767	0.16666666666666666	0.811218089259886	1.0310855359277058	24	1.1291725093519467
UNC5CL	UNC5CL	1.17763058591488e-17	16028.0	1.97529282465404	1.97529282465404	0.00488565046942795	7537.0	42.446772558296715	0.20833333333333334	0.8320982581449208	0.9843803493446097	24	1.1613342010232592
GALNT13	GALNT13	1.61138150830527e-06	16027.0	1.97515218419622	-1.97515218419622	0.0334834835742614	9326.0	52.52337501408133	0.16666666666666666	0.6165825919212639	0.5182060832311585	24	2.6216782014674522
EYA2	EYA2	7.02904834563506e-06	16026.0	1.97378059518235	1.97378059518235	3.033550477629145e-05	11863.0	66.8131125380196	0.3333333333333333	1.0819124089451653	1.0650478511398478	24	0.8373972918518912
RP1L1	RP1L1	3.42151149489474e-09	16025.0	1.97377264544641	-1.97377264544641	5.79183825875185e-06	14160.0	79.7510420187	0.5833333333333334	1.2738769724303396	1.1805421188885372	24	0.5928595530966838
LBX1.AS1	LBX1.AS1	2.21587463803705e-05	16024.0	1.97322685743005	-1.97322685743005	4.612042012824795e-06	16642.0	93.73099019939168	0.75	2.2092132660195944	1.6024176717852057	24	-0.1472689753393939
PRKCE	PRKCE	1.6699621458448997e-23	16023.0	1.97314134811891	-1.97314134811891	0.000590066788052638	7515.0	42.32285682099808	0.16	0.5828750186262711	0.5233180377641566	25	2.6566375113544036
FAM221B	FAM221B	0.000134062656739093	16022.0	1.97236463079593	1.97236463079593	0.03802275052897495	12421.0	69.95606623859412	0.375	1.23257879773466	1.3678959634057877	24	0.5408202471914245
FCRLA	FCRLA	0.00168262947715385	16021.0	1.9720579753964498	1.9720579753964498	0.000680563318160989	15960.0	89.88960234313393	0.625	2.3477755295578477	2.535995014224066	24	-0.14815390095565925
SLC35G3	SLC35G3	0.0252557929689518	16020.0	1.97146195566134	1.97146195566134	0.013093144007929845	13631.0	76.77143179001915	0.4166666666666667	1.215636640060426	0.9772594390107339	24	0.7734131648459958
EFNA5	EFNA5	2.1433087223111998e-07	16019.0	1.9712543103209499	1.9712543103209499	0.01664421383011855	12281.0	69.1675115466937	0.2916666666666667	1.3206264535252743	1.7187623152884457	24	0.3785444043125219
SERPINB10	SERPINB10	3.4053955381940203e-06	16018.0	1.9709111575336498	-1.9709111575336498	0.0009421756856087376	12951.0	72.94130900078855	0.4166666666666667	2.295067619425439	2.8080735695886503	24	-0.1154373109744679
MAPK4	MAPK4	3.49747474617208e-09	16017.0	1.97086313524691	-1.97086313524691	0.0024120293644270957	12846.0	72.34989298186323	0.375	1.068258676884724	0.798365589175103	24	1.1305653332263303
ESPN	ESPN	1.31090712066735e-07	16016.0	1.97025311295966	1.97025311295966	0.00010032298910776505	13266.0	74.71555705756448	0.4166666666666667	1.1084878431936818	1.155025186996524	24	0.746100846516494
HSPB8	HSPB8	8.39574542898813e-32	16015.0	1.97007162602774	-1.97007162602774	0.0006072991712399535	10640.0	59.9245240509181	0.125	0.9131762533996856	1.2438846344834016	24	0.8496731475961952
FGF10.AS1	FGF10.AS1	5.5343215963297106e-05	16014.0	1.97005104992927	-1.97005104992927	0.0028548876398860473	13706.0	77.19387180353722	0.375	1.2177980444554217	0.973836877044992	24	0.7724630512622225
LGI4	LGI4	3.3764531638014197e-12	16013.0	1.9700466060947799	-1.9700466060947799	5.686069684896835e-12	15533.0	87.48451053283766	0.625	1.8240568806253936	1.5228756827531889	24	0.09586450629079137
FAM30A	FAM30A	0.000535496909408803	16012.0	1.9699152083484701	1.9699152083484701	1.8245103445122953e-05	15907.0	89.59107806691449	0.5833333333333334	2.3270499920540337	2.7368426203970673	24	-0.1304915310233475
SYNM	SYNM	5.689983858201589e-29	16011.0	1.9693978076766399	-1.9693978076766399	0.00152969206504672	9025.0	50.82798242649543	0.16	0.8771239037745944	1.26241183025289	25	0.8652278739206983
SLC24A4	SLC24A4	8.794241039141239e-30	16010.0	1.96919461993271	-1.96919461993271	1.8466813031186662e-05	13934.0	78.47808944463219	0.5	1.1437049153334709	0.981163390493811	24	0.8413376534399407
PDGFB	PDGFB	1.85800431260994e-14	16009.0	1.96862009484263	-1.96862009484263	4.312958914303419e-05	10448.0	58.84307761631181	0.25	0.8764490308460421	1.3538448292398524	24	0.806718052474162
HGD	HGD	7.66852676325105e-06	16008.0	1.9683128039486497	1.9683128039486497	1.6378861999836004e-09	16576.0	93.35924298749578	0.5833333333333334	2.3541559164055377	2.0748056576910727	24	-0.1859659053013523
GINS1	GINS1	2.40197018337678e-15	16007.0	1.96783505946633	1.96783505946633	0.000378965114433428	6309.0	35.530021403627345	0.24	0.9404737975483809	1.3290121428414579	25	0.7730262416725762
F12	F12	4.570177248839361e-08	16006.0	1.9674955155581497	1.9674955155581497	1.65933242818766e-05	14442.0	81.33941646952799	0.5416666666666666	1.6617993361694854	2.0339235239725624	24	0.15029875793539826
TBXA2R	TBXA2R	4.49061888371242e-14	16005.0	1.9657810354782799	-1.9657810354782799	1.457094918627518e-09	15686.0	88.34628816041455	0.75	1.8173677371351598	1.6795298530207552	24	0.08836597817906489
FBXO40	FBXO40	0.000787833752985024	16004.0	1.96566520277104	-1.96566520277104	4.084722293466775e-08	17649.0	99.40295144756111	0.7916666666666666	3.2732243249801205	2.0637124281409234	24	-0.6335956039122095
ZNF572	ZNF572	1.50832305807204e-06	16003.0	1.96512231805796	1.96512231805796	0.0132852880771982	5269.0	29.67218654950997	0.2	0.9484509605639383	1.535168187589729	25	0.6622540551014371
MYBL2	MYBL2	4.466138632232911e-12	16002.0	1.9648787991385799	1.9648787991385799	5.20288075180634e-10	11763.0	66.24985918666215	0.32	1.179873027886564	1.443380630595715	25	0.543866083978158
MYRF	MYRF	7.62936929873137e-07	16001.0	1.9632236044156102	-1.9632236044156102	0.00023882215325166548	9083.0	51.15466937028275	0.25	0.8322108322162146	0.9664989559456003	24	1.1702162379397905
SLC38A11	SLC38A11	2.41783464969278e-07	16000.0	1.96307120132845	1.96307120132845	0.0001050803992104038	13372.0	75.31260561000337	0.4583333333333333	1.5837060759982633	1.5599112524385774	24	0.2431966079718528
LINC00525	LINC00525	0.0192325711933403	15999.0	1.96195672182468	1.96195672182468	1.09670279883179e-05	14785.0	83.27137546468401	0.6086956521739131	1.4058762616882023	1.0913881086630264	23	0.5095166932116276
UBXN10.AS1	UBXN10.AS1	9.65359560326103e-06	15998.0	1.9619563692134199	1.9619563692134199	0.06990501508878695	10457.0	58.89377041793398	0.20833333333333334	0.9644382010641928	1.1762277806225523	24	0.8480654721666768
PDZD2	PDZD2	2.84117743223033e-20	15997.0	1.96167627908395	-1.96167627908395	0.0023191544370204102	2035.0	11.45657316661034	0.16	0.5808346656368774	0.6696457766136025	25	2.0620478194157905
ENTHD1	ENTHD1	0.000580646552237572	15996.0	1.9615830141524	1.9615830141524	0.0217189841826194	15284.0	86.08200968795764	0.5	1.5121692102274036	1.4699497620361954	24	0.30573412475162554
TAS2R50	TAS2R50	0.0363040510169862	15995.0	1.95712106876516	1.95712106876516	0.0207707321580662	12879.0	72.5357665878112	0.4583333333333333	1.1114020191206857	0.9209912041919466	24	0.9182704957388663
FAM170B	FAM170B	0.12246909450590501	15994.0	1.9571170927159802	-1.9571170927159802	8.37249773880053e-05	15290.0	86.11580488903908	0.6086956521739131	1.626135618010562	1.22858617461098	23	0.26940029242166946
TPX2	TPX2	5.6852165975181295e-09	15993.0	1.9565771824798799	1.9565771824798799	2.5137933306387198e-05	8233.0	46.36701588374451	0.28	1.1092986372144351	1.565303297804563	25	0.5412871399771576
CES1P1	CES1P1	7.32812915959393e-16	15992.0	1.95606125482227	-1.95606125482227	0.005424626578174175	10992.0	61.90717584769629	0.4166666666666667	1.3120434392377656	1.8141199185181822	24	0.35500289093929027
EGF	EGF	1.10237837495773e-08	15991.0	1.95439151699215	1.95439151699215	1.397358030282026e-08	13429.0	75.63366002027712	0.4166666666666667	1.3176524669243295	1.313353756840355	24	0.4848191484978707
HCN1	HCN1	0.000766924190832634	15990.0	1.95391471846727	1.95391471846727	4.6092934865155103e-07	16734.0	94.24918328264053	0.7391304347826086	2.36669810596734	2.13150574995087	23	-0.1936581158693025
CASR	CASR	5.4975757150303e-07	15989.0	1.95384777936672	1.95384777936672	0.00888769795077863	15197.0	85.59197927227666	0.5217391304347826	2.252160840896816	2.479590819525379	23	-0.12030737458013196
MYOM2	MYOM2	0.000145959963921225	15988.0	1.95260429272844	-1.95260429272844	8.285751868812966e-10	16701.0	94.06330967669257	0.75	2.410117247584144	2.0000569026832373	24	-0.22874996918433346
DOK5	DOK5	4.08463347822366e-08	15987.0	1.9520488399128402	1.9520488399128402	0.00033575097984091446	11688.0	65.82741917314408	0.2916666666666667	1.3777323056894348	1.6536361716541625	24	0.3473052561791183
FBXO43	FBXO43	2.18826225463732e-06	15986.0	1.95099517139195	1.95099517139195	0.0040516160419537105	9798.0	55.18193083248845	0.2	1.0111968118396122	1.5989422080815692	25	0.5877625562714488
HOXA5	HOXA5	4.09892148486309e-12	15985.0	1.9507081190581297	-1.9507081190581297	4.452593294580945e-06	10496.0	59.113439224963386	0.20833333333333334	0.9934871371485868	1.3589949940956163	24	0.7043594612697996
OMP	OMP	0.00742009738020801	15984.0	1.95012905476556	1.95012905476556	0.10019000044498125	9316.0	52.467049678945585	0.2916666666666667	0.8037162701606185	0.793374117770239	24	1.4449838467467406
SEMA5A	SEMA5A	1.07879146538919e-10	15983.0	1.94998724131029	-1.94998724131029	3.6642534784672145e-05	13095.0	73.75239382674326	0.375	1.2571611539712664	1.4165280076486044	24	0.4891015804827573
GZMH	GZMH	2.00317092839177e-05	15982.0	1.9498018679928701	-1.9498018679928701	0.00792785895999884	13907.0	78.32601103976567	0.4583333333333333	1.652664571931722	2.0375475446772957	24	0.14583085280015318
HTR2B	HTR2B	0.00011964711525581299	15981.0	1.9497763922790399	1.9497763922790399	0.01827392117216325	9223.0	51.94322406218316	0.2916666666666667	0.8015703512093344	1.085483689521541	24	1.0577828595248735
PIP	PIP	0.0390251103555476	15980.0	1.9493605056062702	1.9493605056062702	2.24811986159966e-05	17617.0	99.22271037512672	0.8636363636363636	3.7177785710499918	2.683089935906464	22	-0.6590975732038864
CHRM4	CHRM4	6.20305577638006e-05	15979.0	1.94811477623088	-1.94811477623088	6.154026053959564e-09	15591.0	87.81119747662498	0.6666666666666666	1.638519229955909	1.0046066153526316	24	0.3081758984498607
TENM4	TENM4	6.40579989483565e-14	15978.0	1.94794059173188	1.94794059173188	0.005766438767492235	7796.0	43.90559873831249	0.25	1.1215309886746412	1.6917773657266275	24	0.4884860264709189
CLDN3	CLDN3	1.44178847659991e-07	15977.0	1.94792901540704	1.94792901540704	0.00508128934337193	13648.0	76.86718485974991	0.4583333333333333	1.3470094389019625	1.6581360650843255	24	0.36240667407141736
VPREB3	VPREB3	0.00412751201597237	15976.0	1.9478940885804499	1.9478940885804499	0.0002863676422706395	13840.0	77.94863129435619	0.5	1.6202473027666304	1.8335704390322964	24	0.17869331815075598
PECAM1	PECAM1	1.91206391449239e-27	15975.0	1.9471817239099998	-1.9471817239099998	4.297487899822905e-07	13611.0	76.65878111974766	0.4583333333333333	1.2894624569170954	1.2978659634460623	24	0.5067697940444822
CNKSR2	CNKSR2	1.93931442068906e-20	15974.0	1.9471558382165501	-1.9471558382165501	0.00012106281636498653	12033.0	67.77064323532724	0.375	1.2187608341762746	1.561138462054439	24	0.4665793725187686
SVOPL	SVOPL	0.002375556664331	15973.0	1.94696775918218	1.94696775918218	0.00784879342041175	11436.0	64.40802072772333	0.4166666666666667	1.115934440332845	1.3170374020628053	24	0.6309868782372708
SPOCK3	SPOCK3	0.000704401154107689	15972.0	1.94604068792088	1.94604068792088	0.00020290736537187802	13291.0	74.85637039540384	0.375	1.4424756825760083	1.7119892480682444	24	0.2941402850006674
ANKRD30A	ANKRD30A	0.27612124533767307	15971.0	1.9458719483211597	1.9458719483211597	2.6701242947809897e-06	16907.0	95.22361158048889	0.7727272727272727	2.880507855289104	2.5423388178785014	22	-0.36762838233649264
CORO2B	CORO2B	2.9004655498491897e-27	15970.0	1.9456074086699	-1.9456074086699	1.92912445594332e-05	13460.0	75.80826855919793	0.4583333333333333	1.5442309328823942	1.9569718917160561	24	0.205100787337084
MT3	MT3	0.00279564743174585	15969.0	1.9448470794423203	1.9448470794423203	1.17983178073616e-05	17143.0	96.55288948969246	0.7391304347826086	2.955231854911399	2.513097329645262	23	-0.4020476101543191
DQX1	DQX1	6.41354826683324e-06	15968.0	1.94309039582675	1.94309039582675	2.0904676165983352e-07	13085.0	73.69606849160752	0.4583333333333333	1.4308957920290444	1.5515795066313023	24	0.33011173556278295
TMEM139	TMEM139	1.4880898070054998e-09	15967.0	1.9422145512181699	-1.9422145512181699	0.01160409938881737	10664.0	60.059704855243886	0.3333333333333333	0.780136607547547	0.5547163535789583	24	2.094904785433215
UPK1A	UPK1A	0.0128000863019795	15966.0	1.9419429813981501	1.9419429813981501	0.010946940339659851	15010.0	84.53869550523825	0.5416666666666666	1.6096864616967654	1.7401311410460976	24	0.1909376321497501
TSLP	TSLP	4.068175312509779e-05	15965.0	1.94144940812781	-1.94144940812781	5.69872320653241e-05	10195.0	57.418046637377486	0.25	0.8667291801685058	0.8951676154501235	24	1.2005798795780778
S100B	S100B	7.828552440826841e-05	15964.0	1.94103921999544	1.94103921999544	1.0186582788826648e-05	17290.0	97.3808719161879	0.7916666666666666	3.1622505503856613	2.745267477626331	24	-0.44484238433703727
DLC1	DLC1	6.21380965464051e-22	15963.0	1.9406941987390198	-1.9406941987390198	2.8156059113856753e-05	10949.0	61.66497690661259	0.20833333333333334	0.8953340102684274	1.197595687747431	24	0.8728823919171088
PKIB	PKIB	8.565436371473841e-15	15962.0	1.93908609726271	1.93908609726271	1.2827239795486862e-09	13172.0	74.1860989072885	0.375	1.4031683091199867	1.4216093044102898	24	0.3769796571252972
PCDH17	PCDH17	1.71730675607107e-14	15961.0	1.93865565979895	-1.93865565979895	1.3189389624547949e-05	12876.0	72.51886898727047	0.4166666666666667	1.1922126049081598	1.2375077881902865	24	0.6031825108611055
ADAMTS20	ADAMTS20	0.0480410919808647	15960.0	1.93850387234507	1.93850387234507	0.014006535668326416	12234.0	68.9027824715557	0.4166666666666667	1.2555810667355687	1.609732327916605	24	0.4242461891123065
HOXA4	HOXA4	8.861454035419569e-16	15959.0	1.9384869211404698	-1.9384869211404698	0.00231237916487064	9498.0	53.492170778416124	0.125	0.7566282175830802	0.9453325300330407	24	1.2502042043513324
BUB1B	BUB1B	5.51188028967916e-08	15958.0	1.9384657509000098	1.9384657509000098	0.000750445921912062	6654.0	37.47324546581052	0.28	1.0705883352398984	1.4927660345628553	25	0.5813887746409386
CMYA5	CMYA5	4.41099510576975e-06	15957.0	1.93649037347688	1.93649037347688	0.0006278458968688185	14829.0	83.51920693928129	0.4166666666666667	1.6468772913189458	1.5719502978162334	24	0.18423806564384831
MME	MME	2.19633645724778e-08	15956.0	1.93631788780066	-1.93631788780066	4.4884046805526895e-05	10085.0	56.7984679508843	0.3333333333333333	1.3043164239029075	1.939718840866881	24	0.32582117087407586
ACAN	ACAN	6.1591814726785005e-06	15955.0	1.9360988856911299	1.9360988856911299	1.5182589237971445e-06	17182.0	96.77255829672185	0.7083333333333334	2.2864323061830936	1.5886867892626482	24	-0.220517614207998
TNFAIP3	TNFAIP3	5.45372513879041e-10	15954.0	1.93503634408057	-1.93503634408057	0.0010395608936126259	11445.0	64.45871352934549	0.2916666666666667	0.9710864818740053	1.150196633885451	24	0.8380739725782967
ASPM	ASPM	7.717075601307571e-07	15953.0	1.9349202467198998	1.9349202467198998	0.000113802295167084	10237.0	57.65461304494761	0.28	1.2804919364224665	1.537752062022556	25	0.42557465956942675
GBP4	GBP4	1.08958350983348e-11	15952.0	1.9342443555211801	-1.9342443555211801	0.0033424844746797037	8680.0	48.88475836431226	0.25	1.3186247760419547	2.037005572862757	24	0.3022179161807834
LINGO1	LINGO1	2.29062452676172e-05	15951.0	1.9338078490296498	1.9338078490296498	7.712659344962e-10	15179.0	85.49059366903232	0.6	1.4306161286181176	1.0225752363205203	25	0.49208283414151605
PCAT18	PCAT18	0.0638765418425811	15950.0	1.9331541553695901	1.9331541553695901	1.58900170115015e-05	14459.0	81.43516953925875	0.5416666666666666	1.821349956493031	1.9220408918441296	24	0.058169521445137866
CCDC169	CCDC169	8.179409050041408e-06	15949.0	1.9330914416861498	1.9330914416861498	0.0145935400545969	6767.0	38.10972175284443	0.2	0.8757813790800817	1.1522960349214593	25	0.9175680819539872
SLC29A4	SLC29A4	4.7331693686996e-07	15948.0	1.9322834976785002	1.9322834976785002	1.65981306457516e-06	11181.0	62.97172468176185	0.24	0.9208852898909957	1.1424317507170458	25	0.88530295761887
OR2L13	OR2L13	0.282646790541939	15947.0	1.93210557235046	-1.93210557235046	0.013131786927394999	14049.0	79.12583079869324	0.5217391304347826	1.51195531825559	1.4622826656361785	23	0.28732492285414607
SLC27A2	SLC27A2	2.2317029256949802e-05	15946.0	1.93162331634204	1.93162331634204	0.000309187778641242	4508.0	25.385828545679846	0.2916666666666667	1.0625340728089097	1.716210570185502	24	0.5064001228236183
DAO	DAO	0.000101712794368429	15945.0	1.93113944542114	-1.93113944542114	0.0001480394629051845	16458.0	92.69460403289399	0.6818181818181818	2.298552551521852	1.8597562671606898	22	-0.1975598160836666
PTPN21	PTPN21	1.48526939285363e-35	15944.0	1.9308865394566899	-1.9308865394566899	0.00482304017713607	4426.0	24.923960797566746	0.16	0.6608607764743915	0.9605732799925205	25	1.3221539568456322
NRN1	NRN1	6.71632125304001e-16	15943.0	1.9308109567876202	-1.9308109567876202	8.905222618487389e-05	11462.0	64.55446659907626	0.4166666666666667	1.0954337491553776	1.0973359146570452	24	0.7612775600198289
SCG5	SCG5	8.210614027714159e-17	15942.0	1.9304723363935399	1.9304723363935399	6.47702910626996e-05	13697.0	77.14317900191506	0.4166666666666667	1.7604553205885143	1.9281824468725826	24	0.08817475549618495
RGS9BP	RGS9BP	9.32375715830591e-06	15941.0	1.9300277890753998	-1.9300277890753998	0.032739867268031145	8019.0	45.161653711839584	0.20833333333333334	0.7677923282625884	1.1049766882144834	24	1.0518189869605772
LINC01352	LINC01352	4.6524989239046e-14	15940.0	1.92900571783845	-1.92900571783845	0.00538366741464106	13326.0	75.05350906837896	0.391304347826087	1.0453261762913237	0.6447746487346102	23	1.3705246372222826
DLL4	DLL4	2.4918187105159297e-10	15939.0	1.9286281063205	-1.9286281063205	5.004972153337809e-08	17579.0	99.0086741016109	0.8695652173913043	3.7915846533447266	2.4857526547062165	23	-0.7494537091199058
ERCC6L	ERCC6L	6.26841764278641e-15	15938.0	1.92845806365736	1.92845806365736	8.23570257287223e-05	8863.0	49.91551199729638	0.28	1.0831759462040425	1.283889508825059	25	0.6583760609017443
GPR82	GPR82	9.87732985490278e-06	15937.0	1.92757815325084	1.92757815325084	0.04675963707923333	11407.0	64.24467725582967	0.4166666666666667	1.7074812671530004	2.1758993575842647	24	0.10115214443658664
LMCD1	LMCD1	3.5710721419053495e-56	15936.0	1.92744106959949	-1.92744106959949	0.0019158660063365199	6601.0	37.174721189591075	0.16	0.6655545405474483	0.738108051533887	25	1.709623037480316
RHOJ	RHOJ	3.3242633940279103e-31	15935.0	1.9266578102052598	-1.9266578102052598	5.7795684746157255e-06	13272.0	74.74935225864593	0.5	1.7165840722389059	1.9160314754249836	24	0.10964002453026445
CLCNKB	CLCNKB	0.000120263203395621	15934.0	1.92548100488657	1.92548100488657	0.01856117265095675	13586.0	76.5179677819083	0.4583333333333333	1.5399503396388277	1.3761598509972834	24	0.28014962431025275
TWIST2	TWIST2	2.77401477116277e-36	15933.0	1.9253968689966698	-1.9253968689966698	9.475129752915534e-07	14416.0	81.19297059817505	0.5833333333333334	1.410448401541795	1.5805231211268633	24	0.3258088797130236
PNMA3	PNMA3	0.000142681380641931	15932.0	1.92488184143732	1.92488184143732	9.60505211935799e-09	15016.0	84.5724907063197	0.625	1.8534990208880957	1.9530295836572766	24	0.036549789694199974
ASTN1	ASTN1	1.26887815585328e-05	15931.0	1.9239979573491999	-1.9239979573491999	3.53990105285849e-05	14931.0	84.09372535766587	0.5833333333333334	1.7273468699996517	1.7469299244554766	24	0.11256953389864503
PDIA4	PDIA4	1.64422057562045e-17	15930.0	1.9233502707681	1.9233502707681	1.69725230921738e-07	7766.0	43.73662273290525	0.04	0.5227716990018209	0.4679928355509112	25	2.9927350706502756
CENPF	CENPF	1.28101774471686e-09	15929.0	1.92284451748117	1.92284451748117	1.2748458725957e-05	11509.0	64.81919567421426	0.24	1.1281108402379454	1.4284931656406268	25	0.5563440528515344
LINC00698	LINC00698	0.23912271227589	15928.0	1.92279708360555	1.92279708360555	0.0013030430604312098	15400.0	86.73538357553227	0.5833333333333334	1.8774151805636266	1.4771582431534547	24	0.030722438338794046
MAL	MAL	2.0162374579742898e-20	15927.0	1.92243850364786	-1.92243850364786	0.0284284742334149	13374.0	75.32387067703053	0.4166666666666667	2.025320938698241	2.519794892579777	24	-0.04082968631825812
CDC20	CDC20	5.01446747773325e-11	15926.0	1.92077027596137	1.92077027596137	0.00256354508506251	3084.0	17.365100822349895	0.24	1.107006557169292	1.8303324596970814	25	0.4445988566070425
SNAI1	SNAI1	2.09976502631114e-12	15925.0	1.9206468088612199	-1.9206468088612199	4.08720371111761e-08	11276.0	63.50681536555142	0.28	0.8744168669839758	0.6391835342997445	25	1.6368224238182825
EXO1	EXO1	2.2238246971335403e-10	15924.0	1.92046812630963	1.92046812630963	3.9521313929373704e-05	7222.0	40.67252450152078	0.24	1.15863279598018	1.5901526563024577	25	0.4790957190870759
TRIM17	TRIM17	3.5519419873978698e-06	15923.0	1.92016408769891	1.92016408769891	0.0031815247034558047	8257.0	46.50219668807029	0.08333333333333333	0.61701394731792	0.7989752100205211	24	1.6310270006343746
FAM83F	FAM83F	4.30312731325061e-05	15922.0	1.91955789690357	1.91955789690357	0.03021101067243155	9435.0	53.13732116706094	0.2916666666666667	1.3205379188396547	1.6858551260754957	24	0.35532114758779704
PCDH10	PCDH10	9.20241818167576e-06	15921.0	1.91916309185428	-1.91916309185428	3.85363361147598e-06	12908.0	72.69911005970485	0.4583333333333333	1.5734821293867938	1.7482822021867501	24	0.19772606621237043
PDE2A	PDE2A	3.86668070438762e-14	15920.0	1.91916151041554	-1.91916151041554	5.508497975915745e-12	16004.0	90.1374338177312	0.75	1.8030817060751554	1.4743718064275422	24	0.07873170379027408
GCNT1	GCNT1	9.62160333026133e-15	15919.0	1.91801860169229	1.91801860169229	7.40047288059538e-09	12104.0	68.17055311479103	0.24	0.8308863875965744	0.6271802511451188	25	1.7333648693669912
SIM2	SIM2	0.000549908983741957	15918.0	1.91774672897551	1.91774672897551	0.0005261466964204501	12654.0	71.26844654725696	0.3333333333333333	1.3079748309830586	1.435750506880694	24	0.4247060301007585
ADAMTS14	ADAMTS14	4.41282918783594e-05	15917.0	1.91682436433995	1.91682436433995	5.8040734519952355e-05	12831.0	72.26540497915963	0.4583333333333333	1.531934116524745	1.9668898540596305	24	0.19568469836823726
CTNND2	CTNND2	0.00213966826186709	15916.0	1.9155808915153603	-1.9155808915153603	0.0008878945190261391	13957.0	78.6076377154444	0.4583333333333333	1.3973575513869347	1.414745849647013	24	0.3663013680214896
IGFBPL1	IGFBPL1	2.86915304430312e-06	15915.0	1.9148773140956798	1.9148773140956798	6.516438895072189e-05	15146.0	85.30472006308437	0.5416666666666666	1.4986858401889382	1.502047443440239	24	0.27708277506435525
DENND2A	DENND2A	3.1694820796727597e-44	15914.0	1.9139626346454701	-1.9139626346454701	9.74619303780832e-07	12929.0	72.81739326348992	0.4	0.9979169813689646	0.6471503146516616	25	1.4155067725951442
SYNDIG1L	SYNDIG1L	2.38440057194654e-07	15913.0	1.91248120767574	-1.91248120767574	0.007290029743063041	14401.0	81.10848259547144	0.5652173913043478	1.7194507567071815	1.6498644307026495	23	0.11699776501415338
GHSR	GHSR	0.38220247859623296	15912.0	1.9124425914387801	-1.9124425914387801	0.0119091019551734	14890.0	83.86279148360933	0.5217391304347826	1.3687645517248233	1.1299027468181746	23	0.4811724205866067
LINC01656	LINC01656	0.37558121903200997	15911.0	1.91242600221562	-1.91242600221562	0.0516235456108981	14548.0	81.93646502196688	0.38095238095238093	1.1402063494216799	0.8395171188101685	21	0.9198378871515953
SSX4	SSX4	0.291585028630145	15910.0	1.91202135814777	1.91202135814777	0.004384198948457679	15392.0	86.69032330742367	0.5652173913043478	1.666025977258091	1.537421563396009	23	0.16000515847215002
TAGLN3	TAGLN3	0.00457666965769909	15909.0	1.9119380835966497	-1.9119380835966497	7.42435336914871e-10	15069.0	84.87101498253914	0.6521739130434783	2.312315790773679	2.312244093698831	23	-0.17315546756854563
PLEK2	PLEK2	1.6154372922008e-12	15908.0	1.9112694735889302	1.9112694735889302	0.003516383365465656	12869.0	72.47944125267544	0.4166666666666667	1.5065444674188342	1.8639133342889305	24	0.21713724491621583
ID4	ID4	2.4898753485317903e-46	15907.0	1.9109650302670902	-1.9109650302670902	0.00401192337843621	6771.0	38.13225188689872	0.125	0.8100440854024455	1.125152974466694	24	0.9784633466275686
F2RL1	F2RL1	9.4007443372734e-10	15906.0	1.9106292400809601	1.9106292400809601	1.430383635638536e-05	10362.0	58.35867973414442	0.375	0.9260628581603271	0.8403219059889986	24	1.1716538327795574
TBX21	TBX21	2.20693490059507e-09	15905.0	1.9105428480658897	-1.9105428480658897	2.3737518228265737e-06	15639.0	88.08155908527655	0.625	1.883470704746247	1.9094230274054849	24	0.014178179969070713
GABRB1	GABRB1	0.144350564613798	15904.0	1.9096267162326201	1.9096267162326201	2.00745637529391e-05	13992.0	78.80477638841951	0.5	1.905718409241634	1.948392997132019	24	0.0020059130764374183
LAD1	LAD1	5.5164748125294896e-21	15903.0	1.9094881388107299	1.9094881388107299	0.010490784477458735	13030.0	73.38627914836093	0.375	1.248509364292333	1.2563364202511436	24	0.5261160656205972
SRPX	SRPX	1.4450295115471301e-10	15902.0	1.9089455860633897	-1.9089455860633897	0.00019231819407366398	13566.0	76.4053171116368	0.4	1.2763333346503958	1.1506258946275414	25	0.5497983787491338
DNAH14	DNAH14	9.195077747435991e-15	15901.0	1.9078870668831398	1.9078870668831398	3.7175032944786296e-09	11163.0	62.87033907851751	0.4	1.13976983391563	1.613344161817918	25	0.47610252737518477
SOX18	SOX18	1.1624876427222398e-09	15900.0	1.90776491531905	-1.90776491531905	1.1218548253864255e-12	16838.0	94.83496676805227	0.7916666666666666	2.270826735889196	1.5625783901656074	24	-0.23234790833864494
MTTP	MTTP	0.00196091406352048	15899.0	1.90702502041362	1.90702502041362	5.0012389775729914e-06	16126.0	90.82460290638728	0.625	2.357213398096762	2.2931570327598396	24	-0.19631816367208627
PEBP4	PEBP4	3.6771931020278896e-22	15898.0	1.9062744943565901	-1.9062744943565901	0.0134387256501257	13078.0	73.6566407570125	0.3333333333333333	1.0287270102215647	1.0342535823702583	24	0.8484838719377694
SERINC2	SERINC2	2.36890172941686e-22	15897.0	1.90567443928801	1.90567443928801	0.0017663046745495649	11337.0	63.85039990987946	0.4166666666666667	1.3424007554734303	1.7751887542349205	24	0.3173035444658065
SMPDL3B	SMPDL3B	1.28593516707332e-12	15896.0	1.9048673285779198	1.9048673285779198	0.000126011012817878	12036.0	67.78754083586797	0.32	0.8524817954569452	0.7836278334117242	25	1.3429659951448445
LINC01085	LINC01085	0.19953398587070603	15895.0	1.90390454326253	1.90390454326253	0.10188291016753599	11448.0	64.47561112988622	0.30434782608695654	1.2172696617367393	1.5448667086051506	23	0.4444622165142962
OGN	OGN	1.09063847200224e-14	15894.0	1.90272331978024	-1.90272331978024	2.8894515652093532e-05	13822.0	77.84724569111185	0.4583333333333333	1.7674337085779896	2.170782754362555	24	0.06232296204231538
TMEM158	TMEM158	0.00150398691078448	15893.0	1.9026854656183099	1.9026854656183099	2.9199955861051575e-05	13563.0	76.38841951109609	0.4583333333333333	1.7847208598757212	2.0997820428053804	24	0.05617945259927263
MEPE	MEPE	0.00047267627424261505	15892.0	1.9020760378184198	1.9020760378184198	1.26653562835394e-05	17096.0	96.28816041455445	0.6956521739130435	3.052048546900259	2.652676152998301	23	-0.43351409774692373
LINC00520	LINC00520	0.115810873949489	15891.0	1.9019080041418899	1.9019080041418899	1.0219400153082199e-05	16781.0	94.51391235777852	0.6521739130434783	2.6888735903935745	2.311653255524168	23	-0.34043409597484814
SNTG2	SNTG2	3.74510274083798e-06	15890.0	1.9018347076926598	-1.9018347076926598	1.6573381459380565e-08	14224.0	80.11152416356877	0.5	1.40212750009454	1.364680653180977	24	0.36617153356232957
MGAT4C	MGAT4C	1.17404203104531e-06	15889.0	1.9008512688815702	-1.9008512688815702	0.005881073077096295	9418.0	53.04156809733018	0.375	1.1574766610183789	1.2638344921276556	24	0.5881898401203831
FRMD6.AS1	FRMD6.AS1	6.59022823048494e-05	15888.0	1.9005323287804898	1.9005323287804898	0.00134525720413207	9915.0	55.840937253576655	0.2916666666666667	1.2290270232129195	1.5885235958883182	24	0.4227229027668663
TTLL7	TTLL7	6.2382734158713494e-18	15887.0	1.90035183839748	-1.90035183839748	0.000733354367536471	6967.0	39.236228455559306	0.12	0.8402912292658544	1.441708733039701	25	0.7352807018769958
KIF18B	KIF18B	1.12654990426671e-08	15886.0	1.8990689177254	1.8990689177254	6.068849602965809e-06	8406.0	47.34144418159288	0.28	0.9397552013005496	1.1965240868718439	25	0.8017504427619598
LINC01569	LINC01569	7.90937533819421e-16	15885.0	1.89895225030625	1.89895225030625	0.0162124028767961	1026.0	5.773346851413766	0.16	0.5184224147217271	0.695146111898516	25	1.98595635069317
IGHD	IGHD	0.0144147486928802	15884.0	1.8988852219737398	1.8988852219737398	0.00039306467964528205	15090.0	84.9892981863242	0.5833333333333334	2.5726627747190496	2.951186926655579	24	-0.22830731142769925
LPA	LPA	0.000667854434451715	15883.0	1.89757579637154	-1.89757579637154	8.31147037158268e-07	16655.0	93.80421313506815	0.7083333333333334	2.2429623261758107	1.5772849062846803	24	-0.21897535976416216
CLEC1A	CLEC1A	5.0237066971597696e-23	15882.0	1.89724836182317	-1.89724836182317	1.3435272057634934e-05	14050.0	79.13146333220682	0.5	1.102462238567356	1.0807782457624464	24	0.7353831615061087
SLCO4A1	SLCO4A1	1.7707638226502e-06	15881.0	1.8966715481198502	-1.8966715481198502	0.0186160239251145	4248.0	23.9213698321505	0.2	0.6695099306889266	0.9286045661678249	25	1.321511504617285
LYPD4	LYPD4	0.038867224279875996	15880.0	1.89504203456352	1.89504203456352	1.47495098225363e-05	16582.0	93.39303818857722	0.5652173913043478	1.9968617096556946	1.634781667966925	23	-0.06228334773217847
FOLR3	FOLR3	0.000161154566264448	15879.0	1.8950258571049898	-1.8950258571049898	0.007277026031566195	14116.0	79.50321054410273	0.4583333333333333	1.61801353760038	1.7011673961552787	24	0.16283660275330417
BCAR4	BCAR4	0.308778869888844	15878.0	1.89501726537545	1.89501726537545	0.0104689590866093	16099.0	90.67252450152078	0.5714285714285714	2.055441529716579	1.8937068600187767	21	-0.08471441263065312
CDKN3	CDKN3	8.22092196882896e-09	15877.0	1.89453436677109	1.89453436677109	5.278324562634111e-10	12302.0	69.28579475047876	0.28	1.1117017320140663	1.1243180912298723	25	0.6962732707615659
LILRB2	LILRB2	7.61479712740657e-13	15876.0	1.89448138239115	-1.89448138239115	0.00041891590260841955	15445.0	86.98884758364312	0.625	1.874418828399809	2.092031176550636	24	0.009589988053820693
HSPB6	HSPB6	4.14848438990414e-12	15875.0	1.8938486101069798	-1.8938486101069798	1.526797316762364e-08	16709.0	94.10836994480117	0.75	2.3025770471523725	1.8788344296170068	24	-0.2175436167244979
SPAG4	SPAG4	3.53430569892977e-12	15874.0	1.89276522386956	1.89276522386956	0.000292185905267473	7673.0	43.21279711614284	0.2	0.6437889367347214	0.6630404467351073	25	1.8837105538356693
PRELID2	PRELID2	1.68815722853855e-10	15873.0	1.8902939472574698	1.8902939472574698	9.226507085903276e-05	11238.0	63.292779092035595	0.25	0.9284039809304853	1.2763856037515164	24	0.753604524761032
ITGA8	ITGA8	3.23643425223165e-35	15872.0	1.8900534355860201	-1.8900534355860201	5.49970077911109e-06	14646.0	82.48845330629717	0.625	1.5207811890990734	1.6629212301310226	24	0.22206238022341654
LINC01213	LINC01213	0.297538170472239	15871.0	1.88976959328217	1.88976959328217	1.52588186057576e-06	16401.0	92.37354962262025	0.6818181818181818	2.2970300467672864	1.9423974095981749	22	-0.20966896448310574
EHF	EHF	4.50518742705758e-13	15870.0	1.88922237599639	1.88922237599639	1.2588393376275942e-10	16365.0	92.17077841613157	0.7083333333333334	1.90438936831478	1.3188496952798847	24	-0.011500167435813217
XRCC2	XRCC2	2.86766271257755e-17	15869.0	1.8891859311388302	1.8891859311388302	0.000174085910286791	8811.0	49.62262025459051	0.2	0.6835845836358323	0.6521633019548859	25	1.8486188104868198
GRIK5	GRIK5	0.000153660498044565	15868.0	1.88914686341972	1.88914686341972	1.2555514872180996e-14	16022.0	90.23881942097555	0.7916666666666666	2.026781167917217	1.7550753158882748	24	-0.07842073969790754
EYA4	EYA4	2.5380785486141897e-05	15867.0	1.88865654288715	-1.88865654288715	0.0001824161688811785	10699.0	60.25684352821899	0.25	0.9983079083060282	1.1955830063577277	24	0.7446983018715829
RAMP1	RAMP1	1.93931442068906e-20	15866.0	1.88750622574348	1.88750622574348	0.0001328750156463365	10268.0	57.82922158386842	0.2916666666666667	1.272633009656558	1.7206274166394813	24	0.3573540733692464
MCOLN3	MCOLN3	3.86668070438762e-14	15865.0	1.8869882269779	-1.8869882269779	3.19979020506753e-06	10451.0	58.85997521685253	0.16	0.9369304770411473	1.1907443221198233	25	0.7978688054925274
ARX	ARX	0.00140960529394142	15864.0	1.8864905859812298	1.8864905859812298	0.0120911302377515	13312.0	74.97465359918891	0.43478260869565216	1.0689108589214915	1.0724702805685664	23	0.762333224400681
C1QTNF1.AS1	C1QTNF1.AS1	0.00269287834444963	15863.0	1.88635453614717	-1.88635453614717	0.008861990426262699	14199.0	79.97071082572941	0.5	1.3064875375722491	1.005315174179747	22	0.5768011997312622
ITPRIP	ITPRIP	7.064960172127329e-19	15862.0	1.8856490199706102	-1.8856490199706102	5.635325128310589e-07	9668.0	54.44970147572378	0.32	0.771551190134514	0.5924891537066577	25	1.8803683120040502
IL36A	IL36A	0.466468309702368	15861.0	1.88555732402019	1.88555732402019	0.0154458764549754	17188.0	96.8063534978033	0.6521739130434783	2.7679501049638597	1.8697127390784327	23	-0.4719402946244002
MND1	MND1	8.11894697673822e-09	15860.0	1.88423949199754	1.88423949199754	0.00204999924081126	10346.0	58.268559197927225	0.28	1.2110542276480991	1.6780343943519556	25	0.40117489046428045
KCNV1	KCNV1	0.15056941508361	15859.0	1.8841525826316898	1.8841525826316898	2.56162822210677e-05	14422.0	81.2267657992565	0.5652173913043478	1.8907464059384478	1.9980802245016689	23	-0.0033000793591270758
PTPN20	PTPN20	2.80041918649945e-06	15858.0	1.88288629353652	1.88288629353652	9.437742649198055e-08	14191.0	79.92565055762081	0.5	1.390141377572162	1.283940986494972	24	0.38377536128782785
GPR3	GPR3	1.3968586751181399e-09	15857.0	1.8828521891488599	-1.8828521891488599	2.4307674738520214e-07	10517.0	59.23172242874845	0.25	0.8814943725242514	0.9112482711585409	24	1.0988858342101482
METTL21C	METTL21C	0.0156722266849841	15856.0	1.88233022470409	-1.88233022470409	0.0216522419088458	12274.0	69.12808381209868	0.391304347826087	1.1443567510025556	1.0881526150549952	23	0.6781893123183252
MIR22HG	MIR22HG	4.08802311105343e-26	15855.0	1.88174458755964	-1.88174458755964	1.5021592493419997e-05	17618.0	99.2283429086403	0.75	3.8086137266907603	2.7975794521977195	24	-0.688762972439411
CHST8	CHST8	0.000861042245189747	15854.0	1.88162348901528	1.88162348901528	0.000115115968423882	16473.0	92.7790920355976	0.6086956521739131	2.2786942400460948	2.0362756125198476	23	-0.19499852995805814
BFSP2	BFSP2	0.00597866265273646	15853.0	1.8814540617281499	1.8814540617281499	1.4949706625253799e-05	16548.0	93.20153204911568	0.625	1.9939123901386646	1.634882094404833	24	-0.06878681269761804
LINC01133	LINC01133	0.0087761556409929	15852.0	1.88093957563671	1.88093957563671	1.4226791498855412e-09	15117.0	85.1413765911907	0.6666666666666666	1.9013489315426444	1.6004059024667807	24	-0.01275261224322936
MMP25	MMP25	9.51336085508458e-14	15851.0	1.8804755625868899	-1.8804755625868899	3.5326252202314774e-10	16732.0	94.23791821561338	0.75	2.3268343132436002	2.241474662202561	24	-0.19913620179765973
LINC01180	LINC01180	0.23090756560541398	15850.0	1.880330212008	1.880330212008	0.213043954028306	12602.0	70.97555480455108	0.13636363636363635	1.0068975974981351	0.9260558407711824	22	0.9431748886573676
PTN	PTN	1.95369640968301e-10	15849.0	1.8766850855395503	-1.8766850855395503	0.0014861102951142199	13342.0	75.14362960459614	0.391304347826087	1.1482324636728614	1.0613401600175194	23	0.6863516988320355
WDR64	WDR64	0.000659814335850725	15848.0	1.87615098493177	1.87615098493177	0.00023246271060498649	13637.0	76.8052269911006	0.4583333333333333	1.1076299951495536	0.831046772093266	24	0.9247626193727244
CD34	CD34	2.62257544983106e-15	15847.0	1.87553665994419	-1.87553665994419	7.847754192900696e-09	15702.0	88.43640869663174	0.6666666666666666	2.10031801419387	2.508305147195042	24	-0.08961483593854042
POM121L8P	POM121L8P	0.00693574763659878	15846.0	1.8739928088372901	1.8739928088372901	0.00777174711059415	15561.0	87.64222147121775	0.5416666666666666	1.589381387249382	1.2426638099833591	24	0.22903332285159203
ADARB1	ADARB1	6.97607116591111e-29	15845.0	1.8737500375942	-1.8737500375942	1.1261508822980499e-09	12237.0	68.91968007209643	0.36	1.1489039401398817	1.156020062594043	25	0.6270186140436049
LTK	LTK	0.00018720640168798502	15844.0	1.87340978196126	-1.87340978196126	0.007005150863596925	10461.0	58.91630055198828	0.16666666666666666	1.0194136775900515	1.295228645116498	24	0.6593400382172653
PNPLA1	PNPLA1	3.39748080359037e-05	15843.0	1.8731185923335298	-1.8731185923335298	4.0410043397013453e-07	14304.0	80.56212684465471	0.5	1.4095419572476384	1.3594623948261284	24	0.3409999694365813
LAMP5	LAMP5	1.05243018299128e-07	15842.0	1.87283216519885	1.87283216519885	2.2612498809056075e-05	13567.0	76.41094964515038	0.5	1.5445436547366267	2.1199370553286294	24	0.15485766883363078
SLC22A18	SLC22A18	1.61284988781666e-20	15841.0	1.8721823368592	1.8721823368592	0.012628007952793001	4127.0	23.239833277008	0.16666666666666666	0.6516797996715967	0.9256033627437338	24	1.3186020992509258
ALB	ALB	0.0019252486546952698	15840.0	1.87187883759302	1.87187883759302	0.000210272105182904	17558.0	98.89039089782584	0.782608695652174	3.839159402922354	3.0590791903229166	23	-0.6430956647191823
PLXNB3	PLXNB3	3.85752327589286e-05	15839.0	1.8714284842144497	1.8714284842144497	0.0011789197213422245	10622.0	59.823138447673756	0.3333333333333333	1.1980617898153623	1.7154884388085934	24	0.3925218492680374
GJD2	GJD2	0.468580787273745	15838.0	1.87112470355611	1.87112470355611	0.0078754912959252	15504.0	87.321167060944	0.5416666666666666	1.5231403446580067	1.4394261808300655	24	0.24175213952092578
C1orf115	C1orf115	1.8679183607517e-14	15837.0	1.8704880452321802	-1.8704880452321802	0.0607035204196727	6901.0	38.8644812436634	0.08	0.6682966259617558	0.7847147023526457	25	1.5320108259296603
MZB1	MZB1	4.09328627256711e-05	15836.0	1.86993652430005	1.86993652430005	0.0013966103050247454	13059.0	73.54962262025458	0.4166666666666667	1.6900466567487717	2.0177548712942364	24	0.08915347949867303
DEPDC4	DEPDC4	1.6614503895626202e-08	15835.0	1.86840877176465	1.86840877176465	1.9756663111093103e-06	12850.0	72.37242311591754	0.32	0.955628397610026	0.8323562314415127	25	1.0966222630109095
TTK	TTK	1.02940528223051e-08	15834.0	1.86785098038053	1.86785098038053	0.000203304458158616	10867.0	61.20310915849949	0.24	1.1219451438850994	1.5288832187580148	25	0.4878762663778636
KRT84	KRT84	0.23731565387941897	15833.0	1.86732554431817	1.86732554431817	0.010288612638001625	12155.0	68.45781232398332	0.4090909090909091	1.6155903223818668	1.7466407000180282	22	0.14412536129136624
BIRC5	BIRC5	1.12708059540313e-09	15832.0	1.86697418759126	1.86697418759126	0.0021318299075935602	6868.0	38.67860763771544	0.28	1.1363165315971562	1.8081676208253288	25	0.40408734653737405
GALNTL5	GALNTL5	0.237153787010322	15831.0	1.86671866582665	1.86671866582665	0.00465386772467232	13313.0	74.98028613270249	0.43478260869565216	1.6037461640277437	1.6719534916961425	23	0.15728457944851632
AK4	AK4	1.63135554892495e-06	15830.0	1.8666754404432402	1.8666754404432402	6.43720858661421e-07	7653.0	43.100146445871346	0.24	0.8137179241705291	1.007218637494995	25	1.0454110727055954
DOK6	DOK6	5.10983409062293e-21	15829.0	1.8648787120802501	-1.8648787120802501	1.3393849824811728e-05	10224.0	57.58139010927115	0.3333333333333333	1.132725428720226	1.2915992633712352	24	0.5668579288664293
BUB1	BUB1	2.42525185401737e-11	15828.0	1.8643474711924601	1.8643474711924601	0.0006947142027436139	5268.0	29.666554015996397	0.28	1.3129303294416494	2.0345312531182453	25	0.27102908392568337
GABRA4	GABRA4	0.0695039296632081	15827.0	1.86384155938144	-1.86384155938144	9.42034400441797e-05	16415.0	92.45240509181029	0.7083333333333334	2.0263921923148853	1.655833862507956	24	-0.09816844347369685
BPESC1	BPESC1	0.399925400288185	15826.0	1.86158462072646	1.86158462072646	0.0008998643568670559	16412.0	92.43550749126956	0.6666666666666666	1.9312415221753374	1.4696221920628596	24	-0.04739782906455871
UGT8	UGT8	2.53722889325857e-06	15825.0	1.86133558287561	1.86133558287561	5.19677119001358e-05	10263.0	57.80105891630055	0.32	1.1499966429263075	1.4332232769031843	25	0.49632109065819624
C8B	C8B	7.058954943709041e-11	15824.0	1.85767190568605	-1.85767190568605	1.56438332061813e-06	17213.0	96.94716683564266	0.6956521739130435	2.820288804907071	2.013798010624717	23	-0.47801065158585565
TUBAL3	TUBAL3	0.0253502029829819	15823.0	1.8569091525077799	1.8569091525077799	0.00026485547534041464	13555.0	76.34335924298749	0.375	1.4244012695314823	1.4366081542141111	24	0.30106183214092835
LINC01139	LINC01139	0.0035869493930591897	15822.0	1.8568482920797	1.8568482920797	7.177027976308284e-05	12741.0	71.75847696293792	0.2916666666666667	1.158956712814157	1.3274413614723606	24	0.5257419269288561
LIPI	LIPI	0.0718942247924549	15821.0	1.8562929532285402	1.8562929532285402	0.000174857982780721	15743.0	88.66734257068829	0.6086956521739131	1.9366776819504472	1.9514475878898094	23	-0.041192358544884504
KCTD16	KCTD16	4.08602739109166e-12	15820.0	1.85580231425053	-1.85580231425053	0.000586201693764371	13448.0	75.74067815703503	0.30434782608695654	1.1069080537299947	1.1905762183616284	23	0.629018326563839
FUT5	FUT5	2.7700851461035497e-08	15819.0	1.85523269133773	1.85523269133773	0.008732664537964653	11725.0	66.03582291314633	0.2916666666666667	1.2803899461516426	1.2552114191267931	24	0.4579648786066537
TRIM2	TRIM2	2.0263652259549104e-17	15818.0	1.85516829907679	1.85516829907679	1.54364685460958e-10	13148.0	74.05091810296271	0.4	1.194322376240176	1.1304004960803704	25	0.584612201717955
LPL	LPL	5.662980220363029e-23	15817.0	1.85414002622832	-1.85414002622832	5.201155511211815e-05	13719.0	77.26709473921369	0.4583333333333333	1.7475811438288111	2.3860347883600324	24	0.044659400156000624
UBE2T	UBE2T	1.2530256414488599e-14	15816.0	1.8529283466238502	1.8529283466238502	8.75606101273389e-09	11001.0	61.957868649318456	0.4	0.9860692897955594	0.9429097226946743	25	0.9193447007322781
CHAT	CHAT	0.247735889919101	15815.0	1.85279623201496	1.85279623201496	0.00698253536520695	15149.0	85.32161766362509	0.4782608695652174	1.8590929672109155	1.8955336362970825	23	-0.003321879957907882
SPATA19	SPATA19	0.473985977364196	15814.0	1.8526173843995402	-1.8526173843995402	0.0015703258594458136	17223.0	97.00349217077842	0.6818181818181818	2.498890601216201	1.6105160734033293	22	-0.40128330756175673
LINC01607	LINC01607	0.00010255812844409599	15813.0	1.85184237744346	1.85184237744346	8.85724936691116e-05	13660.0	76.9347752619128	0.375	1.2530867926738163	0.9323766273181391	24	0.642182104555631
CYYR1	CYYR1	6.109310819452989e-21	15812.0	1.85062570040877	-1.85062570040877	9.448175614019665e-07	12504.0	70.42356652022079	0.4166666666666667	1.4287357277222121	1.9567476700237083	24	0.21560775523062012
POPDC3	POPDC3	0.0032606563906801603	15811.0	1.84884823732421	-1.84884823732421	1.149943734498049e-06	14943.0	84.16131575982877	0.5	2.1410843875675627	2.4260840356070394	24	-0.12045590587723855
EGOT	EGOT	0.000121868101613581	15810.0	1.84861416921192	1.84861416921192	0.0092048891406108	11338.0	63.85603244339303	0.2608695652173913	0.9451843267929847	1.0310595441408967	23	0.8762150038305445
PLAU	PLAU	8.40339545049687e-08	15809.0	1.84782379572651	1.84782379572651	1.5787615761463116e-05	13158.0	74.10724343809845	0.4166666666666667	1.3607084697479401	1.5078408544797386	24	0.3230548665208059
LINC01537	LINC01537	2.8686837774288804e-07	15808.0	1.84640607676314	-1.84640607676314	2.46610480685642e-05	14713.0	82.86583305170666	0.5416666666666666	1.3214544638627117	1.3102502946746597	24	0.40064987203897245
MFSD4A	MFSD4A	1.12020994374429e-19	15807.0	1.84619972273354	1.84619972273354	0.0038821319469672295	11113.0	62.588712402838794	0.24	0.7671420219124262	0.5975523787988648	25	1.8057960090295664
TEX13B	TEX13B	0.31473924417356103	15806.0	1.84344270582076	1.84344270582076	0.00141735611277469	16047.0	90.3796327588149	0.6521739130434783	1.8547511357727549	1.332632939477595	23	-0.00848578000512863
LINC00636	LINC00636	0.0149591400095514	15805.0	1.84331898331259	-1.84331898331259	0.0312451643855443	13327.0	75.05914160189252	0.391304347826087	1.0167825380286006	0.6793918761703678	23	1.2165827621358294
NOSTRIN	NOSTRIN	6.91222948980708e-14	15804.0	1.84325381358451	-1.84325381358451	0.000370844315125788	9404.0	52.96271262814013	0.16	0.7466927438319303	0.8838475514096296	25	1.2406676558685916
ZIC5	ZIC5	0.0028612102565140005	15803.0	1.84292120429583	1.84292120429583	9.257397171926278e-05	13246.0	74.602906387293	0.4583333333333333	1.327415669400104	1.445622415718491	24	0.35659763524039845
TBX5	TBX5	1.45005450716637e-16	15802.0	1.8417800647872702	-1.8417800647872702	0.0021962646236726576	11428.0	64.36296045961473	0.375	1.1446765089314774	1.4143986168809959	24	0.49286215889621826
CCNB1	CCNB1	4.49576526604415e-20	15801.0	1.84177806639178	1.84177806639178	7.67507974209278e-05	8017.0	45.15038864481243	0.28	1.1376330688530387	1.6682087688749179	25	0.42209644900358273
IL1R2	IL1R2	1.3873553045901101e-08	15800.0	1.84149696206492	-1.84149696206492	0.0022433658148514387	13547.0	76.29829897487889	0.5	1.5418409850408554	1.993945804277694	24	0.15028290958620852
AQP10	AQP10	0.00220148220170005	15799.0	1.8412907227622601	-1.8412907227622601	1.6614747936263298e-05	16405.0	92.39607975667455	0.625	1.785373715043623	1.408648548196256	24	0.039695499484408356
HNF1A	HNF1A	0.00082880303314518	15798.0	1.8412061863817701	1.8412061863817701	7.988741692967715e-05	13895.0	78.25842063760278	0.5	1.5644799030208778	1.7707810445806167	24	0.15627357442513784
CCL26	CCL26	0.000122720839870004	15797.0	1.8411342363293501	1.8411342363293501	0.00557313973388693	9473.0	53.35135744057677	0.2608695652173913	1.3037329845650751	1.8445057767146291	23	0.29135243627237417
FRMPD1	FRMPD1	8.70565095585269e-06	15796.0	1.84016653076657	-1.84016653076657	0.0001496259400603975	13774.0	77.57688408246028	0.5	1.3097074530544168	1.245043522843596	24	0.42605665422893824
GABRA5	GABRA5	0.17720492096022503	15795.0	1.83851880360975	1.83851880360975	1.3712629960255698e-07	17380.0	97.88779993240959	0.782608695652174	2.5793276406313006	1.951786514138199	23	-0.37955423487934636
LINC01123	LINC01123	7.11841820034826e-22	15794.0	1.8370505177491299	1.8370505177491299	0.1868893905403195	3571.0	20.10814464346063	0.125	0.7309584589487974	1.2634775844086317	24	0.8754346515122678
NKX6.1	NKX6.1	0.0005372641420971389	15793.0	1.8369167489951799	1.8369167489951799	0.0001744687607173439	13380.0	75.35766587811197	0.4166666666666667	1.5316053376767698	1.4859234212982873	24	0.20546914258317037
VGF	VGF	0.00658861029898235	15792.0	1.8367850818353	1.8367850818353	0.0001001080914335537	15541.0	87.52957080094626	0.5	2.34111541510415	2.196064069037373	24	-0.22965192153520328
ANOS1	ANOS1	1.2333540735208502e-08	15791.0	1.83506425787545	-1.83506425787545	0.0668239586058139	1853.0	10.431452067139798	0.125	0.6991065774749495	1.2074306100063887	24	0.9408057663822932
SLCO5A1	SLCO5A1	2.06961646642046e-05	15790.0	1.83501574219088	1.83501574219088	2.84575945497224e-05	9079.0	51.132139236228454	0.28	1.2326558247722088	1.679915515787519	25	0.35856560151853467
IQCF6	IQCF6	0.312259458505508	15789.0	1.8340516984201398	1.8340516984201398	0.10675522414272001	13633.0	76.78269685704629	0.43478260869565216	1.4200031332925802	1.115025541646909	23	0.37133549830258045
DLGAP1	DLGAP1	1.1892910826434698e-16	15788.0	1.8323920165324399	-1.8323920165324399	0.00036498009115335954	10858.0	61.15241635687732	0.375	1.072852093627705	1.11084511534618	24	0.6837496176665766
LINC01547	LINC01547	5.72228786064139e-12	15787.0	1.83236219191147	1.83236219191147	0.002448666505106981	4831.0	27.20513687056438	0.16666666666666666	0.5733580868717228	0.7466543561797165	24	1.6861940128247377
TRPC5OS	TRPC5OS	0.0678919718049544	15786.0	1.83180636388343	1.83180636388343	1.20783705259332e-07	16949.0	95.46017798805903	0.6521739130434783	2.530001957883034	2.2634873563924645	23	-0.30846012549077584
IFNA5	IFNA5	0.15298485793858702	15785.0	1.8309307579195202	-1.8309307579195202	0.00984519112868157	15695.0	88.39698096203672	0.5714285714285714	1.9269799831398782	1.9166697812580802	21	-0.05011255781228645
CACNG1	CACNG1	0.00250352987023197	15784.0	1.8289102875443102	-1.8289102875443102	0.0012261937815681901	14732.0	82.97285118846456	0.4782608695652174	2.093876635269294	1.880947804031521	23	-0.14086852764179278
HOXD4	HOXD4	2.6955169237832598e-06	15783.0	1.82879718713403	1.82879718713403	0.0014169868283808386	10890.0	61.3326574293117	0.3333333333333333	0.9836129129070167	1.0156696123942033	24	0.8321448864012869
SASH1	SASH1	9.902132806024579e-34	15782.0	1.8280790585894098	-1.8280790585894098	0.015907389624636878	506.0	2.8444294243550745	0.16666666666666666	0.3770519057331041	0.41360461829574996	24	3.5082469795314077
ADGRD1	ADGRD1	1.5934075063817298e-08	15781.0	1.8273708292239699	-1.8273708292239699	2.583605961130635e-11	14444.0	81.35068153655514	0.5833333333333334	1.345973851028084	1.0703348361291674	24	0.44976297318028347
SLAMF9	SLAMF9	0.000648974268865836	15780.0	1.8268787909605402	1.8268787909605402	0.002329656125436095	13675.0	77.01926326461641	0.5	1.544487963201617	1.5221561349497559	24	0.1855202769775286
KLF9	KLF9	9.258335735356659e-25	15779.0	1.8268751927187699	-1.8268751927187699	5.78355405859156e-05	6874.0	38.71240283879689	0.24	0.6233689556070112	0.6087257735708466	25	1.9770909814642317
GATA6	GATA6	3.85984781444244e-30	15778.0	1.82624498757797	-1.82624498757797	0.0031198460521587148	5435.0	30.60718711276332	0.16666666666666666	0.6423013305851729	0.8200894134807485	24	1.4436763083768185
PBK	PBK	0.000162337777777083	15777.0	1.82480337317849	1.82480337317849	8.950138940107499e-06	11016.0	62.04235665202207	0.28	1.2761664513401687	1.6235549091139978	25	0.3379232317665943
EGR2	EGR2	2.46577215594381e-21	15776.0	1.82444018833555	-1.82444018833555	0.00494487482359455	8864.0	49.921144530809954	0.25	1.1857600908089863	1.943640515242123	24	0.32859990956043755
KCNJ6	KCNJ6	0.0015156761600631302	15775.0	1.82392038392341	1.82392038392341	2.0908920671255962e-05	16894.0	95.15038864481244	0.7083333333333334	2.5487604282462475	2.064558319485595	24	-0.3510872216501196
ALX1	ALX1	0.0560056879604946	15774.0	1.82324983009761	1.82324983009761	0.0230028510731127	13063.0	73.57215275430889	0.4166666666666667	1.2352960259730164	1.535180292047353	24	0.3829868108458353
SLCO4A1.AS1	SLCO4A1.AS1	5.43262836062168e-06	15773.0	1.8230265952233202	-1.8230265952233202	0.01443300880670677	5051.0	28.44429424355075	0.16666666666666666	0.6025575988101387	0.9086085622838306	24	1.3432285882773052
PALD1	PALD1	4.41179381100188e-19	15772.0	1.82127972466787	-1.82127972466787	2.39402744152982e-11	15055.0	84.7921595133491	0.56	1.591660718208638	1.8082555387184553	25	0.12698371526734953
HCN2	HCN2	0.000341072797742334	15771.0	1.82075745069711	1.82075745069711	4.1008102627124757e-10	15752.0	88.71803537231045	0.6666666666666666	1.976531407847632	1.539043836667516	24	-0.10121476298415155
MKI67	MKI67	7.9296903546899e-08	15770.0	1.8200875915428898	1.8200875915428898	0.00112442135217101	6302.0	35.49059366903233	0.28	1.0129744954751634	1.3918043676178236	25	0.5799041265038997
SPATA3	SPATA3	0.40673925077464795	15769.0	1.81947883542133	1.81947883542133	0.00599720206599937	16307.0	91.84409147234426	0.5217391304347826	2.023925703757421	2.147115496087531	23	-0.09521931573249486
MMRN1	MMRN1	1.2168662261229801e-05	15768.0	1.8191742775744	-1.8191742775744	1.312386870897155e-07	17269.0	97.26258871240283	0.7916666666666666	2.8954322728640647	2.5996448778138785	24	-0.4140019294461185
CYP8B1	CYP8B1	0.000410503244417938	15767.0	1.81823765645595	1.81823765645595	4.024215406562981e-05	17112.0	96.37828095077165	0.7272727272727273	2.582483648901516	2.177767255271688	22	-0.35093097786072747
SLC16A9	SLC16A9	6.11987719651772e-05	15766.0	1.81752655176292	1.81752655176292	0.00620795764670306	8032.0	45.234876647516046	0.16	0.8672028619176814	1.5657702962083757	25	0.6069368490042985
ELMOD1	ELMOD1	5.734549900393379e-07	15765.0	1.8172426285660401	-1.8172426285660401	0.00038261187468643096	13991.0	78.79914385490594	0.4583333333333333	1.273867285918645	0.934705921510113	24	0.5813329413485652
KLRC3	KLRC3	0.000166086350825493	15764.0	1.81635993726702	-1.81635993726702	8.15172350495875e-07	15275.0	86.03131688633547	0.625	1.8235511816585734	1.796603541441024	24	-0.004002688531820112
VCAN	VCAN	8.397522476847779e-09	15763.0	1.8148024806566203	1.8148024806566203	0.010521803195253969	7893.0	44.45195448912921	0.4166666666666667	1.2191895414230374	1.559435855872839	24	0.38194128792826154
GIMAP6	GIMAP6	1.84348194707486e-12	15762.0	1.81403817020667	-1.81403817020667	0.00015033945611779548	15267.0	85.98625661822688	0.5416666666666666	1.9275326965190913	2.3988406153717508	24	-0.04731224141576953
CCNE1	CCNE1	9.71209287711922e-10	15761.0	1.8135385138373301	1.8135385138373301	0.00155746090931095	799.0	4.494761743832376	0.32	0.9719621464666572	1.4377671705407957	25	0.5853356402999005
CDH26	CDH26	3.56309558292971e-05	15760.0	1.8130425340373701	1.8130425340373701	0.0034052366034661103	11751.0	66.18226878449926	0.3333333333333333	1.0884592649646867	1.4835318932185386	24	0.4884177228577757
CPA1	CPA1	0.004232710382826179	15759.0	1.8127577302879798	-1.8127577302879798	0.07109519057745375	16987.0	95.67421426157485	0.45454545454545453	2.7766956255383337	2.672567649582035	22	-0.3606785764248493
MIR31HG	MIR31HG	0.0547615240137808	15758.0	1.81197341637552	1.81197341637552	7.474347962582029e-06	11904.0	67.04404641207614	0.4166666666666667	1.2850775534868373	1.23301833313604	24	0.42732200221920763
PRKACG	PRKACG	0.39737343754584903	15757.0	1.81183673517316	-1.81183673517316	1.0614131924306412e-05	15739.0	88.644812436634	0.6666666666666666	1.5884240807390855	0.8817259613659537	24	0.25338105513868237
CCL7	CCL7	0.00840762028192601	15756.0	1.81137934361049	1.81137934361049	0.000634138880862016	16610.0	93.5507491269573	0.6086956521739131	2.0699298717433097	1.7860031695893004	23	-0.14476487642083785
CDH17	CDH17	0.00394767464740639	15755.0	1.80976435257283	1.80976435257283	2.96892182437666e-07	17237.0	97.08234763996845	0.7083333333333334	3.351468833642589	3.3556182347852954	24	-0.4594397732995997
VSIR	VSIR	7.12589659696683e-21	15754.0	1.80959337434426	-1.80959337434426	9.975807733372645e-06	11424.0	64.34043032556043	0.2916666666666667	0.9499449159118738	1.1803958762076106	24	0.7282713162250911
MYC	MYC	4.08602739109166e-12	15753.0	1.8085960291188898	-1.8085960291188898	7.943644332918871e-05	5307.0	29.886222823025797	0.16	0.7446657572100379	1.0344905337807584	25	1.028458199632335
HLX	HLX	4.00686837670419e-13	15752.0	1.80841403037158	-1.80841403037158	7.40072589787496e-08	14670.0	82.62363411062296	0.5416666666666666	1.3009685294735822	1.0899604752484489	24	0.4655632129984615
RPH3A	RPH3A	0.000143110618889828	15751.0	1.80811724978526	-1.80811724978526	1.102940582689049e-07	16847.0	94.88565956967443	0.75	2.4424483852352057	1.8795347358708396	24	-0.33749370168252985
RECQL4	RECQL4	7.41469577697512e-12	15750.0	1.80799264118003	1.80799264118003	3.48865437079058e-06	8686.0	48.91855356539371	0.24	0.6853790480583968	0.6527139784310412	25	1.7199165794183104
OLFM3	OLFM3	0.48108965726593	15749.0	1.8075634903080702	1.8075634903080702	0.003018665887002396	13185.0	74.25932184296497	0.4583333333333333	1.952422267762097	2.296399952602836	24	-0.06308081364042786
ADARB2	ADARB2	1.3681214832059e-12	15748.0	1.8075525778233201	-1.8075525778233201	1.102434815852278e-08	14228.0	80.13405429762307	0.5	1.5240073830798153	1.7308344703585719	24	0.1638199374922107
CRX	CRX	0.0332392399847327	15747.0	1.8067893415620602	1.8067893415620602	0.00019122930445552701	17578.0	99.00304156809733	0.6956521739130435	3.4467775386000645	2.214334484739526	23	-0.7406235184161518
LCN2	LCN2	0.000356469773326184	15746.0	1.80592398504193	1.80592398504193	3.675982560834675e-14	17418.0	98.10183620592542	0.9166666666666666	3.4091782079085924	2.128288496726203	24	-0.7533068121792869
EMP1	EMP1	7.57739935238919e-12	15745.0	1.80577389525383	-1.80577389525383	9.034972058007035e-07	9802.0	55.20446096654275	0.25	1.245421751564934	2.149746726120567	24	0.2606596102137611
HBQ1	HBQ1	0.0114001805391035	15744.0	1.80561248002458	-1.80561248002458	3.147992844017422e-06	16074.0	90.53171116368142	0.625	1.976924967442776	1.8039072162692082	24	-0.09496746056180193
GIPC3	GIPC3	5.613963642958049e-16	15743.0	1.80532941797681	-1.80532941797681	2.0033304210921148e-12	17035.0	95.94457587022642	0.8333333333333334	2.872739601300522	2.176915787225313	24	-0.49033140812682885
ALDH1L1	ALDH1L1	0.00019045451273625501	15742.0	1.8047603720585803	1.8047603720585803	0.0010447960801514451	13873.0	78.13450490030415	0.4166666666666667	1.634372435903843	1.6850551975171895	24	0.10111712447508664
CDH13	CDH13	2.4256744063334903e-12	15741.0	1.80455366821785	-1.80455366821785	0.000247991626467883	10234.0	57.637715444406886	0.25	1.1519758849669743	1.5818340382971805	24	0.4125450378810696
DLX5	DLX5	0.000291238349674808	15740.0	1.8040185942953602	1.8040185942953602	2.6617797140330696e-05	15164.0	85.40610566632871	0.5833333333333334	1.728968270539576	1.5466183115503591	24	0.04852543332462707
DACH2	DACH2	0.00327517356100023	15739.0	1.8039937823381298	-1.8039937823381298	0.00609375638293137	14675.0	82.65179677819083	0.4782608695652174	1.6513057732749157	1.7402602880161926	23	0.08773860445742321
CAMK2A	CAMK2A	5.2485845875672305e-14	15738.0	1.8037759064057601	-1.8037759064057601	1.964745998894356e-06	17417.0	98.09620367241185	0.7916666666666666	2.9906609981347962	1.9930840414615345	24	-0.59550177866995
ERG	ERG	3.5408174742732097e-34	15737.0	1.80363789565984	-1.80363789565984	1.6845549204310955e-07	14396.0	81.08031992790356	0.5416666666666666	1.8680436642442	2.3980477648307628	24	-0.02685758370993302
FOS	FOS	1.91533308349286e-05	15736.0	1.8033813010543502	-1.8033813010543502	4.191752502127805e-05	13142.0	74.01712290188127	0.375	1.3210011240812978	1.84396349046734	24	0.2615996354953842
SVEP1	SVEP1	6.285202159907279e-19	15735.0	1.8024324692231002	-1.8024324692231002	2.619242408678461e-07	15100.0	85.04562352145994	0.5833333333333334	1.4935283507645165	1.4953684275643266	24	0.2065739203560224
LINC00622	LINC00622	1.81075005470152e-07	15734.0	1.80133738090067	-1.80133738090067	0.022428226176323052	9669.0	54.45533400923735	0.20833333333333334	0.8890314303789806	1.2868838024116585	24	0.7089264382782665
LINC01093	LINC01093	0.0748026824147111	15733.0	1.8005327957750201	-1.8005327957750201	0.00392023319838078	15134.0	85.23712966092148	0.4782608695652174	1.486360510765152	1.2115937479366714	23	0.2593049737545274
EPHB2	EPHB2	2.64535571498912e-17	15732.0	1.79988218075308	1.79988218075308	6.27274777334411e-05	7846.0	44.18722541399121	0.2	0.8459095039680422	1.2634231588904636	25	0.7550698038674669
STX1A	STX1A	5.0711131299480104e-09	15731.0	1.7987096239696	1.7987096239696	0.000138567150786429	9533.0	53.68930945139123	0.16	0.8006701931828346	1.1200841480498855	25	0.8910396888701575
RBM12B.AS1	RBM12B.AS1	4.0821776419845703e-13	15730.0	1.79773043875244	1.79773043875244	0.00471322651258761	3655.0	20.58127745860088	0.12	0.5689966764069837	0.715721085087869	25	1.7167773703280023
PAK5	PAK5	0.009644752561388291	15729.0	1.79689473308761	-1.79689473308761	0.001446636176426608	15662.0	88.21110735608876	0.5833333333333334	1.9925006056673782	1.9953982806964519	24	-0.09802848607822601
EP300.AS1	EP300.AS1	5.7901242537336395e-15	15728.0	1.79629888286201	-1.79629888286201	0.0407570781100005	5235.0	29.48068041004844	0.24	0.6673542574766289	0.7081725496638808	25	1.5941660347061049
LINC00881	LINC00881	0.0010547645991711401	15727.0	1.7958937054706399	1.7958937054706399	0.0571521194807772	12795.0	72.06263377267095	0.30434782608695654	1.3850590012213424	1.5319853589305412	23	0.2681714298732566
TGM5	TGM5	0.00516343547660125	15726.0	1.7951378037305399	1.7951378037305399	5.397886329981315e-07	12896.0	72.63151965754196	0.4166666666666667	1.9034070968004115	2.078571133003328	24	-0.052088327096813526
ENC1	ENC1	2.6370629870490098e-20	15725.0	1.79490292307771	1.79490292307771	4.1126668339265304e-05	6029.0	33.95291201982651	0.125	0.601217747490939	0.8823767417387992	24	1.352806708429907
XAGE2	XAGE2	0.000248619415636523	15724.0	1.79488286833972	-1.79488286833972	0.0006475214635873169	15477.0	87.16908865607749	0.5833333333333334	1.5575500354409655	1.1283733551353587	24	0.21033183016829057
HEG1	HEG1	1.43580904743664e-13	15723.0	1.7948776004131202	-1.7948776004131202	1.90685669442743e-06	11250.0	63.36036949419849	0.36	0.7535439613678916	0.5355143489940246	25	1.9445485279738937
TMEM207	TMEM207	0.6556415450470899	15722.0	1.79447079299957	1.79447079299957	0.001341882085969545	16048.0	90.38526529232848	0.5454545454545454	1.7732602265794268	1.324555420923823	22	0.01601334763731493
RAPGEF4	RAPGEF4	3.9014601396251997e-36	15721.0	1.79398697873173	-1.79398697873173	5.36581904102283e-07	12395.0	69.80962036724118	0.4583333333333333	1.2516593882805103	1.4594254484512728	24	0.3716034902822423
SIM1	SIM1	0.40456533612658097	15720.0	1.7936739565680802	1.7936739565680802	0.00024106675729814302	14211.0	80.0383012278923	0.5217391304347826	2.232936804693612	2.561893479733411	23	-0.1714602311143871
COX7A1	COX7A1	1.9850122382615198e-19	15719.0	1.7936065178329599	-1.7936065178329599	0.00568526891831488	14251.0	80.26360256843527	0.5	1.4719540114209353	1.6595527770647924	24	0.19381878711981848
CYP2J2	CYP2J2	5.8382568351894395e-05	15718.0	1.7931177449743199	1.7931177449743199	3.37926436374195e-07	14046.0	79.10893319815253	0.4583333333333333	1.4054554959076324	1.2985226801582241	24	0.29854099199826917
NOX4	NOX4	4.69882069168396e-06	15717.0	1.79298490601347	1.79298490601347	0.0069335441784191204	8505.0	47.899064999436746	0.2608695652173913	0.817704793279057	0.8264251399777902	23	1.1801191245956326
ZNF117	ZNF117	1.5403660874723903e-09	15716.0	1.79233854965576	1.79233854965576	1.6067809166828155e-06	11640.0	65.55705756449251	0.2916666666666667	1.0952729683166613	1.2668277596557191	24	0.5502449532117433
PID1	PID1	5.71337289502674e-22	15715.0	1.7920392612084999	-1.7920392612084999	1.4402846069961347e-05	11785.0	66.3737749239608	0.3333333333333333	0.9685960089722054	1.5843302255655995	24	0.5197421843936156
GHR	GHR	6.94772830020228e-19	15714.0	1.7916923433677598	-1.7916923433677598	0.0136652356493352	9572.0	53.90897825842063	0.16666666666666666	0.96655317506241	1.3714613880467885	24	0.6016495801464004
EFR3B	EFR3B	9.900036288799321e-16	15713.0	1.7908353545687101	-1.7908353545687101	0.004194708698977119	5399.0	30.404415906274643	0.25	0.8797438888935597	1.2234261542877694	24	0.7447049112707191
TNNT1	TNNT1	0.000302300130386004	15712.0	1.79083164211189	1.79083164211189	2.4273215026800547e-05	13438.0	75.68435282189928	0.4583333333333333	1.6553862449931183	1.9538601082766915	24	0.06932195224469513
IL27	IL27	0.00141557784446333	15711.0	1.79002395782271	-1.79002395782271	0.0012307150607533	15008.0	84.5274304382111	0.5217391304347826	1.7179918585890719	1.4013999832323822	23	0.051400099968242685
CSPG4	CSPG4	2.00608874425307e-17	15710.0	1.78976192186896	-1.78976192186896	3.857739799582909e-10	14638.0	82.44339303818857	0.625	1.7035156648970615	1.736607418698487	24	0.04966364651173513
NFKBIA	NFKBIA	2.78356298659184e-19	15709.0	1.78865820988044	-1.78865820988044	0.0387073312509412	5032.0	28.337276106792835	0.12	0.6117697759235794	0.7362362952208479	25	1.598519988210892
CALB2	CALB2	0.000104293489338972	15708.0	1.7882000775715199	-1.7882000775715199	0.05879763546716025	6459.0	36.374901430663506	0.25	1.044897409510728	1.4082409934559386	24	0.5278234844141743
CA6	CA6	0.0760416637029671	15707.0	1.7876652755976998	1.7876652755976998	0.00696301202849261	17005.0	95.77559986481918	0.7083333333333334	2.85079387566428	2.2731225009837526	24	-0.46769525162259573
NRARP	NRARP	5.77385993512503e-12	15706.0	1.78532904748051	-1.78532904748051	1.7227281055405603e-08	13298.0	74.89579812999887	0.4	1.6294050162977212	1.654020153554787	25	0.09426972872590454
ANKRD33B	ANKRD33B	3.26332685550245e-18	15705.0	1.78530000123306	-1.78530000123306	8.23294590557417e-09	12089.0	68.08606511208741	0.32	1.175528327677853	1.6156435161266667	25	0.3774172133077163
GH2	GH2	0.495672506003789	15704.0	1.78462559255869	1.78462559255869	2.736941063865132e-05	17636.0	99.32972851188464	0.8181818181818182	3.944424473038744	2.406808120377057	22	-0.8973706138824618
MACC1	MACC1	3.04412401715794e-15	15703.0	1.7837317015565402	1.7837317015565402	9.014040858305151e-09	16142.0	90.91472344260448	0.625	1.5696753202672837	1.0498945022709918	24	0.20388370529252053
CTNNAL1	CTNNAL1	6.29729896187132e-32	15702.0	1.78314473335173	-1.78314473335173	0.005902616838949279	2725.0	15.34302129097668	0.2	0.5957746193319805	0.9066034720322235	25	1.3096906758565192
COL3A1	COL3A1	0.00011714207270889199	15701.0	1.7827201685766598	1.7827201685766598	5.22258940414688e-05	12834.0	72.28230257970034	0.4166666666666667	1.7001662540443228	2.479956525381419	24	0.03328845231254214
LY86.AS1	LY86.AS1	0.00371483894692516	15700.0	1.78183757945701	-1.78183757945701	0.0006296312979036412	14342.0	80.77616311817054	0.5	1.3544977443133288	1.3002318079249582	24	0.32866434472609424
CNNM1	CNNM1	4.7181127301479597e-07	15699.0	1.7808182980794498	1.7808182980794498	0.01550741625313135	6604.0	37.1916187901318	0.25	1.0527387152319354	1.5670918174084816	24	0.46460556730590824
EFNA4	EFNA4	3.10897734230042e-28	15698.0	1.7803856265683502	1.7803856265683502	1.0463622574040599e-05	7608.0	42.8466824377605	0.12	0.5311064185516216	0.4704309054246651	25	2.655606155146175
BTBD17	BTBD17	0.0486708245283148	15697.0	1.78014771241599	1.78014771241599	0.000634977885990081	15793.0	88.94896924636701	0.5833333333333334	2.149728271824149	1.769177807729599	24	-0.2088996130255811
NEDD9	NEDD9	7.02773264744463e-22	15696.0	1.77962494054638	-1.77962494054638	9.539382208108821e-05	6247.0	35.180804325785736	0.16	0.6743469279591348	0.8076171641108111	25	1.3685667686423673
USP26	USP26	0.487433539813071	15695.0	1.77889097761304	1.77889097761304	0.0113444252311011	16127.0	90.83023543990086	0.5217391304347826	1.8816205174758562	1.7195518278528434	23	-0.05974204336201475
ANGPT1	ANGPT1	1.14586331466517e-14	15694.0	1.77864486698469	-1.77864486698469	0.019989526901223298	8167.0	45.99526867184859	0.125	0.7028739022209359	1.1027021758060989	24	0.9755770763554924
HSF2BP	HSF2BP	9.24927353154555e-07	15693.0	1.77758279341564	1.77758279341564	0.0001437722016448487	10036.0	56.522473808719155	0.2916666666666667	1.0409529850092234	1.1746766965097355	24	0.6270915313082587
SNHG4	SNHG4	2.93029511435466e-10	15692.0	1.7774332699806001	1.7774332699806001	0.0015005824825145599	4920.0	27.7064323532725	0.12	0.5549451682997328	0.555609300261898	25	2.2002657282817655
FOXL2	FOXL2	0.161845786836706	15691.0	1.7742005866689399	1.7742005866689399	9.774755264705215e-09	16057.0	90.43595809395066	0.625	2.0455953906365174	1.7095098810647533	24	-0.15875591417964877
THRSP	THRSP	0.0169028970063364	15690.0	1.7739874675573999	1.7739874675573999	0.00010718857928612236	16461.0	92.71150163343471	0.625	2.583947250952551	2.618285628057218	24	-0.30934737398995904
CCL23	CCL23	4.93681313774977e-07	15689.0	1.77362843682857	-1.77362843682857	0.000854263469243681	16225.0	91.38222372423115	0.5652173913043478	1.7291047336987702	1.5850394625822721	23	0.028089965064506263
RND1	RND1	2.88111660153383e-06	15688.0	1.7734332775446697	-1.7734332775446697	0.02261395334847	11201.0	63.08437535203334	0.2	0.9514257932163808	1.1518021195943156	25	0.7136707515504609
ID3	ID3	2.4169566686540397e-13	15687.0	1.77290289141965	-1.77290289141965	5.38595919155264e-07	9166.0	51.622169651909424	0.24	0.8908586470849904	1.147428935538594	25	0.7687136144258337
SLIT2.IT1	SLIT2.IT1	0.11415208091756301	15686.0	1.77199164158106	-1.77199164158106	0.0344536944303739	14410.0	81.1591753970936	0.42857142857142855	1.2802031297818597	1.4205672127294844	21	0.3461916531596386
GPRIN2	GPRIN2	1.12599300268303e-10	15685.0	1.77158969146868	-1.77158969146868	0.00315526120931862	14937.0	84.12752055874732	0.5652173913043478	1.4372211666596053	1.6601357785400654	23	0.20141034795546697
KLF17	KLF17	8.967725559181358e-08	15684.0	1.7714654389794902	-1.7714654389794902	0.000298156277288605	15568.0	87.68164920581277	0.6086956521739131	1.6429061360924635	1.077691015690691	23	0.11929143048913064
MYL3	MYL3	1.2120067215936598e-20	15683.0	1.7710676823470801	-1.7710676823470801	2.79681571140546e-08	17722.0	99.81412639405204	0.8260869565217391	5.169631712229073	3.219238485440792	23	-1.0557043366784449
RBP4	RBP4	2.70801871174629e-10	15682.0	1.77098195199593	-1.77098195199593	4.120315396722505e-06	17314.0	97.51605272051368	0.7083333333333334	2.6764630864961774	1.9353077918171082	24	-0.46787448401169757
GATA5	GATA5	2.82756774970101e-06	15681.0	1.77005947154744	-1.77005947154744	4.31256611528998e-05	13882.0	78.18519770192633	0.5	1.352132606635604	1.2528351980461545	24	0.3335848685953342
OPRD1	OPRD1	0.000218322948426508	15680.0	1.7697725023401898	1.7697725023401898	9.765449043084819e-05	10549.0	59.411963501182825	0.4166666666666667	1.29510627395323	1.481646292316911	24	0.32036406451954524
FEZ1	FEZ1	5.980859530429779e-27	15679.0	1.76938823362788	-1.76938823362788	1.174745164537438e-07	14013.0	78.92305959220457	0.5	1.5773552194110103	1.8628838864206978	24	0.10308372712688894
LMO1	LMO1	0.053373520889457	15678.0	1.76925863069554	1.76925863069554	0.003426537979126385	15923.0	89.68119860313168	0.5416666666666666	1.6561981715320107	1.5916845481273598	24	0.0710319512095199
SLC5A3	SLC5A3	1.97094067125962e-09	15677.0	1.7692061550852298	1.7692061550852298	8.28203805304142e-06	10318.0	58.11084825954714	0.2	0.7277060065884047	0.6948344449581648	25	1.4989184201418406
LINC00486	LINC00486	0.31972287179037606	15676.0	1.76912952719327	1.76912952719327	0.0269741137543408	11734.5	66.08933198152529	0.30434782608695654	1.1568016875211964	1.2020208694797703	23	0.5094153148414858
LY6G6C	LY6G6C	7.9322251496109e-05	15675.0	1.7685684189804398	-1.7685684189804398	0.0017015684986197714	14282.0	80.43821110735608	0.5	1.769695293253459	1.73862695216718	24	-0.0006481403452388892
CLEC4D	CLEC4D	2.8156145843116003e-06	15674.0	1.7669526658349601	-1.7669526658349601	0.001268691022735771	14960.0	84.25706882955953	0.5	1.8535352975860355	2.170089617746324	24	-0.03989818256491774
LINC00514	LINC00514	0.00011236606404998502	15673.0	1.76690331931751	1.76690331931751	0.0014027394450056	14838.0	83.56989974090345	0.5416666666666666	1.6871832023594788	1.5908807621181804	24	0.050110680106463676
FFAR2	FFAR2	6.92208660038256e-11	15672.0	1.7662714359315903	-1.7662714359315903	0.00017414664858803	15618.0	87.96327588149148	0.625	2.1026004856911187	2.2304657612525665	24	-0.15078870772293562
PLPPR5	PLPPR5	0.00242611734087075	15671.0	1.76592746388396	-1.76592746388396	9.410589567538651e-07	17227.0	97.02602230483271	0.7391304347826086	3.4903319452368144	2.913815145242599	23	-0.5918029783626798
CCSER1	CCSER1	2.52117441008355e-18	15670.0	1.7645318741841298	1.7645318741841298	3.4551706835192963e-10	14454.0	81.40700687169088	0.5416666666666666	1.1806818370579426	0.6591272112764154	24	0.8857926469088537
IL3RA	IL3RA	1.8934096517640998e-19	15669.0	1.7628477519527301	-1.7628477519527301	2.0107852648597898e-05	12733.0	71.71341669482933	0.28	0.9740257639148462	0.9406681644540414	25	0.8385762565864147
UTS2R	UTS2R	0.0036729887816632	15668.0	1.76218668895203	1.76218668895203	8.321284565014655e-05	16502.0	92.94243550749127	0.7083333333333334	2.0364261580831466	1.3744166972326273	24	-0.19953153194609383
MRGPRF.AS1	MRGPRF.AS1	3.07080621764865e-08	15667.0	1.7617119577242801	-1.7617119577242801	2.8496445610296e-06	15300.0	86.17213022417482	0.5833333333333334	1.5990767345179295	1.1639015925864988	24	0.13973279548912024
KDM6B	KDM6B	5.0611467444449204e-11	15666.0	1.7592475074209	-1.7592475074209	2.1235908595008198e-10	11800.0	66.4582629266644	0.36	1.0964717016737335	0.9786319970553781	25	0.6772472264767588
DSP	DSP	2.54932709209396e-06	15665.0	1.75875534223391	1.75875534223391	0.005459215208213535	8300.0	46.74439562915399	0.25	0.8822910837273117	1.119101776647964	24	0.7831854767775136
SPRED3	SPRED3	3.8191062010425204e-17	15664.0	1.7585530282651398	1.7585530282651398	0.0008868230042248476	7015.0	39.506590064210876	0.2916666666666667	0.9062013130615242	1.3567904382316212	24	0.6282117644597585
C10orf55	C10orf55	3.21089713084864e-07	15663.0	1.75686049932312	1.75686049932312	0.00015494491735376645	11208.0	63.123803086628364	0.25	1.0717026135268837	1.4824361169112903	24	0.4621837514481149
MDGA1	MDGA1	3.39706133688158e-12	15662.0	1.7561421321193103	-1.7561421321193103	6.3710512150260055e-12	14161.0	79.75667455221358	0.5416666666666666	1.5908801776961479	2.1484374096787704	24	0.07692193111079368
IL18R1	IL18R1	4.6130290536755605e-11	15661.0	1.75510842781528	-1.75510842781528	0.0325246433037783	8736.0	49.20018024107243	0.20833333333333334	1.209944582237083	2.224482476771281	24	0.24507446171006642
XIRP1	XIRP1	0.0047871268682791795	15660.0	1.75487516368064	-1.75487516368064	9.295699272236645e-08	17585.0	99.04246930269234	0.8333333333333334	3.4755513625778858	2.2966057763576346	24	-0.7492257559441481
PLCZ1	PLCZ1	0.290472295973555	15659.0	1.75468520958274	1.75468520958274	0.0212129425187457	12715.0	71.612031091585	0.391304347826087	1.6534124899590452	1.8881429507642122	23	0.05363615057996826
PDZD4	PDZD4	3.7001434452906603e-29	15658.0	1.7536711037523502	-1.7536711037523502	9.828677307825595e-13	16690.0	94.00135180804325	0.7083333333333334	2.3043397869457842	2.377287887823734	24	-0.23163735701254864
WSCD1	WSCD1	2.31966708666153e-06	15657.0	1.7533885782567098	-1.7533885782567098	1.2926349218868393e-08	14238.0	80.1903796327588	0.5416666666666666	1.3676694498374262	1.1212258798313255	24	0.3440155417009374
FCN1	FCN1	3.35237176516969e-05	15656.0	1.7525002541899397	-1.7525002541899397	1.0181365105186403e-05	16897.0	95.16728624535315	0.75	2.525759067098845	2.426569209762299	24	-0.3186634074964843
ORC6	ORC6	3.2701024679757403e-12	15655.0	1.7520054625678998	1.7520054625678998	0.000161065353887082	6621.0	37.28737185986256	0.2	0.9828968698678626	1.320781913356484	25	0.5823130866060338
KLF6	KLF6	2.79173065448741e-21	15654.0	1.75183501467904	-1.75183501467904	0.000611831839828082	5016.0	28.247155570575647	0.24	0.8766941557605965	1.184141130432635	25	0.7390511455325466
SLC6A19	SLC6A19	0.380854476640036	15653.0	1.7514914261756798	1.7514914261756798	0.0001333623506577354	17014.0	95.82629266644136	0.7083333333333334	2.927558032026557	2.5401622093485265	24	-0.46298878139459526
KRT78	KRT78	0.0111668682849622	15652.0	1.75124759240179	1.75124759240179	0.00045332694507097546	16862.0	94.97014757237805	0.7272727272727273	3.0098129021919675	2.518876628523466	22	-0.4996534151527432
CD300C	CD300C	1.06044518139524e-08	15651.0	1.75119102695972	-1.75119102695972	0.0028516423588413	13264.0	74.70429199053734	0.375	1.3772879985890392	1.862061023146201	24	0.200800630979817
KIF14	KIF14	1.03541156608106e-06	15650.0	1.75065000358706	1.75065000358706	9.720198050533611e-06	11293.0	63.60256843528219	0.24	1.1781023333077147	1.438437207568495	25	0.3980345247375575
POLQ	POLQ	2.7087303982002303e-07	15649.0	1.7505645947436002	1.7505645947436002	4.9439866240183003e-05	10572.0	59.54151177199504	0.24	1.1016557146318187	1.3722828543539762	25	0.47286816857976816
PTPRM	PTPRM	5.089554075807419e-28	15648.0	1.75040132127174	-1.75040132127174	0.000322522822605198	5404.0	30.432578573842516	0.12	0.6286165746279777	0.6577390766179665	25	1.7055163461047134
CACNA1B	CACNA1B	0.0046826597435817	15647.0	1.7478710487605	1.7478710487605	0.0063592494488384005	12279.0	69.15624647966655	0.4166666666666667	1.4936542242074557	1.7337712844842628	24	0.14662650536899682
GLYAT	GLYAT	0.49575669194087996	15646.0	1.74749891845623	1.74749891845623	6.1318694768248e-06	16954.0	95.4883406556269	0.6521739130434783	2.6393760989715345	2.1423751317902227	23	-0.4163029934771645
KIRREL3.AS3	KIRREL3.AS3	0.594081301056991	15645.0	1.74387113724897	1.74387113724897	0.0201439627464479	14172.0	79.8186324208629	0.5217391304347826	1.333023157694771	0.9497155477711244	23	0.432601088313667
NANOS1	NANOS1	6.84972317734188e-06	15644.0	1.74352176250915	1.74352176250915	0.000311258025944467	3928.0	22.118959107806692	0.16	0.5720988432572386	0.5841170043629197	25	2.005459369445253
PCLAF	PCLAF	3.675167726734e-11	15643.0	1.7432864287208198	1.7432864287208198	2.2994387850249e-06	11999.0	67.57913709586572	0.32	1.0914590645920763	1.2807620110646578	25	0.5089371471807628
ERO1A	ERO1A	5.0683245925359e-18	15642.0	1.74296853695039	1.74296853695039	2.2893945441513302e-12	14008.0	78.8948969246367	0.48	1.0432204995957415	0.5565635763684491	25	1.2572652380891887
LINC00857	LINC00857	9.085100724945971e-13	15641.0	1.74295382151461	1.74295382151461	7.11473553444687e-07	11665.0	65.69787090233186	0.391304347826087	0.9118570848101457	0.7466652537153796	23	1.113078092986056
AQP9	AQP9	1.00775231028515e-14	15640.0	1.74293957750451	-1.74293957750451	0.00011265671118992271	15602.0	87.8731553452743	0.6666666666666666	2.1790217337623132	2.582272616737265	24	-0.16887533617918263
DEPDC7	DEPDC7	3.4094200053355604e-07	15639.0	1.74247921330969	1.74247921330969	0.000489843419721168	9119.0	51.35744057677143	0.2	0.7384670080194414	0.7871395796001762	25	1.275519909442531
TPPP	TPPP	8.734804793366291e-10	15638.0	1.74133743186658	-1.74133743186658	2.1364716732606444e-08	14115.0	79.49757801058915	0.5416666666666666	1.2516470800802848	0.9519919747552933	24	0.5143849578271588
SHISA9	SHISA9	0.0141128881916784	15637.0	1.74086089476416	1.74086089476416	5.29188347225851e-06	15484.0	87.20851639067251	0.6521739130434783	2.392739241292989	2.8406730767363944	23	-0.22948024250568178
ABCG2	ABCG2	2.15997086880685e-11	15636.0	1.74021069998458	-1.74021069998458	0.00037658365476693945	9696.0	54.60741241410386	0.25	0.8538064968905434	0.8152948751125144	24	1.0872191524222554
CYP2W1	CYP2W1	0.00682739272971212	15635.0	1.73990048463875	1.73990048463875	0.00012736189569165798	16991.0	95.69674439562915	0.6666666666666666	2.05157981083792	1.3653184406664411	24	-0.22828324654212742
MCHR1	MCHR1	0.0041950139234312	15634.0	1.73954795892686	1.73954795892686	1.565819387606677e-06	15185.0	85.52438887011377	0.5416666666666666	1.5407509160925141	1.138772740953648	24	0.17457130442713825
TRIM15	TRIM15	0.183655088473012	15633.0	1.7393917410851898	1.7393917410851898	0.0003290058344012425	15041.0	84.71330404415906	0.625	1.8682721906663813	1.7954400048107535	24	-0.07178209755595592
ARID5A	ARID5A	3.2041384557081703e-13	15632.0	1.7369864073885302	-1.7369864073885302	3.59868224414634e-08	12763.0	71.88239270023657	0.28	0.9137177212196741	0.9046526014887513	25	0.9100384886021828
WNT11	WNT11	5.59646588260695e-29	15631.0	1.7367638430321801	-1.7367638430321801	0.000910435782393011	11330.0	63.81097217528444	0.3333333333333333	0.7945048707891845	0.754175510122413	24	1.2493895115873679
AMZ1	AMZ1	3.39748080359037e-05	15630.0	1.7366773401975502	-1.7366773401975502	0.007797441489310745	6630.0	37.33806466148473	0.125	0.5635995895770063	0.5016634276089389	24	2.3383760626357475
MPV17L	MPV17L	5.40500537000752e-07	15629.0	1.73545224345359	1.73545224345359	3.282102621701645e-05	13851.0	78.01058916300552	0.5	1.8707967158780656	2.3384924767365036	24	-0.05787680472393754
SLIT3	SLIT3	3.45148411299042e-11	15628.0	1.7351396021984198	-1.7351396021984198	3.493487044143535e-08	15411.0	86.79734144418158	0.625	1.4799757268834954	1.270425555608335	24	0.20084913609340987
P2RY14	P2RY14	2.96009866787491e-28	15627.0	1.7350609388711797	-1.7350609388711797	0.002085483707285505	10414.0	58.651571476850286	0.4166666666666667	1.4281868499936643	2.0729141290194435	24	0.1480399426978082
LILRA2	LILRA2	1.1835135885386e-08	15626.0	1.7348569260260298	-1.7348569260260298	3.5066279940633984e-07	15943.0	89.79384927340317	0.625	1.8759853839707155	1.7818007549595258	24	-0.07920552146577771
RASL12	RASL12	3.26277019934256e-12	15625.0	1.73358273799457	-1.73358273799457	8.822712927128151e-06	15361.0	86.51571476850286	0.7083333333333334	1.6223529785065323	1.50185917503016	24	0.07406137761604988
CACNA2D2	CACNA2D2	1.4037778765804099e-09	15624.0	1.7330246335914299	-1.7330246335914299	9.284235396168239e-10	14536.0	81.86887461980399	0.52	1.3568720021656049	1.259631697281979	25	0.2986211225372333
UGT2B4	UGT2B4	1.2873925803490401e-05	15623.0	1.7328065187285	-1.7328065187285	1.72794794126213e-05	17364.0	97.79767939619241	0.6521739130434783	2.9817164155360922	2.3733540704266067	23	-0.5262214822346767
NXPE1	NXPE1	0.0741528864854478	15622.0	1.73240405234866	1.73240405234866	0.000165557551456669	15161.0	85.38920806578798	0.625	2.0377652497925896	2.0132863726659913	24	-0.15167300667692432
LARGE2	LARGE2	2.45158077696372e-07	15621.0	1.7318603307944098	1.7318603307944098	0.0152809989351477	9107.0	51.28985017460853	0.24	0.8065666503380843	0.9623041947778584	25	0.9615396934541302
TRIM6	TRIM6	2.61345622282228e-07	15620.0	1.73178497738477	1.73178497738477	0.00791087544426027	4212.0	23.718598625661823	0.08	0.5401138769420413	0.9332766825088549	25	1.2768679672133803
KRT27	KRT27	0.0019654900561032604	15619.0	1.73086668813008	-1.73086668813008	0.0075202533541349	17061.0	96.09102174157935	0.6363636363636364	2.74634031018531	2.4934851172590027	22	-0.4072507251102036
SLC22A11	SLC22A11	0.0248759418046854	15618.0	1.7307580375515903	1.7307580375515903	8.41519778478901e-07	17624.0	99.26213810972175	0.8333333333333334	2.919788317262912	1.6151222235276999	24	-0.7361859445623122
GAP43	GAP43	0.0075022052415722705	15617.0	1.73011528972758	1.73011528972758	3.08660137503312e-05	16619.0	93.60144192857948	0.6956521739130435	2.3721236186764894	2.265338323388683	23	-0.2834050535941755
SPTBN1	SPTBN1	3.5848662219812396e-17	15616.0	1.7299131991148	-1.7299131991148	0.0012038049517171599	5958.0	33.55300214036273	0.08	0.48440758053073274	0.44112945042845525	25	2.8234469890286094
HOXB2	HOXB2	1.0043959996498e-09	15615.0	1.72875547775278	1.72875547775278	3.4302598625242794e-06	10588.0	59.63163230821223	0.25	1.0015581324856326	1.1366854668790993	24	0.6397524789894177
NLRP10	NLRP10	0.5957857658965129	15614.0	1.72782910884769	1.72782910884769	0.000337343907969966	13412.0	75.53790695054636	0.4782608695652174	1.8619582675039583	1.797726476439045	23	-0.0746104373574965
MAPT.AS1	MAPT.AS1	0.0924213217319847	15613.0	1.7267393915798	1.7267393915798	0.000737022759490084	13343.0	75.14926213810972	0.4583333333333333	1.2805003883969868	1.2532216309239692	24	0.3560734926461589
ACE2	ACE2	2.9975201511385094e-08	15612.0	1.72635081449869	1.72635081449869	0.010620851200368686	11586.0	65.25290075475948	0.4166666666666667	1.3138660551488621	1.4283667746381636	24	0.2887807016193858
SELP	SELP	6.199849339360021e-15	15611.0	1.7258536774610098	-1.7258536774610098	0.04316209577563225	12338.0	69.48856595696743	0.2916666666666667	1.4024429444082027	2.021306851370204	24	0.16000080978975226
LY6E	LY6E	6.8892240483625e-07	15610.0	1.72541950289352	1.72541950289352	0.00738976597084305	6465.0	36.40869663174495	0.2	0.7165764605673833	0.9646851122567094	25	1.0457744496192416
BEND2	BEND2	0.130981395094485	15609.0	1.72493212452898	-1.72493212452898	0.00733400439251011	15990.0	90.05857834854116	0.5416666666666666	2.4388039267722283	2.2462406725009334	24	-0.31780735296206414
PCSK9	PCSK9	8.774062894841071e-05	15608.0	1.72485120734918	-1.72485120734918	0.00015200298384528672	12316.0	69.3646502196688	0.4166666666666667	1.161383334218591	1.3701988639272393	24	0.4112307256740729
STAM.AS1	STAM.AS1	2.3883850283712602e-06	15607.0	1.72470893348308	1.72470893348308	0.001875562854951265	5653.0	31.83507941872254	0.125	0.6154600117165964	0.6990291936482042	24	1.5868420544460522
ITPKA	ITPKA	9.74537197129965e-06	15606.0	1.7244900843522297	1.7244900843522297	0.00806432597428671	4675.0	26.326461642446773	0.24	0.7924628293548434	0.9223123852632635	25	1.0105331662995611
RRM2	RRM2	1.31428817941239e-07	15605.0	1.7244762824115198	1.7244762824115198	0.000482600487352405	6583.0	37.07333558634674	0.32	1.2009654629546709	1.5444869746069956	25	0.338954505971188
LYZL4	LYZL4	0.30407977783631795	15604.0	1.7238428924134401	1.7238428924134401	0.00220348890381662	15492.0	87.25357665878111	0.5909090909090909	1.5186607237742697	1.2593885955969633	22	0.1629220475368144
GFRA2	GFRA2	8.656083188084969e-16	15603.0	1.72357818079948	-1.72357818079948	2.7770939425836697e-08	14086.0	79.3342345386955	0.5416666666666666	1.4949752097388485	1.6152065381287641	24	0.14153172715946957
KLK10	KLK10	6.1169689899674e-07	15602.0	1.7230285797380098	-1.7230285797380098	0.0237689373028283	11748.0	66.16537118395854	0.30434782608695654	1.093657635703578	1.2241069883845939	23	0.514147006762038
LINC01539	LINC01539	0.14623620482248498	15601.0	1.7226774204566597	1.7226774204566597	0.0058948591068058	12489.0	70.33907851751718	0.391304347826087	1.3479863586197935	1.504383973805502	23	0.24906610836131457
TBX5.AS1	TBX5.AS1	3.19366638896851e-14	15600.0	1.72266295236038	-1.72266295236038	0.001004371745081836	14308.0	80.58465697870902	0.4166666666666667	1.4606924351001567	1.4160631839584938	24	0.18499917251425552
ADAMTS9	ADAMTS9	5.053820141047521e-07	15599.0	1.72219569690867	-1.72219569690867	0.00014552288131880714	9617.0	54.16244226653148	0.25	0.9402843688398116	1.1489085495477889	24	0.680568813224185
SUSD4	SUSD4	5.164674916328571e-05	15598.0	1.72122749295647	1.72122749295647	8.167949332290636e-05	10781.0	60.71871127633209	0.375	1.1549542999883242	1.432344242613086	24	0.395347135221537
HAGLROS	HAGLROS	5.11974362456469e-11	15597.0	1.7189454580812902	1.7189454580812902	0.022052323128793398	12514.0	70.47989185535654	0.3333333333333333	0.8722363475816669	0.8162849150090679	24	1.0372715395459897
FZD4	FZD4	1.6102055910789601e-10	15596.0	1.71859266746101	-1.71859266746101	0.052458241175406	2503.0	14.092598850963162	0.08	0.5002270753838302	0.7702469154131423	25	1.5817857464884193
FAM167A	FAM167A	6.893057024916781e-10	15595.0	1.71800656773031	-1.71800656773031	0.001288458458739539	7331.0	41.28647065450039	0.16666666666666666	0.6518756798572126	0.8890881173422933	24	1.1991284857793727
SKA3	SKA3	1.24436215990928e-06	15594.0	1.7172196076108501	1.7172196076108501	3.82752178001923e-05	7585.0	42.71713416694829	0.24	1.0933320895605716	1.465814661061263	25	0.4256251043352086
LCN10	LCN10	0.00042550461486932597	15593.0	1.71519909340279	-1.71519909340279	2.702911443669695e-05	15680.0	88.3124929593331	0.6666666666666666	2.0105746263958326	1.8521924017995324	24	-0.15947346112966712
SPARCL1	SPARCL1	2.16234558565835e-17	15592.0	1.71339420648321	-1.71339420648321	8.488073324820066e-06	14082.0	79.3117044046412	0.5	2.6004559888710266	4.856515679973965	24	-0.1826539521010199
KCNH5	KCNH5	0.00349816508580103	15591.0	1.7133333391726202	-1.7133333391726202	0.00509684698643027	12429.0	70.0011265067027	0.30434782608695654	0.9529276518567598	0.6298595583532948	23	1.2072622812994465
LDLR	LDLR	2.9598499983981297e-15	15590.0	1.7133016786671	-1.7133016786671	2.3543381245648198e-05	3003.0	16.908865607750368	0.16	0.6023027777710098	0.8816657142636314	25	1.260113536142208
FHL2	FHL2	4.1766499557646205e-21	15589.0	1.7124656536489902	1.7124656536489902	0.00047859328906747	6339.0	35.69899740903458	0.16	0.6942179860003299	0.984951172471222	25	1.0338052241654763
TSACC	TSACC	1.02606987756294e-05	15588.0	1.7124489699995402	1.7124489699995402	0.0170269436131247	11060.0	62.29018812661935	0.2	1.218025313605995	1.51723850175172	25	0.32587075520606074
TSPAN6	TSPAN6	6.95746422056937e-22	15587.0	1.71218465168235	1.71218465168235	2.73581623218522e-06	11363.0	63.996845781232395	0.28	1.0356395246493328	1.2777910834700676	25	0.5294645860227317
PCP4L1	PCP4L1	1.01569294504809e-05	15586.0	1.71182354042261	1.71182354042261	0.00391704338446455	14807.0	83.39529120198264	0.625	1.871212628039441	2.1428710905329296	24	-0.07438109008096751
OPN4	OPN4	0.17619156205775802	15585.0	1.7113987270617	1.7113987270617	0.0035669663559500754	13977.0	78.72028838571589	0.5	1.1472670864076826	0.9601009903132186	24	0.5875753137906646
PPM1F	PPM1F	7.26197813782685e-27	15584.0	1.71120145212951	-1.71120145212951	1.08458689788381e-08	11298.0	63.630731102850056	0.36	0.7928248718642589	0.5285846654427583	25	1.7374256960254257
GYPC	GYPC	1.2605444707755599e-19	15583.0	1.71109736050827	-1.71109736050827	1.6725517002224668e-08	14127.0	79.56516841275204	0.5	1.8944869881459605	2.276263420434596	24	-0.08056608298993655
COL5A2	COL5A2	3.08934250226392e-06	15582.0	1.71097246479653	1.71097246479653	0.003195281011622485	8046.0	45.31373211670609	0.2916666666666667	1.1359870632277176	1.7051841583264333	24	0.337198418576171
FAM167B	FAM167B	2.2447668147157994e-16	15581.0	1.7103873131934801	-1.7103873131934801	3.5174678171795e-07	13026.0	73.36374901430663	0.375	1.2628788115122527	1.421859287936963	24	0.3147347318246497
SERTAD1	SERTAD1	6.735171555771701e-13	15580.0	1.7094765359002	-1.7094765359002	0.0128373180993847	6165.0	34.718936577672636	0.24	0.7027075436267589	0.8673531513054545	25	1.1607371123955121
PGM5	PGM5	1.84441526898983e-25	15579.0	1.7089178977439	-1.7089178977439	6.613872858101625e-08	12686.0	71.44868761969133	0.4166666666666667	1.3421141699093289	1.3994114393697887	24	0.2621128551012542
ARAP3	ARAP3	9.061680116724959e-25	15578.0	1.7080818058516598	-1.7080818058516598	8.20062132677394e-17	13968.0	78.66959558409371	0.52	1.2384235589236388	1.3785769235408376	25	0.3406833807443378
NFASC	NFASC	1.25768059020737e-22	15577.0	1.7079968481107302	-1.7079968481107302	6.576963649856048e-05	12189.0	68.64931846344486	0.4583333333333333	1.1442929880276898	1.1686984625375	24	0.4823347323133428
CDHR5	CDHR5	0.00199153816764981	15576.0	1.7079572341343898	1.7079572341343898	5.013698915488714e-07	17339.0	97.65686605835305	0.6666666666666666	2.8361178654055674	2.3554932116335388	24	-0.4789487932715358
NMUR2	NMUR2	0.0125138475030062	15575.0	1.7062181817369801	1.7062181817369801	0.00017229768132056802	15570.0	87.69291427283991	0.5416666666666666	1.7147622205504487	1.4799365118166408	24	-0.005773246855691553
OTOS	OTOS	0.6752796234760261	15574.0	1.7047789957730999	1.7047789957730999	0.0216633008220973	17137.0	96.51909428861102	0.5652173913043478	2.0436637009843865	1.4566792224823721	23	-0.2326419571179046
DDX53	DDX53	0.422157246980346	15573.0	1.7047712778860802	1.7047712778860802	0.0035553224046564703	13916.0	78.37670384138785	0.43478260869565216	1.6510260256328197	1.8722646536476004	23	0.028706012341018335
ADGRE3	ADGRE3	7.934225250884689e-06	15572.0	1.70426992618688	-1.70426992618688	2.8493089611620203e-07	14771.0	83.19251999549397	0.5416666666666666	1.9516378892005548	1.9469331028625378	24	-0.12705519396119702
MCM10	MCM10	1.4255041484265801e-08	15571.0	1.70384404525235	1.70384404525235	0.000301256310899826	8792.0	49.5156021178326	0.28	1.1405580489924925	1.4250074104874368	25	0.3952863628036716
PXT1	PXT1	4.79464099521371e-06	15570.0	1.70374614936924	1.70374614936924	0.0336485213603738	9390.0	52.88385715895009	0.16666666666666666	0.6483829955695867	0.6016246269188165	24	1.7541887525526187
RAD54L	RAD54L	3.92096398640732e-10	15569.0	1.70325157385194	1.70325157385194	0.00218295320840118	2104.0	11.845217979046975	0.16	0.6481773893981462	1.043360838900799	25	1.0112265528053892
NFIL3	NFIL3	3.1036768929290198e-18	15568.0	1.70324016207274	-1.70324016207274	0.000139154446176842	3447.0	19.409710487777403	0.16	0.5096393713533147	0.6621064967638088	25	1.802732334682429
SLC22A12	SLC22A12	0.517594240891998	15567.0	1.70298050523186	1.70298050523186	0.0044184145688816396	17429.0	98.16379407457474	0.6086956521739131	2.84818212408166	2.0009134593059277	23	-0.5723394050470553
TEAD4	TEAD4	9.507696049675619e-20	15566.0	1.7012904879967299	-1.7012904879967299	1.70078076330868e-05	11604.0	65.35428635800382	0.2	0.7925843721049012	0.8403497706478683	25	1.0813427308860464
ITM2A	ITM2A	1.85023786569792e-16	15565.0	1.7006566004173702	-1.7006566004173702	0.02963152307258005	5245.0	29.537005745184185	0.2916666666666667	1.5042774578455391	2.498600191883521	24	0.07859566456840561
LINC00477	LINC00477	0.359870237093073	15564.0	1.7003780768986498	1.7003780768986498	0.198433172357363	6857.0	38.61664976906612	0.25	0.8983834277642453	1.1009606004760069	24	0.7284499089137771
TMIGD3	TMIGD3	4.48713303843847e-08	15563.0	1.70023815816154	1.70023815816154	0.00074995826458276	13195.0	74.3156471781007	0.375	1.580319860999265	1.7942014777437083	24	0.06683658365563147
HECW2	HECW2	3.2974461957868e-09	15562.0	1.69984969862692	-1.69984969862692	0.00987151945207175	5397.0	30.393150839247493	0.24	0.9507792839395356	1.4005870513383272	25	0.5348260316783682
LRTM2	LRTM2	0.252494347963068	15561.0	1.6998141565678302	-1.6998141565678302	0.007403169621321455	16259.0	91.57372986369268	0.7083333333333334	2.115550183167083	1.6348810946760335	24	-0.25429129246958154
STARD13	STARD13	4.04961182748892e-41	15560.0	1.69803660036683	-1.69803660036683	0.0022765677595156667	4989.0	28.095077165709135	0.16666666666666666	0.8242887650247842	1.3756916023623116	24	0.6351335094592876
LINC00671	LINC00671	1.0102954939219102e-06	15559.0	1.69793434428347	-1.69793434428347	0.0018247051318841198	14865.0	83.72197814576997	0.5416666666666666	1.4961146123751334	1.2828523734149975	24	0.1573210886074798
SYCP2L	SYCP2L	1.74968115196875e-07	15558.0	1.6968446647139999	-1.6968446647139999	0.04310289264610695	3641.0	20.502421989410838	0.20833333333333334	0.6942215907792476	1.0459855785302579	24	0.9585438791073627
KCNK16	KCNK16	0.0380474322102004	15557.0	1.6964052562743899	1.6964052562743899	0.0216404747210651	16754.0	94.36183395291201	0.5217391304347826	2.4880943202337478	2.14145471990536	23	-0.3696968498098087
LINC00334	LINC00334	0.0398086993616883	15556.0	1.6963610796517599	-1.6963610796517599	0.244454977831017	10468.0	58.9557282865833	0.16666666666666666	0.7474017800914835	0.6659783162968143	24	1.4249102055409004
SULT1C4	SULT1C4	2.8997018040812e-10	15555.0	1.69467835584907	-1.69467835584907	4.8137870762429856e-05	12060.0	67.92272164019376	0.2916666666666667	1.0751413478246827	1.2026061141928726	24	0.5151620307869369
TMCO5A	TMCO5A	0.209122929439523	15554.0	1.69433068003954	1.69433068003954	0.030103668696653	15760.0	88.76309564041905	0.5454545454545454	2.163039882741956	2.438164834796847	22	-0.192238521371944
CLEC5A	CLEC5A	1.45109156070736e-06	15553.0	1.69425595547986	1.69425595547986	0.00547291855868718	14111.0	79.47504787653486	0.5	1.9489596805949514	2.60059081422164	24	-0.09794071551826371
ITGA2B	ITGA2B	0.00144355555884272	15552.0	1.69321941876556	-1.69321941876556	1.4182806933243645e-07	15916.0	89.64177086853667	0.6666666666666666	2.1055566978994267	2.049074312582717	24	-0.20123100299575952
CCDC150	CCDC150	7.98172021239006e-15	15551.0	1.69260964813566	1.69260964813566	0.00042819450250906497	9178.0	51.689760054072316	0.24	0.883149539168565	1.1246143521838465	25	0.7197668315322802
PLAT	PLAT	3.07392983225675e-08	15550.0	1.69247162817031	1.69247162817031	3.134783789119704e-05	12409.0	69.88847583643123	0.3333333333333333	1.3400995253227828	1.6126311387248322	24	0.21850756467852972
CRISPLD2	CRISPLD2	7.36597334499474e-08	15549.0	1.69194209724638	-1.69194209724638	2.1508147091075754e-06	10731.0	60.43708460065337	0.2916666666666667	0.7782609908397252	0.6510495835742135	24	1.4033971136124745
RPTN	RPTN	0.607782030602319	15548.0	1.6916716282441202	1.6916716282441202	0.00047668272508850755	17520.0	98.67635462431001	0.6363636363636364	3.172535844446424	2.7291952924475558	22	-0.5426010444544836
CDH1	CDH1	3.7240750033535e-22	15547.0	1.6911857509968	1.6911857509968	0.0009331580411713405	12321.0	69.39281288723667	0.375	1.082289393932889	1.0037564948852604	24	0.60661760114789
ACKR3	ACKR3	2.59337880785657e-10	15546.0	1.6908311520856898	-1.6908311520856898	0.0002175249615003865	9993.0	56.280274867635455	0.25	0.9285803916198246	1.4727401492703251	24	0.5175731515457939
SLC1A1	SLC1A1	3.86240573651836e-07	15545.0	1.69016254976846	-1.69016254976846	0.000348238065676439	6241.0	35.14700912470429	0.12	0.6904236568923565	0.996074332471973	25	1.0036790029465332
CKAP2L	CKAP2L	2.4618799942273197e-07	15544.0	1.68834161639058	1.68834161639058	6.68474867427331e-05	12101.0	68.1536555142503	0.24	1.1292935174465843	1.5050135285137882	25	0.37145719181412257
LINC01494	LINC01494	0.24169619663087805	15543.0	1.68833231036924	1.68833231036924	0.0111047473520037	13025.0	73.35811648079306	0.43478260869565216	1.0552613241316278	0.8509332536013429	23	0.7439725543199917
CPA2	CPA2	0.336281613274424	15542.0	1.6880498376178301	-1.6880498376178301	0.008874099496049271	17095.0	96.28252788104089	0.6521739130434783	3.0311524956770275	2.6319669420030936	23	-0.5103037719147837
ID2	ID2	2.54970640445012e-50	15541.0	1.68718026690884	-1.68718026690884	0.0211770625879445	4379.0	24.65923172242875	0.08	0.7127289886626669	1.2348531328739114	25	0.7891232182229663
MANEAL	MANEAL	9.847605852567309e-29	15540.0	1.6868610358725402	1.6868610358725402	0.001339100208793	4701.0	26.472907513799708	0.08	0.4008189861061606	0.37279934527650693	25	3.4496896683456257
SOWAHA	SOWAHA	0.000446595525588297	15539.0	1.6866025705494498	1.6866025705494498	4.880621531262991e-06	13572.0	76.43911231271825	0.4583333333333333	1.411912016887973	1.3626498510744116	24	0.20158557493320156
ST14	ST14	2.4761829479490398e-70	15538.0	1.68564605699979	1.68564605699979	0.0018931549132593685	9310.0	52.43325447786414	0.3333333333333333	1.0804826693245508	1.2455190837651586	24	0.48587243307894756
DCAF12L2	DCAF12L2	0.00263641806859895	15537.0	1.68551216033119	1.68551216033119	0.001467804346174694	13876.0	78.15140250084488	0.4166666666666667	1.7037277089998468	1.8834834131323503	24	-0.009671202061908912
APOA2	APOA2	0.000852715529867794	15536.0	1.68430482845862	-1.68430482845862	1.31229212747122e-06	17475.0	98.42289061619915	0.6521739130434783	3.178714661111933	2.7944838119541284	23	-0.5347713328166683
WWC2	WWC2	2.28491890875463e-26	15535.0	1.6831776864998302	-1.6831776864998302	0.0020591709770996103	3758.0	21.16142841049904	0.12	0.4182689426784918	0.44804401468449245	25	2.8231796483478813
FGF20	FGF20	0.0361333665310406	15534.0	1.68291137171494	1.68291137171494	0.006139093813644294	14896.0	83.89658668469077	0.5416666666666666	1.7177832591676683	1.764434061790234	24	-0.019763780470972374
IGFBP6	IGFBP6	9.76254380165347e-06	15533.0	1.6824632964304997	-1.6824632964304997	0.00285320406541588	9663.0	54.4215388081559	0.28	0.9973722197908893	1.3898475678523783	25	0.49292533403373695
NKX2.5	NKX2.5	0.11971930852481599	15532.0	1.6814322547378897	1.6814322547378897	0.0009314367569752729	15951.0	89.83890954151177	0.5833333333333334	1.8561340025195756	1.5895737277645197	24	-0.10990477807366374
KLRF1	KLRF1	0.00103581273273821	15531.0	1.6813108420417602	-1.6813108420417602	0.0136946935830636	12820.0	72.2034471105103	0.43478260869565216	1.6834432278127809	1.9478143628417395	23	-0.00109475821294884
NXPE4	NXPE4	0.0225663004942481	15530.0	1.6812728563697	1.6812728563697	0.00316938870668713	16189.0	91.17945251774248	0.5833333333333334	2.114822948660868	1.8075877316732143	24	-0.23985009673076688
SLC16A7	SLC16A7	5.74354224015443e-08	15529.0	1.68068181689379	1.68068181689379	1.2207398274342899e-07	11632.0	65.51199729638391	0.2	1.1956352985119647	1.8749598490888164	25	0.25869701616146384
TESC	TESC	2.2763490614850898e-14	15528.0	1.68041523661497	1.68041523661497	0.007316378933225279	4815.0	27.11501633434719	0.2	0.8100358629607745	1.1264870840522037	25	0.7726492260552723
C11orf53	C11orf53	0.0133111652263286	15527.0	1.68040649926882	1.68040649926882	0.0007322080264716831	15814.0	89.06725245015207	0.5217391304347826	1.7316353385785144	1.689413094810879	23	-0.03032345343305704
NEIL3	NEIL3	0.000127153542230266	15526.0	1.6783910890410803	1.6783910890410803	0.000317292657807499	9309.0	52.42762194435056	0.32	1.2558448336061125	1.725981008728413	25	0.24481512444118456
PRR36	PRR36	2.2271498272556497e-36	15525.0	1.67796195534343	1.67796195534343	1.72558948128074e-05	13508.0	76.0786301678495	0.44	1.4223455431249141	1.358267088216416	25	0.1881930398197117
DISP1	DISP1	7.20698482825122e-13	15524.0	1.67792675930294	-1.67792675930294	0.0134722591534651	2622.0	14.762870339078516	0.16	0.49379369221370956	0.5694147957009739	25	2.0795614656122736
JUND	JUND	5.975568113067401e-12	15523.0	1.67765063766627	-1.67765063766627	1.42049405648499e-11	12756.0	71.84296496564154	0.36	1.1065000473265656	0.7612048000503525	25	0.7503244728644956
SLC2A3	SLC2A3	3.668776662693871e-11	15522.0	1.6775101044306897	-1.6775101044306897	2.4612718339665597e-05	10340.0	58.23476399684578	0.2916666666666667	1.0626286957912259	1.5567750708949741	24	0.394971258298718
SPATA46	SPATA46	2.0459041733733397e-05	15521.0	1.6774052407466102	1.6774052407466102	0.029704246069101624	9735.0	54.82708122113326	0.25	0.7369702905775251	0.700544457048619	24	1.3424343604560378
SRD5A3	SRD5A3	9.05165085125214e-26	15520.0	1.6770675698732298	1.6770675698732298	1.02096520970243e-12	13948.0	78.55694491382224	0.48	0.9871732685880855	0.6062498112960436	25	1.1379703357107611
CSAG3	CSAG3	0.137236766667836	15519.0	1.6759890538050202	-1.6759890538050202	7.697994335167527e-08	15022.0	84.60628590740114	0.5416666666666666	2.1534642702816447	2.161377825983438	24	-0.22091242481372772
B4GALNT3	B4GALNT3	1.61808032207249e-28	15518.0	1.6750942480249	1.6750942480249	0.0032070186617244	9746.0	54.88903908978258	0.24	0.8854347549703082	1.137264998081934	25	0.6943495969597236
RASGRP4	RASGRP4	1.54386457472196e-17	15517.0	1.67480510395454	-1.67480510395454	2.9735687230767784e-10	15853.0	89.28692125718148	0.75	1.9845376042582232	1.912883701725716	24	-0.16191914857356815
C6orf99	C6orf99	0.00013579371205165502	15516.0	1.6747158349230302	1.6747158349230302	0.0030664964348685896	11990.0	67.52844429424354	0.28	1.0332218635645638	1.2238044157496242	25	0.5241801411261687
SHROOM4	SHROOM4	4.2231562703104097e-23	15515.0	1.67428261523597	-1.67428261523597	2.199028870412303e-06	12141.0	68.37895685479329	0.4166666666666667	1.3350487348105589	1.5741218520781688	24	0.21550674744623596
LINC00661	LINC00661	0.612449523939764	15514.0	1.6739160853099497	1.6739160853099497	4.9889561818226906e-08	17537.0	98.77210769404077	0.7391304347826086	3.0141999771682633	1.9240209168885014	23	-0.6966056762136459
B3GALT1	B3GALT1	0.000375192304921106	15513.0	1.6738888334804698	-1.6738888334804698	0.001588784031656693	11704.0	65.91753970936126	0.4166666666666667	1.49287911919616	1.6276278299572497	24	0.11121075159366388
MX2	MX2	4.7650520098092695e-08	15512.0	1.67387049971273	1.67387049971273	0.005099455468170625	8924.0	50.259096541624416	0.25	0.9643830141300594	1.3898237817223427	24	0.5104873689119325
RAI2	RAI2	1.1880709610998198e-15	15511.0	1.67337843812415	-1.67337843812415	0.000496193076637221	7405.0	41.7032781345049	0.2916666666666667	1.0384477237034457	1.5014754600648146	24	0.4228711899116194
ACSM3	ACSM3	1.07990306919706e-11	15510.0	1.67241808448286	1.67241808448286	3.0600662401459105e-07	10971.0	61.788892643911225	0.2	0.7936097594323052	0.7910473977351076	25	1.1109426913819835
OLFML2A	OLFML2A	4.43306281839404e-08	15509.0	1.67116223532674	-1.67116223532674	2.93956728564994e-07	12674.0	71.38109721752843	0.28	1.3587253625072466	2.0591022606196585	25	0.1517345101284429
HHIP	HHIP	0.0025799159421452103	15508.0	1.6704854338479098	-1.6704854338479098	5.662882063842502e-05	15395.0	86.7072209079644	0.625	1.6930428356992246	2.0436541020908154	24	-0.011037778765123154
WT1	WT1	0.00860557150280735	15507.0	1.67011973826045	-1.67011973826045	0.001713693882615985	12045.0	67.83823363749013	0.375	1.4517758021485816	1.794867536354957	24	0.12164905302999933
CX3CL1	CX3CL1	3.2187357195513e-05	15506.0	1.66959019707129	-1.66959019707129	0.0035958402194896	8925.0	50.26472907513799	0.20833333333333334	0.9368273435957182	1.3640641742291677	24	0.5371908941818342
COCH	COCH	4.1438340634889204e-05	15505.0	1.6685253645529	1.6685253645529	0.00121061251886014	6961.0	39.20243325447786	0.24	0.6714268147799659	0.7641923606989935	25	1.3047742964361815
PLD5	PLD5	0.0032414348831912103	15504.0	1.6683966755956399	1.6683966755956399	0.026392195027002498	8968.0	50.50692801622169	0.2916666666666667	0.847466579592859	1.0061749362683485	24	0.8158920148094779
CYP4F11	CYP4F11	0.00552277775084089	15503.0	1.6682665062012199	1.6682665062012199	1.9741668013253298e-05	13759.0	77.49239607975667	0.5	1.4725830384006873	1.464963616256921	24	0.13357565036360206
LRIG3	LRIG3	4.07569992302713e-18	15502.0	1.66823878733828	1.66823878733828	0.00112151223962865	6498.0	36.59457023769291	0.12	0.5496865200212643	0.46554262889806747	25	2.4026849484538344
CELA2B	CELA2B	1.0085026481346801e-07	15501.0	1.66717213472794	-1.66717213472794	0.036374957665364846	16933.0	95.37005745184183	0.5454545454545454	2.69144939448574	1.8579520608575086	22	-0.5512936966118819
ERFE	ERFE	0.009359881971731371	15500.0	1.66538058042183	1.66538058042183	0.0176430538933236	4168.0	23.47076715106455	0.25	0.8623495326093998	1.4561185072589942	24	0.5514874262013608
DHH	DHH	6.038962242803209e-06	15499.0	1.6642198435605202	-1.6642198435605202	8.28719319142198e-08	16391.0	92.3172242874845	0.7083333333333334	1.5843734347758998	0.8453020210529862	24	0.09445902978577574
TUBB6	TUBB6	5.25068003564937e-26	15498.0	1.6631856809185501	-1.6631856809185501	1.27133036118721e-08	6567.0	36.983215050129544	0.2	0.6586076106591574	0.8344122226422069	25	1.2039349892051525
KCNA5	KCNA5	2.47647417639535e-10	15497.0	1.6627357006939099	-1.6627357006939099	1.81461682527187e-06	16784.0	94.53080995831925	0.7083333333333334	1.9724538013963209	1.3986227337329387	24	-0.22144506394213267
TNS1	TNS1	2.86431815411648e-25	15496.0	1.6625400114477802	-1.6625400114477802	2.7163001560735446e-15	14738.0	83.006646389546	0.5833333333333334	1.5377840137167353	1.7210095675436703	24	0.07249000823923611
TEX19	TEX19	0.395520286115578	15495.0	1.6619509250679498	1.6619509250679498	0.0011226542461796056	13478.0	75.90965416244227	0.4166666666666667	1.3641274718395682	1.5480744738559804	24	0.19238315614529578
C1QTNF7	C1QTNF7	2.226574376776e-08	15494.0	1.6619393516529501	-1.6619393516529501	9.524995889810116e-05	14560.0	82.00405542412977	0.5	1.5529444799348333	1.5990640467669666	24	0.06816166740693456
KCNS2	KCNS2	0.0032132010223732	15493.0	1.6617214708266599	1.6617214708266599	1.781482242307395e-05	12303.0	69.29142728399233	0.375	1.0132263118705302	0.802046407361318	24	0.8085506686447704
GJA10	GJA10	0.615546338243891	15492.0	1.66130290063737	1.66130290063737	0.002129972127435635	15589.0	87.79993240959783	0.5416666666666666	1.7399944732131691	1.430140509065714	24	-0.05502366521119446
HMMR	HMMR	1.1101770933227001e-07	15491.0	1.6609350055972099	1.6609350055972099	8.228156322601441e-07	12038.0	67.79880590289511	0.36	1.1210853826451546	1.3828900148501477	25	0.3903778443367778
TAS2R9	TAS2R9	0.615743183970241	15490.0	1.66047733440823	1.66047733440823	0.002673636179590432	15308.0	86.21719049228342	0.5	1.487274517300193	1.077912550591229	22	0.1606835517529099
HRG	HRG	0.448067166093416	15489.0	1.66018631615719	1.66018631615719	5.05239653841859e-06	17729.0	99.85355412864706	0.6818181818181818	3.966797168270866	2.713638697403856	22	-0.8500066181693293
MAP3K8	MAP3K8	2.6260725528156894e-21	15488.0	1.66013107915426	-1.66013107915426	0.0773387948184042	3200.0	18.018474709924526	0.0	0.3336048021814232	0.2649821782323054	25	5.006096205496106
OR51M1	OR51M1	0.5323071982168739	15487.0	1.6595791029571398	-1.6595791029571398	0.10190931472411	14425.0	81.24366339979723	0.38095238095238093	1.3150204293928545	0.9812940955300287	21	0.3511268182839499
DPEP1	DPEP1	0.00777080161190048	15486.0	1.65954401747529	1.65954401747529	9.745110426474135e-06	17086.0	96.23183507941872	0.6666666666666666	2.1776797833335517	1.5837151277158734	24	-0.3271647512804575
SLC27A6	SLC27A6	1.0927180848944301e-07	15485.0	1.65913756194144	-1.65913756194144	0.0172066740672896	6941.0	39.089782584206375	0.16666666666666666	0.6607624138259255	0.7212954724901169	24	1.3841417091789578
KLF15	KLF15	4.960921825468989e-07	15484.0	1.65904904374533	-1.65904904374533	3.963181598417925e-07	15608.0	87.90695054635574	0.7083333333333334	1.86138872507163	1.547273304808167	24	-0.13077177813223256
RXFP2	RXFP2	0.0059183104942027295	15483.0	1.6589976574185201	-1.6589976574185201	0.00215624753051631	13871.0	78.123239833277	0.4782608695652174	1.3935151955051301	1.2282603509749557	23	0.2161451044989428
PCOLCE2	PCOLCE2	0.000690813975148192	15482.0	1.6583740894404297	-1.6583740894404297	0.000526807761528096	11809.0	66.50895572828658	0.32	1.0028016229170342	1.414437178244918	25	0.46348645002166317
GATA2.AS1	GATA2.AS1	5.5196579467396404e-09	15481.0	1.65829023084387	-1.65829023084387	0.010525100005025354	4810.0	27.086853666779316	0.20833333333333334	0.6535851364104207	0.8051602093333501	24	1.2478325217602555
ROR1.AS1	ROR1.AS1	0.00150006611900769	15480.0	1.6571104569707098	1.6571104569707098	0.00100401978059324	14855.0	83.66565281063421	0.6086956521739131	1.9942944833801717	1.8998625421952877	23	-0.17747811692726273
LINC01204	LINC01204	0.177027192843308	15479.0	1.65639671229752	1.65639671229752	0.0038506777973403798	14616.0	82.31947730088993	0.4782608695652174	1.5429105529663465	1.7392663164740576	23	0.06524944354769047
TCP11	TCP11	0.0101963924805798	15478.0	1.65610627681981	1.65610627681981	0.0048340153317665245	15082.0	84.9442379182156	0.5416666666666666	2.264959559253414	2.314072897906948	24	-0.26310894656097683
SLC38A3	SLC38A3	0.0036031613778138797	15477.0	1.65566481395054	1.65566481395054	4.06951836009526e-05	14297.0	80.5226991100597	0.5217391304347826	1.6736877550312077	1.753107691594387	23	-0.010280566999438806
PDE5A	PDE5A	1.04491365941315e-17	15476.0	1.6552985343999198	-1.6552985343999198	0.0342568047538175	4855.0	27.340317674890166	0.16	0.5226896775842274	0.6506335844074675	25	1.740778348918401
HORMAD1	HORMAD1	0.0205841434510573	15475.0	1.65330158896792	1.65330158896792	0.0008450729220367204	12942.0	72.89061619916637	0.4166666666666667	1.4924154289888447	1.6828125881937352	24	0.09560551252576738
LINC00964	LINC00964	0.00398169019540505	15474.0	1.65250059897345	1.65250059897345	9.584748330460095e-05	14920.0	84.03176748901656	0.5416666666666666	1.2838174044560566	1.1580833749587522	24	0.31835634850601746
BIRC7	BIRC7	0.000713164329801611	15473.0	1.6520775411893898	1.6520775411893898	0.00074739506921138	14036.0	79.05260786301677	0.4166666666666667	1.3172745033624282	1.06058453237665	24	0.31567784330844967
FAM71C	FAM71C	0.166539430852692	15472.0	1.65199755354345	1.65199755354345	0.00940101161745103	15668.0	88.2449025571702	0.5217391304347826	1.6358148496837426	1.8744139277812595	23	0.00863347397277546
PDC	PDC	0.0283319026100615	15471.0	1.65151721308546	1.65151721308546	0.000153479816937302	15508.0	87.3436971949983	0.6086956521739131	1.8291335683100587	1.7666144868473501	23	-0.1005405291007025
ASB15	ASB15	0.18074752407035802	15470.0	1.65142637143703	1.65142637143703	0.08698719088158866	8077.0	45.4883406556269	0.25	1.5417599497386991	2.145166025415373	24	0.051122579977042115
CCNB2	CCNB2	1.28938960306999e-13	15469.0	1.65125546534799	1.65125546534799	0.00015108558130309498	7076.0	39.850174608538914	0.28	1.0921586524344837	1.5705673307892112	25	0.35598398231838924
TM4SF20	TM4SF20	0.134733708166456	15468.0	1.65087865417703	1.65087865417703	6.1006305829176355e-06	17400.0	98.00045060268108	0.625	2.900681823548123	2.6537710725055432	24	-0.47095364868496303
STEAP3	STEAP3	2.99235462061651e-11	15467.0	1.6505329873665402	1.6505329873665402	8.64567278373159e-05	8577.0	48.3046074124141	0.16	0.6441371318106123	0.7278965476017976	25	1.3826083649822252
GLIPR2	GLIPR2	7.01401954564438e-38	15466.0	1.6485394493704	-1.6485394493704	0.0692732097381159	2389.0	13.45049003041568	0.2	0.6910939975638578	1.409944981386855	25	0.6790658248698302
PART1	PART1	0.0170044794511611	15465.0	1.64844717885276	1.64844717885276	2.7786739450667903e-09	15798.0	88.97713191393488	0.5833333333333334	1.7389688934137373	1.657439655042026	24	-0.05461539084430925
SH2D5	SH2D5	0.0443603416688391	15464.0	1.64519291948614	1.64519291948614	2.0829073668159585e-05	14222.0	80.10025909654162	0.4166666666666667	1.2124641427699536	1.1078620474136345	24	0.39059806925096485
DUOXA1	DUOXA1	4.72579424050517e-07	15463.0	1.6451393548308302	-1.6451393548308302	0.03518509569773525	12393.0	69.79835530021403	0.4166666666666667	1.2493893394542008	1.428567043330523	24	0.27702586114123723
ARHGAP36	ARHGAP36	0.525793703546819	15462.0	1.6439087554535499	-1.6439087554535499	0.00164991878526144	16374.0	92.22147121775375	0.6521739130434783	2.5785445205439825	2.5943454448014713	23	-0.36025879551362305
C8orf88	C8orf88	4.88820755560905e-10	15461.0	1.64227302735364	-1.64227302735364	2.72802079502307e-06	13773.0	77.5712515489467	0.4583333333333333	1.2440520032475466	1.2405135696742506	24	0.3210130335056819
DAPK2	DAPK2	2.5126248617025097e-20	15460.0	1.64173956980986	-1.64173956980986	1.636534079319377e-05	8918.0	50.22530134054297	0.20833333333333334	0.8517136333848755	1.4451780593096994	24	0.5466633895634608
LINC00269	LINC00269	0.37591981045077294	15459.0	1.6412943316575102	1.6412943316575102	0.0468639855213463	14137.0	79.6214937478878	0.43478260869565216	1.396616735201367	1.277622783262959	23	0.19151004479683256
SOCS2	SOCS2	5.31403847870369e-10	15458.0	1.63950471895532	-1.63950471895532	0.000644292531795233	10295.0	57.981299988734925	0.24	0.681072070951108	0.572824783467848	25	1.673168961374046
RPL13AP17	RPL13AP17	1.7689251080655e-05	15457.0	1.63907201071121	-1.63907201071121	0.016077519997866	12986.0	73.13844767376365	0.3333333333333333	1.0730193989839554	0.9588497102934175	24	0.5903455000826323
CYP7A1	CYP7A1	0.00554989939692448	15456.0	1.6389431846753701	-1.6389431846753701	1.5981717502457288e-05	16216.0	91.33153092260899	0.5909090909090909	2.146294006637272	1.9107976472739114	22	-0.2655178180095245
HSD11B2	HSD11B2	0.00163301005853035	15455.0	1.63824089610721	1.63824089610721	0.00882845051162055	13351.0	75.1943224062183	0.4782608695652174	1.8070990616144664	2.121055324126059	23	-0.07961044843412152
BRIP1	BRIP1	3.06742594862649e-08	15454.0	1.63774673063444	1.63774673063444	0.00394637628421449	3860.0	21.735946828883634	0.28	0.9257248240796646	1.3332651341638464	25	0.5340437459210376
BVES	BVES	3.42950047129846e-21	15453.0	1.63745867231344	-1.63745867231344	0.00193323914204882	8149.0	45.893883068604254	0.2	0.8046054320050214	0.9371107365625562	25	0.888745809661121
LINC00304	LINC00304	0.00137626739432693	15452.0	1.63726350920197	-1.63726350920197	0.02593754768566945	6359.0	35.81164807930607	0.16666666666666666	0.8322151585626593	1.324487210613173	24	0.6078188933712788
CD180	CD180	2.0933910328615197e-07	15451.0	1.63702917481127	1.63702917481127	0.0008578748419760595	11890.0	66.96519094288611	0.2916666666666667	1.5967000627943115	2.383753471964231	24	0.01691832334646877
BICDL2	BICDL2	7.22345892794564e-11	15450.0	1.6364996523397402	1.6364996523397402	0.03267472715524495	11172.0	62.92103188013968	0.2916666666666667	0.8226119507495109	0.9810750343431937	24	0.829587618785048
SH3TC2	SH3TC2	1.13904269409694e-05	15449.0	1.6359453525452199	-1.6359453525452199	0.0017549754830204188	9407.0	52.979610228680855	0.25	0.728489596396856	0.7225448240985999	24	1.2559162087700884
FER1L5	FER1L5	0.00020594504165295902	15448.0	1.6358582090052802	1.6358582090052802	0.02375468984490265	8599.0	48.42852314971274	0.20833333333333334	0.6369409928203071	0.592045643916007	24	1.6872300749951783
CDC25C	CDC25C	5.11725754074902e-07	15447.0	1.63512212985704	1.63512212985704	0.000357661879054418	7711.0	43.42683338965866	0.28	1.247234722349938	1.7434587209006553	25	0.22248155511632803
TFR2	TFR2	2.29620456525965e-10	15446.0	1.6342277349661898	1.6342277349661898	9.096799919447365e-07	16236.0	91.44418159288047	0.625	2.244034140799633	2.3671336117301625	24	-0.2576138511200174
RAX2	RAX2	0.0892646938719935	15445.0	1.6339381589340902	-1.6339381589340902	1.4450923686489026e-06	17713.0	99.76343359242986	0.75	4.461862126188141	3.125080383616988	20	-0.9049123926793182
STARD13.AS	STARD13.AS	8.198574603471391e-07	15444.0	1.6337488460827199	-1.6337488460827199	0.000559671552439807	13864.0	78.08381209868199	0.43478260869565216	1.3683732590418614	1.2239087219080513	23	0.21682628964939707
ADM5	ADM5	6.17084138312232e-11	15443.0	1.6332954150706598	-1.6332954150706598	1.25626863984019e-07	11726.0	66.0414554466599	0.36	1.0386289423541992	1.0398442161095027	25	0.571880348521204
CLSPN	CLSPN	8.397522476847779e-09	15442.0	1.63290147854191	1.63290147854191	0.0023806266441398103	6709.0	37.78303480905711	0.24	0.7477617790402452	0.8099689845725424	25	1.0928069054011906
KRT40	KRT40	0.0113634037972594	15441.0	1.63228255784583	1.63228255784583	0.0007895900727942215	16423.0	92.49746535991889	0.6363636363636364	2.2112129075109164	2.1478396004262335	22	-0.2695407746231139
RHPN2	RHPN2	0.0016716957183952	15440.0	1.6315106305965301	1.6315106305965301	0.000298225236155858	11419.0	64.31226765799256	0.24	0.7955085171623375	0.6274810325958061	25	1.3323145561480358
TAS2R13	TAS2R13	0.132596260194567	15439.0	1.63137592241822	1.63137592241822	0.00647832374729587	11720.0	66.00766024557845	0.375	1.389821541329389	1.5035302123710055	24	0.1606581491355
RGS7BP	RGS7BP	0.0104376575913381	15438.0	1.6304229057183	1.6304229057183	0.0039308751571022395	12346.0	69.53362622507603	0.34782608695652173	1.1183959012246842	1.3838096398728386	23	0.37001260125682245
MLIP	MLIP	0.00130958213241781	15437.0	1.63036717623128	1.63036717623128	1.2290353043534698e-05	15648.0	88.13225188689871	0.5652173913043478	2.167273095522107	2.481259542709353	23	-0.21638442494595514
PRODH2	PRODH2	0.408895953472847	15436.0	1.63021824951363	1.63021824951363	6.21523718593563e-09	17621.0	99.24524050918103	0.7142857142857143	3.443994559248655	2.551470189384661	21	-0.7108749760358573
TTLL2	TTLL2	0.000122395642381069	15435.0	1.63002459155397	1.63002459155397	0.000497887202535514	12518.0	70.50242198941083	0.3333333333333333	1.1051283860979508	1.0681620390194502	24	0.491401291453741
DNAJB13	DNAJB13	0.000105091654216574	15434.0	1.62964444455226	1.62964444455226	0.00479328007075781	9987.0	56.24647966655401	0.25	0.7301900076243105	0.7742720191253029	24	1.1616775690074213
PIRT	PIRT	0.10108421789608699	15433.0	1.62821293657248	1.62821293657248	2.44782342113175e-05	16633.0	93.68029739776951	0.6521739130434783	2.7789593578789527	2.2676063016708286	23	-0.5074718748393732
C1orf53	C1orf53	1.40710212392027e-06	15432.0	1.62818720848921	1.62818720848921	0.0032746343374559497	7835.0	44.12526754534189	0.08333333333333333	0.6499794292001461	0.7049211107824864	24	1.3876840462377698
DEFB125	DEFB125	0.45754529180487397	15431.0	1.62773421700131	1.62773421700131	0.06241760509555505	14165.0	79.77920468626787	0.45454545454545453	1.4192157731416162	1.281070140887157	22	0.16276895167917368
RTP5	RTP5	0.00594120966127517	15430.0	1.6274177355069501	-1.6274177355069501	3.4738360023532256e-12	17190.0	96.81761856483045	0.625	2.903207710785761	2.032844612777523	24	-0.6275885364084318
CEP55	CEP55	6.28913972060504e-07	15429.0	1.6267939630508401	1.6267939630508401	2.67340464283545e-06	10426.0	58.71916187901318	0.28	1.0007592454565257	1.2902538843303102	25	0.4852027381566456
CHL1.AS1	CHL1.AS1	0.00228602969736767	15428.0	1.62675262410882	1.62675262410882	7.56346947641241e-06	15033.0	84.66824377605046	0.6086956521739131	1.6400051772206288	1.570950704190068	23	-0.008436008256950005
ABCB4	ABCB4	9.98391304336293e-06	15427.0	1.6266729874213002	1.6266729874213002	2.98427331786473e-09	15679.0	88.30686042581952	0.625	1.5946980090674263	1.2860182510024556	24	0.02486354943170461
PRG3	PRG3	0.538851140883271	15426.0	1.62494111165957	-1.62494111165957	0.0005547606705192194	17619.0	99.23397544215388	0.7727272727272727	3.2393075325712544	2.0220989913610414	22	-0.7983617161220584
FA2H	FA2H	1.05232775816743e-08	15425.0	1.62482370329056	1.62482370329056	0.00974424518656547	11026.0	62.09868198715782	0.2916666666666667	0.9426425842619892	0.8813676222090842	24	0.7740029266320597
UNC13C	UNC13C	0.0030853399151847603	15424.0	1.62392947349846	1.62392947349846	0.001347098073344345	15483.0	87.20288385715894	0.7083333333333334	2.0421293880083597	1.8118556158357586	24	-0.23081304650039447
FOXD1	FOXD1	0.00322631120173509	15423.0	1.6234288572767401	1.6234288572767401	0.00012139512315191525	11887.0	66.94829334234538	0.375	1.1008908562333817	1.2703074070188742	24	0.41134767707104664
GPR20	GPR20	2.73252837363351e-06	15422.0	1.6233713467194	-1.6233713467194	0.0002786972905393268	16819.0	94.72794863129435	0.6666666666666666	2.2672137063102835	1.6132758599190011	24	-0.39909005991276
MYH10	MYH10	2.35147031044382e-19	15421.0	1.62305766869473	-1.62305766869473	4.86539157229124e-06	11010.0	62.008561450940626	0.24	0.8330736105962806	0.733745743003617	25	1.0766455078357506
MS4A15	MS4A15	0.00331252755228356	15420.0	1.62239530027897	-1.62239530027897	0.0566917886841974	13177.0	74.21426157485637	0.34782608695652173	1.1699309229774122	1.2296794649056737	23	0.367953105028281
SLC35F3	SLC35F3	0.00124307473065244	15419.0	1.6220310030781102	1.6220310030781102	0.0048174304661698	4486.0	25.26191280838121	0.16666666666666666	0.8996085546426142	1.5999583733955256	24	0.45152577745027744
AHNAK2	AHNAK2	2.2981780315548002e-05	15418.0	1.6214079484250399	1.6214079484250399	0.0001883847257082225	9769.0	55.01858736059479	0.2916666666666667	1.2444154138991301	1.8958271050891355	24	0.198853858304861
NUF2	NUF2	9.65774502774838e-07	15417.0	1.62026648678222	1.62026648678222	9.683510677203789e-08	10937.0	61.597386504449695	0.28	1.269154538277377	1.658399117024042	25	0.21171739956959526
DEFB108B	DEFB108B	0.381765880994486	15416.0	1.62003010933599	1.62003010933599	0.14839719639420748	11957.0	67.3425706882956	0.22727272727272727	1.0251787476106033	0.865488885567384	22	0.6873009828837062
CNTNAP3B	CNTNAP3B	1.25768059020737e-22	15415.0	1.6192855350058502	-1.6192855350058502	0.00575008753580673	4159.0	23.42007434944238	0.2	0.7422867818357948	1.2331640908372732	25	0.7111776605290261
SIRPB1	SIRPB1	3.14120716959876e-07	15414.0	1.61868060583181	-1.61868060583181	0.000705515637648995	11750.0	66.1766362509857	0.4166666666666667	1.3357488641282647	1.835193717939507	24	0.15416995979106304
PKIG	PKIG	1.9752744388021398e-25	15413.0	1.6176023262569	-1.6176023262569	1.5374864381386299e-06	3552.0	20.001126506702715	0.24	0.7673808548261357	1.2161744995190882	25	0.6990949668546473
TFAP2C	TFAP2C	2.36980879735522e-07	15412.0	1.6168717921370899	1.6168717921370899	0.011093373998172855	11489.0	64.70654500394276	0.3333333333333333	0.8660219572827218	0.806982896729193	24	0.9304408282971801
TLR10	TLR10	0.00105998734132653	15411.0	1.6166360399043	1.6166360399043	0.000293090492192578	15124.0	85.18080432578573	0.5833333333333334	1.8033617466369343	2.2773284492352426	24	-0.08199331404977583
MS4A12	MS4A12	0.627658110069965	15410.0	1.6164620623553798	1.6164620623553798	4.05374926321454e-05	17351.0	97.72445646051594	0.6190476190476191	2.7435783241775558	2.055526928938566	21	-0.5483344664349383
SH3BP5	SH3BP5	9.20137475583117e-49	15409.0	1.61625517943661	-1.61625517943661	0.000402949573961165	6887.0	38.78562577447335	0.24	0.566684328004825	0.5446533428748915	25	1.9270438071521658
PTGER4	PTGER4	2.4929754959314503e-12	15408.0	1.61571706806593	-1.61571706806593	0.000193592299249956	10577.0	59.56967443956291	0.2916666666666667	1.1234144815302072	1.8613904347709551	24	0.2644810982905373
TMEM159	TMEM159	3.6535226541271495e-18	15407.0	1.6154742732391998	1.6154742732391998	3.63796440289525e-05	6507.0	36.64526303931508	0.16	0.6406935241703542	0.8507318745598704	25	1.1458143020362936
TK1	TK1	6.155759669057e-34	15406.0	1.61539931640159	1.61539931640159	2.28666378899406e-06	7970.0	44.88565956967444	0.2	0.7589906026872734	1.052179171117585	25	0.8139380983988418
TFAP2B	TFAP2B	0.0323570328399126	15405.0	1.61462256229287	1.61462256229287	5.00915551063226e-05	15606.0	87.89568547932859	0.6086956521739131	2.3372022199950733	2.3779953319182545	23	-0.3038608394236505
AOX2P	AOX2P	0.0235477014457981	15404.0	1.61397162123384	1.61397162123384	1.15639568373158e-05	16782.0	94.5195448912921	0.6086956521739131	1.9721420093424862	1.5824797498904062	23	-0.22633489504902107
LIFR	LIFR	2.76520636957236e-16	15403.0	1.61386525333466	-1.61386525333466	0.0046854891899123	5003.0	28.173932634899177	0.2	0.6865184047290205	0.969628360675525	25	0.9563941054277448
WNT7A	WNT7A	0.0056426412464947295	15402.0	1.61286075374616	-1.61286075374616	0.02772398389587925	9749.0	54.9059366903233	0.375	1.0441373591336163	1.1387202028900751	24	0.49944085752507245
CDCA5	CDCA5	1.12060531742568e-11	15401.0	1.61256384966627	1.61256384966627	3.7337015367221604e-06	4416.0	24.867635462431	0.2	1.0628573488143578	1.875699676873807	25	0.2930674391158917
TMEM178A	TMEM178A	3.21403343929357e-17	15400.0	1.6124467794152701	-1.6124467794152701	0.0006977707908143104	12787.0	72.01757350456235	0.4583333333333333	1.234186607147074	1.417452368707174	24	0.2668591768012626
SAA3P	SAA3P	0.21011964027621102	15399.0	1.6123941706319902	1.6123941706319902	0.00345688832480524	14533.0	81.85197701926326	0.5217391304347826	2.1068060292681765	2.2549914408763607	23	-0.21925221075076112
OPRK1	OPRK1	0.0321633577126093	15398.0	1.6119987987308002	1.6119987987308002	2.4732980941462048e-05	15473.0	87.1465585220232	0.625	2.095239773874438	1.9310840334880146	24	-0.25024336940468894
LINC00642	LINC00642	0.23880563876462801	15397.0	1.61186026512453	-1.61186026512453	0.000499445145881356	14140.0	79.63839134842851	0.5652173913043478	1.4088208493561931	1.0364499687478408	23	0.1958989067399302
GRHL1	GRHL1	2.0572408241269798e-14	15396.0	1.61176764808331	1.61176764808331	1.5506350069101501e-07	13125.0	73.92136983215049	0.4	1.0033359095010979	0.6890157626821151	25	0.8830447306659353
EML1	EML1	7.186325662283529e-30	15395.0	1.6114467002403403	-1.6114467002403403	0.0049429831424051395	2641.0	14.86988847583643	0.12	0.5727595569363464	0.7928643652460267	25	1.310043922811045
CYS1	CYS1	1.8588739806022999e-06	15394.0	1.6113427949510901	-1.6113427949510901	0.0001797157572084701	13292.0	74.86200292891742	0.375	1.14246707324094	1.1833125723951208	24	0.39623995607610885
EPCAM	EPCAM	7.407726975999269e-12	15393.0	1.61133742209801	1.61133742209801	1.0836807597924979e-07	14607.0	82.26878449926777	0.5833333333333334	1.35260124062937	0.7866889985968708	24	0.3288925889774978
ADRB3	ADRB3	0.0177361042981229	15392.0	1.61094299337125	1.61094299337125	4.67686832857782e-06	17527.0	98.71578235890503	0.8333333333333334	2.7605799471599	1.6189821978607508	24	-0.7100985763201892
CCL17	CCL17	0.00013852600479377	15391.0	1.6105545175607199	1.6105545175607199	3.0453372239806023e-06	17536.0	98.7664751605272	0.7727272727272727	3.5738554963031532	2.06677917496667	22	-0.9499326306953401
RASSF6	RASSF6	2.22601248266487e-05	15390.0	1.61014259812921	1.61014259812921	3.901055916980548e-09	15765.0	88.79125830798692	0.7083333333333334	1.7114515093936549	1.3850527615803663	24	-0.07314444191198172
SYNDIG1	SYNDIG1	0.0005661097867360959	15389.0	1.6092345810489699	1.6092345810489699	0.00012475978966277907	14062.0	79.19905373436971	0.5416666666666666	1.4734681451899538	1.690277799987264	24	0.08032196592775402
SNORA74A	SNORA74A	0.150515915880974	15388.0	1.6080578843397502	1.6080578843397502	0.0014352832369103658	17067.0	96.1248169426608	0.625	2.7795885328217715	2.32122651864797	24	-0.5047032846946774
ARHGEF19	ARHGEF19	3.7140205721921294e-09	15387.0	1.60798388152188	1.60798388152188	0.000851856286873581	7566.0	42.610116030190376	0.08	0.7018010144637319	1.1045050579291926	25	0.8204424783324457
GALNT6	GALNT6	1.93570206644583e-10	15386.0	1.60793511355192	1.60793511355192	5.13672041197381e-12	12044.0	67.83260110397656	0.4166666666666667	0.9181595412788162	0.7533104437625279	24	0.9156591123679514
PTGER2	PTGER2	4.07156761247845e-16	15385.0	1.60751994530089	-1.60751994530089	3.98148708377288e-05	12165.0	68.51413765911907	0.375	1.3978637026998266	2.245307826234677	24	0.09337527805826579
ARHGEF10	ARHGEF10	2.2833346946185197e-48	15384.0	1.6075136244072898	-1.6075136244072898	5.827048736454039e-05	7103.0	40.00225301340543	0.28	0.9153472542720933	1.1483605326629924	25	0.6027430849875137
PC	PC	2.0155384690961603e-09	15383.0	1.6075042727677802	1.6075042727677802	1.45851233966836e-07	11144.0	62.7633209417596	0.24	0.8114278968191426	0.4960368910323181	25	1.6048733276508886
KCNK7	KCNK7	1.09981440220486e-07	15382.0	1.60695715309653	-1.60695715309653	2.07456063516149e-05	12922.0	72.7779655288949	0.375	1.2019274009321705	1.1037189366007416	24	0.36696820062884783
DUSP21	DUSP21	0.695667467402946	15381.0	1.60657718868722	1.60657718868722	0.0127828157498089	15700.5	88.42795989636137	0.5217391304347826	1.8316106389849909	1.6267521119974326	23	-0.1383329695029319
PDK1	PDK1	7.903033106452059e-21	15380.0	1.6059517015159699	1.6059517015159699	3.10641706856893e-05	9433.0	53.12605610003379	0.0	0.5205525695760205	0.2982017729133423	25	3.6398144831129735
KANK2	KANK2	4.0099509021006395e-26	15379.0	1.60552947835163	-1.60552947835163	2.28888816368268e-12	12878.0	72.53013405429762	0.32	1.1562386901702093	1.515907597334216	25	0.2963840203529005
EFHC2	EFHC2	7.2809285962338895e-06	15378.0	1.6055103610191699	1.6055103610191699	0.0005466253273264481	10774.0	60.67928354173707	0.2	1.0595214305516099	1.4735280265056985	25	0.37053175823354356
SLC25A2	SLC25A2	0.0860045698655957	15377.0	1.6050526058199799	1.6050526058199799	0.02017748627563105	11496.0	64.74597273853779	0.20833333333333334	0.8028415455758128	0.7457323619177457	24	1.0757358822154093
PTGIR	PTGIR	6.78627745450154e-15	15376.0	1.6044570765130401	-1.6044570765130401	5.44984215292133e-08	13988.0	78.7822462543652	0.5	1.525911520902545	1.672044448717723	24	0.046975758132943884
PRELP	PRELP	7.50515385726693e-11	15375.0	1.60433925822565	-1.60433925822565	0.0003301325257860611	15216.0	85.69899740903458	0.625	1.788695071698391	1.7757315695685465	24	-0.10381964066648561
VNN3	VNN3	8.23920216457924e-06	15374.0	1.60414990138799	-1.60414990138799	0.0013529282782125652	13136.0	73.98332770079982	0.4166666666666667	1.5263910270956844	1.7994605376973025	24	0.04321232539603818
CCL4	CCL4	1.0405369209797698e-05	15373.0	1.60238919392963	-1.60238919392963	0.0678895910423596	14830.0	83.52483947279485	0.5	2.0611617708861005	2.471123948455014	24	-0.18565340570767502
TUSC7	TUSC7	0.389424654620694	15372.0	1.6022926846710699	-1.6022926846710699	0.0111851880929143	15456.0	87.05080545229244	0.5217391304347826	1.5743256889256172	1.1967482869016994	23	0.02336915460966095
PREX2	PREX2	7.985248098757529e-17	15371.0	1.6017340611643898	-1.6017340611643898	0.00010625953625795265	10349.0	58.28545679846795	0.375	1.4813228852291962	2.13738177877471	24	0.05633582971977112
CGNL1	CGNL1	1.49406638551523e-27	15370.0	1.6007369965521	-1.6007369965521	0.000877892583267404	8574.0	48.28770981187338	0.25	0.9092959313086375	1.2283993488676004	24	0.5628797067345138
PAPOLB	PAPOLB	0.261429427450617	15369.0	1.60060093112988	-1.60060093112988	0.0002395800242234205	15046.0	84.74146671172693	0.5833333333333334	1.3869456893002772	1.11592530073527	24	0.19146016466230112
PPP1R1B	PPP1R1B	9.123844462164929e-09	15368.0	1.59943417383708	1.59943417383708	0.0010827125705131944	15376.0	86.60020277120648	0.625	1.8710116310589973	2.0585884633304654	24	-0.13192411308015808
B3GALNT1	B3GALNT1	1.52903431889518e-11	15367.0	1.5987501066665601	-1.5987501066665601	0.0001581907152471395	6650.0	37.45071533175622	0.20833333333333334	0.7942783544504372	1.139444512029547	24	0.7060209985857232
ATAD2	ATAD2	7.61607916957156e-10	15366.0	1.59845125610385	1.59845125610385	8.637337617865919e-06	9807.0	55.23262363411062	0.12	0.6104422037160634	0.5484972913676368	25	1.801301607022088
AFF3	AFF3	1.9332547258860198e-05	15365.0	1.59831313751536	-1.59831313751536	2.977801160735895e-07	11558.0	65.0951898163794	0.375	1.1294657357394986	1.2896044376590432	24	0.3635590791133889
S1PR4	S1PR4	1.9101024842571104e-13	15364.0	1.59568665912002	-1.59568665912002	1.376275838560015e-07	16756.0	94.37309901993916	0.6666666666666666	2.1962998467411445	2.4815172918486637	24	-0.24203465742271085
C5orf66.AS1	C5orf66.AS1	0.552695742545675	15363.0	1.59504219182699	1.59504219182699	0.004776324566876674	15789.0	88.9264391123127	0.5	1.5416648751000608	1.1710675336785126	24	0.04558004999016781
GNG4	GNG4	0.00231916146275543	15362.0	1.5947982716832199	1.5947982716832199	1.4837933527007185e-08	13299.0	74.90143066351244	0.4166666666666667	1.534763273158715	1.5876785681438497	24	0.037813068544908006
LINC01271	LINC01271	4.05794903576104e-09	15361.0	1.59388755492319	1.59388755492319	0.04798861672525044	4289.0	24.152303706207054	0.125	0.6773050031747037	1.1879117786848596	24	0.7715914331308654
C1orf127	C1orf127	1.10620791223514e-06	15360.0	1.59143650393247	1.59143650393247	0.0054751540288509055	11777.0	66.3287146558522	0.4166666666666667	1.2909669137016528	1.6363953319243827	24	0.18361674857472754
DSCAM.AS1	DSCAM.AS1	0.468580787273745	15359.0	1.5913626233221698	1.5913626233221698	4.80577275435168e-06	17272.0	97.27948631294356	0.782608695652174	2.925160093812191	2.197145880149423	23	-0.6070591318221039
HHLA1	HHLA1	0.4756829342768521	15358.0	1.59130526783967	1.59130526783967	0.000590716827692832	15688.0	88.3575532274417	0.625	1.9341941261928388	1.4935611058979699	24	-0.22957805810497098
MUSK	MUSK	3.14656268009525e-10	15357.0	1.5912949331383401	-1.5912949331383401	2.0190912784409202e-05	14097.0	79.39619240734481	0.5	1.4514668824461427	1.2436458144169518	24	0.1124339816620151
SCIN	SCIN	6.61238189346476e-12	15356.0	1.5910847205838798	1.5910847205838798	1.8284143277390667e-05	14535.0	81.86324208629041	0.5833333333333334	1.2492310954099723	0.9467609287608963	24	0.3610770309473157
PLEKHH2	PLEKHH2	4.26693739683709e-12	15355.0	1.59077586326502	-1.59077586326502	0.00229609658721527	11677.0	65.76546130449476	0.2	0.7615850732639131	0.7405372384420577	25	1.1197151837300694
ADRA1B	ADRA1B	2.03212815745805e-07	15354.0	1.59016752898494	-1.59016752898494	0.000652979598172859	10487.0	59.06274642334122	0.25	0.8796622239274354	0.8668542385165764	24	0.81963642038986
NR5A2	NR5A2	3.48894420837733e-05	15353.0	1.5900839239512399	-1.5900839239512399	0.0007044044774148201	8055.0	45.36442491832826	0.375	0.9129403241608308	1.1432865361981592	24	0.5922781195711061
LINC01104	LINC01104	0.258218987365001	15352.0	1.58989639555428	-1.58989639555428	0.04879625789903275	14274.0	80.39315083924748	0.4090909090909091	1.2208739128848587	1.137225304794197	22	0.3244937314652905
DDIT4L	DDIT4L	1.77635564324915e-07	15351.0	1.5898942372206202	1.5898942372206202	0.0135000346187932	8562.0	48.220119409710485	0.2	1.011213283077696	1.6288284996291502	25	0.3552743301548797
HMGCLL1	HMGCLL1	2.75094755547001e-08	15350.0	1.58989265194011	-1.58989265194011	0.01246552520452943	12313.0	69.34775261912807	0.3333333333333333	0.8622015441121177	0.7676840264420103	24	0.9479044538683794
REEP6	REEP6	1.69532764440513e-14	15349.0	1.5896229132773	1.5896229132773	0.000866635433202519	16072.0	90.52044609665427	0.5833333333333334	2.212096231253132	2.1264623342524156	24	-0.29272717788094293
GNAT3	GNAT3	0.69906162411552	15348.0	1.58923588805236	1.58923588805236	0.00229591892709896	16280.0	91.69201306747775	0.5238095238095238	2.0520099715992193	1.582229945277473	21	-0.29248219257138586
FAM3B	FAM3B	0.00012859531801529198	15347.0	1.58756005454448	1.58756005454448	0.000107247327367497	14836.0	83.5586346738763	0.5416666666666666	1.6575233784120247	1.5404975580052644	24	-0.04541605632802028
ANKRD30B	ANKRD30B	0.134664545488768	15346.0	1.5862487298038999	1.5862487298038999	3.59782268811818e-11	16737.0	94.26608088318125	0.6521739130434783	2.4467100258578873	2.314802467856198	23	-0.3717212626142067
DIO3OS	DIO3OS	9.135239745318159e-05	15345.0	1.58612514201673	-1.58612514201673	1.4581049460091463e-08	16065.0	90.48101836205925	0.625	1.7752096140971487	1.6728612255457063	24	-0.11303057850404614
FGF2	FGF2	2.23747157500918e-19	15344.0	1.58595480443026	-1.58595480443026	1.1332939645103e-05	12329.0	69.43787315534527	0.24	0.9743118771630301	1.2945854189243489	25	0.4724623947761088
FAM170B.AS1	FAM170B.AS1	0.467183120579847	15343.0	1.5854121859141699	1.5854121859141699	0.000604621739666975	14828.0	83.51357440576771	0.5217391304347826	1.5257680558027344	1.146731675335121	23	0.052012280984568615
ADGRE5	ADGRE5	4.2021779468846497e-13	15342.0	1.5850649557003	-1.5850649557003	8.113637228748541e-06	10100.0	56.88295595358792	0.08333333333333333	0.6295897413390268	0.462972472997894	24	2.0637840694377947
TCF24	TCF24	0.0163339052159719	15341.0	1.5849222320469298	1.5849222320469298	0.02029360998853208	8969.0	50.51256054973527	0.20833333333333334	0.6819669198312592	0.7514437251512462	24	1.2016273235017418
CXCL17	CXCL17	3.12744230069369e-12	15340.0	1.5846305033093602	1.5846305033093602	9.31189963226001e-09	17325.0	97.578010589163	0.8333333333333334	2.589425948685957	1.4319586996213942	24	-0.7016930346121449
C12orf42	C12orf42	0.00480557134125706	15339.0	1.5845846437112099	1.5845846437112099	0.000188124239187066	13666.0	76.96857046299425	0.4583333333333333	1.4203778245124197	1.4736393870850926	24	0.11142944511248218
IGFBP3	IGFBP3	2.7794486762772305e-09	15338.0	1.5841971873796699	1.5841971873796699	0.002174949719572555	8518.0	47.97228793511321	0.375	1.2001972424094896	1.5404254299503455	24	0.24928174873259412
DUOXA2	DUOXA2	4.91951674080327e-07	15337.0	1.58415219061472	-1.58415219061472	0.0180501247225087	15612.0	87.92948068041004	0.5416666666666666	1.9579078759108495	1.8124244865890966	24	-0.2062186248650399
LINC00942	LINC00942	0.000651320326965488	15336.0	1.58393191166852	1.58393191166852	0.00010880369341656325	13265.0	74.70992452405092	0.4166666666666667	1.4384926968435165	1.5926570557142856	24	0.09131860139204662
EPYC	EPYC	0.037701538766134	15335.0	1.58362876394525	1.58362876394525	9.315739194803129e-06	15843.0	89.23059592204574	0.6086956521739131	2.6458070239513254	2.723169741085961	23	-0.3900521675092108
HMGCS2	HMGCS2	0.0155472473671684	15334.0	1.58360359584486	-1.58360359584486	0.00230636310990442	16681.0	93.95065900642108	0.5652173913043478	2.5032491148968488	2.3989448856036844	23	-0.38335416731367045
LINC01549	LINC01549	0.628932310938435	15333.0	1.58358172462044	1.58358172462044	0.003713578395947731	15420.0	86.84803424580376	0.5909090909090909	1.8551468639090687	1.6894241177853264	22	-0.16074420651968946
SLURP1	SLURP1	0.287679668144258	15332.0	1.5834302170568202	1.5834302170568202	0.00130889557411475	16809.0	94.6716232961586	0.782608695652174	2.773161796206684	2.021570555568941	23	-0.5885184545612021
MSX1	MSX1	7.12439489780065e-09	15331.0	1.5833615724406103	-1.5833615724406103	0.0007122976655352505	12074.0	68.0015771093838	0.3333333333333333	1.2563306604695708	1.2363584107464474	24	0.2645114144316741
WNT9A	WNT9A	1.12894467985307e-08	15330.0	1.58274983548372	-1.58274983548372	0.00039587596270206847	13019.0	73.32432127971161	0.4166666666666667	1.0264307898930767	0.9987287477962866	24	0.5570271676049894
KIAA0040	KIAA0040	4.62377504977363e-50	15329.0	1.58272023640152	-1.58272023640152	0.000154045165162583	4903.0	27.61067928354174	0.12	0.5265222848410805	0.5438004023744147	25	1.9422529791238206
ACKR4	ACKR4	8.84730977048835e-18	15328.0	1.5822504626751202	-1.5822504626751202	0.02425166706257995	4420.0	24.8901655964853	0.16666666666666666	0.5899652867272661	0.8288425402014906	24	1.1971938309375756
MGAM	MGAM	3.19135903623739e-05	15327.0	1.58185291099508	-1.58185291099508	6.818895224444714e-08	14903.0	83.93601441928578	0.5833333333333334	1.8279872395943448	2.1719007600944757	24	-0.11332669204856217
CHRDL1	CHRDL1	1.2057197366117101e-15	15326.0	1.58142297274617	-1.58142297274617	7.762469394121199e-10	14660.0	82.5673087754872	0.625	2.0333778034038947	2.202004195441055	24	-0.20524703431239358
HK3	HK3	5.74303884184964e-06	15325.0	1.5813282434470002	-1.5813282434470002	0.0002821062398289357	14553.0	81.96462768953475	0.5416666666666666	2.0431377229611845	2.498407748224284	24	-0.1848415174994595
HYAL1	HYAL1	2.47603672443292e-05	15324.0	1.5812228169521498	-1.5812228169521498	0.000310433446333092	8160.0	45.95584093725357	0.25	0.8599279866901655	1.0371891568634442	24	0.6954322897505472
KCNB2	KCNB2	0.000459283213399066	15323.0	1.58035744886482	-1.58035744886482	4.40267754105919e-05	12643.0	71.20648867860763	0.34782608695652173	1.2973322651354102	1.3663741146968835	23	0.207135937870278
IFNG	IFNG	0.0307752325133308	15322.0	1.5801313962536698	-1.5801313962536698	0.0024296449261483046	17643.0	99.36915624647966	0.6	4.481078498135821	3.7657870254980064	20	-0.7703428479199552
BCL2L14	BCL2L14	0.00021973004446278798	15321.0	1.57924977969699	1.57924977969699	2.49007955117365e-08	14511.0	81.72806128196463	0.625	1.524743965069901	1.107254498112658	24	0.04922609456091206
LINC01224	LINC01224	0.000520682750043303	15320.0	1.5789709917293702	1.5789709917293702	3.81622325731718e-06	15003.0	84.49926777064323	0.5652173913043478	1.7746304075172938	1.8867441148662696	23	-0.10370214712544197
GPSM1	GPSM1	2.8819492063888297e-21	15319.0	1.5774572108990499	-1.5774572108990499	2.93669932219103e-11	13904.0	78.30911343922496	0.48	1.471197770920882	1.3439761399126093	25	0.07906348693443113
MYL7	MYL7	0.35750341134073205	15318.0	1.57712446365776	-1.57712446365776	0.000159646242867466	17653.0	99.4254815816154	0.8181818181818182	4.1226186617474285	2.9486070596292704	22	-0.8632870187897179
SPATA12	SPATA12	1.1528582059438299e-06	15317.0	1.5766635003621299	1.5766635003621299	0.0009425644437636995	10743.0	60.50467500281626	0.25	0.9488273809444028	1.304403352276986	24	0.4813205350337125
P3H2	P3H2	1.1339164861568601e-08	15316.0	1.57533161339894	-1.57533161339894	5.919381182164611e-05	9648.0	54.337050805452286	0.2	0.7677349118821059	0.8444977634805985	25	0.9563041329894391
ASPHD1	ASPHD1	4.05345814009704e-06	15315.0	1.57520260872062	1.57520260872062	0.000583714794321675	11100.0	62.515489467162325	0.375	0.8760293675229733	0.9196494699284975	24	0.7602605819497804
FLI1	FLI1	2.42687507096262e-14	15314.0	1.57502968063373	-1.57502968063373	0.00024359287651609147	12007.0	67.6241973639743	0.4166666666666667	1.2174570357021601	1.350456809691125	24	0.2647790305958423
IL7R	IL7R	3.8892636870375e-11	15313.0	1.5739439551615602	-1.5739439551615602	0.0022290669860287353	11731.0	66.06961811422778	0.375	1.5708521683721985	2.692984646239008	24	0.0011480892747307606
REEP1	REEP1	3.942756983677e-09	15312.0	1.5735102291216698	-1.5735102291216698	0.0017729598713208785	10462.0	58.921933085501855	0.25	0.8044601536916294	0.8499972406968223	24	0.9047677317159032
RFLNB	RFLNB	9.691091400444349e-12	15311.0	1.5733617335191399	-1.5733617335191399	1.3530973578233601e-06	12522.0	70.52495212346513	0.32	1.0265490518583236	0.8783303634082056	25	0.6225592378920005
GMDS	GMDS	3.25121308811985e-17	15310.0	1.57321685764238	1.57321685764238	5.18473218192896e-07	11590.0	65.27543088881379	0.28	0.7534936084872748	0.5957409419633029	25	1.3759726609583927
SLC39A11	SLC39A11	1.55321313160973e-19	15309.0	1.57211914730248	1.57211914730248	1.89343709392971e-13	14423.0	81.23239833277007	0.48	0.9991739371485444	0.7196434108467442	25	0.7961515404967009
NAT8L	NAT8L	1.69470898130757e-06	15308.0	1.5718606323817	1.5718606323817	8.085487602712969e-12	16121.0	90.79644023881941	0.72	1.848654624399594	1.4402448979029814	25	-0.1921853654339692
CX3CR1	CX3CR1	1.2595783373093e-05	15307.0	1.57076473828558	-1.57076473828558	0.0002979462257344214	13283.0	74.81131012729526	0.4583333333333333	1.8863537348144506	2.597061644623991	24	-0.12151771490759598
OSR1	OSR1	8.39766801693655e-11	15306.0	1.57052158108506	-1.57052158108506	6.3287897520821465e-06	12511.0	70.46299425481581	0.4166666666666667	1.0537509203638533	1.0891951756483436	24	0.4744518450640389
SMC5.AS1	SMC5.AS1	2.23123449668069e-14	15305.0	1.5700857862940902	-1.5700857862940902	0.00162726109673815	5540.0	31.198603131688632	0.28	0.6446310493497037	0.592729460209107	25	1.5613442541187315
SLC11A1	SLC11A1	1.5143175687229098e-06	15304.0	1.56992026869263	-1.56992026869263	1.5445104389889072e-05	14184.0	79.88622282302579	0.5	1.5001833734346988	1.6582129681711915	24	0.042055451619608615
MEDAG	MEDAG	2.91037940626008e-07	15303.0	1.56987610141162	-1.56987610141162	1.5007648407627635e-05	15309.0	86.222823025797	0.625	1.6025614755880462	1.6419422354381425	24	-0.01990653110138448
CH25H	CH25H	2.52250569921197e-05	15302.0	1.5686456741387	-1.5686456741387	0.04210627878268265	13513.0	76.10679283541737	0.4166666666666667	1.2871809763202127	1.6421951500791143	24	0.17139540194411582
PLA2G2A	PLA2G2A	0.000780430511168122	15301.0	1.5677962536706698	-1.5677962536706698	0.00125183763613797	15806.0	89.02219218204348	0.6521739130434783	2.2941426956971496	2.4065012004462423	23	-0.3018267524203985
COLCA1	COLCA1	0.000109210866416557	15300.0	1.5676685453044799	1.5676685453044799	8.138941402419369e-05	15027.0	84.63444857496901	0.5833333333333334	1.5289321869646253	1.451163631275441	24	0.026693308394042936
FAM3D	FAM3D	0.0065480591124147895	15299.0	1.5670776144028702	1.5670776144028702	0.0024919946397428303	17022.0	95.87135293454996	0.6666666666666666	2.616696795162957	2.1465528033219248	24	-0.48897897090429615
CHRNB1	CHRNB1	4.45305440489995e-20	15298.0	1.56673161311324	1.56673161311324	0.00683482647918006	1016.0	5.717021516278022	0.12	0.4801469933977052	0.7270951003209731	25	1.4944188445718676
MYBPC3	MYBPC3	1.38585896199409e-06	15297.0	1.5666492305714699	-1.5666492305714699	7.724084868568959e-14	17753.0	99.98873493297285	0.75	6.538390955966247	4.069271052900057	24	-1.2217769867779031
FST	FST	1.6212752673817097e-09	15296.0	1.5665964397274097	-1.5665964397274097	0.00040639065901187303	12955.0	72.96383913484284	0.4583333333333333	1.3769853121593758	1.3831371626608775	24	0.13708772541637176
TRIM46	TRIM46	5.3030366329586604e-09	15295.0	1.5664592886492101	1.5664592886492101	0.0001582665370122045	6363.0	35.83417821336037	0.125	0.9176320595345214	1.6374558937593955	24	0.3962410417205571
PRIMA1	PRIMA1	3.2169243927204305e-05	15294.0	1.5658598215850201	-1.5658598215850201	0.0363906438261176	9024.0	50.82234989298186	0.16666666666666666	0.9151212385277482	1.529117973328135	24	0.42556466826489214
GPRC5D	GPRC5D	2.69334355563017e-06	15293.0	1.56557451227721	-1.56557451227721	0.2042268408194855	5513.0	31.046524726822124	0.041666666666666664	0.49754838459841877	0.5019335335380357	24	2.127823817927594
BANCR	BANCR	0.00203063003027613	15292.0	1.56533533942297	-1.56533533942297	0.0004908918013590269	16204.0	91.26394052044608	0.6086956521739131	1.937448317669211	1.9729996800687604	23	-0.1886026551374162
CBFA2T3	CBFA2T3	4.40698544638697e-16	15291.0	1.5652293361690102	-1.5652293361690102	5.458367530012075e-12	15513.0	87.37185986256618	0.625	1.576374478331398	1.1713192962865038	24	-0.009515033345495002
SLC39A4	SLC39A4	6.811331667996949e-06	15290.0	1.5650292036378703	1.5650292036378703	0.0285202821160948	9012.0	50.75475949081897	0.16	0.5140334639411068	0.4966910599417008	25	2.115994879835615
MPZL2	MPZL2	7.69755257784697e-09	15289.0	1.5650271748708502	1.5650271748708502	1.6197295308068167e-07	15265.0	85.97499155119972	0.75	1.6309575532449017	1.2775169785825313	24	-0.05160822085292714
S100A4	S100A4	2.12094012482961e-15	15288.0	1.56497239754505	-1.56497239754505	0.0195960329077392	6580.0	37.056437985806014	0.2	0.9705652838487728	1.8633585601303633	25	0.31899771005677596
KIAA1549L	KIAA1549L	0.00061103221552227	15287.0	1.56418606271903	1.56418606271903	0.0009013103468531435	10661.0	60.04280725470316	0.375	1.3374988451245207	1.5049704328945204	24	0.15062569512313956
A2M	A2M	1.3164861374767697e-09	15286.0	1.56387594568023	-1.56387594568023	4.070274442442557e-07	14359.0	80.8719161879013	0.5416666666666666	2.0510229267443463	2.740318272441838	24	-0.17777021959935704
LINC01355	LINC01355	7.466169675634209e-27	15285.0	1.5630786947773998	1.5630786947773998	1.50040710837128e-06	10322.0	58.13337839360144	0.12	0.6218089740229642	0.39960810655536577	25	2.3554820468188438
CNN1	CNN1	6.029446569296879e-10	15284.0	1.5629817027679802	-1.5629817027679802	1.4494511989544801e-07	14672.0	82.6348991776501	0.6956521739130435	1.4839251137771108	1.2681168495677735	23	0.06234172270308937
SRD5A3.AS1	SRD5A3.AS1	1.62671786319094e-20	15283.0	1.56297814191625	1.56297814191625	2.11274476265159e-09	11794.0	66.42446772558296	0.4	0.8032470463309991	0.5160972861699863	25	1.4720695418170042
CELP	CELP	0.00156335397799266	15282.0	1.56220848262102	1.56220848262102	0.01084496084482121	16795.0	94.59276782696857	0.5833333333333334	2.6810935893117414	2.449877247876977	24	-0.4567106811822219
FGF10	FGF10	0.000918512297766989	15281.0	1.56168634475042	-1.56168634475042	0.003789801639612605	12500.0	70.4010363861665	0.3333333333333333	1.3182297162384382	1.4528700262127778	24	0.1675694481402472
PANX3	PANX3	0.33627286502818604	15280.0	1.5614845897674199	1.5614845897674199	0.0459324003248336	13536.0	76.23634110622957	0.38095238095238093	1.8806477161826636	2.101986048425912	21	-0.15183884148719798
UHRF1	UHRF1	2.2929236578586298e-08	15279.0	1.5614076251398101	1.5614076251398101	2.35640051854128e-06	7869.0	44.31677368480342	0.28	0.8495560105472699	1.110507457649823	25	0.6410147088062229
IRF1	IRF1	1.19794623675926e-06	15278.0	1.56062643673982	-1.56062643673982	0.00657186368878544	6514.0	36.6846907739101	0.16	0.6208857481455141	0.6851884280839278	25	1.3715069462311442
CPLX3	CPLX3	0.0586448484133995	15277.0	1.56047882023375	-1.56047882023375	3.1631136242323e-05	15825.0	89.1292103188014	0.6666666666666666	2.1043329829059414	2.0842765112556374	24	-0.2609318675978148
SYCN	SYCN	0.556774628677856	15276.0	1.56011777240196	1.56011777240196	0.07038171266072285	17352.0	97.73008899402951	0.4	2.465480790700838	1.7679951508085048	20	-0.5120845596691005
BHMT	BHMT	0.0015554075857351	15275.0	1.5590932125736499	1.5590932125736499	3.40094069375648e-05	17338.0	97.65123352483947	0.782608695652174	2.9429639126525493	2.4685135161129432	23	-0.5606089215415835
FKBP1B	FKBP1B	5.085781812828079e-19	15274.0	1.5588242570228001	-1.5588242570228001	0.000662584686900289	6378.0	35.91866621606398	0.16	0.6839606585803364	0.991225794228899	25	0.8826077807257261
SYNPO2L	SYNPO2L	4.3097838044908e-06	15273.0	1.55850567782608	-1.55850567782608	3.818141051287355e-06	16704.0	94.0802072772333	0.625	2.5493279873014494	2.116766110407718	24	-0.46808303695136333
FGF12	FGF12	8.55665308452994e-11	15272.0	1.55832167423298	-1.55832167423298	0.000118275575356128	13077.0	73.65100822349892	0.43478260869565216	1.708408895025291	2.189479019118153	23	-0.06854928477586461
COL8A2	COL8A2	9.89248086375353e-05	15271.0	1.55815623055769	1.55815623055769	3.1896892274664796e-08	14009.0	78.90052945815027	0.5	1.6348029059724587	2.0188665414699103	24	-0.03796520168141641
OR51I2	OR51I2	0.348132893601949	15270.0	1.5571175151175	1.5571175151175	0.0115876503042461	12462.0	70.18700011265067	0.47619047619047616	1.554744557029586	1.330950917648928	21	0.0017829042802764603
MS4A1	MS4A1	0.0456370390131265	15269.0	1.5571081137895102	1.5571081137895102	0.00012535564628961949	15614.0	87.94074574743719	0.5	2.221366422744618	2.625845056695125	24	-0.2529693468628115
PLPPR3	PLPPR3	7.56298630444326e-05	15268.0	1.55706621001593	-1.55706621001593	1.1985309698523445e-08	16534.0	93.12267657992564	0.75	2.901540540206671	2.712335740585189	24	-0.49568875640029336
FAM169B	FAM169B	0.0777388485899097	15267.0	1.5559094644806999	1.5559094644806999	0.01178796677354455	12058.0	67.9114565731666	0.375	1.0233730650891213	0.9783007093473501	24	0.5443483729525735
ZNF486	ZNF486	5.56744526104374e-07	15266.0	1.55566358718095	1.55566358718095	0.00310149445836358	8855.0	49.870451729187785	0.12	0.5917931209439697	0.6118117079623866	25	1.5754364515957218
PDLIM2	PDLIM2	3.3200138467970693e-25	15265.0	1.5547562508203199	-1.5547562508203199	6.658217443108951e-09	12001.0	67.59040216289286	0.28	0.9241675448080636	0.5781253838360945	25	1.0907473078383907
G0S2	G0S2	3.16359337792168e-07	15264.0	1.5545625565248	-1.5545625565248	4.4912853545917146e-05	13519.0	76.14058803649881	0.3333333333333333	1.651669349541666	2.2672841334129936	24	-0.04282956493445268
FBP2	FBP2	0.000357811014648918	15263.0	1.5542453790151498	-1.5542453790151498	0.000579795100234054	14283.0	80.44384364086966	0.4782608695652174	1.0779614659494756	1.075438758192278	23	0.4428740450700023
GALNT18	GALNT18	8.43929754518275e-14	15262.0	1.5540345083307299	-1.5540345083307299	0.0306759728961981	1877.0	10.566632871465584	0.2	0.7842682023361989	1.2248542259597253	25	0.6284554436601518
ICAM2	ICAM2	1.51804927651345e-08	15261.0	1.5531938152031801	-1.5531938152031801	2.1366778811714796e-06	12391.0	69.78709023318689	0.4166666666666667	1.2060750012273067	1.598067573172997	24	0.21721159968640227
TRPV4	TRPV4	8.0192512143106e-07	15260.0	1.5519409521493799	1.5519409521493799	0.001614001380777635	9252.0	52.106567534076824	0.16666666666666666	0.6610085672788719	0.48980197184634255	24	1.8189644715232085
STC2	STC2	4.83201849161306e-07	15259.0	1.5510370607812398	-1.5510370607812398	0.012473240681118235	6564.0	36.96631744958882	0.25	0.9338593223858095	1.145888475764073	24	0.5386019245755126
GPR88	GPR88	0.00142005317662836	15258.0	1.55093547542426	1.55093547542426	9.934876152692096e-06	14717.0	82.88836318576095	0.5416666666666666	1.6879305053995417	1.5276236234151963	24	-0.08967852282161756
MYO7B	MYO7B	0.0111872479707341	15257.0	1.54997341116012	-1.54997341116012	2.68229414402236e-06	14688.0	82.7250197138673	0.5416666666666666	1.880960890547761	2.300955567323148	24	-0.14384783612866564
NAALADL2	NAALADL2	6.86205735901096e-10	15256.0	1.54978224383807	1.54978224383807	2.7448672274664597e-11	16156.0	90.99357891179451	0.7916666666666666	1.8358743055067397	1.3412814698600783	24	-0.21329755766961775
EDA2R	EDA2R	1.1816957792718499e-05	15255.0	1.5493513409588302	1.5493513409588302	0.0033185573649229198	9350.0	52.658555818407116	0.20833333333333334	1.0811112448908342	1.783824190291438	24	0.26249228966420496
LINC00494	LINC00494	0.0315607722727272	15254.0	1.5490596942761699	1.5490596942761699	0.00013003028418385085	12924.0	72.78923059592204	0.4166666666666667	1.3917054849418173	1.5085880636188809	24	0.10430561737104224
FBLN1	FBLN1	1.26285834170942e-08	15253.0	1.5490520984381202	-1.5490520984381202	7.5556096087377e-10	15515.0	87.38312492959332	0.72	1.756756040894491	1.5827842175180105	25	-0.13122694815726355
ANXA3	ANXA3	2.4275942095091802e-06	15252.0	1.5486723824328401	-1.5486723824328401	0.0012209230564412155	10624.0	59.83440351470091	0.25	0.9996784713228659	1.5142169260683218	24	0.3625596185451723
CELSR3	CELSR3	2.17048640831764e-06	15251.0	1.54838106448825	1.54838106448825	2.2993059176587598e-08	11391.0	64.15455671961247	0.32	1.0329048841673365	1.2309945985259019	25	0.4187477190705701
KCNB1	KCNB1	5.04627213790616e-21	15250.0	1.54826517398139	-1.54826517398139	0.00013753520793037736	13137.0	73.9889602343134	0.3333333333333333	1.184355730371838	1.2868985361239975	24	0.28278021413064064
UNC13D	UNC13D	9.572791729786941e-15	15249.0	1.5479216553480801	-1.5479216553480801	2.2715110094009828e-05	12642.0	71.20085614509406	0.375	1.0020656002054193	1.0894500842059631	24	0.5010381503990644
PRSS22	PRSS22	1.5530836891426402e-09	15248.0	1.54733526197083	1.54733526197083	0.001892163481598735	14463.0	81.45769967331304	0.4583333333333333	1.4601064852614039	1.2866848939209137	24	0.06779342566431631
TEX44	TEX44	0.225342167794513	15247.0	1.54707823386345	-1.54707823386345	0.00345080766872272	16413.0	92.44114002478314	0.5454545454545454	2.11372616222968	1.5679478820897534	22	-0.3613946195781741
C3P1	C3P1	0.34896312013255	15246.0	1.54592877793821	1.54592877793821	0.0158816924168221	16802.0	94.63219556156359	0.6086956521739131	2.292292946065977	1.803720855630955	23	-0.41379139449307034
F5	F5	0.00347474863395985	15245.0	1.5449852362001801	1.5449852362001801	3.82183910027364e-09	14877.0	83.78956854793286	0.625	1.9704437223184523	1.953293378293698	24	-0.21781596704634917
MYL9	MYL9	1.2298221295628e-13	15244.0	1.5438820093069898	-1.5438820093069898	1.03695920394625e-06	14373.0	80.95077165709135	0.56	1.381774625066679	1.346201293288621	25	0.12041838397309847
RAB27B	RAB27B	1.15961416504302e-05	15243.0	1.54354508512476	1.54354508512476	6.97459665869816e-11	14351.0	80.82685591979272	0.5833333333333334	1.4360318668718648	1.194014247072008	24	0.09004349698216911
GIMAP1	GIMAP1	4.80922578763792e-07	15242.0	1.54342514588	-1.54342514588	2.2311420050276951e-07	16054.0	90.41906049340993	0.625	1.9460723415678516	1.8955095531306867	24	-0.2124216124486559
ADAMTS9.AS2	ADAMTS9.AS2	8.4062197395398e-10	15241.0	1.5432150239597402	-1.5432150239597402	0.000293188259970603	12856.0	72.40621831699899	0.34782608695652173	1.2017852339896937	1.415781138136064	23	0.2411600075556546
GTSE1	GTSE1	1.7469631114381198e-06	15240.0	1.5430804809161398	1.5430804809161398	0.0219103581452196	1895.0	10.668018474709923	0.2	0.8309768094610658	1.2957057553652291	25	0.5495874881364162
ATP1B1	ATP1B1	4.28187174160427e-11	15239.0	1.54135663605711	1.54135663605711	1.73812712346031e-06	11245.0	63.33220682663061	0.28	0.8351843268667145	0.7176730091083684	25	0.9839750140077564
WDR88	WDR88	5.16912350652226e-06	15238.0	1.5400840737556498	1.5400840737556498	0.12009041806308302	1186.0	6.674552213585671	0.08	0.502086352411728	1.0429890351825108	25	0.9952144138910188
ABHD6	ABHD6	1.2494326981400803e-13	15237.0	1.5400537115851203	-1.5400537115851203	1.91917654669418e-05	5849.0	32.93905598738312	0.08	0.4477393602428794	0.44197348756708615	25	2.4714476819753606
ENG	ENG	6.22689342230721e-11	15236.0	1.5400151000379199	-1.5400151000379199	2.375290169897805e-10	15076.0	84.91044271713416	0.7083333333333334	1.3257698900593275	0.7138081402846317	24	0.30014397131022047
SDC1	SDC1	3.2726286546710197e-10	15235.0	1.53997538458466	1.53997538458466	0.0375567646836825	4241.0	23.88194209755548	0.12	0.7154298994772513	1.1822814016452763	25	0.6974189765312739
ASPRV1	ASPRV1	1.00044561477548e-23	15234.0	1.53973115056593	-1.53973115056593	4.763537196970325e-10	16887.0	95.11096091021741	0.7916666666666666	2.256854731377054	1.6828161199165388	24	-0.4261449437783439
KLB	KLB	0.00123372281149545	15233.0	1.5392692205613998	-1.5392692205613998	2.9226282564885872e-05	13376.0	75.33513574405767	0.375	1.227828475033415	1.2832600945382255	24	0.24269495081591794
PICSAR	PICSAR	0.0641727659438024	15232.0	1.53890367945659	-1.53890367945659	0.000459860580718549	14951.5	84.20919229469415	0.4782608695652174	1.2491923757341958	1.1081258518701829	23	0.2614425998937293
HOXD3	HOXD3	5.46496367450471e-05	15231.0	1.5387807832291498	1.5387807832291498	0.0008168972132014565	11781.0	66.35124478990649	0.25	1.006119708366674	1.1063803868480009	24	0.4814447916778328
DSG3	DSG3	0.275919776864815	15230.0	1.53834403725957	1.53834403725957	0.0021237101702594303	15710.0	88.48146896474033	0.5217391304347826	2.7071404935228633	3.3373313762748533	23	-0.3502188798428252
GREB1L	GREB1L	1.1430949822091801e-05	15229.0	1.53833733505492	1.53833733505492	0.20146765884390302	2867.0	16.14284104990425	0.12	0.6242528359911701	0.8540814122303655	25	1.0702545284022646
RRAS	RRAS	7.258684024735358e-17	15228.0	1.5380524658813501	-1.5380524658813501	0.000117858696583918	10191.0	57.39551650332319	0.24	0.917952487496612	1.2220291652528708	25	0.5074346799705249
RCC1	RCC1	1.5740335508488797e-29	15227.0	1.53737824074223	1.53737824074223	0.00530214047129748	2731.0	15.376816492058127	0.04	0.32747988138566375	0.38882971184977655	25	3.111640706675234
PPEF1	PPEF1	0.00821477385926198	15226.0	1.53715700854948	1.53715700854948	7.1029235498216355e-06	14200.0	79.97634335924299	0.5	1.2638133777850593	1.167799566740325	24	0.234067247967392
NLRP3	NLRP3	8.81173844942183e-08	15225.0	1.53629280871517	-1.53629280871517	0.00312743788407427	13091.0	73.72986369268897	0.375	1.7079717006398454	2.0191155066998783	24	-0.08502678096176587
ANKRD26P3	ANKRD26P3	0.7104295982968101	15224.0	1.53554705453137	1.53554705453137	0.0218803707508418	13324.0	75.0422440013518	0.375	1.542016914404326	1.4619784423330358	24	-0.004425414004485154
PRDX4	PRDX4	8.25924655524635e-21	15223.0	1.53485968936908	1.53485968936908	6.0049275929072306e-09	6938.0	39.07288498366565	0.08	0.5522675252438043	0.7006278103428608	25	1.402445277820805
N4BP3	N4BP3	9.04342872503775e-07	15222.0	1.53227435341859	-1.53227435341859	2.92400133783695e-09	13181.0	74.23679170891066	0.36	0.9860755954219976	0.8879920564330298	25	0.6150941937370646
PROP1	PROP1	0.180710363307383	15221.0	1.5314910439831901	1.5314910439831901	0.109555012453243	11657.0	65.65281063422327	0.2608695652173913	1.0030295229501598	0.918236039680544	23	0.5755181654783263
TNNT2	TNNT2	5.15885791554889e-11	15220.0	1.5313169502706498	-1.5313169502706498	2.01397333183445e-08	17535.0	98.76084262701363	0.8260869565217391	3.7546652978030197	2.569184228937517	23	-0.8653907814356437
BDKRB1	BDKRB1	0.00035855747101142595	15219.0	1.5311314815947898	-1.5311314815947898	0.0013801091174592	13718.0	77.26146220570011	0.391304347826087	1.2672592215444745	1.0879567736814204	23	0.24253928688492496
TNFSF14	TNFSF14	5.966065408982161e-05	15218.0	1.5288559208325703	-1.5288559208325703	0.000135904043570735	14061.0	79.19342120085614	0.4583333333333333	1.683594687396842	1.7436290772093044	24	-0.08874523176221205
NFATC1	NFATC1	3.5530174577151795e-13	15217.0	1.52850164480214	-1.52850164480214	3.5301828849081398e-09	13064.0	73.57778528782245	0.36	0.9676266358615728	0.6734789680057583	25	0.8328025604145839
PLK1	PLK1	2.14943500917025e-15	15216.0	1.52737421535896	1.52737421535896	4.4633227046695204e-05	7811.0	43.99008674101611	0.12	0.8085147858612757	1.2769994373558442	25	0.5629285405059811
WFS1	WFS1	2.81134362313547e-13	15215.0	1.52720497350588	-1.52720497350588	7.74954173518955e-07	11779.0	66.33997972287935	0.24	1.0254454111281248	1.0658556504632928	25	0.47075751970696644
GALE	GALE	1.47642089516678e-06	15214.0	1.5261597695158797	1.5261597695158797	4.2608366828731195e-10	9000.0	50.68716908865607	0.2	0.7196943285411408	0.7051472935714729	25	1.1436836648554711
TTR	TTR	0.10587040382200001	15213.0	1.5252850294430398	1.5252850294430398	0.00021824223442744198	17495.0	98.53554128647065	0.782608695652174	3.8515456136036574	3.095568906350264	23	-0.7514807954649358
SPINK6	SPINK6	0.16825306329601802	15212.0	1.5252363570253997	1.5252363570253997	8.882370738382633e-05	16748.0	94.32803875183056	0.7272727272727273	2.6627730088175503	2.32141169744687	22	-0.490019350313102
CXCL11	CXCL11	0.00767113427374246	15211.0	1.52463929199017	-1.52463929199017	0.02873254812675525	12495.0	70.37287371859863	0.375	1.6296261606454563	1.9496155980184888	24	-0.05385003523873672
SENCR	SENCR	1.28119023205194e-14	15210.0	1.52446435767519	-1.52446435767519	0.00018525909363096066	13401.0	75.47594908189703	0.4583333333333333	1.3731122099233566	1.4707643835177693	24	0.10290713417320442
GIMAP7	GIMAP7	1.32056876405765e-06	15209.0	1.52369727288156	-1.52369727288156	0.007821577975840365	13656.0	76.91224512785851	0.375	1.5818133262712804	2.185733449528653	24	-0.026588810910247458
C10orf71.AS1	C10orf71.AS1	0.7130477134790121	15208.0	1.52348610605351	1.52348610605351	0.000401480010962232	16817.0	94.7166835642672	0.5238095238095238	2.2618125448429485	1.7781376734408718	21	-0.41522456321433415
KNL1	KNL1	6.761614489296171e-07	15207.0	1.52317009805733	1.52317009805733	0.0159308388942242	11062.0	62.301453193646495	0.32	1.1174930647353851	1.2933444075837084	25	0.31366512349162373
SLC44A4	SLC44A4	6.48877456995305e-05	15206.0	1.5227534867054497	1.5227534867054497	9.28940404370404e-05	14867.0	83.7332432127971	0.5416666666666666	1.8269044189246626	1.46083504769353	24	-0.20820347423853772
GUCY1A2	GUCY1A2	9.532477628104069e-11	15205.0	1.52270263795918	-1.52270263795918	0.0223690349698327	4076.0	22.952574067815704	0.08333333333333333	0.6112005164908628	0.7038524786703513	24	1.2950186993590433
RHOB	RHOB	8.00318445076119e-10	15204.0	1.5221826503215603	-1.5221826503215603	5.03109822603487e-08	11815.0	66.54275092936803	0.36	0.9479845142953961	0.8679005695633389	25	0.6615943763178502
ADORA1	ADORA1	8.15175187110995e-05	15203.0	1.52178852982839	1.52178852982839	0.000427873519445931	12837.0	72.29920018024107	0.3333333333333333	1.1723343260773076	1.467534849795864	24	0.2381232744147043
C10orf90	C10orf90	0.18312252191292896	15202.0	1.5215333636648798	1.5215333636648798	0.00284353662811553	14527.0	81.81818181818181	0.4782608695652174	1.4584663248471583	1.44288255523469	23	0.04370905905606669
SCN4A	SCN4A	2.55106881634224e-05	15201.0	1.5208094759498998	1.5208094759498998	1.593297974974195e-10	16434.0	92.5594232285682	0.7083333333333334	2.0133874878984517	1.4442641843892978	24	-0.34105810922455077
PER1	PER1	6.570361367766539e-06	15200.0	1.52079725165649	-1.52079725165649	2.72343005463404e-12	13629.0	76.760166722992	0.44	0.988762944678856	0.584017590245763	25	0.9109902096506141
TONSL	TONSL	3.7963573232564703e-11	15199.0	1.5207776872403203	1.5207776872403203	1.24894638355753e-07	11104.0	62.538019601216625	0.24	0.7567282791687941	0.7211322491519521	25	1.0595135760050176
SYT13	SYT13	0.0238692541374768	15198.0	1.52014202038732	1.52014202038732	0.000139008371363278	12177.0	68.58172806128196	0.391304347826087	1.6058913077667556	2.178809830810023	23	-0.03935602188262404
FGF23	FGF23	0.0649094981549281	15197.0	1.51964171354436	-1.51964171354436	0.03795909852668215	12347.0	69.53925875858961	0.375	1.3839193820982663	1.5517004452172185	24	0.08746683798695075
PTGDS	PTGDS	4.1806522446233e-07	15196.0	1.5193731145260598	-1.5193731145260598	2.0701842256114551e-07	15809.0	89.0390897825842	0.5833333333333334	2.478875723460017	2.9153889584799524	24	-0.3291164995816648
HRCT1	HRCT1	0.000133252416542899	15195.0	1.5193585897820698	-1.5193585897820698	0.01929487952458145	10361.0	58.35304720063084	0.20833333333333334	0.868548948208868	0.7547095965481708	24	0.8623312126277736
KANK4	KANK4	1.34756195126223e-05	15194.0	1.5192408602424	-1.5192408602424	6.03721786585974e-05	13700.0	77.16007660245577	0.4583333333333333	1.0071025333608437	0.736503833693769	24	0.6953641019260441
SIGLEC11	SIGLEC11	9.20241818167576e-06	15193.0	1.51912704522498	-1.51912704522498	4.75487819767128e-08	13709.0	77.21076940407795	0.4583333333333333	1.651600904839582	1.5068738241327966	24	-0.08791304055655788
SFTPD	SFTPD	5.0687666939811506e-08	15192.0	1.5190665962798997	-1.5190665962798997	0.02709874859089705	15968.0	89.93466261124253	0.5416666666666666	1.65873367742921	1.373039110495049	24	-0.10172112366045671
PHACTR1	PHACTR1	7.44904657530566e-14	15191.0	1.51891179466755	-1.51891179466755	0.00155461693195126	5984.0	33.69944801171567	0.25	0.5914019013904801	0.5942822587425348	24	1.5607228377297089
SLC9A7	SLC9A7	1.1792187845313198e-07	15190.0	1.51858131255765	1.51858131255765	4.52978750471814e-09	11124.0	62.65067027148811	0.24	0.8972181532475105	1.0002853010861465	25	0.621185934288388
ADAMTSL4	ADAMTSL4	4.2272108603585404e-11	15189.0	1.51741782248227	-1.51741782248227	9.68925897692937e-11	13467.0	75.84769629379295	0.4583333333333333	1.2427357714932186	1.4257099465148597	24	0.19266334759079876
LHFPL3	LHFPL3	5.96473522811713e-13	15188.0	1.5169002138623	-1.5169002138623	0.000373081256370954	16844.0	94.86876196913371	0.6086956521739131	1.9726079272361872	1.6482581553217526	23	-0.2764783610519613
C16orf89	C16orf89	5.9880589022550904e-05	15187.0	1.51652662727129	1.51652662727129	0.0900641943031121	11842.0	66.69482933423454	0.2916666666666667	1.1947999714693176	1.4699154507727796	24	0.2188742594907965
VSIG4	VSIG4	4.80992473122617e-08	15186.0	1.51409889834914	-1.51409889834914	0.0548535211565797	11565.0	65.13461755097443	0.3333333333333333	1.5692770960831188	2.322251931913344	24	-0.023760642407353556
OR1F2P	OR1F2P	0.49894467958066097	15185.0	1.51367960599009	1.51367960599009	0.031255841665856945	14990.0	84.42604483496676	0.4166666666666667	1.4641660059729629	1.4859849265121972	24	0.03332039183825518
RNF112	RNF112	3.0535826902513e-12	15184.0	1.51336618700164	-1.51336618700164	8.911988204730275e-05	11574.0	65.18531035259659	0.375	1.2642560964585963	1.6282262038403132	24	0.152994768144313
RNFT2	RNFT2	3.14245027645724e-10	15183.0	1.51318624141687	1.51318624141687	3.1488423793438703e-06	10636.0	59.9019939168638	0.32	1.2592006482977531	1.579279033384324	25	0.16082376055790287
IRS4	IRS4	0.0166863151063271	15182.0	1.51288264337441	-1.51288264337441	2.33769292201261e-05	16678.0	93.93376140588036	0.7391304347826086	2.696080122669222	2.4843956588309912	23	-0.47625162887764605
COL9A3	COL9A3	2.30745295284098e-06	15181.0	1.5126668017566398	1.5126668017566398	7.83150002172392e-09	15713.0	88.49836656528106	0.5833333333333334	1.5886254123326433	1.303300576743274	24	-0.05828172865986995
DOCK3	DOCK3	2.6955169237832598e-06	15180.0	1.5124733215382	1.5124733215382	0.00470882128476444	4696.0	26.444744846231835	0.24	0.7890943393878515	1.3330854369455516	25	0.5426351245782113
COL5A1	COL5A1	0.000105398396304237	15179.0	1.5119931607181498	1.5119931607181498	9.261181283928311e-08	13179.0	74.22552664188352	0.32	1.1832216662686428	1.1299335878719055	25	0.2909653257309651
ARHGAP29	ARHGAP29	8.40195446752207e-15	15178.0	1.5114824704363001	-1.5114824704363001	0.0321677728092155	9885.0	55.671961248169424	0.12	0.6176207790422865	0.503191187950284	25	1.7763858207356535
ARHGAP31	ARHGAP31	6.851153087940281e-17	15177.0	1.51104501352131	-1.51104501352131	3.8258674233902494e-06	12084.0	68.05790244451954	0.36	1.0362033318737174	1.2555159470258694	25	0.3782044208776655
GPM6B	GPM6B	1.08424605485505e-10	15176.0	1.5103656012259499	-1.5103656012259499	1.1638808001064146e-07	14590.0	82.173031429537	0.5416666666666666	1.5265945007444712	1.6891235548455221	24	-0.009607881834319433
CREB3L3	CREB3L3	0.0341414586661995	15175.0	1.5075350585112601	-1.5075350585112601	2.4062894479728145e-06	17054.0	96.05159400698433	0.6666666666666666	2.616450686549846	2.021342718059466	24	-0.5486034694320265
LINC01270	LINC01270	1.70546590503209e-07	15174.0	1.5055857830309298	1.5055857830309298	0.02099173698656305	4400.0	24.77751492621381	0.20833333333333334	0.7063465186272121	1.2219322438661404	24	0.6540782178518831
TNS2	TNS2	2.12904166518433e-20	15173.0	1.50487606771436	-1.50487606771436	1.0368375994972501e-13	15172.0	85.4511659344373	0.48	1.4705681792051495	1.3400978977073759	25	0.025601031512626098
NPY5R	NPY5R	0.00897212851632835	15172.0	1.5042108499251599	-1.5042108499251599	0.000242179542641133	12099.0	68.14239044722315	0.34782608695652173	1.1926082494664632	1.298173709030231	23	0.2400315137266736
SLC6A13	SLC6A13	0.0005922334246088	15171.0	1.5037760321839602	-1.5037760321839602	1.1211994542889671e-05	16567.0	93.3085501858736	0.6666666666666666	1.8619651490989064	1.2699898492552797	24	-0.2820409290082026
PLP1	PLP1	6.968258638363791e-05	15170.0	1.5037628446056002	-1.5037628446056002	8.5314416170172e-06	17301.0	97.44282978483722	0.6956521739130435	3.257523512925395	3.146670903741396	23	-0.5573384449687989
CEMIP	CEMIP	8.50732616953989e-05	15169.0	1.5037388334862198	1.5037388334862198	8.392513145996289e-08	15019.0	84.58938830686041	0.5416666666666666	1.617837866138547	1.6515961004782518	24	-0.06908410150598421
B3GALT2	B3GALT2	1.9061033941215e-09	15168.0	1.50347274349322	-1.50347274349322	0.0008028784967551804	13708.0	77.20513687056437	0.4166666666666667	1.6031877572790665	1.8872374258446176	24	-0.05283649657446774
FAAH2	FAAH2	1.5345266906613501e-06	15167.0	1.5026304888526498	1.5026304888526498	9.663328043572196e-09	13980.0	78.73718598625662	0.5	1.430438862677413	1.5833900683825395	24	0.045593077547203445
UBE2QL1	UBE2QL1	0.000515213232177246	15166.0	1.50260318896685	1.50260318896685	3.65020304104472e-05	13068.0	73.60031542187676	0.4166666666666667	1.2504948545453776	1.3754927101684624	24	0.1832858382728875
RASD1	RASD1	2.2095331017139603e-05	15165.0	1.5021032505973402	-1.5021032505973402	0.01249919956491557	9685.0	54.54545454545454	0.25	1.2783759339792669	2.2849251023792387	24	0.09791450773817983
OTUD1	OTUD1	1.4069001383606e-23	15164.0	1.50169133020785	-1.50169133020785	0.014033132538639725	4981.0	28.050016897600543	0.16666666666666666	0.9514470180415672	1.8932904514649485	24	0.29062857827256616
UPB1	UPB1	2.52678067199817e-08	15163.0	1.50168577454108	-1.50168577454108	3.46891857942924e-06	17196.0	96.8514137659119	0.7916666666666666	2.9220647839609004	2.226213115920967	24	-0.6380247242556653
AOC2	AOC2	2.69949007230835e-18	15162.0	1.5015399812861698	-1.5015399812861698	1.6678404008841999e-06	9913.0	55.82967218654951	0.08	0.6874600673139777	0.7131472933030557	25	1.1415312399233135
DLL1	DLL1	3.2808253718839696e-17	15161.0	1.50128048937346	-1.50128048937346	4.97596654336146e-12	13505.0	76.06173256730877	0.4583333333333333	1.267924988406134	1.274424083791741	24	0.18310663140721015
TCERG1L	TCERG1L	0.0184593743383454	15160.0	1.50106129751789	1.50106129751789	0.00020063332353538113	13581.0	76.48980511434043	0.4166666666666667	1.2407552963747301	1.1749618493078953	24	0.22154421549643652
SLC2A6	SLC2A6	2.70339415086048e-06	15159.0	1.5010463721162701	-1.5010463721162701	3.13463606763447e-05	9120.0	51.363073110285	0.2	1.1042938802404023	1.9086665912152054	25	0.20786893515187707
GSDMB	GSDMB	1.67741370591109e-22	15158.0	1.5005097939684702	1.5005097939684702	0.003927952152529616	11292.0	63.59693590176861	0.375	1.5796200356903496	2.0735031582419614	24	-0.038152940065427125
GABRG3	GABRG3	0.0114292853782349	15157.0	1.5003620718979298	-1.5003620718979298	0.0030393687558136198	11503.0	64.78540047313281	0.391304347826087	1.2892000080517585	1.4584713275657313	23	0.14478314373078036
SAMD5	SAMD5	4.19425704656717e-05	15156.0	1.50025804662025	-1.50025804662025	0.034240492855506	10439.0	58.79238481468964	0.21739130434782608	0.7257549931181057	0.6257809343305596	23	1.2376584376618678
ENPP5	ENPP5	4.73528927675747e-15	15155.0	1.49959636152203	1.49959636152203	6.71387998558163e-07	13821.0	77.84161315759829	0.44	1.3618312172178562	1.2405737173502036	25	0.11104954294730066
C1GALT1C1L	C1GALT1C1L	0.00177621453408557	15154.0	1.4993133053570602	1.4993133053570602	0.0008459664612343091	12105.0	68.1761856483046	0.2916666666666667	0.874158668063204	0.6993949302355053	24	0.8938506847388066
LINC00323	LINC00323	0.0116998856651757	15153.0	1.49908650434293	1.49908650434293	0.0910177981096353	12627.0	71.11636814239044	0.25	0.9576218902627142	0.9091015755217	24	0.5956040872214847
HOXB.AS1	HOXB.AS1	2.3241511209732898e-09	15152.0	1.4985331460922802	1.4985331460922802	0.008434782991256835	1872.0	10.538470203897711	0.16666666666666666	0.6825217310739947	0.9702856113706155	24	0.8410012530904133
WFDC10A	WFDC10A	0.0805375048103264	15151.0	1.49646745101585	1.49646745101585	0.0113461538683628	15623.0	87.99143854905937	0.5217391304347826	1.6421841473296066	1.1262737137071919	23	-0.12937947014151835
MRGPRF	MRGPRF	1.7209758022016902e-09	15150.0	1.4962398007823101	-1.4962398007823101	5.48592299070164e-10	15744.0	88.67297510420187	0.75	1.870192340861337	1.6431271832544194	24	-0.22758587642519978
ACRV1	ACRV1	0.0479585376584489	15149.0	1.49618564228717	1.49618564228717	0.00151061007866964	13252.0	74.63670158837445	0.36	1.180233619201778	1.2458580862965722	25	0.25360193633657624
LINC00471	LINC00471	2.02973713578239e-05	15148.0	1.49601844969486	1.49601844969486	0.0162233952135087	5835.0	32.86020051819308	0.04	0.44515121711219174	0.40250375952982237	25	2.610825881005982
AMBN	AMBN	0.57762352848414	15147.0	1.49592412241855	1.49592412241855	0.006973699163456385	16710.0	94.11400247831475	0.5909090909090909	2.433286681970705	2.0458632437714495	22	-0.458174593246112
GJC2	GJC2	2.7865847086917702e-05	15146.0	1.4958021171164	-1.4958021171164	9.41054656478333e-10	13802.0	77.73459502084037	0.4583333333333333	1.448634659047082	1.2918278255508602	24	0.036512186172491586
CIB4	CIB4	0.0057708551861354205	15145.0	1.49574106502758	-1.49574106502758	0.003622033685621585	13243.0	74.58600878675227	0.36363636363636365	0.9682988130089477	0.6565635276818593	22	0.803337727090754
OXT	OXT	0.0102199679801754	15144.0	1.4955002911775201	1.4955002911775201	0.000264764762235264	16760.0	94.39562915399345	0.6666666666666666	1.8677205930545113	1.259608207288099	24	-0.2955048242170246
ABCA9	ABCA9	3.09984872198013e-12	15143.0	1.4954648011717	-1.4954648011717	2.319441406764703e-06	11803.0	66.47516052720513	0.2916666666666667	1.3991412942033523	1.7885287828171947	24	0.05385628002956936
FBLN5	FBLN5	6.96973221566055e-18	15142.0	1.49538303176931	-1.49538303176931	5.08848741768663e-09	14574.0	82.0829108933198	0.5833333333333334	1.140475596033662	0.675831236001339	24	0.5251421017997231
ABCC8	ABCC8	0.0014412144086373801	15141.0	1.4953182761276498	-1.4953182761276498	0.004637881622517992	15758.0	88.7518305733919	0.5833333333333334	1.8614137274934004	1.7226382070732738	24	-0.21252022035882923
GPA33	GPA33	0.0127953460784963	15140.0	1.4944072797263899	-1.4944072797263899	8.470130427656255e-06	15833.0	89.17427058690998	0.7083333333333334	2.4205599995819913	2.354988733533538	24	-0.39327267543482364
LINC01730	LINC01730	0.007356826450870109	15139.0	1.4943162425578502	1.4943162425578502	0.023013834413652397	8416.0	47.39776951672862	0.08333333333333333	0.5728361225233966	0.53134782666199	24	1.7342314653347426
THNSL1	THNSL1	1.2178571498261001e-15	15138.0	1.4942779934139498	1.4942779934139498	5.488414248452559e-06	8884.0	50.03379520108144	0.12	0.7704647999019005	1.039728762311443	25	0.6961557857675543
CLCA2	CLCA2	0.0331450370753301	15137.0	1.4930720883852	1.4930720883852	1.1106362764323401e-06	16424.0	92.50309789343245	0.6956521739130435	2.357891441228393	2.372536236723782	23	-0.36451260025322757
A2M.AS1	A2M.AS1	5.68162764089293e-11	15136.0	1.4927753371074097	-1.4927753371074097	0.009746063956470881	11450.0	64.48687619691337	0.25	1.1244651604005713	1.6883155699742618	24	0.2181524492559488
CCDC148.AS1	CCDC148.AS1	0.0691177630371064	15135.0	1.4926674996065101	1.4926674996065101	0.41500687378615997	6878.0	38.73493297285118	0.2727272727272727	1.0182683387653417	1.161781637793198	22	0.40833763024718545
ACTG2	ACTG2	9.53926085592531e-07	15134.0	1.4915308681918	-1.4915308681918	0.000266619034257975	15032.0	84.66261124253688	0.5	1.5825866011824294	1.3867438177064118	24	-0.06566153879901909
C22orf31	C22orf31	0.00654950528915231	15133.0	1.4912797948627299	-1.4912797948627299	0.001281248541359876	13649.0	76.87281739326349	0.3333333333333333	1.0932744554842138	0.985498979909673	24	0.4038617466808497
RNF157.AS1	RNF157.AS1	9.32375715830591e-06	15132.0	1.49047997326996	1.49047997326996	0.00121505033290229	5908.0	33.27137546468401	0.12	0.765725256713181	1.1492543843049623	25	0.6306303690936893
ST6GALNAC2	ST6GALNAC2	4.7119570872283495e-12	15131.0	1.49019678594632	-1.49019678594632	0.00048724619770144006	9792.0	55.148135631407	0.16	0.605468008421861	0.4522437653899992	25	1.9563095065810359
PKDCC	PKDCC	3.1693894986625395e-05	15130.0	1.4897652501149	-1.4897652501149	1.19055183113688e-10	14850.0	83.63749014306634	0.56	1.4559132850009597	1.4227376931508675	25	0.023793539228562845
SERPINE1	SERPINE1	0.00044168076796143496	15129.0	1.48961605959407	-1.48961605959407	4.32789696908466e-05	15404.0	86.75791370958656	0.625	1.481340994604939	1.42885420664585	24	0.005791399115908556
IL17D	IL17D	5.69221832136622e-11	15128.0	1.4890601890668003	-1.4890601890668003	1.058469861203584e-06	8693.0	48.95798129998873	0.16666666666666666	0.7782026563989791	0.9873342533183669	24	0.7199765735653095
STK39	STK39	1.86379404534203e-29	15127.0	1.48821803648119	1.48821803648119	1.55063462002649e-06	9712.0	54.69753295032105	0.2	0.7989069372564122	0.9322688599811871	25	0.7393908869150558
ALPI	ALPI	0.319666954826964	15126.0	1.4881722788986298	1.4881722788986298	9.410772403975591e-06	17207.0	96.91337163456122	0.6956521739130435	3.1367265274170175	2.975914385555679	23	-0.5539656169277063
IL26	IL26	0.252494347963068	15125.0	1.48724538131487	-1.48724538131487	1.56641550781369e-05	16996.0	95.72490706319702	0.7619047619047619	2.8715819975207784	2.015690171315981	21	-0.6867804565927501
PLSCR2	PLSCR2	0.0186838882812769	15124.0	1.48682495733064	1.48682495733064	0.002594880234379535	10416.0	58.66283654387743	0.3333333333333333	1.1277119213670543	1.3064941046094827	24	0.2748677048725959
CDK1	CDK1	1.6509100256220401e-12	15123.0	1.4867917263142902	1.4867917263142902	8.46293706692277e-08	12943.0	72.89624873267995	0.36	1.134621747488368	1.071024317346798	25	0.32881604378352275
LMO2	LMO2	1.4493807359176298e-18	15122.0	1.48633769456743	-1.48633769456743	0.00039090590643345205	12264.0	69.07175847696293	0.2916666666666667	0.777701981419041	0.5824596179111459	24	1.2166263400194919
SPN	SPN	6.95703643348003e-11	15121.0	1.4862262545282299	-1.4862262545282299	1.1422918174940245e-06	15414.0	86.81423904472231	0.5833333333333334	1.64876313346264	2.0233282266879655	24	-0.08033144439469946
TRPV2	TRPV2	1.08122468144022e-12	15120.0	1.48617451803179	-1.48617451803179	0.0001219109817522081	13976.0	78.71465585220231	0.5	1.4618177686974165	1.3003120320943002	24	0.018731465012397197
RALGPS2	RALGPS2	2.25370548812718e-08	15119.0	1.4851729940221101	1.4851729940221101	0.0008922765146545061	7385.0	41.59062746423341	0.08	0.5307355288376031	0.6415608545480305	25	1.4876803321438512
ARHGEF16	ARHGEF16	9.394807034732799e-11	15118.0	1.48502592626607	1.48502592626607	0.00915178075141557	10734.0	60.453982201194094	0.16	0.7029462300995891	0.8819956480350521	25	0.8867160488930209
ZNF252P.AS1	ZNF252P.AS1	3.59075388900804e-10	15117.0	1.4845429220331001	1.4845429220331001	0.0627252692752869	1295.0	7.288498366565281	0.08333333333333333	0.49327604118753093	0.817057376340019	24	1.2132157539362973
ENPP2	ENPP2	3.30057093670045e-05	15116.0	1.48450008583338	-1.48450008583338	0.006646381548541981	10904.0	61.41151289850174	0.25	1.231985785935716	1.9111536177388138	24	0.13212663678832207
GPR12	GPR12	0.0830801558792431	15115.0	1.4843965124374598	1.4843965124374598	0.00010150948028219271	15970.0	89.94592767826968	0.7083333333333334	2.2778283392694543	2.2138259609872364	24	-0.35839846528774577
ELANE	ELANE	0.0133034971437175	15114.0	1.48383403658669	-1.48383403658669	4.397113399981276e-07	17345.0	97.69066125943449	0.8333333333333334	3.688436806124852	2.9054468541747016	24	-0.7587826865153189
CAMK2N1	CAMK2N1	8.058918701306249e-11	15113.0	1.48355910204088	-1.48355910204088	0.0163562314138693	8119.0	45.72490706319702	0.2608695652173913	0.7335046506970201	0.7943216067737502	23	0.9442704881091079
ZNF681	ZNF681	1.06044518139524e-08	15112.0	1.48324641167624	1.48324641167624	1.27887425543269e-05	8911.0	50.185873605947954	0.24	0.8606192316436637	0.9384331747022469	25	0.6634752445000979
FRMD7	FRMD7	0.242129324822077	15111.0	1.4821711498293102	1.4821711498293102	0.0739338185235521	11860.0	66.79621493747888	0.2916666666666667	1.2476848997717462	1.4816334464013499	24	0.15826198485670898
POU2F3	POU2F3	3.2300702569278597e-06	15110.0	1.48190491257712	1.48190491257712	0.005983286232549465	11246.0	63.33783936014419	0.3333333333333333	1.171420511323494	1.69134157482125	24	0.18357285475374172
PTTG2	PTTG2	0.24665521544893398	15109.0	1.48164483162261	-1.48164483162261	0.0690623485547998	5301.0	29.85242762194435	0.25	1.093695488085787	1.5132137883639767	24	0.256374443928546
SLC16A6	SLC16A6	1.6303154015698903e-05	15108.0	1.48110654017298	-1.48110654017298	0.0296711807394604	5768.0	32.4828207727836	0.20833333333333334	0.54939088321292	0.47378565708553	24	1.9665341131081608
RGMB.AS1	RGMB.AS1	0.000111295764874847	15107.0	1.48100509438593	1.48100509438593	0.00607440404383898	5328.0	30.00450602681086	0.24	0.7242652096043867	0.8901346724860169	25	0.8501408923529277
GALNT16	GALNT16	4.31886351088569e-14	15106.0	1.4800904242354098	-1.4800904242354098	4.9282635360290896e-05	12206.0	68.74507153317562	0.3333333333333333	1.0770569509953003	1.5708524358257347	24	0.2565699132829436
BMP2	BMP2	1.9620503256933802e-05	15105.0	1.47942877230864	-1.47942877230864	0.00199878730831408	9812.0	55.26078630167849	0.3333333333333333	1.1335674074757047	1.7128537810603583	24	0.20192112640159302
SVOP	SVOP	0.0743096320253936	15104.0	1.4791245481872701	1.4791245481872701	5.4265581073184156e-08	16210.0	91.29773572152753	0.6666666666666666	2.3711972910506938	2.2837207272227613	24	-0.3906225188700177
OXGR1	OXGR1	0.0107474031370515	15103.0	1.47821619258918	-1.47821619258918	0.01332833861956885	13625.0	76.7376365889377	0.4583333333333333	1.5226044323888395	1.5691932014777172	24	-0.028287300606361872
PMP2	PMP2	0.102732308455173	15102.0	1.47723820805944	-1.47723820805944	6.257605579204046e-07	17365.0	97.80331192970597	0.7272727272727273	3.21942209740583	2.922887667494156	22	-0.5960488693155954
CACNA1F	CACNA1F	3.0534337147389396e-05	15101.0	1.47714834484031	1.47714834484031	0.0003706044677268135	12386.0	69.758927565619	0.2916666666666667	1.0468539905279204	1.0148996739551364	24	0.42397723179425395
ARL9	ARL9	0.0134204334689995	15100.0	1.4769138287984198	1.4769138287984198	0.003538022169113172	8180.0	46.06849160752506	0.3333333333333333	1.191796685837852	1.489898392360506	24	0.19136683710950605
PLCXD3	PLCXD3	1.4146853299930802e-10	15099.0	1.4768509788605602	-1.4768509788605602	0.00876495733878895	10371.0	58.409372535766586	0.30434782608695654	1.0571775531215735	1.614850609642597	23	0.25988374604624875
PXDC1	PXDC1	6.31487969824577e-36	15098.0	1.4760628483104599	-1.4760628483104599	0.0035107741996668156	5814.0	32.74191731440802	0.08333333333333333	0.6559659541598596	1.0400213789730315	24	0.7885384961609198
DCHS1	DCHS1	2.95527620947557e-09	15097.0	1.4755443116301599	-1.4755443116301599	1.957733323832655e-14	15079.0	84.92734031767489	0.625	1.7194263454538696	1.374405316301499	24	-0.17744549655846217
CRTAC1	CRTAC1	8.18276782374197e-06	15096.0	1.47463782216649	-1.47463782216649	0.00019292869990416485	14071.0	79.24974653599189	0.5	1.2390946085262506	1.1534069432941545	24	0.20421518615756115
BMP5	BMP5	6.2276950190328195e-09	15095.0	1.472621595202	-1.472621595202	0.015820443506678855	10251.0	57.733468514137655	0.375	1.3202382915321775	1.9115898894080858	24	0.0797154789916823
SORD	SORD	2.69800523881136e-07	15094.0	1.47223259047054	1.47223259047054	0.000169225962871773	9381.0	52.833164357327924	0.2	0.6862031061244837	0.6734095553048765	25	1.1672383888140596
MAP10	MAP10	8.684544155598178e-16	15093.0	1.47157867520211	1.47157867520211	0.00021879770815505853	7035.0	39.61924073448237	0.125	1.017239826336117	1.791891610013909	24	0.2535526403086771
LHCGR	LHCGR	0.0309221349042417	15092.0	1.4714107999547401	1.4714107999547401	2.51885205174964e-07	16800.0	94.62093049453644	0.6521739130434783	2.3270604898259353	1.9337387310147442	23	-0.4424846418741307
LINC01516	LINC01516	0.24169619663087805	15091.0	1.4713528340651203	-1.4713528340651203	0.004474543129402745	15656.0	88.17731215500731	0.5	1.9023001367314043	1.7746373360296563	24	-0.24283682863926986
ITGB8	ITGB8	2.69770355266685e-11	15090.0	1.47106469709782	1.47106469709782	6.64368816130323e-07	12330.0	69.44350568885885	0.2916666666666667	1.233104029897916	1.7719302440517872	24	0.13429460217111652
CLDN19	CLDN19	0.0105252396847757	15089.0	1.4709202806791002	-1.4709202806791002	7.705988349660135e-05	15000.0	84.48237017010251	0.6666666666666666	1.7150724313764754	1.517997141587688	24	-0.16083834679821205
ZWINT	ZWINT	1.94182832480908e-10	15088.0	1.4702296971053601	1.4702296971053601	1.66305113609734e-06	6613.0	37.24231159175397	0.2	0.7855525601370293	0.9666415671118077	25	0.708305084597233
MCAM	MCAM	1.9204995079675101e-07	15087.0	1.4696978039799198	-1.4696978039799198	1.31907837275936e-07	13676.0	77.02489579812999	0.44	1.1187579532631	1.0232666636407495	25	0.3429603085750758
GHRHR	GHRHR	0.113814086225804	15086.0	1.46926924213994	-1.46926924213994	0.021388275186680624	11837.0	66.66666666666666	0.3333333333333333	1.072993052257208	1.1163772076380083	24	0.35496621318627536
LGALSL	LGALSL	2.32804071181796e-13	15085.0	1.4691758042674499	-1.4691758042674499	0.0186146671842024	1324.0	7.451841838458939	0.2	0.598773438068275	0.752065600678562	25	1.1573489937763963
STEAP1	STEAP1	1.05330122744563e-06	15084.0	1.4689951730774	1.4689951730774	1.7578977686781374e-12	15352.0	86.4650219668807	0.5833333333333334	1.5147197151569225	0.9530641866210167	24	-0.04797635114339337
P4HA3	P4HA3	4.6297915286936105e-09	15083.0	1.46895795395197	1.46895795395197	0.0192196805418684	5056.0	28.47245691111862	0.08	0.6384056022493825	1.1079023381734354	25	0.7496620623365536
TSPAN8	TSPAN8	0.0141140586222476	15082.0	1.46812658680506	1.46812658680506	1.1158871182551801e-07	15964.0	89.91213247718824	0.6086956521739131	2.1680462138183443	2.0599207064775737	23	-0.33977988803760023
LINC00839	LINC00839	0.00018228930327741	15081.0	1.46810423292808	-1.46810423292808	0.0008666285253903919	11315.0	63.726484172580825	0.25	0.8744714155762688	1.0593967150940529	24	0.5603498754469034
OR6W1P	OR6W1P	0.5944860288941689	15080.0	1.4662048659399598	1.4662048659399598	0.0333363175555902	15158.0	85.37231046524727	0.4782608695652174	1.3219342107143555	0.9673766426021231	23	0.14913597131881765
TNFRSF10D	TNFRSF10D	3.75862376691162e-11	15079.0	1.4661298688625	-1.4661298688625	0.0003028931586286765	9801.0	55.19882843302917	0.125	0.9589919649206221	1.517315762380783	24	0.3342335962727628
FZD3	FZD3	3.19447802748002e-11	15078.0	1.4660259354470102	1.4660259354470102	0.0149822206852783	3259.0	18.350794187225414	0.16	0.7341304967024813	1.2430030620675168	25	0.5888122572499135
FBXL16	FBXL16	0.00241647551485207	15077.0	1.4656838954462799	1.4656838954462799	1.34677300715986e-06	14609.0	82.28004956629492	0.56	1.4188720147079963	1.3343762075242263	25	0.03508147138289985
GUCY2C	GUCY2C	2.67425535021434e-05	15076.0	1.46549919512231	1.46549919512231	1.046309065867131e-05	14512.0	81.73369381547819	0.5416666666666666	1.7797055441246108	1.6406018924326307	24	-0.19151894829062152
ECT2	ECT2	3.4280682509475606e-11	15075.0	1.46539420951127	1.46539420951127	2.1787378674825302e-07	12040.0	67.81007096992226	0.24	0.9610915487335018	1.030410774135143	25	0.48941904863237257
SYTL2	SYTL2	1.70409981153716e-08	15074.0	1.4641543330761297	1.4641543330761297	4.3314810833244396e-10	12363.0	69.6293792948068	0.375	1.365603100603594	1.5867621449622331	24	0.06210838390960062
TMPRSS13	TMPRSS13	2.15589527448268e-12	15073.0	1.4641407807033	1.4641407807033	7.417841150286394e-06	13391.0	75.41962374676129	0.4583333333333333	1.264690403599105	1.1891229057664998	24	0.167728984226093
PKN3	PKN3	7.700593724712949e-26	15072.0	1.4640231200673601	-1.4640231200673601	6.18704208335602e-14	13583.0	76.50107018136758	0.48	1.118357531596373	0.7378664708940292	25	0.4684663175603637
CLNK	CLNK	0.000379024404517571	15071.0	1.4632663004901103	1.4632663004901103	0.0005696849740720775	13738.0	77.3741128759716	0.5	1.8871605870378598	2.19012326772465	24	-0.19354814078028554
TSPAN16	TSPAN16	0.000616082966278732	15070.0	1.4630678816929799	-1.4630678816929799	0.0008642997113245794	15388.0	86.66779317336938	0.6666666666666666	1.8041685181999272	1.7513102156701572	24	-0.1947688270501075
HTR1E	HTR1E	0.591428936233221	15069.0	1.4629661085246202	1.4629661085246202	0.004076713675166079	16666.0	93.86617100371747	0.6086956521739131	1.8222811363721976	1.4500459992376018	23	-0.24779560650937718
LINC01428	LINC01428	0.59595933752163	15068.0	1.4623566491160402	1.4623566491160402	0.138087369778151	12838.0	72.30483271375464	0.4090909090909091	1.2074450022372114	1.0275932662396245	22	0.24806667701478102
CDKN2A	CDKN2A	6.35792236276921e-05	15067.0	1.4616394934334298	1.4616394934334298	0.003804435847940885	10859.0	61.158048890390894	0.375	1.0683256615592813	1.3305594483179253	24	0.2956003449311268
SLC41A2	SLC41A2	1.1550790202014802e-07	15066.0	1.4612697601080098	1.4612697601080098	2.06468141651068e-10	13330.0	75.07603920243325	0.44	1.0304817877142602	0.9519771190868184	25	0.4525192504699922
NOL4	NOL4	0.0450618675511542	15065.0	1.46061925766968	1.46061925766968	0.00012737003211866498	13936.0	78.48935451165934	0.4782608695652174	1.726636087534848	1.8496233919441571	23	-0.14382215916157684
MAL2	MAL2	2.53244547962595e-09	15064.0	1.46034347250089	1.46034347250089	1.932876885196657e-07	15815.0	89.07288498366565	0.6666666666666666	1.5128196401619034	0.8322715854122968	24	-0.0630517352518018
LINC01514	LINC01514	0.5971532576229761	15063.0	1.4601571471061299	1.4601571471061299	0.0317019839317962	13489.0	75.97161203109158	0.34782608695652173	1.2880173551915686	1.4013250902713466	23	0.12284072633083941
ASCL5	ASCL5	0.0164459504496787	15062.0	1.46009947941859	1.46009947941859	0.0538578531912414	6466.0	36.41432916525853	0.20833333333333334	0.7420022149460107	0.8001852076222145	24	0.8974138207408718
GIPC2	GIPC2	1.0399440156280399e-10	15061.0	1.46009905379102	-1.46009905379102	0.03049481423957175	5948.0	33.49667680522699	0.25	0.9146843606893585	1.2484897149961907	24	0.43685958045984025
JDP2	JDP2	3.9048333609648797e-10	15060.0	1.4600532872748997	-1.4600532872748997	0.00033600572964172004	4947.0	27.858510758139012	0.12	0.5048992831948709	0.5599024134651351	25	1.7059294282529571
SCN3B	SCN3B	0.000361907014589779	15059.0	1.4596910791938702	-1.4596910791938702	7.581909592545574e-06	15136.0	85.24839472794862	0.6666666666666666	1.2882609940023133	0.9618210858945214	24	0.17823490013438617
PNPLA6	PNPLA6	5.4800348727875304e-14	15058.0	1.45938237525664	-1.45938237525664	2.91128334152847e-12	13138.0	73.99459276782696	0.44	1.179606083550801	1.0747684251351357	25	0.2603130917905978
GRHL2	GRHL2	7.93529145461574e-10	15057.0	1.45915655610327	1.45915655610327	0.00039385241564793153	14177.0	79.84679508843077	0.5	1.2885294121364945	0.9724592282120262	24	0.17545943214554335
GPR153	GPR153	1.5798737252358002e-08	15056.0	1.45883898449661	-1.45883898449661	1.59340569682167e-08	10579.0	59.58093950659006	0.32	0.8514998337511663	0.8443539898430223	25	0.7192944642309997
NLRP5	NLRP5	0.521522036983476	15055.0	1.45867245613738	1.45867245613738	4.3920288190523244e-05	17191.0	96.82325109834403	0.7272727272727273	2.9499826689756077	2.34654188179157	22	-0.635535305979547
ABCB11	ABCB11	0.0287620041999136	15054.0	1.45816537347627	1.45816537347627	4.986473010336645e-08	15846.0	89.24749352258645	0.5833333333333334	2.1217009326574265	2.071116390541089	24	-0.3203757945287684
PRL	PRL	0.17340092833586102	15053.0	1.45728191158854	-1.45728191158854	0.00010030706606941226	17605.0	99.15511997296383	0.6363636363636364	3.54897612399167	2.7785419840273726	22	-0.7528028096848524
CD69	CD69	7.359046377897321e-07	15052.0	1.4569491892036202	-1.4569491892036202	0.0003689317889106385	14134.0	79.60459614734707	0.5416666666666666	2.226824552839813	2.9004069214215535	24	-0.26543701780261236
CENPI	CENPI	8.03850007599695e-11	15051.0	1.45689771976999	1.45689771976999	0.0004956390722382151	11446.0	64.46434606285906	0.24	0.8292251166843095	0.9132371566142669	25	0.687305152379818
SLC17A9	SLC17A9	2.8671177541271896e-07	15050.0	1.4562625404835798	1.4562625404835798	2.0794142185321403e-07	13517.0	76.12932296947166	0.4166666666666667	1.399451508753607	1.796747208443416	24	0.03161882287224488
RAD54B	RAD54B	1.10237837495773e-08	15049.0	1.4561247319295298	1.4561247319295298	8.94518446386678e-06	11158.0	62.84217641094964	0.12	0.6631575995485904	0.5663408044610144	25	1.4001589257472007
PARPBP	PARPBP	4.93250168162285e-13	15048.0	1.4559179057301799	1.4559179057301799	1.67634800270632e-05	12516.0	70.49115692238368	0.28	1.0651822621410871	1.1899455160202446	25	0.32836431444012865
MGAT5B	MGAT5B	0.00680365782193643	15047.0	1.45567754423738	-1.45567754423738	1.58384183302105e-07	13050.0	73.49892981863242	0.36	1.330794788525524	1.243068603948649	25	0.10046328522429226
XG	XG	0.0135881740320471	15046.0	1.4555328030069599	1.4555328030069599	0.0013442669880194523	11331.0	63.81660470879801	0.4166666666666667	1.4868482820145001	1.843060652233199	24	-0.01699101924269066
JPH2	JPH2	3.2772923492698e-06	15045.0	1.45540903583425	-1.45540903583425	0.0010333459931153735	12468.0	70.22079531373211	0.2916666666666667	0.9123113309391458	0.8015389392128216	24	0.6775687097977693
KDELR3	KDELR3	3.4001824626564593e-33	15044.0	1.4547692786478401	1.4547692786478401	9.420754680692939e-10	11788.0	66.39067252450151	0.28	0.8980533317386071	0.8747515774243206	25	0.6364274855593471
FGF18	FGF18	1.67591242087122e-06	15043.0	1.45297633176722	-1.45297633176722	0.0530136846768455	7383.0	41.57936239720626	0.125	0.6386295570770629	0.7557072329979142	24	1.0775955808436792
OLR1	OLR1	6.57766266324937e-08	15042.0	1.45277863968555	-1.45277863968555	0.0168177120445662	12191.0	68.660583530472	0.2916666666666667	0.9470342194361687	0.9160292496180461	24	0.5521050997664757
SNORA72	SNORA72	0.00029881492297132003	15041.0	1.45263049346544	1.45263049346544	5.3152930140211606e-05	14500.0	81.6661034133153	0.5217391304347826	1.9097596310350322	2.0943129618060023	23	-0.21827164607499405
TREML2	TREML2	5.05875828764058e-06	15040.0	1.4521881481342	-1.4521881481342	7.464543171787824e-07	16468.0	92.75092936802973	0.7083333333333334	1.7747261036996351	1.2882951850200453	24	-0.2503602895639298
OLFML1	OLFML1	4.85393465071015e-09	15039.0	1.45200315610879	-1.45200315610879	7.34772627087014e-05	13812.0	77.79092035597611	0.4583333333333333	1.4083176381379945	1.1592417059099371	24	0.037684563752392757
LINC01551	LINC01551	0.34036730249554104	15038.0	1.45159063050062	1.45159063050062	0.000107177533662579	14360.0	80.87754872141488	0.5652173913043478	2.18943414080964	2.473980785922185	23	-0.2982414069291108
LIPF	LIPF	0.519280950919668	15037.0	1.45126093472305	1.45126093472305	8.127488570973556e-05	17712.0	99.7578010589163	0.7272727272727273	4.575542392065251	3.084906892820827	22	-1.0127636152044024
PIK3CD.AS2	PIK3CD.AS2	0.00199600119919697	15036.0	1.45119621976046	1.45119621976046	0.0036092195544595584	9701.0	54.63557508167173	0.25	1.1974129981484005	1.5411646731408621	24	0.16466976309212594
KIF11	KIF11	7.52642461982682e-08	15035.0	1.45118467272221	1.45118467272221	0.0086527888976286	4702.0	26.47854004731328	0.2	0.8255905578965348	1.1986376452450578	25	0.5219209636101279
MCHR2.AS1	MCHR2.AS1	0.677943812673904	15034.0	1.45117382583654	1.45117382583654	0.0373749896127356	15247.0	85.87360594795538	0.43478260869565216	1.4384528925619289	1.2698444665081106	23	0.010017709735422911
E2F7	E2F7	2.70138187439795e-05	15033.0	1.4511518298585	1.4511518298585	0.0189491882157845	5691.0	32.04911569223837	0.32	0.9440482738438998	1.373966992784952	25	0.3690798677679516
FUT8	FUT8	8.209124919771481e-32	15032.0	1.45113204826197	1.45113204826197	8.728819248840739e-12	13670.0	76.99110059704854	0.44	1.0292468559757582	0.7305236766766202	25	0.5775106348441698
SLC9A2	SLC9A2	0.00313466608175924	15031.0	1.4509466208820803	1.4509466208820803	1.426516861098897e-10	15441.0	86.96631744958881	0.6666666666666666	1.7265178621859718	1.4538310476184522	24	-0.18954832595940907
CEBPD	CEBPD	7.195367252256019e-08	15030.0	1.45057952734528	-1.45057952734528	2.527232718304855e-08	12174.0	68.56483046074123	0.3333333333333333	1.0599368138741434	1.2988351195408208	24	0.3007638980452277
ADCYAP1	ADCYAP1	0.0309126081782504	15029.0	1.4504197775891798	-1.4504197775891798	0.00244366711125581	14329.0	80.70294018249407	0.5	1.4975386058611866	1.752908121377133	24	-0.02688037535874322
ISM1.AS1	ISM1.AS1	0.0215684521567035	15028.0	1.4499748001358	1.4499748001358	0.274317584728489	12220.0	68.82392700236566	0.30434782608695654	0.8447203556442073	0.79868742655217	23	0.7578114095327599
MPL	MPL	2.95455982792612e-07	15027.0	1.44990065669568	-1.44990065669568	5.987986212367945e-06	14541.0	81.89703728737186	0.625	1.520655227234654	1.296957461049169	24	-0.054554272336532456
CCIN	CCIN	7.66690898093085e-06	15026.0	1.4497076230045	-1.4497076230045	7.004780893935634e-05	14520.0	81.77875408358679	0.5	1.2617443560328214	1.0490863146139122	24	0.1791685434776198
MYADML2	MYADML2	0.0161499367935581	15025.0	1.44937318386005	1.44937318386005	2.115578343314005e-05	16301.0	91.81029627126281	0.6666666666666666	1.8275874884536278	1.309381966007527	24	-0.28884948350617773
CFB	CFB	4.69073944830442e-09	15024.0	1.4491533447227902	1.4491533447227902	1.0625660314913036e-06	15279.0	86.05384702038977	0.5833333333333334	1.9418421329806346	2.018189857330534	24	-0.24412410282822714
SH2D2A	SH2D2A	0.000319190313424846	15023.0	1.44892683948746	-1.44892683948746	0.0001780947787972005	13107.0	73.81998422890615	0.4166666666666667	1.3058093040212797	1.6987422288433778	24	0.08424911857499688
SGCE	SGCE	1.61636327333192e-16	15022.0	1.44874025103832	-1.44874025103832	5.6239363376295994e-05	4923.0	27.723329953813224	0.24	0.7476766082000474	1.0972242366485376	25	0.6389429064925377
EFCAB3	EFCAB3	0.600690167181234	15021.0	1.4487079535393501	1.4487079535393501	0.0453788901990418	9744.0	54.87777402275543	0.20833333333333334	0.9384742965279128	1.0692157518342251	24	0.47720364775410234
VSTM4	VSTM4	1.8943086063256998e-20	15020.0	1.4486101057548402	-1.4486101057548402	4.6210564424574853e-07	15318.0	86.27351582741917	0.5833333333333334	1.6269015591913094	1.6914751467098907	24	-0.10540589602115417
OPCML	OPCML	0.0033487393217380397	15019.0	1.4484684640240202	1.4484684640240202	4.20881553974203e-07	16171.0	91.07806691449814	0.625	2.042300628155958	1.8843227289722773	24	-0.31514355529523225
LINC01115	LINC01115	0.3910407035585479	15018.0	1.4484021340225903	1.4484021340225903	0.000387633018253921	13186.0	74.26495437647854	0.391304347826087	1.5665741789296461	1.5401206856925744	23	-0.07672908104205821
RNF43	RNF43	3.12744230069369e-12	15017.0	1.44731861288968	1.44731861288968	2.3508498113484397e-06	10816.0	60.915849949307194	0.2916666666666667	0.8533582266048835	0.8533242834546031	24	0.6960547095650481
NLRP12	NLRP12	1.39117231983925e-05	15016.0	1.44658112823249	-1.44658112823249	2.33861229423355e-07	15462.0	87.08460065337388	0.625	1.546020238207331	1.6405475055631569	24	-0.060613368182048474
KRTAP10.11	KRTAP10.11	0.67858219478188	15015.0	1.4464248488272398	1.4464248488272398	0.0978791499104256	14653.0	82.52788104089218	0.42105263157894735	2.0745057451957654	1.6427481340487466	19	-0.38233548001089257
LINC00309	LINC00309	0.445473936706692	15014.0	1.4453008443559798	-1.4453008443559798	0.0004460120534792481	16635.0	93.69156246479666	0.6956521739130435	2.2086857189914775	1.4773623702318535	23	-0.516721482838157
PRKCA.AS1	PRKCA.AS1	0.0231687898062931	15013.0	1.4451089830014399	1.4451089830014399	9.878156676363029e-05	12577.0	70.83474146671172	0.3333333333333333	1.0733051251875942	1.0373540174498952	24	0.3584155954086368
HOOK1	HOOK1	1.1800736609244501e-10	15012.0	1.4450679095126102	1.4450679095126102	0.000535616418441567	12169.0	68.53666779317336	0.24	1.073164526127813	1.0673576509822515	25	0.34843370733563167
WNT4	WNT4	1.82661510727138e-05	15011.0	1.4450440586093198	1.4450440586093198	0.0036759755493640553	9129.0	51.41376591190717	0.25	0.8972311054732455	1.2020144491208171	24	0.45574573045836364
PLA2G5	PLA2G5	9.413407683450051e-06	15010.0	1.44497879067091	-1.44497879067091	9.450268501975904e-07	16385.0	92.28342908640306	0.5909090909090909	1.9065315773555582	1.643800371931923	22	-0.2807839653559606
AOX1	AOX1	2.81313287774355e-06	15009.0	1.44487413039268	-1.44487413039268	1.009435234632728e-05	13841.0	77.95426382786977	0.5	1.5550701132655418	1.6746160151646168	24	-0.06580373164652281
FAM71E2	FAM71E2	0.054618111213809994	15008.0	1.44463758052579	1.44463758052579	0.001505588767571579	15468.0	87.11839585445533	0.5833333333333334	1.7572929614459045	1.4502943833179571	24	-0.21558063281251022
CKMT2	CKMT2	0.000107620840079924	15007.0	1.44448512169837	1.44448512169837	2.739328859985855e-06	16718.0	94.15906274642333	0.6666666666666666	2.102944227308837	1.453261071662646	24	-0.45309072020840513
SLC2A5	SLC2A5	0.00199663875415683	15006.0	1.44432548047984	1.44432548047984	0.00015950950791108055	12772.0	71.93308550185873	0.4583333333333333	1.5264731311658315	1.7102797295018333	24	-0.048031704562106516
IL34	IL34	3.0160595642173197e-13	15005.0	1.44419641782876	-1.44419641782876	7.553667980666289e-07	12374.0	69.69133716345611	0.4166666666666667	1.1468335163817522	1.255058328200785	24	0.23693153916862064
CER1	CER1	0.335425389993199	15004.0	1.4434722927985	1.4434722927985	0.000544497496495583	17385.0	97.91596259997746	0.65	3.2788117908082235	2.7435501298516685	20	-0.6689651769216814
KIR2DL4	KIR2DL4	0.0131167021249929	15003.0	1.44280217277022	-1.44280217277022	9.173809556387326e-05	17565.0	98.92981863242086	0.7272727272727273	3.1608302771034746	2.111499227590348	22	-0.8136532004768363
OSCAR	OSCAR	7.4946199864615996e-06	15002.0	1.44228316988501	-1.44228316988501	2.42864698122608e-06	13543.0	76.2757688408246	0.4166666666666667	1.5533011402592851	1.8739956997701852	24	-0.059241315435189956
CAPN5	CAPN5	1.06703435540189e-07	15001.0	1.4421177137641699	1.4421177137641699	0.00137515198986224	6431.0	36.21719049228343	0.28	0.9145379985797796	1.267237376807194	25	0.4163227228300573
PZP	PZP	1.26395759890444e-08	15000.0	1.44152026977524	-1.44152026977524	8.175951021701244e-05	11560.0	65.10645488340656	0.2916666666666667	1.3363866861706983	1.7561949843916604	24	0.05986441399669503
SAMD10	SAMD10	6.0246861404131104e-12	14999.0	1.4408938247636598	1.4408938247636598	0.00245852425000781	5124.0	28.85546919004168	0.16	0.7684858447033269	1.187372075746997	25	0.5662993039795963
FLNC	FLNC	3.7884333113609794e-05	14998.0	1.4408338005312902	-1.4408338005312902	1.1881568347813449e-07	15020.0	84.59502084037399	0.625	1.6909831415558443	1.7218623167160019	24	-0.14527836435938035
VTN	VTN	3.1032711200471e-07	14997.0	1.44041373509961	-1.44041373509961	1.11613056796275e-05	17056.0	96.06285907401148	0.6956521739130435	2.842346935056774	2.3783944385495017	23	-0.5894452060744614
LINC01304	LINC01304	0.594158955897778	14996.0	1.4400044020587301	1.4400044020587301	0.00228434756128166	15114.0	85.12447899064999	0.5652173913043478	1.580290565270271	1.221874323416862	23	-0.11481226876037723
LINC01197	LINC01197	3.25837487042894e-08	14995.0	1.44000414077088	-1.44000414077088	2.24669988098303e-06	13099.0	73.77492396079757	0.391304347826087	1.153335993236279	0.9618840258011847	23	0.29802776618088195
GKN1	GKN1	0.676633024168082	14994.0	1.4399925957358402	-1.4399925957358402	2.7383659532164947e-05	17715.0	99.77469865945702	0.7272727272727273	4.190646587948774	2.6602553129256616	22	-1.033981204303227
UNC45B	UNC45B	9.63254857775374e-05	14993.0	1.43993733485398	-1.43993733485398	3.27252270010138e-07	17597.0	99.11005970485523	0.7916666666666666	3.5521579932035254	2.4898740049151216	24	-0.8483243144753221
RFX2	RFX2	6.84982598366845e-06	14992.0	1.4398941859540801	-1.4398941859540801	0.000194639654993961	2049.0	11.535428635800383	0.2	0.5149293681264836	0.5234150756985566	25	1.7671726718859337
SLC25A10	SLC25A10	9.389510098574019e-20	14991.0	1.43931119994999	1.43931119994999	0.00151461583415981	5782.0	32.561676241973636	0.08	0.7109066448847983	1.1103730542926857	25	0.6559998482034398
EFHD1	EFHD1	0.000309624289583201	14990.0	1.4388506356591002	1.4388506356591002	0.02663358050906185	8197.0	46.16424467725582	0.3333333333333333	0.6582762171074894	0.6362491172944202	24	1.2268377233604946
ZNF366	ZNF366	3.66831805384691e-07	14989.0	1.4383077000207	-1.4383077000207	3.2386636388995093e-07	15370.0	86.56640757012504	0.5833333333333334	1.372542595456456	1.1932360044479096	24	0.05511491802049036
TGFA	TGFA	1.30296376013327e-09	14988.0	1.4382543147352498	1.4382543147352498	1.399511565358157e-10	12304.0	69.29705981750591	0.375	1.2027113282210882	1.3912368977542817	24	0.16930472940616537
LINC00535	LINC00535	3.3040470115144894e-05	14987.0	1.43812823129681	-1.43812823129681	0.04412740354835715	9289.0	52.31497127407908	0.20833333333333334	0.7292067734657408	0.6517787151785644	24	1.0876719986734296
NFAM1	NFAM1	1.9704642199305103e-05	14986.0	1.43794592177754	-1.43794592177754	2.9147241302812902e-09	16544.0	93.17900191506139	0.5833333333333334	2.3467864248620574	2.5666397331779875	24	-0.3540974182454505
RCOR2	RCOR2	7.684915709888251e-06	14985.0	1.43794370425217	1.43794370425217	1.368930204741005e-08	13627.0	76.74890165596484	0.5	1.446567528196412	1.375762904866076	24	-0.006268394004329897
OCA2	OCA2	7.31246720396806e-16	14984.0	1.43784108179219	-1.43784108179219	0.009473934288971246	11679.0	65.7767263715219	0.20833333333333334	0.8843252438229755	0.8610156787426423	24	0.6428638312109767
NCAPH	NCAPH	5.61401689988187e-06	14983.0	1.43767618726075	1.43767618726075	0.0178001789892086	1668.0	9.389433367128534	0.16	0.6987033475482712	1.0600506216226062	25	0.6971108970072979
MYPN	MYPN	0.0486330173438859	14982.0	1.4371664454063502	1.4371664454063502	5.77193063325515e-08	14684.0	82.70248957981299	0.5652173913043478	2.133056804713745	2.3494795827763375	23	-0.29618914946478214
TAS1R1	TAS1R1	0.0109456412556511	14981.0	1.4370062728950301	1.4370062728950301	2.55188036938041e-05	13737.0	77.36848034245803	0.4166666666666667	1.2647243796467176	1.1799563343727655	24	0.1460070074032809
GATM	GATM	1.15158845865243e-11	14980.0	1.43693691053896	1.43693691053896	2.7354057970770046e-05	9263.0	52.16852540272614	0.3333333333333333	1.2915556123490073	1.7118867116727785	24	0.08492460231079933
CDKN1A	CDKN1A	1.7973114418316802e-07	14979.0	1.43629621218548	-1.43629621218548	0.000420952111271873	9434.0	53.13168863354736	0.16	0.9058544542901266	1.6668565797912918	25	0.3182287932425299
DNAH5	DNAH5	0.00475120283632961	14978.0	1.43619784497202	1.43619784497202	1.6363055548280198e-11	15230.0	85.77785287822462	0.75	1.4020078644651939	0.7485120596909047	24	0.04567726072569202
LEPR	LEPR	1.60055933558801e-10	14977.0	1.4359887260115	-1.4359887260115	0.0458120324577553	2749.0	15.478202095302466	0.2	0.4448950386748912	0.45432638006476717	25	2.181457495810219
MFNG	MFNG	1.32793459171642e-09	14976.0	1.4359536756841897	-1.4359536756841897	3.3798986120278154e-07	15038.0	84.69640644361833	0.5416666666666666	1.414548346173346	1.4927983575366157	24	0.014339062876627532
CTRC	CTRC	0.000659434232005328	14975.0	1.43590269161096	-1.43590269161096	0.00934918188830587	16919.0	95.29120198265178	0.5909090909090909	2.4403900421824374	1.99981515453168	22	-0.502290098309966
TMPRSS3	TMPRSS3	0.000632207411061065	14974.0	1.4357784232337	1.4357784232337	1.5987161903433776e-05	13776.0	77.58814914948744	0.4583333333333333	1.3518945466564467	1.4128210837838877	24	0.059373318773380285
LINC01554	LINC01554	0.0026917589634902	14973.0	1.4356301543645802	1.4356301543645802	0.0158090915353973	13534.0	76.22507603920243	0.4166666666666667	1.2416609994397476	1.0951307920405147	24	0.1771196247376237
UBE2DNL	UBE2DNL	0.731703126969399	14972.0	1.4347852384093	1.4347852384093	0.007192571541260704	15972.0	89.95719274529682	0.5909090909090909	2.0094096216598403	1.7445580021001588	22	-0.32938107105569875
MC3R	MC3R	0.731703126969399	14970.5	1.43478221476497	1.43478221476497	0.0121559474556944	14732.0	82.97285118846456	0.4782608695652174	1.5952933534624987	1.1823893988000396	23	-0.13575150357439358
OR10C1	OR10C1	0.731703126969399	14970.5	1.43478221476497	1.43478221476497	0.03322781453454359	16790.0	94.5646051594007	0.5	2.011262192242034	1.5731968036864954	22	-0.3664385639013441
HTR3B	HTR3B	0.331036536874799	14969.0	1.43474080642833	1.43474080642833	0.008966596482260275	17088.0	96.24310014644587	0.5454545454545454	2.2465636470922075	1.4763357967419093	22	-0.5498903721331354
OASL	OASL	2.14270753904685e-12	14968.0	1.43458014626286	-1.43458014626286	3.449059860912855e-05	13610.0	76.65314858623408	0.4583333333333333	1.3610902351129814	1.3610773696865925	24	0.05399392627239161
PLOD2	PLOD2	1.22430368054625e-05	14967.0	1.43400520562341	1.43400520562341	9.592901509742701e-05	12080.0	68.03537231046525	0.28	0.8012053358033222	0.7573848951476221	25	0.8355063242933418
CDH16	CDH16	0.0177093052672337	14966.0	1.43371035888944	1.43371035888944	0.0008849152186034075	16804.0	94.64346062859073	0.7272727272727273	2.1293630719834136	1.5743561422018661	22	-0.4418648960336549
QRICH2	QRICH2	3.44914154486601e-08	14965.0	1.43333018536171	-1.43333018536171	7.46353768210619e-05	5258.0	29.61022868086065	0.08	0.5038896577519805	0.47580895741050705	25	1.9533901435315961
TM4SF5	TM4SF5	0.42286770274817	14964.0	1.4328966796608702	1.4328966796608702	2.1759900123211e-05	16972.0	95.58972625887124	0.7272727272727273	2.6415069303873238	2.1225580816578247	22	-0.5694120981520884
SLC22A8	SLC22A8	0.0489309975743292	14963.0	1.4327109696877598	-1.4327109696877598	6.005631387411496e-05	17449.0	98.27644474484623	0.6363636363636364	3.269015506974369	2.6137743858028846	22	-0.70254898328669
HEY1	HEY1	3.58017143282438e-05	14962.0	1.4326312523234999	-1.4326312523234999	0.002586526869606225	5158.0	29.046975329503212	0.16666666666666666	0.6481174626403309	1.0911669873268157	24	0.7189676729545329
LIMCH1	LIMCH1	1.82974631434801e-11	14961.0	1.43165382449821	-1.43165382449821	4.9087143878513705e-06	11042.0	62.18880252337501	0.24	1.0008598093541023	1.2349047413934158	25	0.34884797240151283
C4BPB	C4BPB	0.00016338751137521499	14960.0	1.4316253150874299	1.4316253150874299	0.000665993533565872	15410.0	86.791708910668	0.5652173913043478	1.7017122904782316	1.4054286710890826	23	-0.19217408961886928
FFAR4	FFAR4	1.3138541194052099e-05	14959.0	1.4314126032590901	-1.4314126032590901	0.0015276083538215228	12731.0	71.70215162780218	0.4166666666666667	1.1396235431426922	1.2608669457143795	24	0.2314193905298046
TMEM99	TMEM99	6.999940704160071e-11	14958.0	1.4307376912650702	1.4307376912650702	3.0325523883339895e-11	8471.0	47.707558859975215	0.16	0.8400295660830613	1.1370687692855392	25	0.5195007911026981
PMCH	PMCH	2.01609415803196e-05	14957.0	1.4306513871734599	1.4306513871734599	6.53662179814014e-05	10188.0	57.37861890278247	0.2	0.808772570274393	0.8786445423714535	25	0.7077706477532105
NR0B1	NR0B1	0.522548507441299	14956.0	1.4304735109364	-1.4304735109364	0.01179310422167827	12413.0	69.91100597048552	0.3333333333333333	1.8329949434620467	2.1193821826845927	24	-0.18992394850454877
NLN	NLN	5.317309311256749e-30	14955.0	1.4304087816403401	1.4304087816403401	1.4313188131024402e-05	6968.0	39.24186098907288	0.2	0.6235443663054656	0.6021393603590757	25	1.3399961345388791
LINC00930	LINC00930	1.41803420124319e-05	14954.0	1.4302670657319798	-1.4302670657319798	0.0032373602586554997	16239.0	91.4610791934212	0.5454545454545454	1.8229619295263972	1.638884296916748	22	-0.2396110967279379
RAB38	RAB38	5.341477878278169e-10	14953.0	1.4302412925859902	1.4302412925859902	9.29422696124021e-06	11327.0	63.79407457474372	0.2916666666666667	0.9406904978159502	0.8553517151290502	24	0.572338590209268
ZDHHC9	ZDHHC9	6.6205084799667995e-12	14952.0	1.42797847758665	1.42797847758665	3.85333679077752e-08	9097.0	51.23352483947279	0.04	0.52142550835405	0.5076503836196555	25	1.7857821021796219
ARHGEF38	ARHGEF38	1.46423605204545e-07	14951.0	1.42793291934976	1.42793291934976	4.38736115504419e-14	13809.0	77.7740227554354	0.48	1.158979991830367	0.7305332184571195	25	0.3681597506098623
TMEM132E	TMEM132E	0.000123810120339018	14950.0	1.4275558190931001	1.4275558190931001	7.937675479786946e-06	15162.0	85.39484059930156	0.5833333333333334	1.751450324557502	1.4697508418601208	24	-0.22037375059740058
MRGPRX4	MRGPRX4	0.7332300132761981	14949.0	1.42739208185225	1.42739208185225	0.000528674430506597	15965.0	89.91776501070181	0.7272727272727273	1.7749137284186736	1.3689754467185418	22	-0.2538552808959715
FOXM1	FOXM1	2.02924454776155e-09	14948.0	1.4271853241706398	1.4271853241706398	0.00018860720363788602	5900.0	33.22631519657541	0.28	0.9145031591332186	1.25388551974094	25	0.4088747792089858
TESMIN	TESMIN	0.000968100413058415	14947.0	1.4264939644401398	1.4264939644401398	0.00389315098432373	8430.0	47.47662498591866	0.28	0.8310271245061136	0.9703728324548087	25	0.6136474765350128
SMKR1	SMKR1	9.85949850826452e-05	14946.0	1.42631562997796	1.42631562997796	0.0275696697460375	6361.0	35.822913146333214	0.2	0.8103867825302103	1.1121221703266393	25	0.5538320014489473
RTN1	RTN1	1.63518024123318e-11	14945.0	1.42625773362125	-1.42625773362125	8.791180267921515e-06	13691.0	77.10938380083361	0.4583333333333333	1.6028603245579964	2.0630629573199175	24	-0.08560213361892122
FZD9	FZD9	0.0048847940172654794	14944.0	1.4248839780980802	1.4248839780980802	7.53102911052839e-10	14924.0	84.05429762307085	0.64	1.4900676958522001	1.1036557426786073	25	-0.05906163963403748
LINC00632	LINC00632	6.48642689587574e-06	14943.0	1.42440844935532	-1.42440844935532	0.00298426210867743	14163.0	79.76793961924074	0.4782608695652174	1.7804475445470287	1.7867281650361044	23	-0.19926875400462177
SLC30A2	SLC30A2	0.011840056901097998	14942.0	1.4239961525376499	1.4239961525376499	0.007589208394292829	13235.0	74.54094851864367	0.375	1.690749345368981	1.9416189100860604	24	-0.13738699774998975
GRID1	GRID1	4.25068465504135e-07	14941.0	1.4235334280426801	-1.4235334280426801	0.002014326791168045	12394.0	69.8039878337276	0.3333333333333333	1.035311573535479	1.1383460329786086	24	0.34104028411411563
PCK1	PCK1	0.0961588923235688	14940.0	1.4235228279228203	-1.4235228279228203	1.35170886948427e-07	17141.0	96.54162442266531	0.6956521739130435	2.7781602518329196	2.3239224200215816	23	-0.5829099165442533
CTSE	CTSE	0.0023977956341308	14939.0	1.42336862984344	1.42336862984344	0.000142868282046978	16888.0	95.11659344373098	0.625	2.7857024075000694	2.5905461729979553	24	-0.525886699822858
PHKA1	PHKA1	3.9780207382737704e-13	14938.0	1.42323863326436	1.42323863326436	5.2154724707143204e-08	10014.0	56.39855807142052	0.24	0.8488650436267523	1.1006001991430037	25	0.5218730562513536
ARRDC2	ARRDC2	1.05232775816743e-08	14937.0	1.42315751365031	-1.42315751365031	0.00180428254042498	7933.0	44.677255829672184	0.04	0.5145970601941233	0.5307135232796025	25	1.711960245221636
P2RX6	P2RX6	8.065133695495329e-05	14936.0	1.42315716043892	-1.42315716043892	0.0001276171094016914	11109.0	62.566182268784495	0.3333333333333333	1.0612367086306713	1.2347660299933896	24	0.2931085266495274
NPR3	NPR3	1.8708799391406302e-05	14935.0	1.4230048698874798	-1.4230048698874798	0.00803804126808495	9613.0	54.139912132477185	0.2916666666666667	1.1469136573814624	1.6541177885488758	24	0.16691145843261052
HOXC5	HOXC5	0.0112318839608848	14934.0	1.42289429951444	1.42289429951444	0.000931858904396054	13390.0	75.41399121324771	0.2916666666666667	1.0220426353764498	1.0013468110510233	24	0.4003125188137888
WDR62	WDR62	0.000302892591229572	14933.0	1.42169098448226	1.42169098448226	1.36627602651136e-09	11873.0	66.86943787315533	0.36	1.0900427311262095	1.3015686749497692	25	0.25480657282171426
PLPP3	PLPP3	1.78052839906684e-16	14932.0	1.4212532650699699	-1.4212532650699699	6.29088649104309e-07	9765.0	54.99605722654049	0.2	0.7007225311060182	0.7316590782712626	25	0.9847902600571776
CADM3.AS1	CADM3.AS1	4.36067050087643e-07	14931.0	1.42095304501724	-1.42095304501724	1.249496805249339e-06	16497.0	92.9142728399234	0.7083333333333334	2.3241805955722072	1.934702754713918	24	-0.4668559799970545
NECTIN1	NECTIN1	9.739743422247489e-18	14930.0	1.42082316395311	1.42082316395311	3.1750796274154097e-06	11685.0	65.81052157260335	0.24	0.8205327911686757	0.6868462816096127	25	0.8739806691209914
KRT36	KRT36	0.0732791630525863	14929.0	1.42010115083233	1.42010115083233	0.0025684029582324374	14922.0	84.0430325560437	0.5909090909090909	1.764825042678504	1.7803308580665023	22	-0.19362911690502033
DKK2	DKK2	8.775400436559219e-07	14928.0	1.42003840730263	-1.42003840730263	0.004486115712426089	10359.0	58.341782133603694	0.4166666666666667	1.3938595208764861	1.8629572037193045	24	0.01405232840232667
TMC4	TMC4	6.87366210352645e-06	14927.0	1.41999335586687	1.41999335586687	0.0039385437565855295	11911.0	67.08347414667116	0.2916666666666667	0.9175875409984734	0.8538740594261559	24	0.5883839769134541
CENPE	CENPE	2.69435252295069e-07	14926.0	1.41962820793252	1.41962820793252	3.36593518503448e-06	12143.0	68.39022192182043	0.28	1.1214924987628176	1.1960472799159667	25	0.2492674948356967
RERGL	RERGL	0.00214632701225032	14925.0	1.41881748918837	-1.41881748918837	0.0003442261322488705	17435.0	98.19758927565618	0.6818181818181818	3.4155554688010765	2.7789287184461897	22	-0.7185279587628871
RCAN1	RCAN1	1.2861347825056199e-17	14924.0	1.41870508691755	-1.41870508691755	3.77311435640712e-09	11613.0	65.404979159626	0.08	0.7585370245701916	0.7573520553317336	25	0.8716792378125826
CAT	CAT	2.0579961088911998e-21	14923.0	1.4183452134066101	-1.4183452134066101	1.81184112401746e-06	6262.0	35.26529232848935	0.16	0.709299143493812	1.1423653086368228	25	0.6206824249231607
GLYATL1	GLYATL1	0.0206583928799672	14922.0	1.41721436376683	1.41721436376683	2.89640068470025e-06	14324.0	80.6747775149262	0.5833333333333334	2.080630858546811	2.3008861451524156	24	-0.2883308659916482
TROAP	TROAP	3.07203863151025e-08	14921.0	1.41714837543755	1.41714837543755	0.0027045104937878	6880.0	38.74619803987834	0.2	0.7171870581596272	0.9264917990398597	25	0.7554965062867318
TMPRSS11D	TMPRSS11D	0.115477040723436	14920.0	1.41650707326645	1.41650707326645	0.104764075104667	13024.0	73.35248394727948	0.4166666666666667	2.2065421076095966	2.720937182037658	24	-0.29035401462355864
EDNRB.AS1	EDNRB.AS1	0.343432707871522	14919.0	1.4163091161908998	1.4163091161908998	0.16428209026043966	11107.0	62.55491720175735	0.2916666666666667	1.0006937185183795	1.0745695622786704	24	0.3867738416033209
CWH43	CWH43	0.00117426277211248	14918.0	1.4160583456049498	-1.4160583456049498	5.948283473709726e-05	14878.0	83.79520108144644	0.5454545454545454	2.041195488856201	2.1758649986514067	22	-0.2873051148112171
SYCE1	SYCE1	0.0122619095224669	14917.0	1.41558041118362	-1.41558041118362	4.379614965556035e-05	12938.0	72.86808606511208	0.4166666666666667	1.3781349641604363	1.2915894437556708	24	0.02899175678790023
BBOX1	BBOX1	0.0624537357590859	14916.0	1.41555127419399	1.41555127419399	9.02537636779422e-08	16356.0	92.1200856145094	0.6086956521739131	2.5802784302829687	2.557088929578109	23	-0.4554894992569326
NDST1	NDST1	4.662804938850849e-30	14915.0	1.41503666394802	-1.41503666394802	2.5274408699226397e-07	10510.0	59.192294694153425	0.24	0.6714985804871066	0.3951100593743495	25	1.8818505523202678
ATP1A2	ATP1A2	1.97536538584978e-05	14914.0	1.41443980071457	-1.41443980071457	4.15416363145931e-08	16641.0	93.72535766587811	0.7083333333333334	2.2861079321687536	2.09137792597659	24	-0.41679130329691577
HOXA7	HOXA7	1.1158096014474799e-07	14913.0	1.4140955977113199	-1.4140955977113199	0.003931166770128405	7444.0	41.9229469415343	0.16666666666666666	0.8858947311596411	1.4745448938159686	24	0.3582128077394442
KIF12	KIF12	0.000245934783350976	14912.0	1.4140704085308602	1.4140704085308602	0.000988681386477995	15006.0	84.51616537118396	0.6521739130434783	1.5626797919500444	1.0827053682085512	23	-0.1372574550591486
SLC17A8	SLC17A8	0.0666589641113672	14911.0	1.4140204254976498	1.4140204254976498	6.09628166682395e-05	17012.0	95.81502759941421	0.6956521739130435	2.7467052686610365	2.2366032164821337	23	-0.5958521535435842
MVB12B	MVB12B	1.19200339866883e-17	14910.0	1.41383569417782	-1.41383569417782	1.0270850464706801e-13	12361.0	69.61811422777966	0.2	0.9435767090287547	0.9297676132770863	25	0.5057812064367102
KIF15	KIF15	2.3981151023414502e-08	14909.0	1.41357402613397	1.41357402613397	0.00756226570976085	8145.0	45.871352934549954	0.2	0.8333778033276619	1.1443840398148377	25	0.5069943328641532
IKZF2	IKZF2	3.40554935088516e-14	14908.0	1.4130731474173701	1.4130731474173701	1.708649696060715e-05	10891.0	61.33828996282527	0.2916666666666667	0.8839968723849022	1.1414860450972681	24	0.463497803853909
PDXDC1	PDXDC1	5.615519255245719e-20	14907.0	1.41221841630723	1.41221841630723	0.000653074486984983	4573.0	25.751943224062185	0.04	0.4573842149933842	0.5812346855289301	25	1.6427687904498265
MIR17HG	MIR17HG	0.000347774400011312	14906.0	1.4122177357210801	-1.4122177357210801	5.370728186732769e-08	17559.0	98.89602343133942	0.6521739130434783	4.284379605151318	4.284688614141815	23	-0.6703315288654894
SCGB1D2	SCGB1D2	0.60243416408534	14905.0	1.41205591888931	-1.41205591888931	5.277046369058265e-05	17507.0	98.60313168863354	0.6363636363636364	3.590383578767531	3.096774118077242	22	-0.7034183239786065
SPATA42	SPATA42	0.308778869888844	14904.0	1.41185517112752	-1.41185517112752	0.006926000070283321	16296.0	91.78213360369493	0.6363636363636364	1.9536084995308385	1.4888688874099074	22	-0.3638690639481177
SYNE3	SYNE3	2.2360141173202e-11	14903.0	1.4115648733537098	-1.4115648733537098	1.3719249914894984e-05	13571.0	76.43347977920467	0.4583333333333333	1.0615670477078694	1.0948272604520237	24	0.3196831484642939
NFIA.AS2	NFIA.AS2	0.00152941226716444	14902.0	1.4111814601702601	-1.4111814601702601	0.01050231317310708	13123.0	73.91010476512335	0.375	1.0906635928830888	0.9527591377556701	24	0.33641017397344175
RECK	RECK	7.571591588567491e-11	14901.0	1.41075164309701	-1.41075164309701	1.14486259326393e-09	11874.0	66.87507040666891	0.28	1.1827009997270053	1.817571299532925	25	0.12546998482458904
TPBG	TPBG	1.90314530319131e-12	14900.0	1.4100530351342602	1.4100530351342602	0.0005931934381204723	7995.0	45.02647290751379	0.125	0.5492191932837625	0.4367320884389058	24	1.9710799014735534
HMMR.AS1	HMMR.AS1	0.00639681014842907	14899.0	1.4099547183908	1.4099547183908	0.000571729983571006	11260.0	63.41669482933423	0.24	0.9633533825264277	1.1742514599959644	25	0.3803285336054914
DBNDD1	DBNDD1	2.8523990285440297e-08	14898.0	1.40937036792885	1.40937036792885	9.69821954542307e-05	9373.0	52.788104089219324	0.2	0.9199478622160651	1.3039430208305711	25	0.3753404082036024
PPP1R16B	PPP1R16B	9.58860093627739e-05	14897.0	1.4093394385672302	-1.4093394385672302	5.741985233246915e-07	15845.0	89.24186098907288	0.625	1.671443263625786	1.7973062942092235	24	-0.1458314734127585
AVPI1	AVPI1	3.3761745596410606e-15	14896.0	1.4092583690529998	-1.4092583690529998	0.0491084297460963	1326.0	7.463106905486088	0.04	0.34141148200371946	0.3616364339284893	25	2.9528188723939204
LCNL1	LCNL1	0.000149783008910329	14895.0	1.40853002206495	-1.40853002206495	1.781800429997115e-09	16931.0	95.35879238481468	0.75	2.534488961441483	1.9323784593125473	24	-0.5826803408774791
PAX5	PAX5	0.0717310435707659	14894.0	1.4082970110355	1.4082970110355	1.0721143452041316e-07	16776.0	94.48574969021065	0.7083333333333334	2.4339789700795094	2.3320316776870773	24	-0.43982333896136727
TSSK2	TSSK2	1.69079429890005e-13	14893.0	1.40775359074958	-1.40775359074958	5.6102079584165896e-05	13337.0	75.11546693702827	0.36	0.9115870917939928	0.7323283376284132	25	0.6775191856734408
CHAD	CHAD	7.56626749751719e-11	14892.0	1.40734147154748	1.40734147154748	0.0005987284546253163	13507.0	76.07299763433592	0.5	1.3682268945528993	1.6676545857468468	24	0.023454843304414552
NDC80	NDC80	3.7699837874818605e-05	14891.0	1.40703431810117	1.40703431810117	4.08514879165761e-05	11356.0	63.95741804663737	0.24	0.9124460003518228	0.9533762083679354	25	0.5187756033853861
LINC01091	LINC01091	0.00488120036496662	14890.0	1.4063173304356202	1.4063173304356202	0.0009717779070051199	10200.0	57.44620930494536	0.12	0.7079464065415779	0.5735611695432704	25	1.2176049582473627
CORO6	CORO6	0.00142005317662836	14889.0	1.40580270893457	-1.40580270893457	1.327924276411373e-08	15015.0	84.56685817280612	0.625	1.3467062008946666	1.126102704671794	24	0.05247879060651679
CRIP1	CRIP1	2.04071936553863e-06	14888.0	1.40556435582084	-1.40556435582084	0.01418248500820055	8005.0	45.08279824264954	0.125	0.753627656756893	1.0795441377733028	24	0.603899994685395
FOXN4	FOXN4	0.0306719701558797	14887.0	1.4054041416815701	1.4054041416815701	0.0001719816247410115	14623.0	82.35890503548495	0.4583333333333333	1.5727233394054325	1.37969905439926	24	-0.12127224208087573
FUCA1	FUCA1	5.318001564750671e-10	14886.0	1.40512807812686	1.40512807812686	1.5021486893034401e-06	10007.0	56.3591303368255	0.24	0.8389987698906793	0.977300471784888	25	0.5792786605354167
FOSL2	FOSL2	7.273687636949921e-11	14885.0	1.40453643744838	-1.40453643744838	0.00040111990799958797	7534.0	42.42987495775599	0.24	0.6909593684321667	0.6524920927897214	25	1.0936179562963344
DNA2	DNA2	2.65449534999737e-12	14884.0	1.4044747183828201	1.4044747183828201	2.20078614839698e-05	9946.0	56.01554579249746	0.2	0.8021179725133556	0.9648692992385264	25	0.6242884361071948
OR5E1P	OR5E1P	0.0756978730135631	14883.0	1.40416841773592	-1.40416841773592	0.00260975666780068	12900.0	72.65404979159625	0.43478260869565216	1.3374339551776158	1.1250016693552114	23	0.0593194342516422
JPH1	JPH1	2.00473737835383e-09	14882.0	1.4041512506996998	-1.4041512506996998	0.0100163408646311	9284.0	52.2868086065112	0.16	0.9281338177775487	1.433138330156625	25	0.33215037439556033
ALOXE3	ALOXE3	0.10448702715899101	14881.0	1.40367247495929	1.40367247495929	0.006065409275270614	11830.0	66.62723893207163	0.25	1.1444065953519083	1.5123000804404787	24	0.17143811797713246
AGMAT	AGMAT	4.364064823963781e-06	14880.0	1.4034881226405502	1.4034881226405502	1.01862509249721e-05	10939.0	61.60865157147685	0.25	1.1345287202899255	1.49159460859178	24	0.18031668980390747
LINC01644	LINC01644	7.34875151335631e-05	14879.0	1.4030565073296002	1.4030565073296002	0.00024612245415513997	16667.0	93.87180353723105	0.6086956521739131	2.1274539405383037	1.906657988231505	23	-0.37993045301250317
COX6B2	COX6B2	0.0156208652534272	14878.0	1.40293345537278	1.40293345537278	0.0008601940286476325	10373.0	58.42063760279373	0.3333333333333333	1.1049311355151419	1.368427966804536	24	0.21776982573186784
SLC12A2	SLC12A2	3.27856378930336e-06	14877.0	1.4026691503488	1.4026691503488	4.0101356635103705e-13	13143.0	74.02275543539484	0.44	1.0915303325487198	0.6661471263110874	25	0.467072221001791
CDKN1C	CDKN1C	7.896229242094069e-10	14876.0	1.4023994949162502	-1.4023994949162502	2.2405175537471194e-13	14066.0	79.221583868424	0.5	1.2369150343596038	0.8306225483265457	24	0.19922943446460453
CDH10	CDH10	0.0669599167108442	14875.0	1.4023769503688401	-1.4023769503688401	0.0005463363071457139	12306.0	69.30832488453306	0.375	1.2905751299065504	1.3976202886971265	24	0.07999441720076367
FBXO2	FBXO2	0.00427748698177221	14874.0	1.40220442985115	1.40220442985115	2.11798246761427e-05	12259.0	69.04359580939506	0.36	1.0675814816481186	1.0258381769143652	25	0.32619467254528295
TMEM255B	TMEM255B	8.66048069243691e-14	14873.0	1.40208190872235	-1.40208190872235	1.6648137880546001e-06	11681.0	65.78799143854906	0.24	0.9860179690852142	0.9412716669936323	25	0.44202322690325957
CCL21	CCL21	0.00255834181827905	14872.0	1.40161186078639	-1.40161186078639	8.073249014784805e-05	16716.0	94.14779767939619	0.6666666666666666	2.276727359953321	2.020282678963152	24	-0.43316487750914995
LMAN1L	LMAN1L	0.0245104285755161	14871.0	1.40081020728875	-1.40081020728875	1.13413331859997e-05	16753.0	94.35620141939845	0.6666666666666666	2.698235506497049	2.1814489393302607	24	-0.5947539159943066
ADGRL3	ADGRL3	0.00220322985264775	14870.0	1.40060808366003	-1.40060808366003	9.810743461252548e-05	11620.0	65.44440689422102	0.2916666666666667	1.0056488812910518	1.2744221964914109	24	0.3099123692731761
ODF3L2	ODF3L2	0.00016443327976762	14869.0	1.400524367592	-1.400524367592	0.00204054144864884	14419.0	81.20986819871578	0.5416666666666666	1.0886195213221679	0.7096299266986328	24	0.43953169748757315
QPCT	QPCT	5.77732981599174e-06	14868.0	1.4003817539986203	1.4003817539986203	2.4312290372001448e-05	10257.0	57.7672637152191	0.375	1.192384069552416	1.4412885749003284	24	0.1443136982200725
FAAP24	FAAP24	9.14095030754134e-06	14867.0	1.4001722188846202	1.4001722188846202	3.9874247304545796e-06	7357.0	41.43291652585332	0.2	0.6767548699634264	0.7609677376637826	25	0.9506544274033605
NEFM	NEFM	0.0037521753106368	14866.0	1.40005989389181	-1.40005989389181	2.24989986376506e-06	16531.0	93.10577897938492	0.6956521739130435	2.369983090719681	2.316860471511726	23	-0.4186368617161511
LINC01169	LINC01169	0.0442463084511404	14865.0	1.3991730218129	-1.3991730218129	0.06785461264044515	14448.0	81.37321167060944	0.375	1.3204741833166154	1.3642385092814495	24	0.05768700851124309
HOXD11	HOXD11	0.0171251467612597	14864.0	1.3988087048375202	1.3988087048375202	1.1027139426354945e-06	13113.0	73.8537794299876	0.4166666666666667	1.6951058995962702	2.0567519823955536	24	-0.14406073133506592
BVES.AS1	BVES.AS1	0.0727290305771604	14863.0	1.39773339209679	-1.39773339209679	0.010713406751973204	11499.0	64.76287033907852	0.2916666666666667	0.8430014187588699	0.8197137832828455	24	0.6767386185898836
C19orf81	C19orf81	0.0338889884260606	14862.0	1.39735251683788	1.39735251683788	0.00018690852153333494	12588.0	70.89669933536103	0.4166666666666667	1.172112863888094	1.0308969666791945	24	0.21848900542926755
TDRD1	TDRD1	0.000518634644021673	14861.0	1.39688753820548	1.39688753820548	6.40529125599954e-07	14739.0	83.01227892305958	0.625	2.1379102734188415	2.017613887487981	24	-0.36727678165219596
FGF16	FGF16	0.29172925521265103	14860.0	1.39512292333435	1.39512292333435	2.526732621641731e-07	15620.0	87.97454094851864	0.75	1.6562798224329425	1.1666729404715757	24	-0.22384756690510996
CCDC102B	CCDC102B	9.68931733065034e-08	14859.0	1.39468045060512	-1.39468045060512	0.000761186914107394	10017.0	56.41545567196125	0.16	0.6013412920259211	0.5021693509626698	25	1.5798239320228329
GRIN1	GRIN1	0.000571757555015253	14858.0	1.39431635441499	1.39431635441499	4.2285756606041715e-06	16854.0	94.92508730426945	0.7083333333333334	2.3447514661195443	1.9376098846736527	24	-0.49051933478582255
GATA6.AS1	GATA6.AS1	3.1138648158440102e-06	14857.0	1.3942228353142199	-1.3942228353142199	0.00796341323524887	12668.0	71.34730201644699	0.34782608695652173	0.8917349145628093	0.817292726654339	23	0.6148200080140073
FAM13C	FAM13C	1.33814861808512e-09	14856.0	1.3920511641479	-1.3920511641479	0.000668333179190062	10163.0	57.23780556494311	0.25	0.9300420142992786	1.2050959063085402	24	0.38337956956791247
RUNDC3B	RUNDC3B	0.00133520348161973	14855.0	1.3918542124556899	-1.3918542124556899	4.42623169751128e-05	9118.0	51.351808043257854	0.25	0.9507915009594213	1.2138266418670711	24	0.3633654891754883
PPARG	PPARG	4.60522657655497e-19	14854.0	1.39184526029657	-1.39184526029657	0.000576910502669828	6183.0	34.820322180916975	0.125	0.6361801819817252	0.8409291678190886	24	0.8986072873112818
HOXB3	HOXB3	4.5623930539284504e-06	14853.0	1.3913233331635702	1.3913233331635702	1.735830133305735e-05	8902.0	50.135180804325785	0.25	0.7401731394733614	0.8144503661192228	24	0.7994964712126982
KLK9	KLK9	0.681000422076797	14852.0	1.3911865795227598	1.3911865795227598	0.0060756410063880295	16647.0	93.75915286695955	0.5652173913043478	2.2401083057731155	1.852018461401516	23	-0.45837649242866274
CHEK1	CHEK1	5.2452479236185495e-20	14851.0	1.39114406645174	1.39114406645174	3.1895259058039e-05	7617.0	42.89737523938267	0.2	0.7519634844635098	1.0317656358792986	25	0.6195017160495981
LINC01704	LINC01704	0.309078881316398	14850.0	1.39106349644787	1.39106349644787	0.000454982784745869	14812.0	83.42345386955051	0.5454545454545454	1.3770689958104358	1.0674829630296216	22	0.013109811699211075
SYT2	SYT2	1.16558827093603e-06	14849.0	1.3903891770018402	1.3903891770018402	5.529776318500741e-08	17021.0	95.86572040103638	0.75	2.4369406527112276	1.757701534269035	24	-0.5954090926731828
ATP1B2	ATP1B2	4.86380372739878e-08	14848.0	1.3897858166765003	-1.3897858166765003	1.2105043482169971e-06	15720.0	88.53779429987608	0.6666666666666666	1.9759533329464938	1.7547352172506163	24	-0.33404898386231874
NPY2R	NPY2R	0.29462575172787603	14847.0	1.3896884961819198	1.3896884961819198	0.0006340683920406549	16699.0	94.05204460966542	0.6086956521739131	2.263795984155907	2.033631894907834	23	-0.4298258156565756
CNTNAP2	CNTNAP2	4.31426241975761e-05	14846.0	1.3896371527504001	1.3896371527504001	3.521545833365375e-05	13616.0	76.68694378731553	0.5	1.8041576653576252	1.8787161932213288	24	-0.2206403043221074
CHRND	CHRND	0.091442893638282	14845.0	1.3892172305413002	1.3892172305413002	4.593554781672375e-08	17398.0	97.98918553565393	0.75	3.0404134497295434	2.165071531612593	24	-0.7626520394725231
EFNB2	EFNB2	1.4873131520423e-12	14844.0	1.3891956441297701	-1.3891956441297701	0.000446882358870089	3325.0	18.722541399121326	0.24	0.6813066294463774	1.0647582857907385	25	0.6648354130042592
DRD3	DRD3	0.306670950023828	14843.0	1.3883897904970903	1.3883897904970903	0.0006525156919219915	16317.0	91.90041680748	0.625	1.9129454758723279	1.3976451250972999	24	-0.37531393052204115
KCTD1	KCTD1	2.17828858583528e-09	14842.0	1.3876031718839	1.3876031718839	2.91023443516007e-06	4881.0	27.4867635462431	0.2	0.5766671778644257	0.5498328518323774	25	1.4748773037422962
ANKRD2	ANKRD2	0.00402096560560194	14841.0	1.3874293031089397	-1.3874293031089397	0.000263145009882109	17097.0	96.29379294806803	0.5833333333333334	2.315769172953251	1.7455218436481927	24	-0.5318408779715142
LMO7DN	LMO7DN	0.00418612202428941	14840.0	1.38741388024202	-1.38741388024202	0.001887662073665985	13540.0	76.25887124028388	0.2916666666666667	0.9674569222907725	0.7309823226696097	24	0.5745104155426479
GGCT	GGCT	3.11426580536376e-07	14839.0	1.38726428519229	1.38726428519229	9.210934256943693e-15	13426.0	75.61676241973639	0.4	1.0191120823576554	0.8814579161608467	25	0.41766282437862295
COL9A1	COL9A1	0.000619436874269491	14838.0	1.38705690051145	1.38705690051145	6.274498152667256e-05	15294.0	86.13833502309338	0.5416666666666666	1.7848855302544004	1.921663214364421	24	-0.20702307603600043
C7	C7	2.1408954725869602e-05	14837.0	1.3867594273309902	-1.3867594273309902	1.431171287700585e-09	16719.0	94.16469527993691	0.7083333333333334	3.1850347194727178	4.81654676442654	24	-0.3733536452761569
KNTC1	KNTC1	1.1661969958222498e-19	14836.0	1.38640181677004	1.38640181677004	0.000302936430897658	9241.0	52.04460966542751	0.16	0.532170882558779	0.36493444893022287	25	2.3407791090026526
PHEX	PHEX	3.53071650463387e-11	14835.0	1.38598801109316	-1.38598801109316	0.0001369516525101969	9575.0	53.925875858961355	0.3333333333333333	1.0929953897881217	1.4869568774943465	24	0.197041774203134
SLC46A2	SLC46A2	0.00196506444038898	14834.0	1.3853797051806298	-1.3853797051806298	0.0023989742304575687	6214.0	34.99493071983778	0.3333333333333333	0.9463197356244716	1.2038462974534194	24	0.3647143082010823
CYP3A7	CYP3A7	0.00022195549085067003	14833.0	1.38528506184881	-1.38528506184881	4.3323152703297495e-05	16970.0	95.57846119184408	0.6956521739130435	2.287319720557272	1.8301162957114352	23	-0.4928837914957789
PTPRD.AS1	PTPRD.AS1	0.00691676772315081	14832.0	1.38490971457993	-1.38490971457993	0.00012493744456890387	12233.0	68.89714993804213	0.2916666666666667	1.0656414594655719	0.9839119177103482	24	0.3244886553029302
MYOCD	MYOCD	1.9796006270523002e-05	14831.0	1.38471629109037	-1.38471629109037	1.88260328987832e-05	13734.0	77.35158274191731	0.4782608695652174	1.276748151036775	1.2701343120039839	23	0.08500529356084065
PREX1	PREX1	4.28456563924801e-06	14830.0	1.38470303346542	-1.38470303346542	3.6427201487614335e-05	11020.0	62.06488678607637	0.2916666666666667	0.8422015985916098	0.7048245277648135	24	0.7696971565308983
ACAD8	ACAD8	1.3403305033074599e-11	14829.0	1.3837204800995002	1.3837204800995002	1.38473545427801e-07	5962.0	33.57553227441703	0.04	0.46055116582751426	0.4443129710620553	25	2.07774558565172
IL33	IL33	6.201823387380321e-07	14828.0	1.38369773645564	-1.38369773645564	0.10768163616385384	5573.0	31.38447673763659	0.2916666666666667	1.0864594318005962	1.7667341971888029	24	0.16824166596650716
ATP1B3	ATP1B3	3.43869903425759e-11	14827.0	1.38352851820782	-1.38352851820782	0.000417359666793864	3973.0	22.37242311591754	0.16	0.4882197648977432	0.43154714009469824	25	2.074648792976849
ZNF541	ZNF541	0.000248619415636523	14826.0	1.3832797031862598	1.3832797031862598	0.0015014729538177251	13526.0	76.18001577109384	0.4583333333333333	1.3939306371523035	1.730537645466293	24	-0.006154696486347612
GCKR	GCKR	0.00260952830048106	14825.0	1.38319034025269	1.38319034025269	0.00011290248172281996	13843.0	77.96552889489692	0.5	1.7280534586446394	1.6862073007295197	24	-0.2045200007393801
DPEP2	DPEP2	3.47321613084075e-07	14824.0	1.3829988788277199	-1.3829988788277199	9.511059237127804e-05	15165.0	85.41173819984229	0.5416666666666666	1.5219261924641792	1.382679006081776	24	-0.10047690969876683
RAB42	RAB42	2.78639019971834e-06	14823.0	1.3829915578915801	1.3829915578915801	0.00107671429519365	5007.0	28.196462768953474	0.24	0.8870475361634652	1.440473974682461	25	0.34429224716638224
BLNK	BLNK	4.5758756026782403e-10	14822.0	1.38280273038941	1.38280273038941	0.00010368741290436284	12508.0	70.44609665427508	0.4583333333333333	1.3382420791907734	1.4864210719356876	24	0.02997848458957025
NEURL1	NEURL1	1.8825086607339103e-17	14821.0	1.3825761584487097	-1.3825761584487097	8.61951402376373e-06	16255.0	91.55119972963838	0.6666666666666666	2.281805529043204	2.1211663142394133	24	-0.4239315722477571
GALNT10	GALNT10	1.0997893105856301e-06	14820.0	1.38226741592484	1.38226741592484	0.00011301668758985401	3640.0	20.496789455897265	0.08	0.39053695703103286	0.383124672023453	25	2.588531961818158
LRP4	LRP4	6.85586585089314e-06	14819.0	1.38192719481949	-1.38192719481949	0.0001288193776667082	9912.0	55.82403965303593	0.125	0.6814403557687941	0.5751808829911543	24	1.2178548692507025
AURKB	AURKB	3.71568442583073e-09	14818.0	1.3817507910383897	1.3817507910383897	1.0827766108095698e-06	9131.0	51.42503097893432	0.24	1.0440801775313364	1.387292953310867	25	0.24340252914943442
KRT81	KRT81	0.00033810633314475	14817.0	1.38172797370119	1.38172797370119	1.1799797427897338e-05	16836.0	94.82370170102512	0.5833333333333334	2.8861268122777672	3.289228030023675	24	-0.45737140290810085
KCNJ8	KCNJ8	4.05794903576104e-09	14816.0	1.38165140757421	-1.38165140757421	0.000484229496747222	10950.0	61.670609440126164	0.25	1.0673344365356292	1.3581820960520659	24	0.23142476399315703
MIRLET7BHG	MIRLET7BHG	2.50046081463208e-10	14815.0	1.38127994632345	-1.38127994632345	0.00026560170904810383	17487.0	98.49048101836205	0.7272727272727273	4.193048429063111	4.028053274745403	22	-0.6980464981355992
SPACA4	SPACA4	2.46180592203385e-08	14814.0	1.38107105246939	1.38107105246939	0.046627242074682204	10683.0	60.166722992001795	0.2916666666666667	0.7930980913381793	0.8579152289694842	24	0.6853508846526429
MTNR1B	MTNR1B	0.489963571053227	14813.0	1.3802838138303102	1.3802838138303102	0.029352906221927648	16873.0	95.03210544102737	0.5	2.0604434376886998	1.5407320151245627	24	-0.44145225592875154
VIT	VIT	5.58744131676975e-06	14812.0	1.38019901454123	-1.38019901454123	8.464049678664666e-06	14350.0	80.82122338627914	0.5416666666666666	1.4471315789701868	1.43049406732382	24	-0.046789823151224166
CEACAM8	CEACAM8	0.0142161501161574	14811.0	1.379969762599	1.379969762599	0.0006811410441380625	12615.0	71.04877774022755	0.5	1.7035133149214658	2.0967792022292366	24	-0.15430501789529555
ERVFRD.1	ERVFRD.1	1.9596216385929503e-05	14810.0	1.37978020112329	-1.37978020112329	0.0160358667572431	15291.0	86.12143742255266	0.5	2.190810956140658	2.0731735985820157	24	-0.3912025290945665
PYDC1	PYDC1	0.336623791805301	14809.0	1.3793435262109	1.3793435262109	0.01278038464028835	14476.0	81.53092260898951	0.5	1.5893635629304006	1.5814776484640771	24	-0.13279987669978835
ENDOU	ENDOU	2.0036342163421697e-05	14808.0	1.37894120907932	-1.37894120907932	5.719212978066812e-05	14642.0	82.46592317224287	0.5416666666666666	1.5528752451134833	1.2859531425736996	24	-0.13525690033001717
PAFAH1B3	PAFAH1B3	2.6226123035554598e-20	14807.0	1.37843276396102	1.37843276396102	8.19136433374588e-06	6299.0	35.473696068491606	0.24	0.6407872480675754	0.8117492997145089	25	0.9087109975368918
ATOH7	ATOH7	0.0644857604506907	14806.0	1.37838417211794	1.37838417211794	0.0063699442293885696	11832.0	66.63850399909879	0.4166666666666667	1.227608550153011	1.3683175203616165	24	0.11019052209832284
COL19A1	COL19A1	0.0134568909336521	14805.0	1.37773592495709	1.37773592495709	0.01028656383802597	12253.0	69.00980060831361	0.4583333333333333	1.4858135639457917	1.7121636588983262	24	-0.06312342773251194
GRM4	GRM4	0.00899778729028156	14804.0	1.3777332602317802	1.3777332602317802	7.93549455633565e-05	16882.0	95.08279824264953	0.7391304347826086	3.267341909391425	3.019347772630829	23	-0.6258333890147355
GAS6	GAS6	6.708381012937981e-16	14803.0	1.37772942838994	-1.37772942838994	6.104801427597035e-10	13175.0	74.20299650782921	0.375	1.0681723462602222	1.0600835381416223	24	0.2920119698041782
IER2	IER2	5.5605346728261e-13	14802.0	1.37756730496104	-1.37756730496104	6.010109205801371e-09	11710.0	65.95133491044271	0.36	0.9931498688259537	0.9956004287479461	25	0.3861161817884355
MEIS1	MEIS1	4.2398208020475604e-13	14801.0	1.37682724683429	-1.37682724683429	0.0006163196383128269	7120.0	40.09800608313619	0.16	0.6408920117444762	0.7682622053906654	25	0.9579219567564004
AHNAK	AHNAK	8.494147655019541e-37	14800.0	1.37676932128439	-1.37676932128439	0.000652582040489364	7852.0	44.22102061507265	0.24	0.8835094080839067	0.9993420185558572	25	0.4935846827628543
MMP16	MMP16	0.0006688374562908019	14799.0	1.3766943443131299	1.3766943443131299	0.000440406716300823	12783.0	71.99504337050804	0.4166666666666667	1.4072121016138128	1.5781371383350122	24	-0.019337836084942668
MT4	MT4	0.613344741343158	14798.0	1.37649565541151	-1.37649565541151	0.01795968730546253	15685.0	88.34065562690097	0.5454545454545454	1.6848267996871782	1.3533673819419427	22	-0.2278251629156636
LILRB3	LILRB3	2.15524700300911e-06	14797.0	1.3764787016336497	-1.3764787016336497	3.206894241015705e-06	15365.0	86.53824490255717	0.625	1.3977997316585518	1.2223659182439994	24	-0.017442428414178104
PHLDB2	PHLDB2	1.3659148514790798e-23	14796.0	1.37619071821995	-1.37619071821995	0.0585727355458464	2637.0	14.847358341782133	0.04	0.4946707296368082	0.6977161866009498	25	1.2634363449092751
CYP4X1	CYP4X1	0.0005291883965424651	14795.0	1.3759670509702098	1.3759670509702098	0.00022427464230303552	14376.0	80.96766925763208	0.5	1.2145278170849636	1.0896694490382106	24	0.14815431783256786
MIR210HG	MIR210HG	0.000488371136938392	14794.0	1.37579139652675	1.37579139652675	0.01350915828745072	4830.0	27.199504337050804	0.125	0.4884555493961887	0.6476804940761217	24	1.3700209520688038
LINC00880	LINC00880	0.000292326940377582	14793.0	1.3750991255921001	1.3750991255921001	4.216015643117105e-06	16071.0	90.51481356314069	0.6666666666666666	1.8074884372179225	1.375612958507705	24	-0.3143248316698672
LMOD3	LMOD3	1.19653813727818e-05	14792.0	1.37499019864235	-1.37499019864235	0.002224247202977905	16320.0	91.91731440802072	0.625	1.8876924404650006	1.5569326243629644	24	-0.3293027802230223
TXNDC17	TXNDC17	2.08042069290352e-10	14791.0	1.3748991293764499	1.3748991293764499	7.24505972100134e-13	11505.0	64.79666554015996	0.28	0.7739524968993438	0.49495393305746327	25	1.2141465949465184
MAD2L1	MAD2L1	2.6293969206162403e-08	14790.0	1.37393260370601	1.37393260370601	1.65125578629743e-06	10515.0	59.220457361721294	0.28	1.0218014968922817	1.4566899430097238	25	0.24173373922399471
CAMK2N2	CAMK2N2	0.0281011190829222	14789.0	1.3736249097361002	1.3736249097361002	3.9080412282098156e-05	14330.0	80.70857271600765	0.5	1.4142541792965322	1.3989085206561918	24	-0.029043549996660156
BRINP1	BRINP1	0.172461475586215	14788.0	1.37355446540106	1.37355446540106	0.00161707121356287	11903.0	67.03841387856258	0.391304347826087	1.1909017763924716	1.259032783912271	23	0.1450738148700309
ITPKC	ITPKC	0.00020219393509914298	14787.0	1.3733101964166101	-1.3733101964166101	0.0284855303607525	3027.0	17.044046412076153	0.12	0.43208260544698396	0.4396477989243516	25	2.1408672880256576
TNFRSF21	TNFRSF21	7.711320577735669e-08	14786.0	1.37322272305531	1.37322272305531	2.27832620846132e-05	10303.0	58.026360256843525	0.12	0.7166420109497312	0.6035109829888797	25	1.0879349848015556
AGT	AGT	0.00281546589195393	14785.0	1.37221314748722	1.37221314748722	4.6215937969438747e-07	16474.0	92.78472456911118	0.6666666666666666	2.7215031893599533	2.558977300465278	24	-0.5272770655790511
BOLL	BOLL	0.315167288985373	14784.0	1.3718065823027599	1.3718065823027599	0.000419277289199993	13392.0	75.42525628027487	0.5	1.4689530770480914	1.6695419753158554	24	-0.058187512612225704
NUSAP1	NUSAP1	1.50693652073497e-07	14783.0	1.37178951177131	1.37178951177131	3.39257964175194e-06	10004.0	56.34223273628478	0.28	1.224278573870942	1.596031576169204	25	0.09242357112659617
SLITRK3	SLITRK3	0.00243934802915027	14782.0	1.37175584614938	-1.37175584614938	6.58141090302967e-06	16612.0	93.56201419398445	0.6521739130434783	2.079071302389724	1.6688484272968882	23	-0.4238344505534369
ESRP1	ESRP1	9.71454938657636e-10	14781.0	1.37097314868857	1.37097314868857	1.2580975023207605e-08	14644.0	82.47718823927002	0.5833333333333334	1.4166011825103964	0.9893161397000017	24	-0.0461207818116286
CXXC1P1	CXXC1P1	0.204415157354361	14780.0	1.3707515493228897	1.3707515493228897	0.00146163480332638	15571.0	87.69854680635349	0.5652173913043478	1.5576281202081461	1.204323767810173	23	-0.15517137158644215
PRDM7	PRDM7	0.6148876312485461	14779.0	1.37071214062921	1.37071214062921	0.0005384537452447419	14876.0	83.78393601441928	0.5416666666666666	1.7730832839725874	1.6806704884413202	24	-0.23941108391600466
PTCRA	PTCRA	0.000418640015534008	14778.0	1.37053192139801	-1.37053192139801	9.71119939806919e-06	16874.0	95.03773797454095	0.75	2.393713417578056	1.7258328066202138	24	-0.5928624674737726
DEUP1	DEUP1	0.0224339836813159	14777.0	1.37028007663925	1.37028007663925	0.000117295196828496	16509.0	92.98186324208629	0.5217391304347826	2.453350568718038	2.4130654673977823	23	-0.44883593367516744
PALM3	PALM3	0.0390337830366349	14776.0	1.3700546126228503	1.3700546126228503	0.046946873125540994	8158.0	45.94457587022642	0.08	0.5194781124268333	0.4826123856263999	25	1.7624423357722643
PCA3	PCA3	0.32884400458348	14775.0	1.3696793867848798	1.3696793867848798	4.49394727112839e-05	16336.0	92.00743494423791	0.6521739130434783	2.250207511109719	2.001333579784812	23	-0.4399706941506052
LENEP	LENEP	0.0102240895781785	14774.0	1.36925118699737	1.36925118699737	0.09682964396821339	10779.0	60.70744620930494	0.16666666666666666	0.6443033488524477	0.5881371784593937	24	1.232616921181381
ZDHHC13	ZDHHC13	4.79563404300711e-14	14773.0	1.3690391553527599	1.3690391553527599	6.5345196744969995e-09	11476.0	64.6333220682663	0.2	0.76343907798386	0.5548287625606796	25	1.0915080800315713
DOCK6	DOCK6	2.0692400046433397e-21	14772.0	1.36704039802429	-1.36704039802429	7.44613075222285e-07	10581.0	59.59220457361721	0.24	0.8834021674430751	0.8385330604115817	25	0.5767670392671556
MSI2	MSI2	6.576605882348861e-16	14771.0	1.3669972018561203	1.3669972018561203	0.00240159692435105	1030.0	5.795876985468063	0.12	0.5159193089774321	0.9363747834552283	25	0.9089073177923543
FNDC1	FNDC1	0.00941990395771463	14770.0	1.3665866754758103	1.3665866754758103	0.0015429341987653299	11870.0	66.85254027261462	0.2916666666666667	1.2554063009934768	1.6278097956606203	24	0.06830059309061515
GAS2L1	GAS2L1	4.67300377938813e-30	14769.0	1.36609961637822	-1.36609961637822	5.16294053121042e-09	13360.0	75.24501520784048	0.4	1.0569038101903403	0.7613662021145589	25	0.4061065559899342
OVCH1.AS1	OVCH1.AS1	0.00634192556019242	14768.0	1.3655347116745502	-1.3655347116745502	5.333641995971191e-05	13872.0	78.12887236679057	0.4166666666666667	1.2143422972406535	1.1960822712050194	24	0.1264063669145222
PTCHD4	PTCHD4	0.0118089898176813	14767.0	1.3651555644438897	1.3651555644438897	8.70149223708276e-06	12552.0	70.69392812887236	0.375	1.0042969330413851	0.9601888723296715	24	0.37582046803663366
DEFB124	DEFB124	1.93962416071046e-06	14766.0	1.3642261721103501	-1.3642261721103501	0.00010183032781407136	15201.0	85.61450940633097	0.5	1.69730133882181	1.430899690642639	24	-0.23277324671296182
IQCF1	IQCF1	0.55647373182899	14765.0	1.3641319692313898	1.3641319692313898	0.0045424716639538105	15603.0	87.87878787878788	0.5652173913043478	1.7393282340278409	1.3822290207281236	23	-0.27144290791898373
PCDH7	PCDH7	9.878621493097539e-08	14764.0	1.36322121234472	1.36322121234472	0.05488185134830435	4209.0	23.7017010251211	0.08333333333333333	0.6283591116612223	1.0738821384697872	24	0.6843042400636525
CECR3	CECR3	0.056161318550729006	14763.0	1.3628615284621701	1.3628615284621701	0.113061163265682	10422.0	58.69663174495888	0.375	1.241206693016503	1.154554298300908	24	0.1053695227887502
PHEX.AS1	PHEX.AS1	0.166539430852692	14762.0	1.3626865635522198	1.3626865635522198	0.0508618258498832	11768.0	66.27802185423003	0.30434782608695654	1.1484233366830179	1.198369164800675	23	0.17879567762813758
ITGB4	ITGB4	1.7332754801649501e-06	14761.0	1.3626031424776799	1.3626031424776799	0.005099922415121604	11498.0	64.75723780556494	0.2916666666666667	0.9734783584074203	1.384372574782884	24	0.28108385788506934
GJA3	GJA3	0.00158448685374674	14760.0	1.3620342980418798	1.3620342980418798	0.0003909717838301095	12881.0	72.54703165483834	0.375	1.1867036760755407	1.4012614003924821	24	0.1251234223088072
ZNF215	ZNF215	1.3411463127180601e-12	14759.0	1.36168633593094	1.36168633593094	0.00014447884764918502	7790.0	43.871803537231045	0.16	0.7863113571011572	1.0495571362519984	25	0.5482073904851573
NUP62CL	NUP62CL	8.775400436559219e-07	14758.0	1.3615436803304801	1.3615436803304801	9.55640193867799e-07	9869.0	55.58184071195223	0.24	0.8889340056497184	0.9825683306162512	25	0.4809942066668773
YPEL4	YPEL4	1.7162377249088799e-10	14757.0	1.3613594889801002	-1.3613594889801002	2.6252751197680602e-08	11585.0	65.24726822124592	0.375	1.0675963720966435	1.1067413215649604	24	0.2654306938391603
ZDHHC14	ZDHHC14	1.7751001627499697e-14	14756.0	1.36106026375646	-1.36106026375646	1.36602232767759e-06	7680.0	43.25222485073786	0.04	0.5229097479299075	0.4638203771806427	25	1.8070584154178302
L3MBTL4.AS1	L3MBTL4.AS1	8.85444980557118e-05	14755.0	1.36091861049527	1.36091861049527	0.0523375443847481	9218.0	51.91506139461529	0.3333333333333333	1.0560610489755868	1.2336718433383396	24	0.24711398186306396
IL12RB2	IL12RB2	0.0148100826062141	14754.0	1.36072569241212	-1.36072569241212	0.013315989485853524	9681.0	54.52292441140025	0.2916666666666667	1.1014331793860561	1.5670088248235179	24	0.16546972098594684
FILIP1	FILIP1	1.8672021519441102e-11	14753.0	1.36062643939949	-1.36062643939949	0.0008208261172722631	10112.0	56.95054635575081	0.16666666666666666	0.8326491263623707	0.9305644173556953	24	0.5673732018869011
SSR4	SSR4	5.25144007670316e-11	14752.0	1.3604355369024899	1.3604355369024899	1.7645498084036999e-09	10780.0	60.71307874281852	0.24	0.7424815511882248	0.6744072567748899	25	0.9162920171847019
CRH	CRH	0.34984907973616997	14751.0	1.3602861514963702	-1.3602861514963702	0.000557349466014562	16879.0	95.06590064210882	0.6666666666666666	2.6898311815142897	2.325569093325691	24	-0.5717073871654346
ACSS3	ACSS3	1.71508632779411e-09	14750.0	1.3599907710014498	-1.3599907710014498	0.03267857579172195	5193.0	29.244114002478316	0.25	1.0301636397912186	1.757396623377387	24	0.1876793928147906
MAGEE2	MAGEE2	0.0356462321374914	14749.0	1.3598098811167199	1.3598098811167199	0.007398624109812821	14645.0	82.4828207727836	0.4782608695652174	1.4104940858187383	1.1598771649760777	23	-0.043697907185769755
MT1E	MT1E	2.4456739414411097e-06	14748.0	1.3588103206475601	-1.3588103206475601	0.0232522416599038	7644.0	43.049453644249176	0.16666666666666666	0.8897176711095515	1.300908284139084	24	0.36058856358843555
CLDN4	CLDN4	4.63756867503041e-12	14747.0	1.3584985985317999	1.3584985985317999	0.01867304872217855	12650.0	71.24591641320265	0.4583333333333333	1.1160861702800513	1.158328041614748	24	0.20927787253930033
NMBR	NMBR	0.0820318746306881	14746.0	1.35766915295273	-1.35766915295273	0.00116113093615736	15175.0	85.46806353497803	0.6086956521739131	1.7015771746972645	1.3033847387543682	23	-0.2638576404333259
RELN	RELN	0.0007238568161702269	14745.0	1.35756624405251	-1.35756624405251	2.52795749578552e-05	14320.0	80.65224738087191	0.5416666666666666	1.7591603586163356	1.830723845684405	24	-0.21936356786443234
SERPING1	SERPING1	6.48657819567688e-15	14744.0	1.35691032912631	-1.35691032912631	0.0002742007311428205	12110.0	68.20434831587248	0.3333333333333333	1.1931203657756912	1.6276943122726917	24	0.1006269802109984
TLCD1	TLCD1	5.9758296195311295e-15	14743.0	1.3568845264986398	1.3568845264986398	0.000273570566514572	9984.0	56.229582066013286	0.28	0.8812040520349039	1.0449478442997593	25	0.455219346169855
MAS1	MAS1	0.0172888069123165	14742.0	1.35628529686784	1.35628529686784	7.02735325053357e-08	16714.0	94.13653261236904	0.75	2.039335056620859	1.5161146387933577	24	-0.45052645906555144
RAD51AP1	RAD51AP1	2.84634391168235e-13	14741.0	1.35601210813207	1.35601210813207	3.50419819231265e-07	11408.0	64.25030978934325	0.2	0.8137738782203344	0.7319617523937548	25	0.7408013166513671
ERI2	ERI2	4.2725442079336705e-11	14740.0	1.3558083828518799	1.3558083828518799	1.60370112713676e-07	10655.0	60.00901205362172	0.16	0.7037264824397105	0.784180583446396	25	0.831545582965513
TMC2	TMC2	5.7651507644386e-05	14739.0	1.35563461596766	-1.35563461596766	0.003522630695586235	15348.0	86.4424918328264	0.5416666666666666	1.4724421312336824	1.2967461805143903	24	-0.09007739295571895
MYH1	MYH1	0.00347825535903045	14738.0	1.35553411080818	-1.35553411080818	4.23423206773694e-05	17461.0	98.34403514700912	0.6956521739130435	4.180303199146906	3.607088239770307	23	-0.7831161592316918
CENPK	CENPK	8.320631893765821e-10	14737.0	1.3554230680174602	1.3554230680174602	0.0019419996249093801	7946.0	44.75047876534865	0.2	0.8001657599830173	0.890961874908934	25	0.6232110752114912
SPINT2	SPINT2	1.78508180572639e-23	14736.0	1.35531013766374	1.35531013766374	0.00584777107634524	9758.0	54.95662949194547	0.16	0.6905076852196131	0.7092972289475845	25	0.9372692086088134
EHD2	EHD2	8.26607248126455e-14	14735.0	1.35478104452552	-1.35478104452552	9.900614940692481e-08	12851.0	72.3780556494311	0.36	1.297457461367363	1.8853826804161409	25	0.030404216477423272
STPG2	STPG2	0.0069737765893003	14734.0	1.35467350462367	1.35467350462367	3.49039078071591e-05	12222.0	68.8351920693928	0.3333333333333333	1.0504608213862328	0.8588710392710206	24	0.3542006533316599
CREM	CREM	3.36423631632477e-08	14733.0	1.35451565399348	-1.35451565399348	3.7334479896077506e-05	6386.0	35.963726484172575	0.24	0.624922325630333	0.5250384924297169	25	1.3895996938944668
PLEKHA6	PLEKHA6	3.14300740442266e-07	14732.0	1.35390575132531	1.35390575132531	0.00741624529493825	9301.0	52.38256167624197	0.16	0.719617886371568	0.9399803068137944	25	0.6747884613708098
CD52	CD52	5.046502650657e-08	14731.0	1.3535350699331001	-1.3535350699331001	0.010051991629349435	13793.0	77.6839022192182	0.4583333333333333	1.7672974161542083	2.416580478877739	24	-0.17121811164065168
LBX1	LBX1	0.00215276987501479	14730.0	1.3534602954993302	-1.3534602954993302	0.00014627946917311	16602.0	93.5056888588487	0.5217391304347826	2.0006016433522684	1.6102924200818882	23	-0.40187815565823076
EPHB6	EPHB6	2.61345622282228e-07	14729.0	1.35342787680547	-1.35342787680547	7.718323556995796e-12	14054.0	79.15399346626111	0.5416666666666666	1.4244834948572465	1.8168399739933272	24	-0.039109453264394925
FOXA1	FOXA1	7.317206332599759e-07	14728.0	1.3531950468736398	1.3531950468736398	0.0027159776659659253	12277.0	69.1449814126394	0.4583333333333333	1.2528969627983657	1.422392463899348	24	0.07051364979839447
FUT8.AS1	FUT8.AS1	2.91172329879913e-07	14727.0	1.3529375475953098	1.3529375475953098	0.001398964866608295	6103.0	34.36971949983102	0.125	0.4651740678061403	0.3961004858340868	24	2.241258245164142
BACE2	BACE2	1.3784810146493698e-09	14726.0	1.3529118211587399	1.3529118211587399	8.32900862709844e-08	11580.0	65.21910555367803	0.2	0.975601076067407	1.1824672568904506	25	0.3190876896528635
LRP8	LRP8	1.82177840060704e-07	14725.0	1.3526080628412398	1.3526080628412398	0.0737023892912953	641.0	3.6048214486876193	0.08	0.3312454555091061	0.47857274150978535	25	2.1341846677476304
PPAT	PPAT	5.6681643782303e-14	14724.0	1.35258359502137	1.35258359502137	7.90591384171897e-06	8838.0	49.77469865945702	0.24	0.8867445264347144	1.3121268229593597	25	0.35502594751931543
SKA1	SKA1	2.73604387899786e-07	14723.0	1.35250976495248	1.35250976495248	0.0067292975792797895	4202.0	23.66227329052608	0.28	1.0874841525078665	1.549916231417941	25	0.17099350730855617
MAP4K2	MAP4K2	4.646083374575259e-16	14722.0	1.3524733100430801	-1.3524733100430801	7.445092720280708e-13	10667.0	60.07660245578461	0.2	0.7367185497635244	0.5554591879615939	25	1.1085508595856208
POU5F2	POU5F2	0.00626813729571431	14721.0	1.3518723193403102	1.3518723193403102	0.0018827903924365694	12621.0	71.082572941309	0.4166666666666667	1.4119034055673323	1.4874871830186476	24	-0.04035738049533807
LINC00643	LINC00643	0.0321611083985868	14720.0	1.35183018041082	1.35183018041082	7.42789941884476e-06	15774.0	88.8419511096091	0.5217391304347826	2.280312287161114	2.2731694651773298	23	-0.40845265651052687
ALOX15	ALOX15	0.0103975916710956	14719.0	1.35155460376207	-1.35155460376207	0.0012767903989441	13564.0	76.39405204460967	0.4583333333333333	1.6578530594080323	1.8082367256315308	24	-0.1693906839210927
TMED3	TMED3	1.28476926699731e-22	14718.0	1.35123060937182	1.35123060937182	4.1552516320981606e-08	5336.0	30.049566294919455	0.08	0.5521044798036315	0.5204276788088421	25	1.5355181173246455
HEYL	HEYL	2.01578271133717e-10	14717.0	1.35065650695604	-1.35065650695604	1.65020191363349e-06	13887.0	78.2133603694942	0.44	1.4029490448766213	1.2582853971276875	25	-0.04155856695146475
SULT1B1	SULT1B1	0.00015568029194248798	14716.0	1.3506274896178303	-1.3506274896178303	2.6451675247109002e-05	13898.0	78.27531823814351	0.5	1.9533430725805596	2.5714242789396757	24	-0.23438978464155222
GINS2	GINS2	3.7455998767730698e-06	14715.0	1.3504655110338202	1.3504655110338202	3.16132553496366e-05	5973.0	33.637490143066344	0.2	0.9641226174993026	1.4473556044255815	25	0.2669301810510121
SLC50A1	SLC50A1	2.90211854782714e-13	14714.0	1.34999245513699	1.34999245513699	1.10047550804218e-15	11591.0	65.28106342232736	0.36	0.8221506341316656	0.7391791324057635	25	0.7140918863434201
SHE	SHE	8.48294001534144e-14	14713.0	1.3499322491920802	-1.3499322491920802	3.7550227186780204e-11	14695.0	82.7644474484623	0.56	1.5556688454841128	1.5669530740217088	25	-0.13129722880851394
C22orf34	C22orf34	3.43076354447965e-10	14712.0	1.3498843911274299	-1.3498843911274299	0.00021850928555509	10881.0	61.28196462768953	0.3333333333333333	1.4275846950026425	2.132612486251181	24	-0.0364343284943428
TERB1	TERB1	0.0792299278124999	14711.0	1.3498432099272701	1.3498432099272701	0.01042666686468148	14537.0	81.87450715331755	0.5	1.7401425109489346	1.6519673040875769	24	-0.23626333284921555
ARRB1	ARRB1	2.26600823003898e-18	14710.0	1.34976127662631	-1.34976127662631	1.37785421895042e-05	8579.0	48.315872479441246	0.12	0.5709137010685773	0.3474084261128104	25	2.2418787715437434
CNR2	CNR2	0.0287401015470139	14709.0	1.3495863446049698	1.3495863446049698	0.000156656955181872	16194.0	91.20761518531035	0.625	2.0340674250082658	2.2340314685537	24	-0.30638828952862746
PRAM1	PRAM1	4.2986824819996994e-07	14708.0	1.3494340475987399	-1.3494340475987399	2.6907587581111294e-05	14065.0	79.21595133491044	0.5	1.6551442277109496	1.9912259284654672	24	-0.15352862562803432
MAMDC2.AS1	MAMDC2.AS1	1.28760552568788e-09	14707.0	1.34881435790119	-1.34881435790119	5.1687356985399454e-05	8960.0	50.4618677481131	0.2916666666666667	0.9916550805242438	1.410946783453934	24	0.2531344779018784
CREG2	CREG2	0.00936967038205882	14706.0	1.3477623507895702	1.3477623507895702	0.0008522312013638024	12401.0	69.84341556832263	0.4583333333333333	1.6515457694476676	2.0631236468984393	24	-0.14724440734067729
ANGPTL8	ANGPTL8	3.8756157179418e-14	14705.0	1.34731964590854	-1.34731964590854	2.7386293546155196e-05	15982.0	90.01351808043258	0.6666666666666666	1.7935233092256972	1.4036659343222195	24	-0.31788451397633527
AMOTL2	AMOTL2	3.43076354447965e-10	14704.0	1.34674945183721	-1.34674945183721	0.00818691991869093	8524.0	48.006083136194654	0.08	0.6635511545969888	0.7258474306075134	25	0.9412422892623646
TEX36	TEX36	0.38023297121428706	14703.0	1.34674837260456	1.34674837260456	0.02017815575762645	10429.0	58.7360594795539	0.45454545454545453	1.297721991611377	1.4072607033837758	22	0.03483816529183148
AURKA	AURKA	1.7973114418316802e-07	14702.0	1.34602722023779	1.34602722023779	2.5190001445650502e-05	5668.0	31.91956742142616	0.24	0.8458627674405568	1.1894897472201815	25	0.4204865607005942
KY	KY	0.015240154381821998	14701.0	1.34564945439377	1.34564945439377	0.0012726525825323448	10590.0	59.64289737523938	0.20833333333333334	0.8460616046007391	0.9261495037507563	24	0.5394246261211398
ROBO2	ROBO2	8.00318445076119e-10	14700.0	1.34559324798731	-1.34559324798731	0.0313468962351106	12111.0	68.20998084938604	0.4166666666666667	0.9467255920365957	1.1334954405355664	24	0.35189171626685417
AFF2	AFF2	1.26921838059163e-15	14699.0	1.3454848222154598	-1.3454848222154598	1.264353486740119e-06	12980.0	73.1046524726822	0.4166666666666667	1.5270221089532632	2.131081137340607	24	-0.08518553496482315
CST7	CST7	4.9953083091392796e-05	14698.0	1.34504441675006	-1.34504441675006	0.001044989084715368	15186.0	85.53002140362734	0.5416666666666666	2.1787544063942264	2.955951389672208	24	-0.2820445534243438
PRR29	PRR29	1.77944181983246e-06	14697.0	1.3450431958819198	-1.3450431958819198	1.2935802405733423e-05	12131.0	68.32263151965753	0.2916666666666667	1.0209635383331	1.4077118293353232	24	0.2302173291403255
MYBPC2	MYBPC2	0.0466276455940596	14696.0	1.3450302626861497	1.3450302626861497	1.289416306007615e-06	17465.0	98.36656528106342	0.7083333333333334	3.404057375260282	2.765260062869785	24	-0.7446052326945608
SNRK.AS1	SNRK.AS1	5.318613984125949e-82	14695.0	1.3443295070855599	-1.3443295070855599	1.75655527250818e-05	8023.0	45.18418384589388	0.12	0.6095833005547617	0.4890433030451009	25	1.502415434289339
FAM151A	FAM151A	0.000105398396304237	14694.0	1.34416662927486	1.34416662927486	0.00024708133374339535	12903.0	72.67094739213698	0.375	1.1819664807932775	1.3732652724773577	24	0.11811275776964412
HPCAL1	HPCAL1	3.31822710224469e-13	14693.0	1.34410109285068	-1.34410109285068	8.07215070133678e-07	14063.0	79.20468626788329	0.5416666666666666	1.2387559911756023	1.4848384722525338	24	0.07094717953749326
CFAP161	CFAP161	6.69741196221725e-06	14692.0	1.34391698024868	-1.34391698024868	0.00013236121747655177	12272.0	69.11681874507153	0.375	1.170040595926149	1.4046373979159354	24	0.12378738070089243
LGALS2	LGALS2	0.000366042659048282	14691.0	1.34351805088421	-1.34351805088421	0.000478479652166751	14067.0	79.22721640193758	0.5	1.309809469352393	1.1779227421042189	24	0.02861697149305448
CRIM1	CRIM1	1.7806485664322399e-25	14690.0	1.3426455606089198	-1.3426455606089198	3.3749208253088e-05	7332.0	41.29210318801397	0.2	0.5959136263123885	0.6338265934952022	25	1.1781328552005348
PDE4B	PDE4B	1.4151052258280599e-08	14689.0	1.3424377345095102	-1.3424377345095102	0.01353483785246805	7203.0	40.56550636476287	0.125	1.1404342325177763	2.4728446182238644	24	0.08168871610575522
SOX4	SOX4	2.04663589103463e-09	14688.0	1.34231556170051	1.34231556170051	6.7928459576722004e-06	11014.0	62.031091584994925	0.2	0.7780857480600366	0.8144490627844231	25	0.6927748332246773
LINC00311	LINC00311	0.12677769993454	14687.0	1.34182225523934	1.34182225523934	0.0855404784101945	10523.0	59.265517629829894	0.21739130434782608	1.0888909868086365	1.0748529394730002	23	0.2353170923593655
WASF3	WASF3	1.63143968906923e-09	14686.0	1.3415629003738798	-1.3415629003738798	0.00016536694006415848	10924.0	61.52416356877323	0.2916666666666667	0.9668002730337041	1.3887606139026922	24	0.269854014859349
GPR1	GPR1	0.0366869867078416	14685.0	1.3415379614768501	1.3415379614768501	0.0037068463260587553	8452.0	47.6005407232173	0.20833333333333334	0.7405533817047846	0.7759991960768683	24	0.7744654669881046
NEBL	NEBL	6.71370608608781e-11	14684.0	1.3409753759843799	-1.3409753759843799	0.0186772711756577	9753.0	54.9284668243776	0.16	0.6054803996795843	0.44456017647588175	25	1.654432887208235
BIK	BIK	0.000382573720582849	14683.0	1.3408899822739	1.3408899822739	0.000595107122750482	12978.0	73.09338740565506	0.4166666666666667	1.2931246182932703	1.535071550875923	24	0.03111605055371812
LINC00689	LINC00689	0.00110161721866095	14682.0	1.34084165167022	-1.34084165167022	0.00367480075517504	8211.0	46.24310014644587	0.25	1.0994962536163024	1.693277100009504	24	0.1425315431553187
PABPC1L	PABPC1L	1.09693013375215e-10	14681.0	1.34071861609119	1.34071861609119	0.000420084653349853	6892.0	38.81378844204123	0.08	0.4579843191576164	0.3858003725308272	25	2.2880597318838487
NOTCH1	NOTCH1	4.57109137327771e-12	14680.0	1.34006833499247	-1.34006833499247	8.435262632680441e-15	14077.0	79.28354173707334	0.52	1.3350403751037814	0.937017976028696	25	0.005365916148160075
ETNPPL	ETNPPL	0.213315439732695	14679.0	1.34001629937303	-1.34001629937303	5.36812464472969e-05	16514.0	93.01002590965416	0.5217391304347826	2.1709235305641137	2.2005073195768525	23	-0.3775980310535224
C7orf69	C7orf69	0.38136552041810495	14678.0	1.3396142547251002	1.3396142547251002	0.0016788223468004598	16103.0	90.69505463557508	0.5454545454545454	1.981275016978222	1.7961493447421715	22	-0.35724243317040494
DOCK4	DOCK4	1.3162066892699e-25	14677.0	1.33957869640659	-1.33957869640659	0.00620724498362975	2657.0	14.96000901205362	0.16	0.49057516522105915	0.6334901430897893	25	1.3402000653784367
TSPAN10	TSPAN10	4.16110382509611e-05	14676.0	1.33948742217397	1.33948742217397	0.01531810281400595	6944.0	39.1066801847471	0.20833333333333334	0.6023935629075196	0.7329759947421175	24	1.0056180073479513
CDT1	CDT1	7.55687762444893e-15	14675.0	1.33932336895594	1.33932336895594	5.249093115268951e-12	13261.0	74.68739438999661	0.44	1.2144391150899556	1.1845408331731828	25	0.10542840767374885
TMEM92	TMEM92	3.45822568584743e-09	14674.0	1.33921635732069	1.33921635732069	0.003743921095230235	11732.0	66.07525064774136	0.375	0.9418373034819618	0.8219210110784255	24	0.48347596482213717
C5orf34	C5orf34	7.33897715957885e-12	14673.0	1.33876235422381	1.33876235422381	0.000299922773542475	10261.0	57.7897938492734	0.12	0.6951545278088739	0.8829847437635329	25	0.7289002793770774
LINC00102	LINC00102	0.013087926985061001	14672.0	1.33808853455273	1.33808853455273	0.2198442052475425	3343.0	18.823927002365664	0.20833333333333334	0.7628792204062438	0.9759766753675987	24	0.5893678903031524
DDX11.AS1	DDX11.AS1	4.42442693143329e-05	14671.0	1.33803622444207	1.33803622444207	2.4758465308455003e-06	12107.0	68.18745071533175	0.32	1.0496069672824806	1.1186875161877046	25	0.25782826123107816
CHD5	CHD5	0.000102358439031268	14670.0	1.3378350214373798	-1.3378350214373798	6.242626830738836e-08	15045.0	84.73583417821335	0.5833333333333334	1.6878953435048638	1.5140020428281273	24	-0.23121522439532377
LHX6	LHX6	1.10099366327955e-05	14669.0	1.33748316781154	-1.33748316781154	0.0003051194949518565	12159.0	68.48034245803763	0.25	0.9691899419266483	0.9370862280275263	24	0.3930195694585251
LSR	LSR	4.17166371248247e-08	14668.0	1.3366121186630602	1.3366121186630602	0.0308074027951235	5554.0	31.277458600878674	0.24	0.6867920550467269	0.8975069944177226	25	0.724027854554959
TRIML1	TRIML1	0.26250463038972893	14667.0	1.3365504588898998	-1.3365504588898998	0.0207291109528389	12916.0	72.74417032781345	0.4782608695652174	1.3652010377391175	1.2237697593872006	23	-0.02341173952816454
C11orf80	C11orf80	2.43083778307251e-21	14666.0	1.33617941563248	1.33617941563248	0.00011130152718001498	3873.0	21.8091697645601	0.04	0.4206177091736519	0.5652315867974372	25	1.6197992607708585
NOCT	NOCT	1.2036007040103599e-06	14665.0	1.3360213612396399	-1.3360213612396399	0.0256676315738128	4819.0	27.13754646840149	0.08	0.34305663689133	0.31533674803633654	25	3.1489026589247686
DPYS	DPYS	0.0422281257855885	14664.0	1.33595890232517	-1.33595890232517	1.45936965737885e-06	16908.0	95.22924411400247	0.75	2.5245075499626553	1.8285554123515844	24	-0.6499932348831428
ANKRD31	ANKRD31	0.000186010830333613	14663.0	1.3359533292618402	1.3359533292618402	0.0002532911694661765	11839.0	66.67793173369381	0.2916666666666667	1.04244788301966	1.0608613723581346	24	0.2766671064568615
AZIN1.AS1	AZIN1.AS1	1.9168424193487302e-05	14662.0	1.3355905575324198	1.3355905575324198	1.11037415022194e-06	11826.0	66.60470879801734	0.24	0.7476767904138145	0.7028958399453643	25	0.8364166263443863
MYL4	MYL4	0.00025393397960624304	14661.0	1.3352137903006298	-1.3352137903006298	1.8617331610039434e-06	16765.0	94.42379182156134	0.75	2.734491788223408	2.1872907961618226	24	-0.6397311232590471
CCNJL	CCNJL	7.61365905984744e-05	14660.0	1.33519717547214	1.33519717547214	0.00329402080766688	5800.0	32.663061845217975	0.16	1.2959098752708516	2.4675704683614383	25	0.015921450149051518
ACSM2A	ACSM2A	0.0347134728185542	14659.0	1.33468210927018	-1.33468210927018	0.00018454060810434736	17612.0	99.19454770755885	0.5909090909090909	3.8607249871365976	3.041474935774664	22	-0.8305322027002121
SPAG1	SPAG1	3.99715009249039e-06	14658.0	1.3342603568976599	1.3342603568976599	5.60838523338109e-12	10948.0	61.65934437309902	0.24	0.6887658503411795	0.4948660692876683	25	1.3043822290860094
CYBRD1	CYBRD1	3.8498608981680397e-13	14657.0	1.3341534876413301	-1.3341534876413301	0.0018550216726589102	5655.0	31.84634448574969	0.24	0.804948883786338	1.3078925592048016	25	0.4046239120564677
SH3BP5.AS1	SH3BP5.AS1	3.9389965386633596e-47	14656.0	1.3339196741936001	-1.3339196741936001	0.0269901496625949	3561.0	20.051819308324884	0.16	0.5034852244507314	0.5444901526176114	25	1.5251597218987218
CD83	CD83	4.113879268084821e-13	14655.0	1.3338596351337	-1.3338596351337	0.017996199696222303	7418.0	41.77650107018136	0.3333333333333333	0.8906484373411487	1.4212248229424018	24	0.31185157382416007
VGLL3	VGLL3	1.04885724366884e-05	14654.0	1.3337726738548	-1.3337726738548	0.082951141385019	4132.0	23.26799594457587	0.125	0.802211967980269	1.5453543554907416	24	0.3439733443568216
NRXN1	NRXN1	0.00306964606973949	14653.0	1.3325269196722802	-1.3325269196722802	1.2167207351071499e-05	15104.0	85.06815365551425	0.5652173913043478	2.054591036180695	2.2125474068692768	23	-0.3263496701885929
KLHL4	KLHL4	8.082827120729519e-06	14652.0	1.33246400829939	-1.33246400829939	6.388013558283125e-05	15556.0	87.61405880364988	0.5416666666666666	1.6445037574311911	1.9063698507745757	24	-0.16368269200492055
TMEM177	TMEM177	9.574292063025559e-23	14651.0	1.33220950222792	1.33220950222792	1.04543800092018e-05	5196.0	29.26101160301904	0.12	0.6102371491681843	0.7088252176138798	25	1.018547781765035
TMEM239	TMEM239	0.24421912467827697	14650.0	1.33215589066691	1.33215589066691	0.09901312415183565	11619.0	65.43877436070744	0.3333333333333333	1.1654260312158542	1.3835689768858834	24	0.12050708149464935
HLA.E	HLA.E	9.98120832674965e-18	14649.0	1.3319109278627699	-1.3319109278627699	0.00804542588764221	7737.0	43.5732792610116	0.2	0.7386578488985157	0.8275202045831069	25	0.7169046455646684
CD244	CD244	0.000407504209133338	14648.0	1.3316680353883799	-1.3316680353883799	0.010649745405291625	12935.0	72.85118846457136	0.375	1.7189956981444603	2.5116820516194207	24	-0.1542104672469785
RASGRP2	RASGRP2	7.3794639276451405e-06	14647.0	1.33149702621132	-1.33149702621132	1.4197933002093202e-12	16337.0	92.01306747775149	0.7083333333333334	2.329391941750187	2.2140302400332628	24	-0.4507142212853764
SPRYD7	SPRYD7	3.20194326331671e-12	14646.0	1.33127989044766	-1.33127989044766	4.939898614653701e-12	9243.0	52.055874732454654	0.12	0.6230816349856535	0.5392271145546521	25	1.313358019926182
CARD14	CARD14	5.520298845562049e-14	14645.0	1.3312338717765702	1.3312338717765702	1.714387036971285e-05	10266.0	57.81795651684127	0.16666666666666666	0.876078556026776	1.2166088352260045	24	0.37411804235766694
C16orf92	C16orf92	0.24458509200688197	14644.0	1.3311472736196899	1.3311472736196899	7.003588540076059e-05	16346.0	92.06376027937365	0.7083333333333334	1.905211541506968	1.316109162147813	24	-0.43618286719502725
C4orf19	C4orf19	0.00169121945278975	14643.0	1.3310403619166002	1.3310403619166002	4.214117379147755e-06	13349.0	75.18305733919117	0.4583333333333333	0.9686244039197569	0.5849359358759412	24	0.6195823093927811
NTNG2	NTNG2	8.46310787194897e-08	14642.0	1.33067527286296	-1.33067527286296	7.460667823946701e-08	14955.0	84.22890616199166	0.5416666666666666	1.8357338107120655	2.385223660609121	24	-0.21174472909602418
RIDA	RIDA	1.0951118835899401e-06	14641.0	1.3305214212270602	1.3305214212270602	9.934212844783241e-08	9337.0	52.58533288273065	0.12	0.6790995761186807	0.6777797961582208	25	0.9611113355705747
CHGA	CHGA	0.0023084057088444397	14640.0	1.33006142369659	-1.33006142369659	0.000274797022271508	16942.0	95.420750253464	0.782608695652174	3.3656100412933307	3.7041586040458925	23	-0.5495306316995711
ALDH1L2	ALDH1L2	0.000104612963372223	14639.0	1.32969453897951	1.32969453897951	8.11867563161559e-08	11666.0	65.70350343584543	0.16	0.8225116884175827	0.6772286564417799	25	0.7489093170196187
DKK4	DKK4	0.264186789664561	14638.0	1.32927105310846	-1.32927105310846	0.0032759666639430455	17218.0	96.97532950321053	0.6818181818181818	3.010063985092346	2.5051231841526937	22	-0.670942228556469
CD247	CD247	2.21587463803705e-05	14637.0	1.32887281038476	-1.32887281038476	3.09545284655554e-06	16404.0	92.39044722316098	0.7083333333333334	2.2400330632945233	2.4557928803894318	24	-0.3710248776213059
ACTL7B	ACTL7B	0.32263008765842105	14636.0	1.32854890803419	-1.32854890803419	0.0004921005283837179	16845.0	94.87439450264729	0.625	2.445768105857462	1.6659748982261802	24	-0.6706098627373157
TSPO2	TSPO2	4.31574593870973e-05	14635.0	1.32825503727119	1.32825503727119	5.174326028764145e-06	14554.0	81.97026022304833	0.5416666666666666	1.4731869506150141	1.1093251194286868	24	-0.13064872579326914
NDRG2	NDRG2	1.81371729840027e-16	14634.0	1.32747374371702	-1.32747374371702	7.507629333083565e-05	12428.0	69.99549397318914	0.3333333333333333	1.1956545289021765	1.523948427141102	24	0.08649847492682802
RIPPLY2	RIPPLY2	0.27185844700253	14633.0	1.32732727344817	-1.32732727344817	0.00028141049436861663	13168.0	74.16356877323419	0.4166666666666667	1.3592446344232325	1.31823486073021	24	-0.024212196116087003
CDC45	CDC45	1.76191154619443e-08	14632.0	1.32699271155654	1.32699271155654	0.00306357502230903	2296.0	12.92666441365326	0.24	0.8150910333363585	1.2583971259414564	25	0.4067886581012396
CEBPB	CEBPB	9.58434386613889e-10	14631.0	1.32670232514757	-1.32670232514757	7.93359700851696e-05	9983.0	56.22394953249972	0.4	1.0416037783706615	1.3245833111838448	25	0.21523640254994758
GABRP	GABRP	0.058888220458002995	14630.0	1.32570650915848	1.32570650915848	0.00350162137483141	12407.0	69.87721076940407	0.391304347826087	1.9514863770914923	2.3437795633842953	23	-0.26699604250726494
GRIK1.AS1	GRIK1.AS1	0.043451365713181	14629.0	1.32547715478981	1.32547715478981	0.0857645097753484	11025.0	62.09304945364424	0.25	0.8879512217207205	0.843691034252045	24	0.5185854955267698
THEM6	THEM6	0.00016470238406840801	14628.0	1.3254654797696799	1.3254654797696799	0.0323129142203431	4779.0	26.91224512785851	0.12	0.5965723267541249	0.8260937328797072	25	0.8823371053484239
PPARGC1A	PPARGC1A	0.00158287894612635	14627.0	1.3249617891962	-1.3249617891962	0.006432261419217371	6271.0	35.31598513011152	0.125	0.7783605953952774	1.2397412391846903	24	0.4408994203987215
EFEMP1	EFEMP1	8.47996868827849e-18	14626.0	1.3247784998236	-1.3247784998236	0.000399858044012639	9324.0	52.51210994705418	0.16	1.0410578301366469	1.7654557692034731	25	0.1607067560888033
CPN2	CPN2	0.19911913340145104	14625.0	1.32403320489513	1.32403320489513	8.851196530225647e-06	17296.0	97.41466711726935	0.6666666666666666	2.7348706308121127	2.01949549417441	24	-0.6986088505702496
ANKRD18B	ANKRD18B	0.0007587324551510219	14624.0	1.32361298590653	1.32361298590653	0.00414391646952571	7245.0	40.80207277233299	0.24	0.9566774333258836	1.12327161560619	25	0.32666680746012106
HPN	HPN	1.7849731133183802e-07	14623.0	1.3233700713493102	1.3233700713493102	0.002060260566424893	14999.0	84.47673763658894	0.5	1.4274227924173806	1.3751543739249779	24	-0.07566621103860667
LRRC18	LRRC18	0.000161322760459208	14622.0	1.3222439869976998	-1.3222439869976998	0.0375636482767612	13006.0	73.25109834403514	0.34782608695652173	1.2085298903077653	1.2275927086878802	23	0.09263177916027099
RUNX2	RUNX2	1.68014008134176e-07	14621.0	1.3219209774616798	1.3219209774616798	0.001014653096382117	8260.0	46.519094288611015	0.2916666666666667	0.8321566215650004	1.04891964919424	24	0.46692266302085866
SLC16A8	SLC16A8	0.000117261428089284	14620.0	1.32144764523958	1.32144764523958	2.508105781767755e-06	13972.0	78.69212571814802	0.5	1.1743399381762019	1.022374494649427	24	0.14388827952307387
LIF	LIF	0.00044404657530824405	14619.0	1.3213308434801898	-1.3213308434801898	0.009136926084445175	6308.0	35.524388870113775	0.08333333333333333	0.7879984271930246	1.2528346273122442	24	0.42570057105728665
NAMPT	NAMPT	1.65120953947374e-06	14618.0	1.3210099368997499	-1.3210099368997499	4.495711415474989e-09	12512.0	70.46862678832939	0.28	0.9432983467937472	0.8752944202059332	25	0.43152518899542086
CXCL5	CXCL5	0.00845736373397594	14617.0	1.32098955912741	-1.32098955912741	0.0020067878364230375	15638.0	88.07592655176298	0.5416666666666666	2.1696262118700895	2.6416177002057513	24	-0.3212564227884227
TUSC2	TUSC2	3.38311263540446e-16	14616.0	1.3202542962891999	-1.3202542962891999	7.71822569106099e-07	3774.0	21.251548946716234	0.12	0.6024100293693914	0.6940090595728874	25	1.0343442308398538
PAGE4	PAGE4	0.696808843376259	14615.0	1.3200991062845802	1.3200991062845802	0.000328477475785969	17371.0	97.83710713078742	0.7391304347826086	3.347798274338242	2.6252287631756146	23	-0.7723895138193025
OOEP	OOEP	0.0100203767372853	14614.0	1.31964367877805	-1.31964367877805	0.0005392113297620544	15707.0	88.46457136419961	0.5416666666666666	1.7411432328112815	1.4821718927341159	24	-0.28437967019851146
UROC1	UROC1	0.0461969714325632	14613.0	1.31934890001773	1.31934890001773	5.793670660181379e-05	17666.0	99.49870451729187	0.7	3.462734178075081	2.4196628044373774	20	-0.8858198233764779
ATAD5	ATAD5	9.998306559053489e-20	14612.0	1.3191958081281001	1.3191958081281001	0.000145595264197482	9917.0	55.8522023206038	0.16	0.7359241799224842	0.8807650237833039	25	0.66223295936547
ASB5	ASB5	0.0483186430787907	14611.0	1.3183789636901297	-1.3183789636901297	0.00012171554771069399	15339.0	86.39179903120423	0.5217391304347826	2.6414248214057827	2.9931585976433133	23	-0.4420233056669177
SUSD5	SUSD5	0.000494592456620015	14610.0	1.31797956468764	1.31797956468764	0.009628597431483941	7215.0	40.63309676692576	0.24	0.905887526771717	1.3480207089897034	25	0.30570156316424263
KLF13	KLF13	8.85766000230518e-22	14609.0	1.31787178557664	-1.31787178557664	2.47243956785662e-07	11190.0	63.02241748338402	0.16	0.696812146617776	0.5061552983284074	25	1.2270140034292467
SLC6A17	SLC6A17	0.10330877039818101	14608.0	1.31772028008989	1.31772028008989	0.00016954902988052298	14010.0	78.90616199166385	0.4583333333333333	1.5525556567602308	1.7119164915060556	24	-0.13717688791218127
PKIA.AS1	PKIA.AS1	0.115810873949489	14607.0	1.31769909307241	1.31769909307241	0.0012899625588495825	9125.0	51.39123577785288	0.375	1.292608789362254	1.4481400740052466	24	0.017325881771064828
CAPZA3	CAPZA3	0.5009663881960751	14606.0	1.3176286082733	1.3176286082733	0.08590265123828515	16273.0	91.65258533288272	0.5	2.3555378730624175	2.1783355934865587	22	-0.476468946241603
TPD52	TPD52	4.2807323466687105e-11	14605.0	1.3175524636159701	1.3175524636159701	8.611939835408591e-14	13118.0	73.88194209755548	0.4	0.9953665492192261	0.8278090231616435	25	0.3892031922607249
PCYT1B	PCYT1B	2.7079663192315503e-07	14604.0	1.3173831210949098	-1.3173831210949098	2.26027698783091e-09	15722.0	88.54905936690322	0.7083333333333334	1.7641507548541826	1.533559713353409	24	-0.29132718463393487
PRSS35	PRSS35	0.000105651604664239	14603.0	1.31718496332303	-1.31718496332303	8.030883533284281e-06	16300.0	91.80466373774924	0.5416666666666666	1.9797763134677735	2.0636113553694315	24	-0.32108339994384516
MEP1A	MEP1A	0.0901725645622001	14602.0	1.31689351867201	1.31689351867201	2.44383992311753e-06	17607.0	99.16638503999098	0.7391304347826086	3.6195863623957796	2.702622560850968	23	-0.8520216167361254
ITGA5	ITGA5	5.96295068882539e-10	14601.0	1.31607755646354	-1.31607755646354	0.003542854911559435	10420.0	58.68536667793173	0.25	0.6215502007057853	0.4696171968763795	24	1.4789223230693997
GFPT2	GFPT2	0.000205464447479594	14600.0	1.31586443081539	-1.31586443081539	0.0565288170629183	8643.0	48.67635462431001	0.16	0.6152506644957098	0.5938202836988841	25	1.179841419285282
SERTAD4	SERTAD4	1.4627557891327301e-08	14599.0	1.31560636964774	1.31560636964774	0.0176696811931807	6985.0	39.337614058803645	0.125	0.5088237012617007	0.363576543218926	24	2.219017380063044
GABRA2	GABRA2	0.015061529967263001	14598.0	1.3155084403248998	-1.3155084403248998	2.9414243165071e-05	14353.0	80.83812098681986	0.5	1.9705274664928651	2.1509846488259496	24	-0.30452054900786385
PCDHGC3	PCDHGC3	2.4062769710633e-19	14597.0	1.31514867050529	-1.31514867050529	4.005630061931335e-11	11607.0	65.37118395854455	0.3333333333333333	0.9581454194387078	0.8953726060552244	24	0.3987203189512848
SLC16A12.AS1	SLC16A12.AS1	0.0522467082064355	14596.0	1.31512987172748	-1.31512987172748	0.0022366340609140303	16866.0	94.99267770643235	0.6956521739130435	2.0537942187864315	1.568679373882935	23	-0.47088293462452036
SH3RF3.AS1	SH3RF3.AS1	5.92350732077584e-08	14595.0	1.31479252532786	-1.31479252532786	1.0985558727497247e-06	14000.0	78.8498366565281	0.5	1.1826387446259952	1.2105004150092444	24	0.10917285038754461
GZMM	GZMM	0.00256902631511788	14594.0	1.31428830594174	-1.31428830594174	9.264845998694212e-07	15636.0	88.06466148473582	0.6666666666666666	2.06699254868119	1.916281780885733	24	-0.3927941340607744
PLA2G1B	PLA2G1B	0.00230569808524717	14593.0	1.31410140280584	-1.31410140280584	0.000810228366216842	17443.0	98.24264954376478	0.6666666666666666	3.1499420389908215	2.1318261192202854	21	-0.8611587125391068
LINC00844	LINC00844	0.269377215588627	14592.0	1.31353819526937	-1.31353819526937	0.000220295009306678	16889.0	95.12222597724455	0.5	2.203251831094679	2.01596418595687	22	-0.44133404850295477
FGD6	FGD6	6.56796950273136e-14	14591.0	1.3131075077198202	1.3131075077198202	1.3170989342403399e-05	9325.0	52.517742480567755	0.2	0.6410780633100128	0.6552190935841605	25	1.0256560759450573
MATK	MATK	1.3600187672719801e-05	14590.0	1.3125051314250802	-1.3125051314250802	2.564864449808276e-10	15584.0	87.77176974202996	0.6666666666666666	1.977886140331602	2.1814390573983573	24	-0.30501929753658713
PACRG.AS1	PACRG.AS1	0.0906774735098471	14589.0	1.31149685747206	-1.31149685747206	0.00276629609372596	14697.0	82.77571251548946	0.5454545454545454	1.41739685092624	1.0006269162644286	22	-0.10583364462104332
HERC2P7	HERC2P7	0.00544938266503455	14588.0	1.31138486432798	1.31138486432798	0.2391970199980315	4838.0	27.2445646051594	0.08333333333333333	0.4440969472893046	0.43347676482881115	24	2.0007714078543173
TACC1	TACC1	9.496903856682429e-26	14587.0	1.31023152158331	-1.31023152158331	0.0038349799013771297	3816.0	21.488115354286357	0.12	0.4765365157362293	0.5438706440980814	25	1.532892085450989
ENTPD3	ENTPD3	1.78737176080537e-05	14586.0	1.31008208973552	1.31008208973552	4.811854289773225e-06	14950.0	84.20074349442379	0.5	1.6477038974036804	1.68485960935514	24	-0.2003857210378383
GPR50	GPR50	0.43944166174138793	14585.0	1.30992058604151	1.30992058604151	1.71940841777462e-05	16623.0	93.62397206263377	0.6956521739130435	2.2808129342453234	1.7950136405426098	23	-0.5408829917918201
CLEC4GP1	CLEC4GP1	0.0111518396649585	14584.0	1.30842442672227	-1.30842442672227	2.24699515438002e-07	16831.0	94.79553903345725	0.7916666666666666	2.047861704239387	0.9756961824060958	24	-0.7578560732846599
LIX1	LIX1	0.0782998187813471	14583.0	1.30780266530166	1.30780266530166	0.0007794231252765705	14615.0	82.31384476737637	0.4583333333333333	2.0100362138896126	2.350034942632536	24	-0.29881834344186503
RPRM	RPRM	0.0170852469204689	14582.0	1.30672563640391	-1.30672563640391	1.3857363736596579e-06	15217.0	85.70462994254815	0.75	1.6030933747577836	1.4634218838183781	24	-0.2025169512844699
PKMYT1	PKMYT1	1.4543892571746999e-40	14581.0	1.3066663691246798	1.3066663691246798	9.12839754707619e-08	10915.0	61.47347076715106	0.2	0.8406891899036525	0.9723785093315589	25	0.47921377812160154
CHL1	CHL1	0.00219520064139021	14580.0	1.30638135554076	1.30638135554076	2.460871002323995e-05	14639.0	82.44902557170215	0.5833333333333334	1.611014105641771	1.9605598209967323	24	-0.15538049226477482
CD300LB	CD300LB	2.20188119202486e-08	14579.0	1.30607995483286	-1.30607995483286	2.5856401837202345e-05	15057.0	84.80342458037624	0.5833333333333334	1.78382889930172	1.999672204879579	24	-0.23891362959542164
LINC00298	LINC00298	0.132674943183473	14578.0	1.30603549454075	-1.30603549454075	0.0005072329789753841	15928.0	89.70936127069956	0.6666666666666666	1.6483340347944193	1.1268538942395545	24	-0.30376479329173894
LIMD1.AS1	LIMD1.AS1	3.00775482015514e-12	14577.0	1.30549314059587	-1.30549314059587	0.0113433590138109	2727.0	15.35428635800383	0.16	0.711675912175409	1.2395096706744932	25	0.4790743004831327
LRRC2.AS1	LRRC2.AS1	0.297538170472239	14576.0	1.3054546800546598	1.3054546800546598	0.04291530037241165	9422.0	53.06409823138447	0.3333333333333333	1.1365115606186575	1.31250243980255	24	0.12871832791519816
TIMP3	TIMP3	0.000109152271800896	14575.0	1.30509703829104	-1.30509703829104	1.129310886682704e-06	12157.0	68.46907739101047	0.375	1.265539987164739	1.6612482627271203	24	0.023811643337019246
GSX2	GSX2	0.39298728178961895	14574.0	1.3047728009130302	1.3047728009130302	0.000106765546228179	16826.0	94.76737636588938	0.6086956521739131	2.5141371155297447	1.9525037598427757	23	-0.6193915420240205
NXT2	NXT2	1.66644579273857e-06	14573.0	1.30468348760554	1.30468348760554	2.31624671200526e-07	11021.0	62.07051931958995	0.12	0.7391708427817753	0.6665780524650197	25	0.8483817352408874
KCNMB2	KCNMB2	4.7892226425224797e-05	14572.0	1.3041071040844	-1.3041071040844	0.03812597504752263	9924.0	55.891630055198824	0.375	1.2172241586904484	1.5978365586454084	24	0.054375364566453456
CDH23	CDH23	4.16719023410219e-05	14571.0	1.3039887476513201	-1.3039887476513201	1.16710036181413e-11	14145.0	79.6665540159964	0.52	1.3725690999210445	1.275448678936619	25	-0.05376958979400247
CADM3	CADM3	1.1834434857191699e-05	14570.0	1.30308716431144	-1.30308716431144	3.86924698000191e-08	17046.0	96.00653373887575	0.7916666666666666	2.415898245997482	1.894315729862464	24	-0.5874475221545233
HLF	HLF	5.5319765230018206e-11	14569.0	1.30198170490636	-1.30198170490636	2.1654070059060698e-05	13187.0	74.2705869099921	0.4583333333333333	1.231584666443535	1.2962399708394896	24	0.054308646582803204
EPB41L2	EPB41L2	3.51517543133425e-18	14568.0	1.30181014051551	-1.30181014051551	0.00044250940808991104	5326.0	29.993240959783712	0.08	0.43212734541769954	0.35567208881223894	25	2.445181453518329
RAG1	RAG1	2.31475133422863e-08	14567.0	1.3015680361465902	-1.3015680361465902	4.1098521390151004e-06	17331.0	97.61180579024445	0.75	2.4740471581770107	1.8362633466853227	24	-0.6385136010839007
LCN12	LCN12	2.0865758171040503e-06	14566.0	1.30156392606421	1.30156392606421	0.0019376557938914352	14421.0	81.22113326574292	0.5833333333333334	1.5211252466743073	1.3782455448908881	24	-0.15930493766078477
BEND6	BEND6	0.00128767781203194	14565.0	1.30093146340898	1.30093146340898	0.014514403138941399	5169.0	29.108933198152528	0.16666666666666666	0.6894319033141255	0.90704672869221	24	0.6741654434678588
SERPINE2	SERPINE2	3.37038100042187e-05	14564.0	1.30072571797916	1.30072571797916	6.0661622390104306e-05	11829.0	66.62160639855807	0.3333333333333333	1.1551512552023637	1.5719483075641256	24	0.09260766532607993
CPED1	CPED1	9.39418403721754e-21	14563.0	1.30050653662552	-1.30050653662552	0.00668161910878823	9212.0	51.88126619353385	0.375	0.8709072863474572	0.8288698126096824	24	0.5182952060052434
POM121L2	POM121L2	0.288577548129474	14562.0	1.29979291965358	1.29979291965358	0.00046302535355396203	17093.0	96.27126281401374	0.7142857142857143	2.8680584797792603	2.072952786487653	21	-0.7565370375766738
SNRK	SNRK	1.4343954765339897e-52	14561.0	1.2995625615451298	-1.2995625615451298	0.000408974985976198	4256.0	23.966430100259096	0.2	0.5401540907150222	0.6331394701035822	25	1.1994331528657782
GGT5	GGT5	1.59973256461209e-05	14560.0	1.2993934017298798	1.2993934017298798	1.0821748851392365e-05	12992.0	73.1722428748451	0.2916666666666667	1.4196739080054839	2.1124306791016827	24	-0.056939386208286695
SOST	SOST	0.202116984213122	14559.0	1.29891935646213	-1.29891935646213	1.64399187575524e-07	17335.0	97.63433592429874	0.7916666666666666	2.865146421522832	1.7928181922160287	24	-0.8736117649078255
HAMP	HAMP	0.025900039862625	14558.0	1.29884575566268	1.29884575566268	0.0008666388194821476	16542.0	93.16773684803424	0.7083333333333334	2.35582823203492	1.7071509216470617	24	-0.619149990179229
CACNA1E	CACNA1E	0.0112311258215402	14557.0	1.29863364199302	1.29863364199302	2.94927245704327e-07	15257.0	85.92993128309112	0.5416666666666666	1.9272717110301683	2.170957826521853	24	-0.28956714928189337
CLEC1B	CLEC1B	0.0206720470016882	14556.0	1.29856611781438	-1.29856611781438	0.009833066930205091	15454.0	87.03954038526528	0.6666666666666666	2.00240741228531	2.1080723759941056	24	-0.33387909375693003
MYRIP	MYRIP	0.00014755735449866	14555.0	1.29853868705063	-1.29853868705063	0.005826959320361415	8485.0	47.786414329165254	0.2916666666666667	0.9048308001058677	1.1964989379104372	24	0.3290499259717963
NDNF	NDNF	5.98841018200268e-06	14554.0	1.29799249922723	-1.29799249922723	0.005659665949144041	7964.0	44.85186436859299	0.20833333333333334	0.8080500952292439	1.0544423687057365	24	0.46464597643146727
PDCD2L	PDCD2L	3.5821017681082703e-06	14553.0	1.29700682210825	1.29700682210825	0.0111533088865977	200.0	1.1208741692013067	0.08	0.56442738812463	1.1224939574004054	25	0.6526355257004749
NOX5	NOX5	0.010546582576532001	14552.0	1.2966097909354601	1.2966097909354601	0.0003759994192406035	11215.0	63.16323082122338	0.3333333333333333	0.978844054953488	0.9849871203795547	24	0.32260902646069556
PLA2G4A	PLA2G4A	1.58904436819117e-05	14551.0	1.29611611946795	1.29611611946795	4.891800730560945e-12	12898.0	72.64278472456911	0.3333333333333333	1.243332025063274	1.2666307089279678	24	0.04167283647287428
FRK	FRK	7.82512041637445e-07	14550.0	1.29587674286526	1.29587674286526	1.9833938382782594e-09	15600.0	87.86189027824715	0.5833333333333334	1.425301466867367	0.8940079668410374	24	-0.14476909468651278
COL13A1	COL13A1	1.0285178727543799e-08	14549.0	1.29553492540575	-1.29553492540575	7.823743754037881e-05	12339.0	69.49419849048101	0.4583333333333333	1.2426931168261794	1.4023042762337423	24	0.037682127534753834
GPR182	GPR182	0.00143926927369641	14548.0	1.294991264542	-1.294991264542	5.899963484249406e-10	15947.0	89.81637940745748	0.7083333333333334	1.79262820411413	1.225172627589505	24	-0.4061769977274284
HES6	HES6	2.62055515730513e-07	14547.0	1.294643922967	1.294643922967	2.05798563950637e-07	10415.0	58.657204010363856	0.28	0.9639703738982722	1.0790028390468194	25	0.3064621677555932
C9orf50	C9orf50	0.0130032511784828	14546.0	1.29410794246851	1.29410794246851	0.025716727265961248	10623.0	59.82877098118733	0.20833333333333334	0.8498125916938625	0.7862965154928782	24	0.5650480982942518
POSTN	POSTN	0.0071169958088756705	14545.0	1.29384838370969	1.29384838370969	0.00017391996256569113	14808.0	83.40092373549622	0.5833333333333334	1.9982890852751796	2.185287082783654	24	-0.32235613669036184
NPY1R	NPY1R	7.31958544407552e-05	14544.0	1.29356423323351	-1.29356423323351	0.027644219410523647	7445.0	41.928579475047876	0.25	1.0205793319322694	1.972436298161567	24	0.1383998568448976
C20orf144	C20orf144	5.07174261415889e-06	14543.0	1.29247968093897	1.29247968093897	0.0252972430487097	5396.0	30.38751830573392	0.12	0.5501450384050469	0.7025189433891396	25	1.0566756235108792
CHRNA1	CHRNA1	0.0857525089322711	14542.0	1.29210490881507	1.29210490881507	1.29640319996018e-05	17079.0	96.19240734482369	0.782608695652174	3.107362702523635	2.9457653226325977	23	-0.6162262077572049
STAC	STAC	0.00177087834459312	14541.0	1.29173693898135	-1.29173693898135	0.04228898498865115	5706.0	32.13360369494198	0.16666666666666666	0.8685999731579255	1.6033886021656971	24	0.26390169248546075
CA2	CA2	8.04777919331494e-05	14540.0	1.29140097413152	-1.29140097413152	0.00646599327029739	4589.0	25.842063760279373	0.25	0.8527493276181514	1.3269105984861431	24	0.33058116124313214
LINC00665	LINC00665	0.0016168702219087	14539.0	1.2910436514811001	1.2910436514811001	8.8108889532505e-06	9566.0	53.875183057339186	0.16	0.8120430771266192	1.5882571294219536	25	0.3015888079336457
C1QTNF6	C1QTNF6	7.445679036967979e-09	14538.0	1.2903868205331102	1.2903868205331102	0.00591690509397071	5796.0	32.640531711163675	0.2	0.5800414773541214	0.5369236487978353	25	1.3229913503892823
ELOA2	ELOA2	0.16825306329601802	14537.0	1.29023300276368	1.29023300276368	0.0001208756398965752	13939.0	78.50625211220006	0.4583333333333333	1.4493165874305178	1.4079534674314953	24	-0.11298923462083679
CLDND2	CLDND2	2.8965196530717998e-06	14536.0	1.2902116486756399	-1.2902116486756399	4.65422519854005e-05	11535.0	64.9656415455672	0.16666666666666666	0.9307680711832856	1.0726193106438606	24	0.3351082475632396
EFCAB13	EFCAB13	3.0255973116149503e-12	14535.0	1.2883012900044901	1.2883012900044901	0.000435721362698219	3607.0	20.310915849949307	0.04	0.49511695513416426	0.5915111009674873	25	1.3409458141579724
CRNDE	CRNDE	2.88940656257011e-06	14534.0	1.2881402915984599	1.2881402915984599	0.0001874039225611405	11362.0	63.99121324771882	0.3333333333333333	1.0370975289645656	1.1714463710132177	24	0.214301541108331
ARHGAP39	ARHGAP39	0.000103564166884536	14533.0	1.28750118105708	1.28750118105708	9.026184138059921e-05	11402.0	64.2165145882618	0.24	0.7948251874563595	0.6346677019725151	25	0.7762739336971275
CREB3L4	CREB3L4	9.58936696630727e-12	14532.0	1.2874082308711599	1.2874082308711599	7.103772304762409e-09	11289.0	63.58003830122789	0.36	0.8771650106119057	0.809977011496792	25	0.5064874859857414
C2orf15	C2orf15	3.32654481694838e-07	14531.0	1.28699748198758	1.28699748198758	3.526728893697345e-05	11576.0	65.19657541962374	0.125	0.7094212599434715	0.47870971623918007	24	1.2065270506344419
PCDHGB7	PCDHGB7	7.14368579832223e-17	14530.0	1.2864984913583202	-1.2864984913583202	3.6040538967456154e-10	11889.0	66.95955840937253	0.2916666666666667	0.9082809682139503	0.7934407400293769	24	0.47668024095960393
FGF17	FGF17	0.000339799031195145	14529.0	1.28640652529784	-1.28640652529784	2.2795954436590804e-05	17083.0	96.214937478878	0.6666666666666666	2.367866948638251	1.7559115869194402	24	-0.6158968546005884
EMP3	EMP3	3.8091319821263104e-13	14528.0	1.28545413684045	-1.28545413684045	0.00233826082233622	10273.0	57.857384251436294	0.36	1.0406939134098103	1.2330837283629066	25	0.19849440699018348
MYOM3	MYOM3	9.54199950452421e-06	14527.0	1.28535884620993	1.28535884620993	1.18016882901361e-08	16590.0	93.43809845668581	0.6086956521739131	2.0468210304375067	1.6567569706975993	23	-0.4596100681604214
PMP22	PMP22	1.78508180572639e-23	14526.0	1.28492177115288	-1.28492177115288	9.46486192444682e-06	9371.0	52.77683902219218	0.32	1.0594063148697148	1.7081699164143067	25	0.1320216766002731
PLSCR4	PLSCR4	1.70961646047601e-17	14525.0	1.2844788769686202	-1.2844788769686202	0.0008676068309134965	6743.0	37.97454094851864	0.20833333333333334	0.8166261693011427	1.270729566654133	24	0.3681764554352402
LDHA	LDHA	1.24950512480889e-07	14524.0	1.2843674674207	1.2843674674207	3.0032541367070805e-11	11011.0	62.0141939844542	0.16	0.7536499159112166	0.7040888954385115	25	0.7537649790357066
KLF10	KLF10	2.0854524473363103e-11	14523.0	1.2843637915048798	-1.2843637915048798	0.000747743660934297	6100.0	34.3528218992903	0.16	0.554266531404447	0.6385722080081081	25	1.1433276471236007
MFAP2	MFAP2	8.30718158877098e-05	14522.0	1.2842628655338701	1.2842628655338701	0.0016001917158605002	10634.0	59.890728849836655	0.2916666666666667	0.8460477999794209	0.8021716249178509	24	0.5462859217930155
TMSB4Y	TMSB4Y	0.0606480205865439	14521.0	1.28401833655692	-1.28401833655692	0.009036211642925	5524.0	31.108482595471443	0.20833333333333334	0.8220211219812018	1.2923110006049352	24	0.3574969294229142
TBC1D26	TBC1D26	0.00169562214805203	14520.0	1.28298578166333	-1.28298578166333	8.3806122593912e-05	14059.0	79.182156133829	0.4583333333333333	1.0880472678027768	1.094668414039582	24	0.1780799659151438
DECR2	DECR2	5.632996075734421e-07	14519.0	1.2828868252429	1.2828868252429	0.0123757542168128	3383.0	19.04922834290864	0.04	0.370629165299502	0.5644254137639639	25	1.6162590090688111
ELMO1	ELMO1	3.10560707255338e-13	14518.0	1.28274269785831	-1.28274269785831	0.000534803604665436	9471.0	53.340092373549616	0.25	0.7320947986705612	0.6598668534824665	24	0.8344833450592171
FUNDC1	FUNDC1	5.625245969292919e-13	14517.0	1.28166194082375	1.28166194082375	3.1261761745246504e-09	10810.0	60.88205474822575	0.16	0.6759439887681645	0.5311677884010368	25	1.1403514393803234
SIGLEC16	SIGLEC16	0.0023891403904181398	14516.0	1.28140246445345	-1.28140246445345	5.822928503800025e-06	12974.0	73.07085727160076	0.4166666666666667	1.11349295927539	0.8973604228676982	24	0.1871148993193516
PCSK1	PCSK1	0.0405145762235513	14515.0	1.28132432083186	1.28132432083186	4.91184334138317e-06	16271.0	91.64132026585557	0.6086956521739131	2.361865670391722	2.4927568395437802	23	-0.433472423951957
TRIM10	TRIM10	0.12946821749754303	14514.0	1.28073861357523	-1.28073861357523	8.942961139667988e-07	15721.0	88.54342683338966	0.625	1.9568829225700497	2.0030231423558367	24	-0.33756190565006605
LOXL1.AS1	LOXL1.AS1	1.72563763043666e-05	14513.0	1.28062941919925	1.28062941919925	0.002450447486618705	4485.0	25.256280274867635	0.16666666666666666	0.6266375898178771	1.095695148299231	24	0.5968738936158634
SCGB2A1	SCGB2A1	0.0591705371861989	14512.0	1.28038249396037	1.28038249396037	1.0248603002047e-05	17420.0	98.11310127295256	0.6956521739130435	2.8547809424418333	2.0970185064115054	23	-0.7507794726979454
CDH15	CDH15	0.011608365997257	14511.0	1.2803205224231298	1.2803205224231298	4.619819372712775e-05	15326.0	86.31857609552776	0.6666666666666666	1.9699051608814984	1.6261580064563708	24	-0.42405758586834463
C11orf21	C11orf21	8.726882035942621e-13	14510.0	1.28014297780875	-1.28014297780875	6.313870843642548e-07	13119.0	73.88757463106904	0.4583333333333333	1.9796124621816829	2.6404999963795706	24	-0.264900392096946
CA12	CA12	0.0139188086253238	14509.0	1.28012644628747	1.28012644628747	8.665221530709685e-05	12460.0	70.17573504562351	0.4166666666666667	1.0183707619304512	0.8881820116169311	24	0.29470950878693636
CYP2A6	CYP2A6	0.00079718049882273	14508.0	1.2795365822617801	-1.2795365822617801	1.7746526035362302e-05	17660.0	99.46490931621042	0.7391304347826086	3.4313959804666534	2.0743782263373407	23	-1.0373515161718307
DOK2	DOK2	1.68231950812462e-08	14507.0	1.27948932472828	-1.27948932472828	2.6438147553852698e-05	15142.0	85.28218992903007	0.5416666666666666	1.7519984481322692	2.1780775908675345	24	-0.21693860925119182
SYDE1	SYDE1	6.644706168878009e-07	14506.0	1.2793738549426699	-1.2793738549426699	1.5429925623197599e-09	15151.0	85.33288273065224	0.64	1.4275429202847112	1.0154941280213605	25	-0.14590834279932405
GSG1	GSG1	0.0923979501310059	14505.0	1.27876471196611	-1.27876471196611	2.9801458891316306e-07	16999.0	95.74180466373774	0.7083333333333334	2.6389888373605634	2.1533893060688047	24	-0.6316666111236793
TMEM132D	TMEM132D	0.0564829150959439	14504.0	1.27823576356755	-1.27823576356755	8.2101928824111e-05	14760.0	83.13056212684465	0.5217391304347826	1.850029094808606	1.6651677244164622	23	-0.34338482715993907
FATE1	FATE1	0.0437726786178328	14503.0	1.27782110284682	-1.27782110284682	1.4050017807216426e-05	17615.0	99.21144530809957	0.7727272727272727	3.497901202199424	2.3010112855317004	22	-0.9648279925057405
LRRC17	LRRC17	0.0015015986551211	14502.0	1.27720247002905	1.27720247002905	0.000309289484993224	13672.0	77.0023656640757	0.4583333333333333	1.3601374062624807	1.208947145093336	24	-0.06860096123311303
CYP1B1	CYP1B1	0.00145932397163189	14501.0	1.27686278675234	1.27686278675234	4.93107734861211e-05	10464.0	58.933198152529	0.2	1.0227571018319126	1.4302397979167867	25	0.17766649011623414
EPS8	EPS8	2.05546421935925e-10	14500.0	1.27680083543961	1.27680083543961	7.56071668543372e-08	12920.0	72.76670046186774	0.36	1.048253557785558	0.802200435343984	25	0.2849004657496238
TMEM132A	TMEM132A	1.1788242045177302e-05	14499.0	1.27609394389448	1.27609394389448	1.6458752423042e-05	9721.0	54.74822575194322	0.32	1.0260805481314588	1.1861706268917547	25	0.21077355154052094
SRGN	SRGN	1.03788494956173e-10	14498.0	1.2755285938683	-1.2755285938683	0.02089642712570115	9773.0	55.041117494649086	0.2916666666666667	1.4040054492450424	2.7116675834125403	24	-0.04737927914271065
LYPD1	LYPD1	8.994361311284301e-08	14497.0	1.2750851590963799	1.2750851590963799	0.0003478746896130206	9574.0	53.920243325447785	0.2916666666666667	0.9820285628589892	0.9971962386206266	24	0.29388056722191586
TGFBR2	TGFBR2	1.3137635429555599e-36	14496.0	1.27507948812822	-1.27507948812822	5.92944759963264e-06	8146.0	45.87698546806353	0.24	0.9499554258814402	1.3575777925339891	25	0.2394883475811127
SFRP5	SFRP5	0.0309946831773858	14495.0	1.27507179284547	-1.27507179284547	0.0009161049002917615	15705.0	88.45330629717246	0.5833333333333334	1.8963972454311235	1.8073845468779253	24	-0.3437704796463656
SOX1	SOX1	0.0144767243881162	14494.0	1.27476008253927	1.27476008253927	3.289871345327688e-06	16479.0	92.81288723667905	0.5416666666666666	2.205186067435046	1.8906407677891799	24	-0.49212203647960534
TFRC	TFRC	2.4853611365918197e-08	14493.0	1.27445420338772	-1.27445420338772	0.000356478224296232	6741.0	37.96327588149149	0.08	0.5505919375569097	0.5726085007692318	25	1.2641486545491152
SRPK1	SRPK1	4.67300377938813e-30	14492.0	1.27416996798411	1.27416996798411	5.820333925856099e-08	10329.0	58.172806128196456	0.16	0.6082325534896031	0.39172286253457345	25	1.7000218220240626
MSANTD4	MSANTD4	2.65923215922064e-05	14491.0	1.27388132889992	1.27388132889992	0.000291593300911573	5880.0	33.11366452630393	0.04	0.6147919098886395	1.1713915735160694	25	0.5626550795759493
NRIP3	NRIP3	0.00295067512054958	14490.0	1.27371224978921	1.27371224978921	0.000100043141357608	11367.0	64.01937591528669	0.36	1.19644167859413	1.5356707966101795	25	0.05031714568359699
TNFSF4	TNFSF4	0.0028100404359835	14489.0	1.27328694502367	1.27328694502367	6.53930069000932e-05	11970.0	67.41579362397206	0.3333333333333333	1.5432628484575106	2.205855160748932	24	-0.12239058494764384
FAM83H	FAM83H	6.0090810501683e-10	14488.0	1.27323506365621	1.27323506365621	0.000961143224859671	10080.0	56.77030528331643	0.24	0.8590638314147638	0.9214844459806156	25	0.4494609041400561
VAMP5	VAMP5	5.03868156973519e-10	14487.0	1.2731576916900902	-1.2731576916900902	0.010737819713449386	10783.0	60.72997634335924	0.25	1.3098758762715024	2.0275420087953155	24	-0.018109703484382383
ZBED8	ZBED8	6.93824052859084e-06	14486.0	1.2724487539395701	1.2724487539395701	5.17289191943837e-07	10608.0	59.74428297848372	0.08	0.8098633748151856	1.0106230117657906	25	0.4577229824958583
ADORA3	ADORA3	2.3407941375066896e-05	14485.0	1.27208201069799	1.27208201069799	0.01004348227981372	12475.0	70.26022304832713	0.375	1.3688404433238557	1.8968482052792204	24	-0.051010108429642445
MET	MET	2.33619474246001e-06	14484.0	1.27111187004575	1.27111187004575	1.17988693205166e-05	12963.0	73.00889940295144	0.4	1.3113402222430464	1.3477805065233468	25	-0.029847851339731123
FZD10.AS1	FZD10.AS1	1.3192382168975601e-08	14483.0	1.27106087180132	-1.27106087180132	0.0017335004331273146	12658.0	71.29097668131125	0.2916666666666667	1.0828201277670486	1.1487267309576519	24	0.1638690377452451
ALDH18A1	ALDH18A1	7.294433544245808e-43	14482.0	1.27086407756048	1.27086407756048	0.000610360093417106	3502.0	19.719499831023995	0.08	0.4069583327072616	0.5063832399583993	25	1.7060314731668262
MRPS6	MRPS6	2.73317043029056e-08	14481.0	1.27085653575432	1.27085653575432	2.27952632366456e-06	4250.0	23.93263489917765	0.08	0.5308626106669275	0.690232590791829	25	1.0720935739045265
ADCK5	ADCK5	2.23118509038863e-09	14480.0	1.2703268433783999	1.2703268433783999	0.0838611402762783	375.0	2.1065675340768277	0.08	0.35436779593465195	0.45753448070445996	25	2.0019453966255343
ETS1	ETS1	2.9826431781766196e-11	14479.0	1.2701199416038602	-1.2701199416038602	4.56686497825651e-05	11644.0	65.5795876985468	0.32	1.1469362289860916	1.547012277045264	25	0.0796268487623414
GABARAPL1	GABARAPL1	1.94042808002894e-34	14478.0	1.2697374812714801	-1.2697374812714801	2.2577089851608896e-07	8486.0	47.79204686267883	0.16	0.583617942284102	0.38791985081796965	25	1.768714690781158
NET1	NET1	8.94647560709317e-16	14477.0	1.2691796271698301	1.2691796271698301	3.5538869818170396e-05	8006.0	45.088430776163115	0.08	0.6681350930635603	0.7200495336664676	25	0.8347266486595326
FLRT1	FLRT1	3.32027700735523e-07	14476.0	1.26889567651884	1.26889567651884	1.980893207292402e-06	8383.0	47.21189591078066	0.16666666666666666	0.7833721621593869	1.2178244024926017	24	0.3986810523468737
UTF1	UTF1	0.00907255326724985	14475.0	1.26835056717473	-1.26835056717473	3.5783066152488953e-11	17691.0	99.63951785513123	0.7916666666666666	3.822022719918717	2.1868184072012395	24	-1.1677568399528238
LINC00167	LINC00167	0.0580577460576569	14474.0	1.26784858260239	1.26784858260239	0.08462650557638154	4234.0	23.84251436296046	0.3333333333333333	0.8348956117817156	0.9940934368381561	24	0.4355254292772899
RXFP3	RXFP3	0.11287922898089599	14473.0	1.26729146140677	1.26729146140677	0.02288516831572035	13574.0	76.4503773797454	0.3333333333333333	1.3076402181310984	1.037925744171302	24	-0.038874415584077754
TRPC5	TRPC5	0.0932930433962313	14472.0	1.26717416033021	1.26717416033021	0.002178876800708635	14068.0	79.23284893545116	0.5	1.7891428057987915	1.884575278732995	24	-0.27696884882173683
LATS2	LATS2	2.02724204958796e-28	14471.0	1.26697384719615	-1.26697384719615	3.22871833114534e-11	9718.0	54.731328151402494	0.24	0.6010974952879884	0.3764645546984537	25	1.7687624069722192
HHIP.AS1	HHIP.AS1	0.0004960968896544231	14470.0	1.26682691491723	-1.26682691491723	4.57782617428976e-05	13328.0	75.0647741354061	0.4583333333333333	1.309791050433281	1.6568814897937714	24	-0.025930723338214556
KCNK17	KCNK17	0.00142048239278242	14469.0	1.26643813913673	-1.26643813913673	6.42272316785513e-06	15139.0	85.26529232848935	0.625	1.8007362773265168	1.8394277174026326	24	-0.2904697657509714
SCG2	SCG2	0.009811500950193109	14468.0	1.26609777060846	1.26609777060846	5.12272399591498e-05	15239.0	85.82854567984678	0.5	2.151214160936241	2.2177957701924615	24	-0.3990973389993301
HMX1	HMX1	0.39737343754584903	14467.0	1.26606497373167	1.26606497373167	6.85929000498988e-06	16792.0	94.57587022642784	0.6521739130434783	2.1636088691676254	1.5731995280461557	23	-0.5705213353011015
APBB1	APBB1	6.697977891779959e-26	14466.0	1.2659750516836898	-1.2659750516836898	3.90593688898603e-11	14017.0	78.94558972625886	0.48	1.3102410089415364	1.1806503314063288	25	-0.0374928597234367
APOL3	APOL3	2.77187825598883e-07	14465.0	1.2655263486011799	-1.2655263486011799	0.0001247749049329325	10912.0	61.45657316661033	0.25	1.2635443998693587	1.9195747124736966	24	0.0010324936658844806
BCAN	BCAN	0.00895494352964044	14464.0	1.2655022736612	1.2655022736612	0.0018167633754420287	16299.0	91.79903120423566	0.625	2.658971834451231	2.7893153367639423	24	-0.49957405045737185
TNF	TNF	0.000502780131637684	14463.0	1.26487480655353	-1.26487480655353	0.026375376303841902	14539.0	81.8857722203447	0.5	2.0748695853325345	2.5859792350528825	24	-0.3132255540955418
PDYN	PDYN	0.468799506430521	14462.0	1.2648339483637	1.2648339483637	0.00234814805971901	16250.0	91.52303706207051	0.4782608695652174	2.299262409656112	2.163176988634482	23	-0.4781987173159608
APOH	APOH	0.0077007736416781205	14461.0	1.26392288163018	1.26392288163018	8.890208800805228e-09	17554.0	98.86786076377153	0.6666666666666666	3.580325897548718	2.965565343859642	21	-0.7810999749895149
HYMAI	HYMAI	1.0947858961362299e-08	14460.0	1.2638397190763702	-1.2638397190763702	0.0014007292169806375	8400.0	47.30764898051143	0.2916666666666667	0.918108321901959	1.261313618322356	24	0.27410422923543826
AMPD3	AMPD3	1.05093618338737e-06	14459.0	1.26378876894897	1.26378876894897	0.0001545774572597893	7434.0	41.86662160639855	0.25	0.88782201018718	1.1482257510093814	24	0.3274327878740617
OR5AK4P	OR5AK4P	0.125632948240786	14458.0	1.2636802654930401	-1.2636802654930401	0.00046203333825545	16885.0	95.09969584319026	0.6521739130434783	2.0396620173021014	1.4051827398781946	23	-0.5522283542113003
TDRD5	TDRD5	0.10997347301528301	14457.0	1.26331384277535	1.26331384277535	0.0015836360926725149	12254.0	69.01543314182719	0.3333333333333333	1.2569781499116262	1.4075866565995883	24	0.004501103242218517
RNF17	RNF17	0.3622078235488789	14456.0	1.2629768677458302	1.2629768677458302	0.032696377724473896	14869.0	83.74450827982426	0.4583333333333333	1.909313921909299	2.2495816087686418	24	-0.2873143395394558
HELLS	HELLS	9.016522882116289e-08	14455.0	1.26269920660094	1.26269920660094	1.2241053299225e-05	11561.0	65.11208741692013	0.2	0.9741037772700012	1.211327736760127	25	0.238247189899927
RUNX3	RUNX3	3.0461989595486602e-05	14454.0	1.2626124199203201	-1.2626124199203201	2.575063759451498e-06	13359.0	75.2393826743269	0.4583333333333333	1.463981322479358	2.3327423362580824	24	-0.0863228224691334
GNG13	GNG13	0.00435376520971724	14453.0	1.2625830894027699	1.2625830894027699	0.0006118246411271995	12917.0	72.74980286132703	0.25	1.1586107614409047	1.3053308353168163	24	0.07965208907106687
DPYSL5	DPYSL5	0.35000593647747696	14452.0	1.26179608570075	1.26179608570075	4.6929418582822305e-05	14622.0	82.35327250197138	0.5	1.8187282083778167	2.1149589543973724	24	-0.2633299911183178
CRISP2	CRISP2	0.0985531038518559	14451.0	1.26164008849969	-1.26164008849969	0.005301350528720049	16665.0	93.86053847020389	0.625	2.2933912895603323	2.078340012850174	24	-0.4964304178726412
TCP10L	TCP10L	0.00012612331814776297	14450.0	1.26158011956627	1.26158011956627	0.0007512224828630642	11578.0	65.2078404866509	0.3333333333333333	0.9122892251390825	0.9056238498131781	24	0.3856909184748645
PRR19	PRR19	2.22798172207496e-16	14449.0	1.26113005568724	1.26113005568724	0.000149799275140552	6914.0	38.93770417933986	0.04	0.6152031114797407	1.0372467046650997	25	0.6227322210833656
ANKRD53	ANKRD53	1.34306537310606e-08	14448.0	1.26101606448119	-1.26101606448119	0.000126723308723879	17036.0	95.95020840373999	0.6521739130434783	2.3835432626696456	1.9755821601133057	23	-0.5682007161494489
NPAS2	NPAS2	0.00010196453424742801	14447.0	1.26019595778051	1.26019595778051	0.00040525714471728147	6735.0	37.929480680410045	0.16666666666666666	0.5433483337140871	0.48098602707871085	24	1.4903709956404088
SELPLG	SELPLG	2.42834758498489e-08	14446.0	1.2595424676708602	-1.2595424676708602	2.3080968902545898e-05	14239.0	80.19601216627238	0.5	1.24784222527502	1.1754568046631286	24	0.009953783371217332
CNTFR.AS1	CNTFR.AS1	0.17325920151267202	14445.0	1.25946397869972	-1.25946397869972	0.000140902044272099	16219.0	91.3484285231497	0.5217391304347826	1.8097526647781268	1.3202982817929303	23	-0.4167911854972115
TMEM62	TMEM62	1.80840046243521e-08	14444.0	1.2589766041943402	1.2589766041943402	1.65266501925151e-11	11871.0	66.8581728061282	0.2	0.7656161787701783	0.5546251007574481	25	0.8895385815578535
TMEM47	TMEM47	1.44851781498514e-11	14443.0	1.2586895113652	-1.2586895113652	0.011451700916718651	5107.0	28.759716120310916	0.16666666666666666	0.7248542434164246	1.1538272051267133	24	0.4626648302075262
GLOD5	GLOD5	0.0129500178847844	14442.0	1.25841462848314	1.25841462848314	0.001665486406324775	14371.0	80.93950659006421	0.5416666666666666	1.3790278558420754	1.121018417627143	24	-0.10759254751071555
TDRD10	TDRD10	1.01241097348893e-06	14441.0	1.25804386930757	-1.25804386930757	2.426506310449462e-06	16128.0	90.83586797341444	0.625	1.6183318435715026	1.2092394734751444	24	-0.2979459256556748
TPRG1	TPRG1	1.89134678901912e-11	14440.0	1.2578480302764299	-1.2578480302764299	0.0001475972305737108	8018.0	45.15602117832601	0.4166666666666667	1.0223220219064506	1.25233740082292	24	0.1880691323402251
ADH7	ADH7	0.11615278789931402	14439.0	1.25761493264989	1.25761493264989	0.0033132771280126	16768.0	94.44068942210205	0.5652173913043478	2.6488423026570134	2.691773797344487	23	-0.5168440867429536
RPS10P7	RPS10P7	2.27623532215843e-12	14438.0	1.25669176271162	1.25669176271162	0.0323867135151694	781.0	4.393376140588036	0.08333333333333333	0.345295644525363	0.4614816645777754	24	1.9749346250194428
ABTB1	ABTB1	3.4062805711018696e-15	14437.0	1.25665089939466	-1.25665089939466	3.45770506848709e-11	11795.0	66.43010025909653	0.36	0.8665125991498209	0.7548999937221483	25	0.5168079262011955
GEM	GEM	7.91323542246312e-09	14436.0	1.2564489142728401	-1.2564489142728401	0.0162735383116082	6676.0	37.59716120310915	0.2	0.7661314850862219	1.077210176601182	25	0.4551734098295189
CCL16	CCL16	0.0550196765459297	14435.0	1.25634988909147	-1.25634988909147	6.65522115125907e-05	17284.0	97.34707671510645	0.6818181818181818	3.0149109550628963	2.4234912915991695	22	-0.7256312709137152
CLPTM1L	CLPTM1L	2.33842341994266e-10	14434.0	1.25629871167778	1.25629871167778	0.00487715136777168	648.0	3.6442491832826405	0.08	0.3648609594559472	0.5383457201275296	25	1.6558834200644497
C7orf77	C7orf77	0.6491941438607739	14433.0	1.25621060635229	1.25621060635229	0.0855688084383682	14135.0	79.61022868086064	0.36363636363636365	1.3516798428548986	1.1232891155523632	22	-0.08499079638607808
PCDHGC4	PCDHGC4	7.969099018800829e-16	14432.0	1.25583520903661	-1.25583520903661	7.335326438613105e-10	11701.0	65.90064210882055	0.25	0.8844563949275601	0.8127410566382984	24	0.45694604828402074
MAGEC3	MAGEC3	0.0593045426611209	14431.0	1.2558144962429798	1.2558144962429798	6.52295778396021e-05	14883.0	83.8233637490143	0.6086956521739131	1.7355141574275574	1.7659907531445245	23	-0.27163203449985457
FAXDC2	FAXDC2	7.71116755199137e-06	14430.0	1.25569728761549	-1.25569728761549	6.311006003175661e-08	6749.0	38.00833614960008	0.24	0.7550894413643505	0.9259125602905666	25	0.5406642783785549
ZFHX4	ZFHX4	0.00816464869469452	14429.0	1.25447858945828	1.25447858945828	0.02031736522960015	7907.0	44.530809958319246	0.25	0.9841594841730475	1.2049911238825632	24	0.22433286015771292
LPO	LPO	7.866173146994701e-06	14428.0	1.2541545132291498	1.2541545132291498	0.0011016325285766724	13009.0	73.26799594457586	0.4583333333333333	1.7332588282710288	1.789533717049632	24	-0.2677257826869944
MYH6	MYH6	0.318830458407296	14427.0	1.254050028256	1.254050028256	2.73224577228715e-10	17750.0	99.97183733243212	0.782608695652174	5.665230910652307	3.8604394828836295	23	-1.1426628760674913
DUSP8	DUSP8	2.9748318797380496e-08	14426.0	1.2538549270593702	-1.2538549270593702	1.1008638378498099e-07	12149.0	68.42401712290187	0.36	1.1034461122466894	0.9412379810454734	25	0.15979892210216085
NLRC4	NLRC4	3.4182512713055803e-11	14425.0	1.2524476187749498	-1.2524476187749498	0.04598724470892175	5700.0	32.099808493860536	0.041666666666666664	0.4120898158782462	0.2651063076389404	24	3.169889884480692
PCDHGC5	PCDHGC5	9.841890235027802e-16	14424.0	1.25190730815733	-1.25190730815733	9.914396065670004e-10	11898.0	67.0102512109947	0.25	0.8871031706416831	0.8114080718179402	24	0.4495939222028098
PCDHGA9	PCDHGA9	6.96412679674466e-16	14423.0	1.25187307281514	-1.25187307281514	7.33691918844399e-10	11707.0	65.934437309902	0.25	0.8720440923004178	0.8115245701160169	24	0.4680437222750029
PROS1	PROS1	2.12853820317269e-13	14422.0	1.25160741473196	-1.25160741473196	0.0023290713891508897	7500.0	42.23836881829447	0.16	0.7320725457928104	1.0424492627043989	25	0.4983790458936427
TGM7	TGM7	0.42803154070846	14421.0	1.25159461976608	1.25159461976608	0.0485894585866197	14413.0	81.17607299763434	0.375	1.60250397754333	1.6068862903426213	24	-0.21837846267418765
PITPNM2	PITPNM2	3.06198786736973e-16	14420.0	1.2509271076228201	-1.2509271076228201	7.89391654152202e-14	14443.0	81.34504900304157	0.48	1.22275598860097	0.9476808817532169	25	0.029726376847165382
AMPD1	AMPD1	0.00912810993773834	14419.0	1.25012978186044	1.25012978186044	0.00736457772025912	14732.0	82.97285118846456	0.5217391304347826	2.248488309182573	2.215113010697988	23	-0.4507032022747894
FERMT2	FERMT2	1.61220848007901e-14	14418.0	1.24984927875573	-1.24984927875573	0.0160216423673835	5848.0	32.933423453869544	0.12	0.6470525650933567	1.108518910767556	25	0.5437856835883723
FGFR2	FGFR2	9.18186825051625e-06	14417.0	1.24956887854698	-1.24956887854698	0.0173908792201435	10876.0	61.253801960121656	0.2916666666666667	0.831738576586705	0.7401112478517031	24	0.5645506715012067
SAGE1	SAGE1	0.587812642332812	14416.0	1.24945316268923	1.24945316268923	0.00010114608205301295	16104.0	90.70068716908865	0.625	2.322027179699108	2.256937493415093	24	-0.47523425887480325
JPH4	JPH4	0.000715511021394896	14415.0	1.24908143416845	-1.24908143416845	1.2008322228897564e-11	16808.0	94.66599076264504	0.75	2.3113264700999006	2.0409513211646444	24	-0.5204656401727863
GLDC	GLDC	0.000782938887548675	14414.0	1.2489545768485901	1.2489545768485901	0.000919012442226217	11470.0	64.59952686718485	0.24	0.9281892473629604	0.9666734805198219	25	0.33182386395160074
DMGDH	DMGDH	0.0013005186002650099	14413.0	1.24848582325755	1.24848582325755	1.0134951146131384e-05	13398.0	75.45905148135631	0.4166666666666667	1.148911074045864	0.9896966554482239	24	0.1006113829561136
IL1RL2	IL1RL2	0.00016986165570407	14412.0	1.2482090135236499	1.2482090135236499	7.274294538518435e-05	13805.0	77.75149262138109	0.5	1.266220771009838	1.3621281764647362	24	-0.013223247119765106
PAQR5	PAQR5	2.3916656174947003e-08	14411.0	1.24812067299038	-1.24812067299038	0.008520341364912278	5103.0	28.73718598625662	0.08333333333333333	0.703175141395943	1.2395131354224471	24	0.4396448218426587
RYR2	RYR2	2.5732667130135097e-08	14410.0	1.247694214138	-1.247694214138	2.0371810197745786e-06	15601.0	87.86752281176072	0.5833333333333334	1.614180818470836	1.4942338637713335	24	-0.24526723240487358
CLDN14	CLDN14	0.00673657698965949	14409.0	1.24765484169224	1.24765484169224	0.00237633552408577	12599.0	70.95865720401036	0.3333333333333333	1.2617265498762495	1.452535592287335	24	-0.009687685629686098
CMBL	CMBL	2.4881906835523502e-11	14408.0	1.24750235701592	1.24750235701592	1.5122881033046301e-05	11457.0	64.5263039315084	0.2	0.7751663783885617	0.6993568744165033	25	0.675386195383357
LMOD1	LMOD1	4.83063012048428e-06	14407.0	1.24710809028581	-1.24710809028581	1.0306674223975e-06	14020.0	78.96248732679959	0.5	1.2479489654506961	1.2369433601111381	24	-0.0006798008639704538
BATF3	BATF3	6.98517210434879e-07	14406.0	1.24678702164997	-1.24678702164997	0.11573013790474701	8426.0	47.45409485186436	0.08333333333333333	0.7401658852137828	1.2876528410768446	24	0.39344543830036327
EDAR	EDAR	0.06301129550565	14405.0	1.24655763370002	1.24655763370002	0.002935798421268857	14508.0	81.7111636814239	0.5	1.9209785342707504	1.9974193518009935	24	-0.3376461232152537
CLCA3P	CLCA3P	0.37076593585434003	14404.0	1.24655018905166	1.24655018905166	5.8112926135187305e-06	15521.0	87.41692013067477	0.5217391304347826	2.390539432337346	2.329238395610289	23	-0.49114304720446905
WDHD1	WDHD1	1.5934075063817298e-08	14403.0	1.24575923813129	1.24575923813129	7.6035913895446e-05	9939.0	55.97611805790244	0.12	0.6558544829161318	0.7275904795629223	25	0.8107648076559846
SHCBP1	SHCBP1	4.07432703786895e-05	14402.0	1.2457179096858602	1.2457179096858602	0.00824642733897859	2975.0	16.751154669370283	0.16	0.6998962133786865	1.035001556437769	25	0.5273631647335518
RASSF2	RASSF2	3.0935756973466604e-11	14401.0	1.24537670929513	-1.24537670929513	1.0862047406561906e-06	13254.0	74.64796665540159	0.4166666666666667	1.3122265592681106	1.7343315878270185	24	-0.038545022441030564
SUSD2	SUSD2	0.00178032190818835	14400.0	1.24517422702664	-1.24517422702664	0.04256505539855275	9616.0	54.15680973301791	0.25	0.9097542123302533	1.474598000106741	24	0.22746539373585664
BTG2	BTG2	6.67770151640354e-11	14399.0	1.24510514597127	-1.24510514597127	1.93134076794113e-05	7313.0	41.18508505125605	0.24	1.0079281843288295	1.4366178759370636	25	0.16509397914023383
CHAF1B	CHAF1B	3.82580693160697e-12	14398.0	1.2443692688227599	1.2443692688227599	0.0337132735224924	1480.0	8.330517066576546	0.12	0.4702436717283873	0.7165966942697115	25	1.0802807259434668
CDC25A	CDC25A	5.4305389438468396e-08	14397.0	1.24428639687234	1.24428639687234	1.6032782157267802e-05	8974.0	50.54072321730314	0.28	1.1557024859977636	1.6829445873066535	25	0.05263626119523293
AMOT	AMOT	4.21327116334863e-05	14396.0	1.24424136074198	1.24424136074198	0.01621857965014505	3501.0	19.713867297510422	0.20833333333333334	0.6182126714282715	0.8238685068433377	24	0.7598648135153814
TLR8	TLR8	2.83006907437573e-05	14395.0	1.24364171257179	-1.24364171257179	4.330844545852705e-05	14188.0	79.90875295708008	0.4583333333333333	1.8793553000687393	2.465817615332776	24	-0.25781046560134824
FASN	FASN	1.1102716798776399e-10	14394.0	1.2433386343907	-1.2433386343907	1.8400437777756898e-08	13502.0	76.04483496676805	0.44	1.4310218994373627	1.7375356183682862	25	-0.10801693102724155
PALMD	PALMD	5.66975864562731e-11	14393.0	1.24306122790983	-1.24306122790983	0.020051449575731198	9280.0	52.26427847245691	0.2916666666666667	0.9722035085463321	1.3360117605092154	24	0.2027360292549084
MLLT10P1	MLLT10P1	0.322523095185822	14392.0	1.24296669930501	1.24296669930501	0.388366660795069	7138.0	40.19939168638053	0.08333333333333333	0.5899791070912339	0.5324860162370477	24	1.226299982163446
MSRB3	MSRB3	3.85383826116081e-07	14391.0	1.2428300310156202	-1.2428300310156202	0.0007268966398752865	10133.0	57.06882955953588	0.20833333333333334	1.1321151070526883	2.097444787075298	24	0.05278562021997925
PRR15L	PRR15L	0.000232173213175975	14390.0	1.24274730460724	1.24274730460724	2.4323502034815602e-08	15994.0	90.08110848259547	0.7916666666666666	2.1670212834595386	1.6507175303717108	24	-0.5599225560076104
PCDHGA11	PCDHGA11	1.32594661503245e-15	14389.0	1.2420575727006202	-1.2420575727006202	5.673315596571263e-10	11573.0	65.17967781908303	0.2916666666666667	0.8577120376922086	0.7783493580868966	24	0.49379566002738634
ICAM4	ICAM4	0.0115711653060704	14388.0	1.24087990879497	-1.24087990879497	0.01350335435150855	8701.0	49.00304156809732	0.125	0.8867278026412803	1.402583359292039	24	0.25249986306157934
MARVELD3	MARVELD3	9.005356507275841e-07	14387.0	1.24060785214577	1.24060785214577	0.0124799824116185	10817.0	60.92148248282077	0.2916666666666667	0.8920869004712689	0.707465107167226	24	0.492633414911472
OR1J4	OR1J4	0.379777228339635	14386.0	1.24039863810821	1.24039863810821	0.03713394843980101	12640.0	71.18959107806691	0.391304347826087	1.2215436842786824	1.204436379112565	23	0.015654586789731424
CCDC85B	CCDC85B	2.9107400144139297e-18	14385.0	1.2403293814216299	-1.2403293814216299	7.55639709197371e-10	13477.0	75.90402162892869	0.48	1.5148410452025827	1.5973754356605658	25	-0.1718516872443537
BEAN1	BEAN1	0.00121874743357463	14384.0	1.24011822501052	1.24011822501052	0.01446571386011095	8099.0	45.61225639292553	0.20833333333333334	0.5835378936902608	0.528222358944681	24	1.2429998848061274
BMX	BMX	4.60948154724885e-05	14383.0	1.24004140541658	-1.24004140541658	2.5279210621466438e-05	15822.0	89.11231271826067	0.5833333333333334	1.9849090206503799	2.144348888301986	24	-0.3473630710456017
AKAIN1	AKAIN1	0.6559750875344229	14382.0	1.23993965023589	1.23993965023589	0.00153897247162796	17034.0	95.93894333671285	0.5714285714285714	2.242010968060783	1.72376325308042	21	-0.5813276945277489
TMEM178B	TMEM178B	0.000737688092502377	14381.0	1.2392051634588501	1.2392051634588501	0.0022611383645869997	8343.0	46.98659457023769	0.25	0.8616498434141681	1.0323587190903702	24	0.3657210551554723
VEGFC	VEGFC	3.56518847149084e-10	14380.0	1.2389680948763702	-1.2389680948763702	0.0019686619718880384	8048.0	45.32499718373324	0.25	0.9472346637272463	1.3907304619615428	24	0.2097699296365819
CDKN2D	CDKN2D	5.18377748189755e-09	14379.0	1.23884228125617	-1.23884228125617	1.7944449335674899e-07	9416.0	53.030303030303024	0.08	0.7812970373600859	1.196504539587817	25	0.3824015946096647
THBS1	THBS1	0.00155498122084474	14378.0	1.23878077236276	-1.23878077236276	6.251544165829806e-07	12349.0	69.55052382561676	0.375	1.3753917208643431	2.0268568365812287	24	-0.06740039357294209
JAM3	JAM3	4.3167821191041405e-08	14377.0	1.2385841249393799	-1.2385841249393799	6.242319189065335e-06	12444.0	70.08561450940633	0.3333333333333333	0.9752015601208964	0.9784744463979727	24	0.26917674323337254
ORC1	ORC1	1.9147461165306196e-06	14376.0	1.23854113101155	1.23854113101155	1.90430335013711e-06	8488.0	47.80331192970598	0.28	1.1140604800108707	1.6139119914403173	25	0.07712976399015907
ZFP69B	ZFP69B	0.000104307050484496	14375.0	1.23846538849559	1.23846538849559	0.000183028165227126	7671.0	43.20153204911569	0.12	0.6764471334182539	0.7587859966199357	25	0.7406808475392074
HOXA2	HOXA2	0.00031144783668330897	14374.0	1.2384135501426898	-1.2384135501426898	0.009576247296182646	8336.0	46.94716683564267	0.20833333333333334	0.7900040122563853	0.8717065330877737	24	0.5144042414113161
IL31RA	IL31RA	0.0318954320287717	14373.0	1.2378982577550801	1.2378982577550801	7.470751741683195e-06	15753.0	88.72366790582403	0.5833333333333334	2.158494620437031	2.1739789941213306	24	-0.42346148015750895
ATP8B5P	ATP8B5P	0.0027764580452208604	14372.0	1.23778509341185	-1.23778509341185	7.31692130804434e-05	7337.0	41.32026585558184	0.08	0.6279055589216803	0.9274798490766858	25	0.657566345077265
BPIFB1	BPIFB1	0.267464341324068	14371.0	1.2377431420287401	1.2377431420287401	2.19159385318267e-05	17336.0	97.63996845781232	0.7391304347826086	3.3202745199163415	2.5690106151390935	23	-0.8106355674886332
UBASH3B	UBASH3B	2.08762784209441e-12	14370.0	1.2376486644123998	-1.2376486644123998	0.0111819583311464	5062.0	28.506252112200066	0.08	0.4578851901968705	0.3680496562829107	25	2.1186366048828593
CYP26B1	CYP26B1	9.68226111318893e-06	14369.0	1.2376370791478501	-1.2376370791478501	4.61958482620661e-06	12239.0	68.93094513912358	0.3333333333333333	1.1312736873413891	1.0345415189212437	24	0.10281210551836552
SLC22A6	SLC22A6	0.24331418855123002	14368.0	1.23702900591577	-1.23702900591577	0.0038984454663996797	17283.0	97.34144418159288	0.5909090909090909	2.868631217466785	2.5101711107307296	22	-0.6499964104343642
LINC00922	LINC00922	0.0132661731189033	14367.0	1.23663399415776	1.23663399415776	0.00855259672545245	10390.0	58.516390672524494	0.4166666666666667	1.0308336801915698	1.0403753544719336	24	0.1978135228613223
SOX2.OT	SOX2.OT	0.0023333318031019197	14366.0	1.2366233214736202	1.2366233214736202	1.59607804863816e-07	16316.0	91.89478427396642	0.6086956521739131	2.264408940724195	1.9974244970222905	23	-0.5145554291452675
IFI6	IFI6	0.000823559760861058	14365.0	1.23661610480231	1.23661610480231	2.41015988171117e-05	11907.0	67.06094401261687	0.2916666666666667	0.8222112081705951	0.7863275885156238	24	0.5270130447972716
THSD4	THSD4	1.38991687710668e-07	14364.0	1.2365150425345701	-1.2365150425345701	0.0011908404786505856	5311.0	29.908752957080093	0.16666666666666666	0.7166944020079326	1.1280849711448615	24	0.46079918962051797
EARS2	EARS2	3.54516103473122e-21	14363.0	1.23638049828985	1.23638049828985	2.85786077448034e-05	3062.0	17.241185085051256	0.12	0.3611742617146725	0.34943404824166874	25	2.504639261626516
MXRA5	MXRA5	0.00014273693142012099	14362.0	1.2361218060251298	1.2361218060251298	0.000643962054168497	9719.0	54.73696068491607	0.375	1.4988704482293747	2.421369357024989	24	-0.10851241734019072
CACNA1I	CACNA1I	0.00444105685526549	14361.0	1.23542354178652	1.23542354178652	4.30104613399495e-08	14377.0	80.97330179114566	0.5416666666666666	1.4409140041446984	1.3293226018531141	24	-0.15458283946403883
KLHL41	KLHL41	2.8005469319080798e-05	14360.0	1.23529088146574	-1.23529088146574	5.68355891269223e-09	17377.0	97.87090233186886	0.7391304347826086	2.920805983503126	2.2473088404800308	23	-0.7500148941154683
NHLH1	NHLH1	0.000514032515228217	14359.0	1.23525554169641	-1.23525554169641	9.886293428169975e-07	16759.0	94.38999662047989	0.75	2.2719415165559407	1.6801911699937424	24	-0.6170047750360406
CARNS1	CARNS1	3.8571445162508896e-07	14358.0	1.2352483166798	-1.2352483166798	3.380792354721075e-10	15490.0	87.24231159175396	0.625	1.776989164662809	2.0150969502695184	24	-0.26884108375557386
ATP2A1.AS1	ATP2A1.AS1	0.00491329238708389	14357.0	1.23488100516219	1.23488100516219	1.088307597715659e-07	15381.0	86.62836543877435	0.625	1.6738307345488541	1.4358683376833306	24	-0.30570332799097566
SYTL5	SYTL5	0.0551301686228056	14356.0	1.23471433801123	1.23471433801123	3.21917023339619e-05	13256.0	74.65923172242874	0.3333333333333333	1.0585006887066415	0.9090143616438342	24	0.19385133694249784
SLFN13	SLFN13	3.43565995258833e-09	14355.0	1.2343018603676201	1.2343018603676201	5.478218399914071e-07	12047.0	67.84949870451729	0.28	1.1087738748897784	1.5693011864572548	25	0.07998973464184078
MAFK	MAFK	5.87824028543247e-14	14354.0	1.23379400859985	-1.23379400859985	5.209062254613311e-06	12807.0	72.13022417483384	0.36	0.9448853206561962	0.7773470554642633	25	0.3716598473137661
TCTE3	TCTE3	7.7032803935078e-08	14353.0	1.23357600663901	1.23357600663901	0.0146747927183617	3049.0	17.16796214937479	0.08	0.491637785710518	0.6602048916228118	25	1.1237999450515674
LINC00900	LINC00900	9.90607974147487e-06	14352.0	1.23309976456932	1.23309976456932	0.0018603920276320201	7568.0	42.62138109721752	0.25	0.9135029253947272	1.342797315350336	24	0.23800825003229167
NTRK3	NTRK3	2.05947429099184e-08	14351.0	1.23221898145751	-1.23221898145751	0.0005333662551939891	15423.0	86.86493184634448	0.5833333333333334	1.318697078271409	1.0925451160288464	24	-0.07915288398178669
FIBCD1	FIBCD1	5.573655965056191e-08	14350.0	1.23185548286605	-1.23185548286605	0.01357941647392525	9488.0	53.435845443280385	0.25	0.95551959158304	1.2515041783966707	24	0.2208030113307571
SAXO1	SAXO1	0.14603468362278602	14349.0	1.23168373314259	-1.23168373314259	1.002421929394621e-06	16135.0	90.87529570800946	0.7083333333333334	2.0303321325057593	1.4744819170340768	24	-0.5416467914165078
C2orf16	C2orf16	4.7038401764786503e-07	14348.0	1.2316224457936398	1.2316224457936398	0.0034154081366620397	1443.0	8.122113326574292	0.12	0.6795581708329359	1.3136152073390894	25	0.4202633098919332
THPO	THPO	0.00917264104927693	14347.0	1.23142616520313	1.23142616520313	0.0014056558674791	13874.0	78.14013743381773	0.4782608695652174	1.326278702499804	1.2022497412878879	23	-0.07889586833686064
CSMD1	CSMD1	0.00692725799486754	14346.0	1.2309931559038703	-1.2309931559038703	0.0137495563066838	11856.0	66.77368480342457	0.28	1.3353872365286819	1.7032142179045753	25	-0.061292396180936765
ELAVL4	ELAVL4	0.0073507597952866596	14345.0	1.23081600417246	1.23081600417246	0.000230029576119619	16053.0	90.41342795989635	0.625	2.246906345239258	2.3184290704949864	24	-0.4382667358677753
DMRT2	DMRT2	0.026974779143073	14344.0	1.23053777547878	-1.23053777547878	0.0022908791698924348	12940.0	72.87935113213923	0.375	1.132024780359512	1.2915617175682177	24	0.07627432261212463
MPP6	MPP6	7.60140954284607e-08	14343.0	1.23052959620529	1.23052959620529	0.00014047775939268702	7931.0	44.66599076264503	0.04	0.5765951042351118	0.7700237015468101	25	0.849239433353241
PODXL	PODXL	2.69502178151459e-12	14342.0	1.2296380971184098	-1.2296380971184098	7.47454852328711e-05	11942.0	67.25808268559197	0.36	1.008334725744032	1.1453385507577847	25	0.19322092251933531
MFSD3	MFSD3	2.5376273860598e-07	14341.0	1.2295628403787	1.2295628403787	0.00011201804445673401	9700.0	54.629942548158155	0.12	0.8029431135780877	0.9251515875441227	25	0.46113494539106087
SPEM1	SPEM1	0.77478982541753	14340.0	1.22925211891026	1.22925211891026	0.000986895930188124	16378.0	92.24400135180804	0.5652173913043478	1.9494820406169782	1.3059036071983308	23	-0.5515184411289669
C8orf74	C8orf74	0.249898058516783	14339.0	1.2290523738414199	-1.2290523738414199	0.10895954805697461	5253.0	29.582066013292778	0.20833333333333334	0.8492003244210972	1.052548433158213	24	0.36088795294726883
ADGRB2	ADGRB2	7.802774479819251e-05	14338.0	1.22869732354873	1.22869732354873	6.28853179657341e-08	12290.0	69.21820434831587	0.4	1.2305286578759251	1.34482489347277	25	-0.0013617641494321866
CTSW	CTSW	0.0221984518866958	14337.0	1.22862287628219	-1.22862287628219	0.003519550087888035	15548.0	87.56899853554128	0.5833333333333334	2.1704632545818003	2.8012765494047436	24	-0.3362182782345236
KCNQ1DN	KCNQ1DN	0.28293976381443603	14336.0	1.22845886661551	-1.22845886661551	0.002907568185954758	14531.0	81.8407119522361	0.4583333333333333	1.4458977436570821	1.1865318897494785	24	-0.18325582221602285
DSG2	DSG2	2.18413170199687e-07	14335.0	1.22811906508815	1.22811906508815	7.02205427072405e-05	11117.0	62.61124253689309	0.2	0.6540382329992717	0.4859849109049397	25	1.18127295561481
NPAS4	NPAS4	0.0246937537702498	14334.0	1.2279627808371398	-1.2279627808371398	1.9923607325007724e-05	16570.0	93.32544778641433	0.5833333333333334	1.8008172130457558	1.3253642024052057	24	-0.4322241623615818
GLS2	GLS2	7.03677628111855e-08	14333.0	1.22787705537462	1.22787705537462	0.0036184286372560846	5821.0	32.781345049003036	0.16666666666666666	0.6247084549718797	0.8745983143132345	24	0.6896521414820811
BMP8A	BMP8A	7.17325182786491e-05	14332.0	1.22786528686572	1.22786528686572	0.005635271260625465	4363.0	24.569111186211558	0.041666666666666664	0.42329283784524696	0.492527662646393	24	1.6335578893121188
GPX8	GPX8	9.55702683392836e-07	14331.0	1.2273820001218898	1.2273820001218898	0.000273693862470035	12471.0	70.23769291427284	0.16	0.8430215478501937	0.7834072854399224	25	0.49062659923549023
ARHGAP23	ARHGAP23	4.16806849036713e-34	14330.0	1.2269892877396	-1.2269892877396	2.4930137756522e-09	12663.0	71.31913934887912	0.32	1.0515583565036624	0.7506939427189294	25	0.23369168345830324
LRRC6	LRRC6	1.83214758374294e-05	14329.0	1.2268750969503	1.2268750969503	5.824842467556454e-05	10719.0	60.36949419849048	0.16666666666666666	0.6882693727203552	0.5323294610390952	24	1.0117901856842537
ZDHHC19	ZDHHC19	0.000307477396413991	14328.0	1.2255844332996397	-1.2255844332996397	0.00013986797275622665	14748.0	83.06297172468176	0.5833333333333334	1.8877830587671003	1.7464565706543067	24	-0.3791669581679715
PRICKLE2	PRICKLE2	1.0695879251809698e-18	14327.0	1.22527922510183	-1.22527922510183	0.015825651374682625	7884.0	44.40126168750704	0.20833333333333334	0.8823674873607286	1.231210183177666	24	0.27851600191940473
TAS2R3	TAS2R3	0.0342083979652081	14326.0	1.2251835433826899	1.2251835433826899	0.02800113058992505	12673.0	71.37546468401486	0.3333333333333333	1.0326768906750476	1.1046050863532966	24	0.17427644964335332
SRL	SRL	4.18389185065893e-07	14325.0	1.22463528485522	-1.22463528485522	4.810861663434379e-08	17395.0	97.97228793511321	0.75	2.7317689031165764	1.7238388757092942	24	-0.8742891458699864
MTMR9LP	MTMR9LP	1.8057116158754003e-09	14324.0	1.2245818336068102	-1.2245818336068102	2.68436270322114e-10	12589.0	70.90233186887461	0.32	1.1161993425746297	1.0369019485139206	25	0.10452530365818422
ALK	ALK	0.0121915669589283	14323.0	1.2233083858813898	1.2233083858813898	2.747980134675815e-07	16787.0	94.54770755885997	0.7916666666666666	2.826574972462167	2.3274449268926594	24	-0.6888526418200912
ST8SIA5	ST8SIA5	0.0506258867047068	14322.0	1.2226933812000502	1.2226933812000502	1.309302626633265e-06	15362.0	86.52134730201644	0.5833333333333334	1.971620134219106	1.8153388817493605	24	-0.4125547910356818
PDCL2	PDCL2	0.7359708502437141	14321.0	1.2225439903579498	1.2225439903579498	0.0016762503565423599	13303.0	74.92396079756674	0.391304347826087	1.6776398718112437	1.7444450852444995	23	-0.2608828935360314
F13B	F13B	0.737174790964476	14320.0	1.22254361558056	1.22254361558056	7.510469945113435e-05	17426.0	98.14689647403401	0.7727272727272727	2.617414143957492	1.6245242743035107	22	-0.8586332321657433
CRCT1	CRCT1	0.7762419936958229	14318.5	1.22252872497584	1.22252872497584	0.000345469828417833	17524.0	98.6988847583643	0.6956521739130435	2.9591738695055434	2.0279079835504303	23	-0.856372753900407
LINC00682	LINC00682	0.7762419936958229	14318.5	1.22252872497584	1.22252872497584	0.000571095499341778	16700.0	94.05767714317899	0.6086956521739131	2.2367713662416375	1.6713554213041402	23	-0.6068383949563493
SNORD114.3	SNORD114.3	0.7762419936958229	14316.5	1.22252872497583	1.22252872497583	0.11281011531382801	17038.0	95.96147347076715	0.42857142857142855	2.5868444707610827	2.2221573385793456	21	-0.6139600117863291
ZNF32.AS3	ZNF32.AS3	0.7762419936958229	14316.5	1.22252872497583	1.22252872497583	0.00016990657370324002	17501.0	98.56933648755209	0.6875	4.209769818740185	3.1324038462538604	16	-0.9536577147729177
SPAG5	SPAG5	3.69172571162629e-07	14315.0	1.2225001166094198	1.2225001166094198	6.01951783963696e-06	10312.0	58.077053058465694	0.4	1.689560534277503	2.442162544323054	25	-0.1912487024067222
MYLK.AS1	MYLK.AS1	1.18588423773393e-08	14314.0	1.22209946221511	-1.22209946221511	0.0014657569374290599	6777.0	38.16604708798017	0.16	0.6581917277500247	0.862657509093328	25	0.6536866931788083
SLC52A2	SLC52A2	4.1519419209517004e-07	14313.0	1.2219342751908102	1.2219342751908102	0.0108845021156938	3990.0	22.468176185648304	0.04	0.3866593363153949	0.3956449176483198	25	2.11117317983059
CFL2	CFL2	1.01432054812185e-21	14312.0	1.22042126378383	-1.22042126378383	6.829655134094959e-05	7805.0	43.95629153993466	0.08	0.5543520614600166	0.7410022855552623	25	0.8988760430404092
IRS2	IRS2	8.55090337033273e-11	14311.0	1.2200136177438201	-1.2200136177438201	1.9450053271907601e-10	10064.0	56.68018474709924	0.12	0.7604475867647882	0.7940923066047372	25	0.5787312471820519
BRINP3	BRINP3	0.000369888856530211	14310.0	1.2198467444363301	-1.2198467444363301	0.0018057297307469801	11045.0	62.20570012391573	0.25	0.9363328341781428	1.199079834174495	24	0.23644289744341507
NEB	NEB	5.335361937956849e-08	14309.0	1.2198146497653202	1.2198146497653202	1.6555022945339587e-06	16993.0	95.70800946265629	0.7083333333333334	3.1239113150579167	2.7703074859144388	24	-0.6873232213297368
KERA	KERA	0.0542260780979989	14308.0	1.21964402666596	1.21964402666596	0.000414044491663273	17131.0	96.48529908752957	0.7391304347826086	2.7336972111633178	1.9557370658731426	23	-0.7741598862735701
CHRM3	CHRM3	0.000176105809002566	14307.0	1.2194321875765801	-1.2194321875765801	0.00851452032535133	5741.0	32.33074236791708	0.16	0.7365401962032607	1.042180699176087	25	0.46334766298692504
DMBT1	DMBT1	0.0258257589081468	14306.0	1.21938543354227	1.21938543354227	0.0031316748959040403	14433.0	81.28872366790581	0.5	2.079099479767566	2.231051474952474	24	-0.38534030069548686
PCDHGB6	PCDHGB6	1.41568037507604e-15	14305.0	1.2193627635102902	-1.2193627635102902	3.2704471029761147e-09	11660.0	65.66970823476399	0.25	0.8738431683908754	0.7945055299045632	24	0.43488633132725824
DOT1L	DOT1L	1.12011839548316e-23	14304.0	1.21935428946395	-1.21935428946395	1.2113363812656202e-12	12825.0	72.23160977807818	0.44	1.0841230267885256	0.6163879016220037	25	0.2193931164443169
SPANXA2.OT1	SPANXA2.OT1	0.16736812622768898	14303.0	1.2193501037016399	1.2193501037016399	0.000215290853159027	16032.0	90.2951447561113	0.4782608695652174	1.8974082639535566	1.6390732220380935	23	-0.4136838739936159
LINC00487	LINC00487	0.0166620638643957	14302.0	1.2188095787331499	-1.2188095787331499	0.00022666674007294551	12990.0	73.16097780781796	0.4583333333333333	1.39174572447531	1.1987939513224621	24	-0.14425844036949284
OVOL1.AS1	OVOL1.AS1	0.132092731334376	14301.0	1.2187142937612299	1.2187142937612299	0.07722122952010971	11579.0	65.21347302016447	0.25	1.0367348011919413	1.1230748177421759	24	0.16203683823588821
ADAMTS12	ADAMTS12	0.000268491244898386	14300.0	1.2184665945284	1.2184665945284	0.0076463043499987605	11049.0	62.22823025797003	0.25	1.0212523176253832	1.3226734883136362	24	0.14910276696817917
AMOTL1	AMOTL1	5.534265788802059e-12	14299.0	1.2178891196880102	-1.2178891196880102	0.0168501531184126	1149.0	6.466148473583418	0.12	0.42787364631594393	0.537267698872895	25	1.4704317326900485
CPNE5	CPNE5	0.00162187941849499	14298.0	1.21763631092258	1.21763631092258	1.6336233799675987e-09	14223.0	80.1058916300552	0.5416666666666666	1.4977637034854727	1.7912186934990693	24	-0.15638927484375217
C20orf173	C20orf173	0.31860099413188503	14297.0	1.21672540910806	-1.21672540910806	0.0754312492035432	13207.0	74.3832375802636	0.391304347826087	1.3511399561580846	1.514962931275897	23	-0.08872464419761159
SIRPD	SIRPD	0.00044253433193757597	14296.0	1.21652025580281	-1.21652025580281	0.00011014823488423799	14195.0	79.9481806916751	0.5217391304347826	1.5900588432197555	1.5521878191668568	23	-0.24065295630102537
TOM1L2	TOM1L2	7.801622853963192e-15	14295.0	1.21605021266097	-1.21605021266097	1.2972506361428e-05	6828.0	38.45330629717247	0.08	0.5854180997660049	0.5560995026171797	25	1.1340274715712053
GPR22	GPR22	0.327862622246417	14294.0	1.21531561889477	1.21531561889477	4.0832607410683256e-07	15433.0	86.92125718148023	0.625	2.1388214652692525	2.1499122508098663	24	-0.4295551346463561
HOXD8	HOXD8	0.0019830779707616	14293.0	1.21522743991327	1.21522743991327	0.06005555088132836	6044.0	34.03740002253013	0.16666666666666666	0.6894105626676804	0.946885634501278	24	0.5553119173917301
RAP1GAP	RAP1GAP	8.062792173696899e-05	14292.0	1.21481698673196	1.21481698673196	0.0327305932461279	8312.0	46.811986031316884	0.12	0.7845785315057009	1.1944625915978684	25	0.36019416451604086
GMNN	GMNN	1.05988245822116e-08	14291.0	1.2141036596053898	1.2141036596053898	0.00039489039472987797	5048.0	28.427396643010027	0.08	0.5372588127493014	0.6575194810157897	25	1.029391320558964
KCNH6	KCNH6	0.000155774395416496	14290.0	1.21400682836017	-1.21400682836017	0.02695114590939645	13048.0	73.48766475160527	0.4166666666666667	1.5593587252286192	1.515156115460895	24	-0.2279315598864192
MGST1	MGST1	7.7032803935078e-08	14289.0	1.2139190211727802	1.2139190211727802	5.24407143756716e-09	12773.0	71.9387180353723	0.44	1.2161185351764592	1.31694912020345	25	-0.0016701586795845394
IFNL1	IFNL1	0.132132615900842	14288.0	1.2135298822757299	1.2135298822757299	0.00449979666114743	16618.0	93.5958093950659	0.6521739130434783	2.5553560199342478	2.345072212960578	23	-0.5721896879092289
TMEM61	TMEM61	0.00895494352964044	14287.0	1.21312711171181	1.21312711171181	0.01857134430176475	10615.0	59.78371071307874	0.3333333333333333	0.9040141896732856	0.9340606639557216	24	0.33093452488346914
SYT8	SYT8	0.000161534785094622	14286.0	1.2130830598336	1.2130830598336	0.00119620418073141	15531.0	87.47324546581052	0.6521739130434783	1.9744018930032292	1.7729485180066666	23	-0.42940831357335923
ALDH3A1	ALDH3A1	0.033607539720259996	14285.0	1.21292527396975	1.21292527396975	0.000793838561623662	15643.0	88.10408921933085	0.5652173913043478	2.211701533192376	2.2092685401170877	23	-0.45208458867100537
TNFRSF13B	TNFRSF13B	0.08725948941488201	14284.0	1.21275079229815	1.21275079229815	6.093888475084195e-06	16063.0	90.4697532950321	0.625	2.1086251569715393	2.00310584968902	24	-0.44724264811690945
PTGIS	PTGIS	0.000614790337167624	14283.0	1.2123897097446001	-1.2123897097446001	9.114622815869984e-10	15528.0	87.45634786526979	0.7083333333333334	1.8907185525503933	2.254663343349549	24	-0.3008559325748657
CCL24	CCL24	0.00891066176793065	14282.0	1.21183923939855	-1.21183923939855	1.9457967452091398e-07	17065.0	96.11355187563366	0.6956521739130435	2.362211866182055	1.9036506056223574	23	-0.604298195995591
DIRAS1	DIRAS1	0.0018317026485701602	14281.0	1.21146330474439	1.21146330474439	3.1267167655208503e-10	14103.0	79.42998760842626	0.52	1.4343048937112284	1.365188190100479	25	-0.1632314069098687
GIP	GIP	0.601203127866915	14280.0	1.21141401055521	1.21141401055521	0.00111878887521751	14842.0	83.59242987495774	0.5217391304347826	1.7277164467267974	1.386419058638407	23	-0.37239998466166824
GPR19	GPR19	0.00420552498990401	14279.0	1.2114104010726399	1.2114104010726399	1.47192063185317e-05	12260.0	69.04922834290863	0.32	1.1267893287458906	1.1305979786423628	25	0.07484629720315211
IGFN1	IGFN1	0.00236405099439646	14278.0	1.21134647725883	-1.21134647725883	0.0004645532960483699	15398.0	86.72411850850511	0.4583333333333333	1.7771193689974958	1.6701557436845003	24	-0.33875457057108005
HOXB6	HOXB6	0.010721280271476	14277.0	1.21118776584487	1.21118776584487	0.0027020694227569402	10931.0	61.56359130336825	0.3333333333333333	0.9036102014026665	0.9271323811629012	24	0.33175150678742266
GJA5	GJA5	0.0011809453192108401	14276.0	1.21116023745522	-1.21116023745522	0.0005203934980233025	11007.0	61.9916638503999	0.3333333333333333	1.1250099946304475	1.3679420252750867	24	0.06297799265831318
TG	TG	8.16924627055351e-07	14275.0	1.2107557406281	1.2107557406281	0.00024175066957634198	17675.0	99.54939731891405	0.7391304347826086	4.07340853457378	3.0209692908187593	23	-0.9475941389559204
SLC1A4	SLC1A4	8.41839448405955e-18	14274.0	1.21037778392586	1.21037778392586	0.0867672244335577	552.0	3.103525965979497	0.12	0.5789234093993766	1.0708939009010328	25	0.5896516676350365
CYP17A1	CYP17A1	0.000142360514807141	14273.0	1.2102887027126799	-1.2102887027126799	5.04058550398147e-07	17732.0	99.87045172918778	0.7272727272727273	4.1562596525064	3.0396893380629484	22	-0.9691684320842635
SIGLEC5	SIGLEC5	2.16173814199335e-05	14272.0	1.2099694541555701	-1.2099694541555701	5.3511336786874156e-05	15820.0	89.10104765123351	0.6666666666666666	1.9367735650456275	1.973150114902044	24	-0.36834709402033466
TDRKH	TDRKH	2.5995899032665893e-39	14271.0	1.20993482909106	1.20993482909106	4.2229327404228706e-05	2286.0	12.870339078517516	0.08	0.5715738910599797	1.242828361314931	25	0.5136356377928848
C10orf99	C10orf99	0.602081646374456	14270.0	1.20918689041313	1.20918689041313	0.0002494747451318185	15872.0	89.39393939393939	0.5833333333333334	2.665418101296432	2.6713471958638566	24	-0.5451298929386781
RACGAP1P	RACGAP1P	0.602649739308345	14269.0	1.20901045978099	1.20901045978099	0.07894188928412074	4916.0	27.683902219218204	0.16666666666666666	0.6701107874261732	0.8053725168544169	24	0.6691309438514538
ZAN	ZAN	0.25300460219557397	14268.0	1.2081961918875301	1.2081961918875301	0.000227433648787643	15703.0	88.4420412301453	0.5833333333333334	1.9075307932696983	1.6041167090845971	24	-0.43596241933122776
ZNF239	ZNF239	6.938661968893359e-14	14267.0	1.2075626534538602	1.2075626534538602	1.93905700442308e-06	9454.0	53.244339303818855	0.24	1.0378585586215836	1.4383129441677098	25	0.1179882969978255
ACP6	ACP6	2.91895188790068e-20	14266.0	1.20704061907747	1.20704061907747	2.52969753330361e-16	11495.0	64.74034020502421	0.16	0.8494007213205039	1.033840709585872	25	0.3459332704167036
STARD6	STARD6	0.32178475301107695	14265.0	1.20699686589202	-1.20699686589202	0.000853728336760702	12553.0	70.69956066238593	0.4166666666666667	1.2884507544368207	1.1067000543812093	24	-0.07360069083067322
DAB2IP	DAB2IP	3.29437901162748e-15	14264.0	1.20661553251059	-1.20661553251059	1.28115432433075e-07	11307.0	63.681423904472226	0.32	1.0373594846823087	1.1015026016115668	25	0.153659235648331
HIF3A	HIF3A	0.09759544061704302	14263.0	1.20656530925642	-1.20656530925642	3.2046265544855005e-07	12573.0	70.81221133265743	0.375	1.4208200937950568	1.424782743089326	24	-0.15037716141485039
AIPL1	AIPL1	0.24532280721858396	14262.0	1.20618630661763	1.20618630661763	1.2364166321658e-05	17473.0	98.41162554917202	0.7272727272727273	3.2630870874118796	2.351950985767991	22	-0.8745508699972343
RASSF10	RASSF10	0.006426027114836239	14261.0	1.20611728222401	1.20611728222401	0.0292874701042292	8642.0	48.67072209079644	0.08333333333333333	0.7453781650342987	1.1641317163278884	24	0.3957791981160489
CREB5	CREB5	3.32654481694838e-07	14260.0	1.2059933667780902	-1.2059933667780902	0.0253927829000766	3411.0	19.206939281288726	0.08333333333333333	0.43298523156911956	0.5419182830024623	24	1.4264293334525833
SPATA24	SPATA24	2.16304261543008e-07	14259.0	1.20594495750046	1.20594495750046	0.0159920707665331	836.0	4.703165483834629	0.16	0.5192768855719413	0.834996258104589	25	0.8223606576240594
CYMP	CYMP	0.0422214041662313	14258.0	1.20588316444294	1.20588316444294	0.0037085080124516397	14162.0	79.76230708572716	0.391304347826087	1.312670539524696	0.8900577854568917	23	-0.11997802482783643
OLFM1	OLFM1	2.2772075107946e-07	14257.0	1.20570630912553	-1.20570630912553	1.2774074676620924e-05	11698.0	65.88374450827982	0.3333333333333333	1.195800522223217	1.539763778700101	24	0.006433315966605981
GMFG	GMFG	7.54147243175945e-07	14256.0	1.20564809938079	-1.20564809938079	0.1253100354970015	10082.0	56.78157035034358	0.25	1.5377972420878916	2.619816472692691	24	-0.12678336294515818
P3H4	P3H4	1.2773823599207701e-14	14255.0	1.20563208515421	1.20563208515421	0.0126419800428995	3281.0	18.474709924524053	0.16	0.7176266846362961	1.0228549764132344	25	0.4771012624186121
HSPB7	HSPB7	1.7327525703897196e-09	14254.0	1.20560913323013	-1.20560913323013	4.165566749998423e-09	17276.0	97.30201644699785	0.75	2.5503491341287803	1.842959619617604	24	-0.7296633016721608
KIF1C	KIF1C	9.941805131129302e-17	14253.0	1.20500245238062	-1.20500245238062	5.1848958087189e-07	11667.0	65.70913596935901	0.32	0.9262725033075968	1.2430374143542449	25	0.2242329521656617
FYN	FYN	1.82422806826767e-06	14252.0	1.20471274621972	-1.20471274621972	0.00073819040738856	9933.0	55.942322856820994	0.2	0.7492710175173429	0.8563252872316777	25	0.5318559845111265
RGSL1	RGSL1	0.448095343570742	14251.0	1.2046238633268	-1.2046238633268	0.013940726957993557	12467.0	70.21516278021853	0.375	1.4637210112116454	1.5970404113659404	24	-0.16223581196874093
PLK3	PLK3	2.92729873903456e-07	14250.0	1.20436797095174	-1.20436797095174	0.0045704173879668394	3548.0	19.97859637264842	0.04	0.4194683319208353	0.3273040637994834	25	2.3980748357336577
PHOX2A	PHOX2A	0.248354950605193	14249.0	1.20407383699686	1.20407383699686	5.10788389894498e-05	16941.0	95.41511771995043	0.75	2.3199109862606706	1.7525484037577015	24	-0.6366940547098753
FBXL7	FBXL7	1.55066295237728e-06	14248.0	1.20370960258726	-1.20370960258726	1.4265845344623901e-07	13284.0	74.81694266080882	0.375	1.1315537668368887	0.9546815640907776	24	0.07558105075496174
PIM2	PIM2	0.00105423593224418	14247.0	1.20360135676654	1.20360135676654	0.00204323933096618	9877.0	55.626900980060825	0.16	1.0007943238389898	1.4744694602077615	25	0.1375457670713461
GNRH2	GNRH2	0.0145110342663335	14246.0	1.20327931600803	-1.20327931600803	5.5517314594145904e-05	15509.0	87.34932972851188	0.625	1.3571200868355806	1.0675905970263326	24	-0.14410090465020844
PAICS	PAICS	5.32455943335714e-19	14245.0	1.20325169045503	1.20325169045503	1.19209356251343e-05	9771.0	55.02985242762194	0.16	0.6459349191667085	0.6959936083929669	25	0.8007498410440193
PSG2	PSG2	0.53973093054383	14244.0	1.20279513341163	1.20279513341163	0.001148333485061671	17406.0	98.03424580376253	0.7727272727272727	3.4327220580952487	2.3497718671547854	22	-0.9489972009000683
CETP	CETP	0.0048196044028663	14243.0	1.20272259754121	-1.20272259754121	2.3956557375829254e-07	15894.0	89.51785513123802	0.7083333333333334	1.7368648884059743	1.3514246205860938	24	-0.39524386542041423
SLC5A7	SLC5A7	0.0656504905180948	14242.0	1.20233190112039	-1.20233190112039	0.00046081877023757597	15171.0	85.44553340092374	0.6521739130434783	1.6399722970441	1.6038297235873948	23	-0.27287210698702485
NGF	NGF	0.0074741152425881	14241.0	1.20225139578612	-1.20225139578612	0.004048846260883795	10534.0	59.32747549847921	0.20833333333333334	0.8963288874959742	1.1949579179368768	24	0.25601111444855595
TPPP3	TPPP3	2.3731205476889896e-07	14240.0	1.20180072172578	-1.20180072172578	0.0031263342923830853	11675.0	65.75419623746761	0.25	0.8507742064002376	0.7947975131636643	24	0.44165527635874624
VN1R10P	VN1R10P	0.732015179366771	14239.0	1.20159218119131	1.20159218119131	0.0203982060758673	12811.0	72.15275430888813	0.42857142857142855	1.2205964680663126	0.9130196827643691	21	-0.0208147614271173
MAPK11	MAPK11	2.52245824567714e-05	14238.0	1.20137474625009	-1.20137474625009	1.2694661344262271e-08	10994.0	61.91844091472344	0.375	1.2360459563625794	1.7810389502657502	24	-0.019466845521439038
PKP3	PKP3	1.3980697137480698e-19	14237.0	1.2006807562864	1.2006807562864	0.00019933656887035565	12364.0	69.63501182832037	0.4166666666666667	1.1181997030017776	1.4310374912061081	24	0.0576372413661263
POU3F1	POU3F1	0.0150305572457453	14236.0	1.20053436488853	1.20053436488853	1.761726697509683e-10	17324.0	97.57237805564942	0.7083333333333334	2.3946759264550583	1.647854712962232	24	-0.7246643482421483
APOC3	APOC3	0.6721434070044631	14235.0	1.20028782259539	-1.20028782259539	2.1244946846719503e-06	17709.0	99.74090345837557	0.7619047619047619	3.9679250319126385	2.9789839150947497	21	-0.9290540963626589
KRT3	KRT3	0.0681791282088324	14234.0	1.1996973634668202	1.1996973634668202	0.0015148477463093198	17552.0	98.85659569674439	0.6521739130434783	3.1256864093705174	2.424776930678578	23	-0.7942953520943908
CIB2	CIB2	0.014030622170897001	14233.0	1.19938701274966	1.19938701274966	1.66750193609511e-09	12204.0	68.73380646614847	0.28	0.9404847944452516	0.6706755436937847	25	0.3860319952603152
MTUS2.AS1	MTUS2.AS1	0.36538728043276897	14232.0	1.19886664582917	-1.19886664582917	0.06939116003518395	7524.0	42.37354962262025	0.3333333333333333	0.9723466878811186	0.9779441457003277	24	0.23162872741145696
MYH11	MYH11	3.6169932073125e-05	14231.0	1.19885593966305	-1.19885593966305	2.4264098277513803e-07	15669.0	88.25053509068378	0.7083333333333334	1.6699166335909954	1.7078349349102016	24	-0.27582331541467964
RSPO3	RSPO3	2.8722354259427803e-05	14230.0	1.19827861163956	-1.19827861163956	0.004144132906335635	10906.0	61.42277796552889	0.375	1.0626452468625591	1.3574231437138309	24	0.09991973792778863
GNAZ	GNAZ	3.90687063531387e-06	14229.0	1.19688271019958	-1.19688271019958	9.57838561432333e-08	9698.0	54.61867748113101	0.32	1.2091101712455528	1.7791524359158644	25	-0.006872632608165652
FOXC2	FOXC2	3.9422501822893606e-05	14228.0	1.19684995991219	-1.19684995991219	7.47283028475205e-07	15914.0	89.63050580150951	0.6956521739130435	1.7513193845494637	1.3524164562858292	23	-0.40998423382101185
LINC01234	LINC01234	0.26127701434731504	14227.0	1.19633607885893	1.19633607885893	1.1233889129491748e-05	11507.0	64.8079306071871	0.4583333333333333	1.6784198654692852	2.132713589226507	24	-0.2260424414443749
RAPGEF5	RAPGEF5	4.61381152114333e-19	14226.0	1.1961411771856398	-1.1961411771856398	0.000630525856347033	5332.0	30.02703616086516	0.2	0.9664972936895233	1.8415864347509723	25	0.12469894389028231
GDPD2	GDPD2	0.036252635611462004	14225.0	1.1956554880966	1.1956554880966	2.49781224789103e-06	16637.0	93.70282753182381	0.7083333333333334	2.4239823857985487	2.412927215338617	24	-0.5090608990995081
GNRHR	GNRHR	0.0166442501915225	14224.0	1.1950493817234198	1.1950493817234198	0.0016968221260161113	11112.0	62.58307986932522	0.2916666666666667	1.1050953567186919	1.00415623693213	24	0.08958170222549526
LIMD1	LIMD1	2.5418063778490297e-12	14223.0	1.19490992229423	-1.19490992229423	0.00012091162326936102	2602.0	14.650219668807027	0.16	0.6277425021498282	0.8375614287237275	25	0.6771651614958549
GALP	GALP	0.782203407248376	14222.0	1.1943407371886599	1.1943407371886599	0.00256875890851258	16489.0	92.8692125718148	0.55	2.016090310427635	1.6434855407484488	20	-0.5000041392909046
ABCC6P1	ABCC6P1	0.00210285522923454	14221.0	1.19364160277994	1.19364160277994	5.543168446663971e-07	15204.0	85.63140700687168	0.625	1.4841189093173008	1.2685067979967666	24	-0.22899152530840544
NEXN	NEXN	5.026471137818699e-07	14220.0	1.19302382125481	-1.19302382125481	0.000482183921467927	9219.0	51.92069392812887	0.2916666666666667	1.1283195270792439	1.8367370542392376	24	0.035227848224778285
CNRIP1	CNRIP1	2.62300658464597e-13	14219.0	1.1927143324486298	-1.1927143324486298	1.122293085341441e-06	17286.0	97.35834178213359	0.75	2.8293669744503553	2.186489525743788	24	-0.748529834116163
DHX32	DHX32	9.71337625803756e-16	14218.0	1.1926824673993401	1.1926824673993401	3.697589324177471e-12	10137.0	57.09135969359017	0.12	0.6208656614651028	0.542088564603998	25	1.054840192675815
TBC1D8B	TBC1D8B	2.4453839477461897e-06	14217.0	1.19218835700818	1.19218835700818	7.478379020354389e-12	13682.0	77.05869099921144	0.44	0.9875169713921711	0.4766127089440474	25	0.42942913979248615
TTC28	TTC28	3.16248247074384e-13	14216.0	1.19218835283656	-1.19218835283656	1.47947195497449e-10	12631.0	71.13889827644473	0.32	0.8974243404732671	0.5566861748716182	25	0.5294976337992778
PCDHGB5	PCDHGB5	1.21382687663131e-12	14215.0	1.19210970339067	-1.19210970339067	2.79052467668127e-09	11034.0	62.14374225526642	0.2	0.8268258192464188	0.8257459332620203	25	0.44236837195338835
LTC4S	LTC4S	6.65454798576651e-08	14214.0	1.19189244397304	-1.19189244397304	3.320787802372485e-05	14726.0	82.93905598738311	0.5833333333333334	1.4571749070234474	1.4347630358322594	24	-0.18489636018293826
MAP2	MAP2	3.36017840320165e-07	14213.0	1.1918131625958401	-1.1918131625958401	1.5560465681380403e-05	12635.0	71.16142841049904	0.30434782608695654	1.1365239320501013	1.3319776337660287	23	0.04150912833980124
PALM	PALM	3.37477377239573e-06	14212.0	1.19157157855396	-1.19157157855396	6.279052651753269e-12	15989.0	90.0529458150276	0.64	1.6973551586261604	1.093545814364421	25	-0.4625170463170457
SLC6A20	SLC6A20	0.0116799241464074	14211.0	1.19148627720732	1.19148627720732	0.0008709749765993852	14039.0	79.0695054635575	0.4583333333333333	1.664151315701485	1.7421841263355988	24	-0.27130601831870604
FRMPD4	FRMPD4	0.00597145651563431	14210.0	1.19120857076243	-1.19120857076243	3.470419076568128e-05	15231.0	85.7834854117382	0.5	1.404913674951244	1.2587280690013363	24	-0.16977861180005765
PTCH1	PTCH1	2.47930311127159e-10	14209.0	1.19080475341599	-1.19080475341599	1.72763287073632e-10	12103.0	68.16492058127746	0.24	1.2492059727874216	1.46091243806039	25	-0.03997585197437923
LINC00648	LINC00648	0.16651046896354801	14208.0	1.19059535492849	-1.19059535492849	0.001040105124699809	12018.0	67.68615523262363	0.375	1.07146022479775	0.9466177665501492	24	0.12585346941555475
CT55	CT55	0.16036315027758	14207.0	1.19059178998583	1.19059178998583	0.00516561076165089	14307.0	80.57902444519544	0.4782608695652174	1.9166659220364237	1.9219405435128238	23	-0.3777817864872723
IFNB1	IFNB1	0.608138156840927	14206.0	1.19029827981507	1.19029827981507	0.000389189418988486	16725.0	94.19849048101835	0.5652173913043478	2.3553988792792797	1.6771864912962733	23	-0.6946756401333284
P4HA1	P4HA1	2.38890708648536e-15	14205.0	1.19005501230411	1.19005501230411	1.0716253234369699e-10	11118.0	62.616875070406664	0.2	0.7349898533512332	0.4372741934945749	25	1.0406860631681036
LINC01282	LINC01282	0.5496592213346471	14204.0	1.1899444527095802	1.1899444527095802	0.30565813627138705	11642.0	65.56832263151965	0.18181818181818182	0.9440853218183001	0.8129064200782289	22	0.3024445678109175
C9orf152	C9orf152	0.0044960329025544	14203.0	1.1898060339320702	1.1898060339320702	2.164133346196335e-08	15683.0	88.32939055987383	0.75	1.7747192804432117	1.2624354142327288	24	-0.4633213231479526
ZNF485	ZNF485	7.535872089724499e-15	14202.0	1.18957427124639	1.18957427124639	1.55865145057507e-06	11587.0	65.25853328827306	0.12	0.9210967720561984	1.4589843445308395	25	0.1840167101152308
FAM186A	FAM186A	0.00166326789701551	14201.0	1.18956218298342	1.18956218298342	0.0160750307935544	11793.0	66.4188351920694	0.3333333333333333	0.9390577482592627	1.0006229203623875	24	0.25034848755356726
SEL1L3	SEL1L3	2.76706430343081e-11	14200.0	1.18950860936025	1.18950860936025	0.000286214577538598	6798.0	38.28433029176523	0.12	0.663578069579458	1.137074177567212	25	0.4625296661876789
CD79B	CD79B	0.0172959266141243	14199.0	1.18930356415727	1.18930356415727	9.16941342472144e-06	16338.0	92.01870001126507	0.7083333333333334	2.338810347846291	2.583191097923586	24	-0.4449948687934913
MUCL1	MUCL1	0.203833527807035	14198.0	1.18929094388225	1.18929094388225	0.00170250052607293	16807.0	94.66035822913146	0.625	3.17066112730245	2.9990419800248898	24	-0.6606677054263028
MRO	MRO	0.00315815787805367	14197.0	1.1888461883858799	1.1888461883858799	3.606966408415105e-05	16793.0	94.58150275994142	0.7083333333333334	2.434941980153573	2.039555210011541	24	-0.6109644816923795
LOXL1	LOXL1	0.000181776529408373	14196.0	1.18869225750049	1.18869225750049	8.21296738238425e-06	12135.0	68.34516165371184	0.3333333333333333	1.1703431179413941	1.4225629679435003	24	0.012898648406138288
PRR9	PRR9	0.16965915687072597	14195.0	1.1882993841574498	-1.1882993841574498	0.00245717394245287	14592.0	82.18429649656414	0.5652173913043478	2.4071606054900636	2.5580946173507577	23	-0.47647229819626624
TBC1D2	TBC1D2	6.64827705775734e-22	14194.0	1.1879166308888	-1.1879166308888	0.00364697095410805	5567.0	31.350681536555143	0.08	0.4953010958754705	0.6002961984024819	25	1.1537896406083021
MUC1	MUC1	2.5353706138115e-05	14193.0	1.18751630205067	1.18751630205067	0.0003139662084365505	13473.0	75.8814914948744	0.4583333333333333	1.5892351757277627	1.9470141874700597	24	-0.2063256016634805
NFKBID	NFKBID	4.565865143768971e-09	14192.0	1.18739592093567	-1.18739592093567	5.2059640662073e-05	10518.0	59.23735496226202	0.2	0.8143592016318081	0.9302481311497542	25	0.40100775998636135
PYROXD2	PYROXD2	0.00150771446295046	14191.0	1.18673546480774	1.18673546480774	0.0653863400886526	545.0	3.0640982313844765	0.08	0.5785110201060882	1.3267659612773537	25	0.45842632570711955
ERBB3	ERBB3	9.25309159402298e-06	14190.0	1.1863508522761599	1.1863508522761599	0.0003610850458300055	12416.0	69.92790357102625	0.25	0.8783417325133044	0.6646136178408846	24	0.46344087977534654
TFAP4	TFAP4	6.08346901213007e-11	14189.0	1.18621659757598	1.18621659757598	1.35293016289003e-07	9445.0	53.193646502196685	0.16	0.7422049041722962	0.8313925473125837	25	0.5340578224316773
IL17RB	IL17RB	0.000453808214761449	14188.0	1.18557821038259	1.18557821038259	4.5827924873931754e-05	7328.0	41.26957305395967	0.125	0.8340086331306699	1.3364037728176947	24	0.2630713743875965
SEMA3F	SEMA3F	3.05690227077778e-08	14187.0	1.185500640878	-1.185500640878	1.74499102923558e-06	11899.0	67.01588374450827	0.36	1.4173818892072156	1.7639908106892677	25	-0.13145263961925605
CAB39L	CAB39L	4.31233662049064e-07	14186.0	1.1854353042511598	-1.1854353042511598	8.33593557619382e-06	5251.0	29.57080094626563	0.04	0.4178134090485998	0.31586639077457423	25	2.430210739801032
ACACB	ACACB	1.4193721802310899e-18	14185.0	1.1850527247647902	-1.1850527247647902	3.1470300428403e-11	14218.0	80.07772896248733	0.48	1.091302931155232	0.7585951005749495	25	0.12358344199495082
XPR1	XPR1	3.74009421504292e-15	14184.0	1.18492870547422	1.18492870547422	0.000117348984491425	3752.0	21.127633209417596	0.04	0.32935546268328303	0.25142966103666425	25	3.402833377984686
NCAPG	NCAPG	1.37855209337044e-07	14183.0	1.1843590110358	1.1843590110358	0.0016288549693778	8690.0	48.94108369944801	0.16	0.5616871264136218	0.49417007246534594	25	1.2600356017428462
RBMS2	RBMS2	3.48717315234726e-13	14182.0	1.18431364215024	-1.18431364215024	2.4636753643004397e-05	6588.0	37.101498253914606	0.12	0.5000255501852624	0.5205371668497493	25	1.3145806592567373
CD27	CD27	0.00428940114449566	14181.0	1.18268679992008	1.18268679992008	0.000700780749831158	12269.0	69.09992114453081	0.2916666666666667	1.1851189256001864	1.5521372649499028	24	-0.0015669527013030073
TNNI3	TNNI3	0.0254472769432419	14180.0	1.18252774085494	1.18252774085494	7.85250198102879e-07	17288.0	97.36960684916075	0.6956521739130435	3.400144038979071	2.6655891945145296	23	-0.8319422597779604
CIDEA	CIDEA	0.388075267483584	14179.0	1.18207913046256	1.18207913046256	4.3510512932183956e-06	16315.0	91.88915174045285	0.625	2.4046534917036806	2.1470056964265116	24	-0.5694322857531213
TDRD9	TDRD9	0.018723640436683	14178.0	1.1819288137958899	1.1819288137958899	0.00944691037087627	11090.0	62.45916413202658	0.25	1.3778640732639638	2.3025308755793366	24	-0.08509560568597148
RHAG	RHAG	0.7472293710118431	14177.0	1.18189491170498	-1.18189491170498	6.0871943967590306e-05	17582.0	99.02557170215162	0.5833333333333334	3.2961207186904296	2.782234686360885	24	-0.7599020375059806
KRTAP4.9	KRTAP4.9	0.7846120167709809	14175.0	1.1818925300790302	-1.1818925300790302	0.01359502678674708	14386.0	81.02399459276782	0.45454545454545453	1.5540629661765657	1.5605379980094432	22	-0.2384885447020582
KRTAP4.7	KRTAP4.7	0.7846120167709809	14175.0	1.1818925300790302	-1.1818925300790302	0.024215845520358548	15431.0	86.90999211445308	0.5	1.6913214519272712	1.7014546495505503	22	-0.2994078754804366
REG3G	REG3G	0.7846120167709809	14175.0	1.1818925300790302	-1.1818925300790302	0.0450441556386709	17304.0	97.45972738537793	0.5238095238095238	2.918823577102428	2.8302130440082705	21	-0.6137103532543545
PPY	PPY	0.551826562764141	14173.0	1.181755142675	-1.181755142675	6.42811412053042e-05	17704.0	99.7127407908077	0.8095238095238095	4.879174221665739	3.6390565548769698	21	-1.0160378172841402
LHFPL5	LHFPL5	1.76023735375043e-18	14172.0	1.1814708726827199	1.1814708726827199	3.59071312666394e-08	8508.0	47.91596259997747	0.16	0.589216046384329	0.6309636578407355	25	0.9386512502561355
MINCR	MINCR	4.59468382938051e-05	14171.0	1.1811521238423601	1.1811521238423601	0.004546268388340616	9559.0	53.83575532274416	0.25	0.932675315005341	1.0710340206695037	24	0.2319971205785753
LINC00462	LINC00462	0.6116782850257281	14170.0	1.18088373404173	-1.18088373404173	0.006378882664223991	14702.0	82.80387518305733	0.625	1.6885880751180211	1.5365432513152815	24	-0.3304198177576167
STAB2	STAB2	0.0300702081763628	14169.0	1.1794365271386298	-1.1794365271386298	1.69904569504347e-08	15129.0	85.2089669933536	0.7083333333333334	1.4089163623613565	1.2426454042500605	24	-0.1846704091431605
NPY	NPY	0.6678431659516639	14168.0	1.17928334590119	1.17928334590119	5.86014260302405e-05	16343.0	92.04686267883294	0.6956521739130435	2.753706572316616	2.602356823982941	23	-0.6049989808875444
RSPO4	RSPO4	0.0192452086400741	14167.0	1.1788537454080001	-1.1788537454080001	1.932587261910215e-07	15223.0	85.7384251436296	0.5833333333333334	1.8765781251069404	1.580170449049272	24	-0.441550074625642
SLITRK1	SLITRK1	0.500295131124585	14166.0	1.17878527362534	1.17878527362534	0.0008793744115785685	14806.0	83.38965866846907	0.5833333333333334	1.680297469032752	1.7751023995585262	24	-0.2825257830377221
PSD3	PSD3	3.54685770159353e-11	14165.0	1.17874536783446	1.17874536783446	7.67368897126436e-05	6360.0	35.817280612819644	0.2	0.8762055572125951	1.4806651389892762	25	0.20432696269757725
ZHX1.C8orf76	ZHX1.C8orf76	6.06073702358329e-07	14164.0	1.17842715032601	1.17842715032601	1.55085201935788e-09	9599.0	54.06105666328714	0.12	0.6709325844708411	0.6718219315354895	25	0.7554004149511157
TBC1D30	TBC1D30	9.03568274540963e-07	14163.0	1.17835413845458	1.17835413845458	2.8019921679978897e-05	9695.0	54.601779880590286	0.16666666666666666	0.6795338989510732	0.6230564717826261	24	0.8006019712407973
PTX3	PTX3	0.0109456412556511	14162.0	1.17783889301871	-1.17783889301871	6.46956897333457e-06	16528.0	93.08888137884419	0.625	2.220363019484164	2.29903245953178	24	-0.45346211713677753
METRNL	METRNL	1.82930267168205e-06	14161.0	1.17775728700733	-1.17775728700733	1.38818272282521e-05	10490.0	59.07964402388194	0.28	0.7209946672622377	0.5999129901068254	25	0.7613814457722569
MTURN	MTURN	6.0080293707877405e-12	14160.0	1.1777239995856599	-1.1777239995856599	2.53303372533403e-06	9642.0	54.30325560437084	0.16	0.808443723094286	1.0903088329792157	25	0.33869328150110783
HIC1	HIC1	5.432941822507159e-24	14159.0	1.1776969860546203	-1.1776969860546203	3.0443456858726e-13	12712.0	71.59513349104427	0.28	0.8264249643433231	0.34671606792571324	25	1.0131403018407559
PTGES	PTGES	1.18891614533245e-05	14158.0	1.17764146646959	1.17764146646959	0.00731171427922797	11852.0	66.75115466937028	0.32	0.9781171326248813	0.8834377874867203	25	0.2258498976055039
SMTNL2	SMTNL2	0.0004949352451549349	14157.0	1.17716285927482	-1.17716285927482	4.18136353757943e-05	16076.0	90.54297623070856	0.625	1.4893723269286394	1.0707708825643458	24	-0.29157448408208636
AGR3	AGR3	0.0300102088924242	14156.0	1.1770315012290902	1.1770315012290902	9.48554454381944e-06	16794.0	94.58713529345499	0.8260869565217391	2.2999484335368616	1.5386152816072451	23	-0.7298230725583116
SNAP91	SNAP91	0.0155233686481397	14155.0	1.17663424595748	1.17663424595748	4.855434335281974e-07	15690.0	88.36881829446885	0.5833333333333334	2.090527607547895	2.3739126230880774	24	-0.3849734622505133
FAM163A	FAM163A	0.0512977252873003	14154.0	1.17651850533648	1.17651850533648	8.937059346165865e-08	16510.0	92.98749577559985	0.7916666666666666	2.298165280195459	1.727923590451564	24	-0.6491298463989691
EGFL6	EGFL6	3.7653468213402796e-05	14153.0	1.17647922671406	-1.17647922671406	0.00011425692922018921	14253.0	80.27486763546243	0.4583333333333333	1.6535684035329998	1.8697834256881183	24	-0.25515745313838223
MANF	MANF	1.1423378200788702e-16	14152.0	1.17589433596909	1.17589433596909	5.162444585757611e-07	6962.0	39.20806578799144	0.08	0.4766385704288523	0.4360481176027053	25	1.6036206494471048
LYZL6	LYZL6	0.553169453879838	14151.0	1.17579383902705	-1.17579383902705	0.00206764533205535	15764.0	88.78562577447335	0.5652173913043478	1.6659105833187144	1.2553558391142814	23	-0.3904205716185359
FSIP2	FSIP2	0.007551691058528001	14150.0	1.17577921013832	1.17577921013832	1.2385673005042085e-09	14942.0	84.15568322631519	0.5416666666666666	1.3876702810580406	1.0987977610749233	24	-0.19283900862014267
TMED6	TMED6	0.0732565389815346	14149.0	1.1757245519658899	1.1757245519658899	0.004068571774135915	8704.0	49.01993916863805	0.16666666666666666	0.6763547285801675	0.6757021857671988	24	0.7390383424892033
LRRC3	LRRC3	1.07349792272763e-12	14148.0	1.17557943760466	-1.17557943760466	3.25252443378834e-12	11257.0	63.39979722879351	0.36	0.8640181173631454	0.6349415956657262	25	0.490692880051192
ETS2	ETS2	2.38084283203572e-09	14147.0	1.17550007948711	-1.17550007948711	0.000136615020587568	11429.0	64.3685929931283	0.2	0.7356000757846196	0.848214679118658	25	0.5186187111965226
LINC00115	LINC00115	0.000270350962770432	14146.0	1.17548209188002	1.17548209188002	0.06855363200411604	331.0	1.8587360594795537	0.08333333333333333	0.3363999082662174	0.43170686332269603	24	1.943638739388301
OGDHL	OGDHL	0.0117988652729862	14145.0	1.17540881854819	1.17540881854819	6.44024427237734e-06	12574.0	70.817843866171	0.4166666666666667	1.6074701465937833	1.9044859572496924	24	-0.2268650637201558
EZH2	EZH2	7.93440818520897e-07	14144.0	1.1747147140441	1.1747147140441	0.000725922118430249	6597.0	37.152191055536775	0.16	0.6419950401328088	0.899929472775259	25	0.5919571366725627
IDH1.AS1	IDH1.AS1	0.007786012916684109	14143.0	1.1741020755600802	1.1741020755600802	0.00238718989939843	7982.0	44.95324997183733	0.16	0.6085418734006055	0.6159785154077463	25	0.918149234125646
FAM81A	FAM81A	8.20243078209097e-08	14142.0	1.17360557866009	1.17360557866009	8.26237621971125e-07	10280.0	57.89681198603131	0.20833333333333334	0.8133678084801076	0.9082652079330539	24	0.39662178737395254
SLC9A3R2	SLC9A3R2	8.34455214085255e-07	14141.0	1.17336626605471	-1.17336626605471	2.89323921936655e-06	11035.0	62.14937478877999	0.36	0.9045944312256544	0.8826005518876573	25	0.3045226226680022
S100A14	S100A14	0.000161787108376626	14140.0	1.17305989972904	1.17305989972904	4.615837361953469e-08	15962.0	89.90086741016108	0.6956521739130435	2.0314094996687335	1.7747127095797381	23	-0.4836555208662226
EBF3	EBF3	0.0308492775524854	14139.0	1.17290341960596	1.17290341960596	6.230187666775871e-06	13692.0	77.11501633434719	0.5	1.3827695773823299	1.4757116876996228	24	-0.14221352282132738
PLK4	PLK4	7.957937222205231e-06	14138.0	1.17273219954603	1.17273219954603	0.00186867753202163	7431.0	41.84972400585783	0.16	0.7534076044260992	1.0704451650523545	25	0.3917291691437758
SNCA	SNCA	3.0523447611705395e-09	14137.0	1.1721546135114298	-1.1721546135114298	0.001277019502362906	11638.0	65.54579249746536	0.3333333333333333	1.1607367086775973	1.6806033424401308	24	0.006793932003761491
C1orf162	C1orf162	1.05299656177513e-09	14136.0	1.17070035048063	-1.17070035048063	0.011895635729114635	9558.0	53.83012278923059	0.20833333333333334	1.2478190140241125	2.1047560232891884	24	-0.03664019139993534
FSD2	FSD2	1.27839477624282e-07	14135.0	1.17047042323068	1.17047042323068	0.0002299153016891775	16253.0	91.53993466261123	0.6666666666666666	2.716644885857414	2.6116078340690203	24	-0.5920392956616746
ILDR1	ILDR1	8.48294001534144e-14	14134.0	1.1702611645676	1.1702611645676	5.471395209675475e-08	14408.0	81.14791033006645	0.5	1.4507435623093041	1.522570000518806	24	-0.1842164220010453
SEMA6B	SEMA6B	0.000355016000331744	14133.0	1.1702086198751498	-1.1702086198751498	8.836857893171441e-18	16035.0	90.31204235665201	0.7083333333333334	2.3448359828202356	2.215068473295814	24	-0.5302894141224224
CBX7	CBX7	8.12364801610566e-16	14132.0	1.17016659252208	-1.17016659252208	1.0484744029468902e-09	11946.0	67.28061281964627	0.32	0.9911387747529515	0.9351511562273704	25	0.19144265242783934
KCNK1	KCNK1	0.000103851665974661	14131.0	1.169183311182	1.169183311182	3.70594183301856e-05	11909.0	67.07220907964403	0.28	0.8163681817666767	0.6082709567378278	25	0.5800295501654059
KRT17	KRT17	0.15573281263934	14130.0	1.16893040014272	1.16893040014272	0.0015264815003124001	14436.0	81.30562126844654	0.5416666666666666	3.0020387595142837	4.931703788575934	24	-0.37169879578288445
NKD2	NKD2	0.000108374784213819	14129.0	1.16877485598104	-1.16877485598104	2.5465466520606398e-11	14729.0	82.95595358792384	0.5833333333333334	1.781138391661142	1.4770704295654045	24	-0.414579781317724
GRK1	GRK1	0.0641442581422696	14128.0	1.1687439939383701	1.1687439939383701	9.45388184697771e-05	17114.0	96.3895460177988	0.625	2.0015031688811185	1.476220234692476	24	-0.5641158110234328
RNF126P1	RNF126P1	0.0629792414036786	14127.0	1.16866350421461	1.16866350421461	7.99800817281026e-06	14109.0	79.4637828095077	0.5	1.1977899321732248	0.9200645110550121	24	-0.03165694101733834
CENPU	CENPU	4.3102614802117205e-09	14126.0	1.1684171471883402	1.1684171471883402	9.212822118367559e-05	8362.0	47.0936127069956	0.16	0.6909293906515984	0.8050645286770659	25	0.5931049493900576
PRDM12	PRDM12	0.111383839870028	14125.0	1.16810306260119	1.16810306260119	0.000262147605810967	13377.0	75.34076827757124	0.4166666666666667	1.2329660709951253	0.9641602014261316	24	-0.06727409853465609
KCTD15	KCTD15	8.00312971788774e-08	14124.0	1.16795214262926	-1.16795214262926	4.408308286552179e-09	8647.0	48.69888475836431	0.2	0.7743737297574519	0.97352232165517	25	0.4042828850628214
DENND3	DENND3	2.6166720290643e-10	14123.0	1.1674144679415102	-1.1674144679415102	9.834898835958699e-08	8738.0	49.21144530809958	0.16	0.6849446440577661	0.7629310034904823	25	0.6323898513448771
LINC00703	LINC00703	0.620392423257842	14122.0	1.16715819965376	-1.16715819965376	4.1328778399360905e-06	16447.0	92.63264616424468	0.7142857142857143	2.0376015004079844	1.449417880452949	21	-0.6005468212398534
TRPC6	TRPC6	5.5083219326445495e-05	14121.0	1.16715118156755	-1.16715118156755	0.0007239229574700959	11451.0	64.49250873042695	0.3333333333333333	1.1139071084065992	1.7180944222393297	24	0.030990190336310765
AGTR2	AGTR2	0.141295039462356	14120.0	1.16670510979922	-1.16670510979922	0.00299849682719023	14599.0	82.22372423115917	0.5217391304347826	1.771899682483101	1.7723980025439803	23	-0.34145523286261076
FANCB	FANCB	4.11114946380277e-06	14119.0	1.1666857062236298	1.1666857062236298	1.1346828701108169e-05	11674.0	65.74856370395403	0.2916666666666667	1.1100095945771475	1.233781420726984	24	0.04593691450880078
CPA5	CPA5	0.275278314097284	14118.0	1.16650078091025	1.16650078091025	0.001881631213920185	17322.0	97.56111298862227	0.6363636363636364	3.0915443481439895	2.3654780905366546	22	-0.8138073968789142
SMAD9	SMAD9	9.939304903308271e-09	14117.0	1.1664692403616002	-1.1664692403616002	0.009947357890549239	8596.0	48.411625549172015	0.20833333333333334	0.9457312740563029	1.1774865594427955	24	0.18746538084456255
GREM2	GREM2	8.818999558098819e-10	14116.0	1.1664675751875901	-1.1664675751875901	0.0046537166653926	11351.0	63.9292553790695	0.3333333333333333	1.0115131482884674	1.1185757130176321	24	0.1385283312482221
SPI1	SPI1	3.30412010372726e-06	14115.0	1.16594387310748	-1.16594387310748	1.2733410155629251e-05	15871.0	89.38830686042581	0.6666666666666666	2.124364613076857	2.1381540121632154	24	-0.44824682156535706
LMNA	LMNA	7.29742756490607e-06	14114.0	1.16538500930077	-1.16538500930077	2.8307634543493147e-05	13985.0	78.76534865382449	0.5	1.9906070513288079	2.17099926657901	24	-0.3801116171395101
DNMT3L	DNMT3L	0.155139857487801	14113.0	1.1651977714617099	1.1651977714617099	0.281293053579251	16223.0	91.370958657204	0.4782608695652174	2.0137933858151045	1.6960967086591758	23	-0.5003226585023205
GRIA4	GRIA4	0.0580201922781329	14112.0	1.16498663983394	1.16498663983394	5.424606638124424e-05	16536.0	93.13394164695279	0.6666666666666666	2.5112793138423566	2.612072512285696	24	-0.5154116770021604
TIGD2	TIGD2	7.813330438373772e-17	14111.0	1.16483569400212	1.16483569400212	1.2594318708767e-11	10467.0	58.950095753069725	0.12	0.7457960161820967	0.7812038024972253	25	0.5364025065936769
GPRIN1	GPRIN1	0.00031882977131651003	14110.0	1.16465422630469	1.16465422630469	8.411903994243851e-06	13775.0	77.58251661597386	0.4	0.9770358358399445	0.9610327976572421	25	0.1952257934610684
PLCH1	PLCH1	5.373266823182371e-05	14109.0	1.16450766995016	1.16450766995016	0.050896909537857	8112.0	45.685479328602	0.16	0.9496754863340813	1.5126727642109987	25	0.14202158503735202
C21orf62	C21orf62	0.0527594310158278	14108.0	1.16406469374257	-1.16406469374257	1.89347457743383e-05	16443.0	92.61011603019037	0.6086956521739131	2.488197405605129	2.156582412919118	23	-0.6139958778900699
ENO1	ENO1	4.28090340521248e-09	14107.0	1.1637940441191101	1.1637940441191101	0.00018576857967770902	1972.0	11.101723555255154	0.04	0.3692453271038076	0.4071940021542731	25	1.9512780463654098
FAT4	FAT4	4.29400919966782e-16	14106.0	1.16343788928191	-1.16343788928191	5.80710381811516e-05	11244.0	63.32657429311704	0.36	1.1643764953279128	1.6806854634528317	25	-0.0005584662129905802
ATP6V0D2	ATP6V0D2	0.0181019006547319	14105.0	1.16315190619889	1.16315190619889	4.6713449455620764e-05	14933.0	84.10499042469303	0.625	2.161372320402852	2.096002337004098	24	-0.4762496666061734
STOX1	STOX1	0.0110923057630031	14104.0	1.16284625285354	1.16284625285354	0.010926988126497415	12298.0	69.26326461642446	0.25	0.997927523939962	1.1542243935869625	24	0.14288272698956134
PACSIN1	PACSIN1	0.0171022490523413	14103.0	1.16200606991492	1.16200606991492	1.0089025087033865e-07	16226.0	91.38785625774473	0.5833333333333334	1.963682526478748	1.9395839132607797	24	-0.41332393565590564
GUCA2B	GUCA2B	0.13023536666846303	14102.0	1.1619015020036698	-1.1619015020036698	3.54420343970609e-05	16684.0	93.96755660696181	0.7619047619047619	2.6038565999949137	1.8758735709750072	21	-0.7686845853059121
CD101	CD101	3.46246643399992e-07	14101.0	1.1616722274404299	-1.1616722274404299	0.010026137561850945	3883.0	21.865495099695842	0.08333333333333333	0.708869678013235	1.33965853709163	24	0.337998480127794
MNDA	MNDA	8.516842476414729e-13	14100.0	1.1612872249713502	-1.1612872249713502	0.0022774432461656552	14271.0	80.37625323870677	0.4583333333333333	2.0420261493299203	2.9642549854774627	24	-0.29711982561335104
LINC00467	LINC00467	4.3657662281951405e-08	14099.0	1.16061719765596	1.16061719765596	4.912623790025949e-13	12116.0	68.23814351695393	0.32	0.8241202067753213	0.47548824586795274	25	0.7076872957530205
HPYR1	HPYR1	0.61475440975006	14098.0	1.16057875798863	1.16057875798863	0.0749663356949462	13804.0	77.74586008786751	0.36363636363636365	1.4474435600888638	1.2416368610971595	22	-0.2310376013214916
ALDOA	ALDOA	1.1497795159351e-11	14097.0	1.1603526234692199	1.1603526234692199	0.00013820414682963702	3358.0	18.90841500506928	0.12	0.5252611828574526	0.7133299957615726	25	0.8903192693218017
PDIK1L	PDIK1L	1.28117659567143e-10	14096.0	1.1596535407086201	1.1596535407086201	3.1093558357468396e-08	10113.0	56.956178889264386	0.2	0.8350638192772345	0.9681795821598543	25	0.33525776355175524
OR7E14P	OR7E14P	1.9475576091480398e-07	14095.0	1.1592804461300201	1.1592804461300201	0.0548036251067156	5294.0	29.81299988734933	0.16	0.6133856545417753	0.7919755656815197	25	0.6892823658246139
ARHGAP11A	ARHGAP11A	2.3304572683739e-07	14094.0	1.15918415060693	1.15918415060693	5.8740368035633704e-05	8442.0	47.544215388081554	0.28	0.8239105000853031	1.1074385817114516	25	0.30274694782936873
BDH1	BDH1	3.83191859364657e-09	14093.0	1.1590926939081698	1.1590926939081698	0.00084036730969969	5594.0	31.50275994142165	0.2	0.65541561641481	0.8919646561428336	25	0.5646827752922803
HGH1	HGH1	5.8602914406515e-12	14092.0	1.15876711340236	1.15876711340236	0.000382786809569719	3486.0	19.629379294806803	0.12	0.5011691355510169	0.5937186388755344	25	1.1075919379873134
ZC3H12A	ZC3H12A	0.00047473713171313604	14091.0	1.15840437542663	-1.15840437542663	0.02503513745503445	5546.0	31.23239833277008	0.125	0.8876886321339904	1.6709331934536849	24	0.1620147019361629
SMCO3	SMCO3	2.3125228274582396e-05	14090.0	1.15818418371609	-1.15818418371609	0.0302299726575184	7340.0	41.33716345612256	0.125	0.6176947648009228	0.5061171262666522	24	1.0679137117964383
KCNQ1OT1	KCNQ1OT1	2.3364154786486103e-13	14089.0	1.15772199549993	1.15772199549993	0.0001276212257779979	8965.0	50.49003041568097	0.25	0.7232680464250804	0.7225146106660247	24	0.601308184860599
SLC52A3	SLC52A3	1.01311655949584e-05	14088.0	1.1573386944576698	1.1573386944576698	0.06119931756842065	9026.0	50.83361496000901	0.20833333333333334	0.6295426293077452	0.5451034555986772	24	0.9682493474018721
PCDHGA10	PCDHGA10	2.98194452637445e-12	14087.0	1.15723817282533	-1.15723817282533	7.43618501461297e-08	8672.0	48.83969809620367	0.08333333333333333	0.6003705111366036	0.5664550678062082	24	0.9830747279663111
CCDC163	CCDC163	0.00459763158585587	14086.0	1.1568460199025101	1.1568460199025101	0.00188835129596988	1932.0	10.876422214712177	0.04	0.42064626394559346	0.6371777508876648	25	1.1554071919983118
GBP1	GBP1	0.00169890638457518	14085.0	1.15678066492678	-1.15678066492678	0.0033995044286220756	10252.0	57.73910104765123	0.3333333333333333	1.0528992227801794	1.4451927189342026	24	0.07188068469042025
ARNTL2.AS1	ARNTL2.AS1	0.0222171541349672	14084.0	1.1567069357126398	1.1567069357126398	5.64279387175212e-05	11991.0	67.53407682775712	0.2916666666666667	0.985264973744811	0.8511803618584639	24	0.2014167262899523
CCNF	CCNF	2.78356298659184e-19	14083.0	1.1561730273279098	1.1561730273279098	2.34877466497004e-05	6971.0	39.258758589613606	0.28	0.887691903408781	1.1115479698493989	25	0.24153804532206083
COL5A3	COL5A3	0.00041351923344929104	14082.0	1.15602854010666	-1.15602854010666	6.024141477888605e-07	14026.0	78.99628252788104	0.5	1.7471230249265697	2.1212277576141947	24	-0.2786567744543993
ELAVL3	ELAVL3	0.0424572480719147	14081.0	1.15571516592381	-1.15571516592381	5.59297645276724e-08	17185.0	96.78945589726258	0.7083333333333334	2.5456672027174663	1.8790271301121688	24	-0.739718982509147
PRDM14	PRDM14	0.556575281663684	14080.0	1.1556315627240499	1.1556315627240499	0.000171167862301901	17053.0	96.04596147347075	0.6956521739130435	2.462866169303474	1.7402754932860867	23	-0.7511653250434674
MYO1F	MYO1F	9.71301211829158e-06	14079.0	1.1556206039263799	-1.1556206039263799	4.0481512926105595e-06	14872.0	83.76140588036499	0.5416666666666666	1.6721014769886091	1.9633706904865809	24	-0.26305825770182506
PIEZO1	PIEZO1	1.32594661503245e-15	14078.0	1.15521771199342	-1.15521771199342	1.57005595104489e-08	10919.0	61.496000901205356	0.4	0.9043114319267563	0.6996899918391328	25	0.358596354089841
ZNF107	ZNF107	2.63079016938807e-12	14077.0	1.15475529661145	1.15475529661145	9.740741508407571e-05	9447.0	53.20491156922383	0.08	0.5431206436682694	0.38620991378519176	25	1.5836844967251906
GNAS.AS1	GNAS.AS1	0.00198231092110172	14076.0	1.15427131817132	1.15427131817132	0.004429191654006209	12653.0	71.26281401374338	0.4166666666666667	1.6706115945577438	2.095758412892408	24	-0.246373949024883
NACC2	NACC2	1.04374353941384e-15	14075.0	1.1538723559114399	-1.1538723559114399	2.5662308423443197e-14	13400.0	75.47031654838345	0.4	1.1815906562104654	1.0442025307105909	25	-0.026544946486734673
TSPAN32	TSPAN32	1.1398076951783e-07	14074.0	1.1534360828930201	-1.1534360828930201	4.4733052531046165e-06	14438.0	81.3168863354737	0.5416666666666666	1.6978192163672243	2.2165901567121744	24	-0.24559485289859684
POLE2	POLE2	3.7056567070406697e-10	14073.0	1.15301855885932	1.15301855885932	0.006104327326165	2861.0	16.109045848822802	0.12	0.5942481831559899	0.9249245347670032	25	0.6041253688270788
RARA.AS1	RARA.AS1	2.2984643304731096e-20	14072.0	1.1528881101080501	-1.1528881101080501	5.61771447379253e-07	12515.0	70.4855243888701	0.3333333333333333	0.856543030459788	0.7037950326371225	24	0.421067307818096
ZIC3	ZIC3	0.742238236004723	14071.0	1.15246891692258	1.15246891692258	3.24023631367031e-05	16254.0	91.54556719612481	0.6956521739130435	2.3360180526471988	2.3953029861026183	23	-0.4941124954093444
TEX26	TEX26	0.0980336527372676	14070.0	1.15207143405034	1.15207143405034	0.00019516698208136201	16727.0	94.20975554804551	0.6086956521739131	2.041960320548949	1.520067277874547	23	-0.585427302759196
DNASE2B	DNASE2B	0.0263359306167757	14069.0	1.15183138773357	-1.15183138773357	0.0019090151804037501	12771.0	71.92745296834515	0.4166666666666667	1.4032320062244488	1.6672657049166797	24	-0.15078617508265868
HDC	HDC	0.0013567409007515	14068.0	1.15182858103128	-1.15182858103128	0.0010543723870408287	14151.0	79.70034921707784	0.4583333333333333	1.9113797142210138	2.6225982398930636	24	-0.2896178002547216
DNAJB4	DNAJB4	5.66172745882517e-10	14067.0	1.15161726328858	-1.15161726328858	0.00114022869087115	6582.0	37.06770305283316	0.08	0.48171972647318684	0.4450699242995078	25	1.505151213867663
LRRN1	LRRN1	5.74979840648177e-06	14066.0	1.15139925690524	1.15139925690524	0.00024517402004041217	11449.0	64.4812436633998	0.4583333333333333	1.4613653813818273	1.9833298654487033	24	-0.1562857141802084
RNASE7	RNASE7	0.132841304516216	14065.0	1.15133224580639	1.15133224580639	0.01688425189499225	14984.0	84.39224963388531	0.5909090909090909	2.152870942862535	2.5087889981750204	22	-0.39921200937372536
ANK2	ANK2	0.000106169604241937	14064.0	1.15095140946434	-1.15095140946434	3.45973677281726e-06	12464.0	70.19826517967782	0.28	1.1637799505498767	1.3513606939817189	25	-0.009493054772621797
PAGE5	PAGE5	0.558127484981152	14063.0	1.1507698316326598	1.1507698316326598	2.27300192110338e-11	17421.0	98.11873380646614	0.7391304347826086	3.324664108953989	2.6250621388167517	23	-0.8281305974346242
TTC23L	TTC23L	8.49213286810033e-05	14062.0	1.15010401945453	1.15010401945453	0.00442813204593899	11306.0	63.67579137095865	0.28	0.7450641194380428	0.6298411348767151	25	0.6430826403482991
SLITRK2	SLITRK2	0.21025494642361	14061.0	1.1489228968246399	-1.1489228968246399	0.017859455932999847	11054.0	62.2563929255379	0.25	0.991824830006685	1.2049510631485685	24	0.13037713449329102
SYP	SYP	7.76597280573406e-10	14060.0	1.14889069502733	-1.14889069502733	2.665705327677378e-07	14620.0	82.34200743494424	0.5	1.5412352440196724	1.6252201612342732	24	-0.24141009221444576
ANXA1	ANXA1	4.70390946113686e-19	14059.0	1.14870213266878	-1.14870213266878	4.0626754043558703e-07	12246.0	68.97037287371859	0.24	0.8711772186428814	0.8610824260384641	25	0.32229773321782057
FAM228A	FAM228A	0.0016674199348121	14058.0	1.14836476422397	-1.14836476422397	1.7704501812270148e-06	14007.0	78.88926439112312	0.5	1.5785231956937915	1.5172153206744539	24	-0.2835183810815998
CBARP	CBARP	0.004996300221716979	14057.0	1.14821509632872	-1.14821509632872	1.5291652340920102e-11	14027.0	79.00191506139461	0.56	1.4430011650922814	1.1937765132378808	25	-0.24693572498257052
SLC8A3	SLC8A3	1.1751933142866901e-05	14056.0	1.14810268659885	-1.14810268659885	9.338736511252605e-08	15511.0	87.36059479553903	0.625	1.6054614974887376	1.6943033345733696	24	-0.26993915526056134
PRR15	PRR15	0.010541730729741999	14055.0	1.1472159769426202	1.1472159769426202	0.011131923890819753	11502.0	64.77976793961923	0.2916666666666667	1.0059851703869291	1.0112835341851005	24	0.1396550045378677
CHRNA9	CHRNA9	0.19382075783681502	14054.0	1.14718652279487	1.14718652279487	4.0008957471055796e-05	14530.0	81.83507941872253	0.5652173913043478	2.5148502432195206	2.6790623643769136	23	-0.5105008896434319
RBM12B	RBM12B	7.73786337672072e-13	14053.0	1.14716595166059	1.14716595166059	0.00111696841465089	4750.0	26.748901655964854	0.12	0.45652597363190184	0.4146261033843804	25	1.665693434135835
VMP1	VMP1	2.21975727240564e-06	14052.0	1.14698980275119	1.14698980275119	2.0668951595237636e-05	16810.0	94.67725582967218	0.7083333333333334	3.216067257988072	3.2952738720625083	24	-0.6278924106365243
CLDN12	CLDN12	1.59807443529789e-09	14051.0	1.1469728055389798	1.1469728055389798	4.63921704359074e-10	12480.0	70.288385715895	0.24	0.7313412374198891	0.3712355197867926	25	1.1195899798537479
C15orf56	C15orf56	0.000706814668951497	14050.0	1.1469588945671498	1.1469588945671498	0.2695988646148535	3100.0	17.455221358567083	0.16666666666666666	0.523851982186542	0.7993412745749714	24	0.7795255070644618
GPAT2	GPAT2	0.00283868221759707	14049.0	1.14672394677678	1.14672394677678	0.129879510091936	651.0	3.6611467838233636	0.125	0.6381818231030275	1.3891784404963519	24	0.3660740109759053
NUDT9P1	NUDT9P1	0.00857188052534757	14048.0	1.14636009617871	-1.14636009617871	0.057450426145706945	9623.0	54.19623746761293	0.16666666666666666	0.618301971154264	0.5036322354592234	24	1.0484994562410217
SOAT2	SOAT2	0.0104235948236804	14047.0	1.1463181091843302	-1.1463181091843302	1.7098292920993797e-05	15800.0	88.98839698096204	0.7083333333333334	1.7118175581505508	1.1778428904719318	24	-0.4801144987508812
PEAK1	PEAK1	2.5624831548203603e-17	14046.0	1.14622785296276	-1.14622785296276	0.008597232668044609	4335.0	24.411400247831477	0.16	0.5072018299206055	0.6942982038610674	25	0.9203912951070041
SLC35F2	SLC35F2	9.99700982940173e-06	14045.0	1.1459993351259499	1.1459993351259499	5.205730858305179e-09	10058.0	56.646389546017794	0.36	0.9739414407576891	1.1150826438335117	25	0.15430057612299275
C22orf42	C22orf42	0.6270937205263161	14044.0	1.1459813299253998	-1.1459813299253998	0.0011800109761502349	15180.0	85.4962262025459	0.5416666666666666	2.0287202488043468	1.9572163307363704	24	-0.4510175523350712
CITED1	CITED1	0.0115061371844994	14043.0	1.14564440289471	1.14564440289471	0.0023118562679714204	14825.0	83.49667680522698	0.5	1.526347231631312	1.4943848166958587	24	-0.2547555519055329
ALDH1B1	ALDH1B1	0.000141143268046876	14042.0	1.14548853770904	1.14548853770904	4.0328931536176596e-05	2070.0	11.653711839585444	0.16	0.7305433543215769	1.1322735317668682	25	0.36647079680468864
SMAD7	SMAD7	3.38633994530857e-13	14041.0	1.1452759470681102	-1.1452759470681102	3.7497096660036603e-07	8639.0	48.653824490255715	0.2	0.8453408513184313	1.2010195788638487	25	0.24973372709994804
SYNPO	SYNPO	6.287313929815971e-17	14040.0	1.1452499730165	-1.1452499730165	3.08067330477454e-12	14910.0	83.9754421538808	0.52	1.4671010278388201	1.3642233084230422	25	-0.23592255962431843
COL1A2	COL1A2	0.0072546843540606904	14039.0	1.14521657007019	1.14521657007019	0.00019773378709540948	12463.0	70.19263264616424	0.4166666666666667	1.8209918351218617	2.6674156300646645	24	-0.25334456971570246
PARVB	PARVB	1.1771148338916e-08	14038.0	1.14473238134141	-1.14473238134141	1.10507527675186e-05	9585.0	53.9822011940971	0.24	0.9781403296783487	1.317761267654186	25	0.12642051011229094
CD200	CD200	1.61305857304315e-06	14037.0	1.14471959185248	-1.14471959185248	3.013126895127555e-06	10901.0	61.39461529796102	0.4166666666666667	1.3670164614283047	1.7515596803148035	24	-0.126913671326273
COL6A5	COL6A5	0.00524264818408327	14036.0	1.1445236546096298	-1.1445236546096298	0.0003548261016732468	12434.0	70.02928917427059	0.4583333333333333	1.3923408630755862	1.4931282286476404	24	-0.1659718192391353
NEGR1	NEGR1	1.73926524729783e-08	14035.0	1.14434457097001	-1.14434457097001	1.439754719417818e-06	12629.0	71.1276332094176	0.375	1.457136712561334	2.131372171158447	24	-0.14675622860427734
ABCA6	ABCA6	1.24870191215305e-15	14034.0	1.14366266977454	-1.14366266977454	0.02663990344663352	11385.0	64.12076151853103	0.3333333333333333	1.336869075447817	1.9241588126671307	24	-0.1004108415591061
FAM205A	FAM205A	0.0448711004911536	14033.0	1.14233026755636	1.14233026755636	3.731005144926875e-07	16165.0	91.04427171341669	0.6666666666666666	1.7221651760172332	1.1073979267396188	24	-0.5236012227041211
WWC2.AS2	WWC2.AS2	0.000161371826160652	14032.0	1.14232214730107	-1.14232214730107	0.0028682406884665552	11047.0	62.21696519094288	0.20833333333333334	0.7945549883349524	0.6765135401536155	24	0.5140579431524022
STK26	STK26	8.221338858829191e-05	14031.0	1.1421099428873798	1.1421099428873798	1.8048001997801102e-05	9207.0	51.85310352596598	0.24	0.8081511425654714	0.9099820075143581	25	0.3669949488717106
MMP17	MMP17	1.58023092224675e-06	14030.0	1.14202775208655	1.14202775208655	3.30383480172855e-10	12389.0	69.77582516615973	0.48	1.4903060918449809	1.4054564243405454	25	-0.24780443827836682
WNT2	WNT2	0.000488371136938392	14029.0	1.14114715219047	-1.14114715219047	3.86351341512918e-05	13771.0	77.55998648191957	0.4782608695652174	1.2491507299057294	1.2579965243773867	23	-0.08585363760739569
PBLD	PBLD	4.79464099521371e-06	14028.0	1.14110256897305	1.14110256897305	8.23931670445034e-06	6186.0	34.8372197814577	0.2	0.5958431434795031	0.6125446441759733	25	0.8901545882048453
A1CF	A1CF	0.22436701781227897	14027.0	1.14097237799134	1.14097237799134	1.81347719137422e-05	16585.0	93.40993578911794	0.6086956521739131	2.4448379313552864	2.238760259456181	23	-0.5824051717269044
IRGC	IRGC	0.20252190522985802	14026.0	1.14010901230036	-1.14010901230036	0.0004843425225706642	17129.0	96.47403402050242	0.75	2.3182939105510623	1.3032259162116109	24	-0.9040526923187697
PLEKHG6	PLEKHG6	0.00243826391404698	14025.0	1.1389956751189099	1.1389956751189099	0.010153710267523	9872.0	55.598738312492955	0.16666666666666666	0.6833818109693438	0.7228636370275002	24	0.6302901969493216
TSPYL5	TSPYL5	4.0555836574865e-08	14024.0	1.13799763660961	1.13799763660961	0.00022696297439055	7381.0	41.568097330179114	0.16	0.861744456739081	1.5956767544000354	25	0.17312602888321113
SOX30	SOX30	0.0199435888622237	14023.0	1.1377649009686799	1.1377649009686799	0.0005572221410332735	13911.0	78.34854117381998	0.4583333333333333	1.3582206987924363	1.1226783313180422	24	-0.19636595066811155
SULT2B1	SULT2B1	0.000459348888009283	14022.0	1.1375984079226	-1.1375984079226	0.004324162879800435	12076.0	68.01284217641094	0.375	0.9965111135614945	0.972198161723034	24	0.145121951383919
NACAD	NACAD	2.7841519343793e-06	14021.0	1.1375678441755301	-1.1375678441755301	1.1504744982293535e-12	15497.0	87.28173932634898	0.7083333333333334	1.7196543143451481	1.446728490693677	24	-0.40234672498259805
CDK5R2	CDK5R2	0.0580484377468508	14020.0	1.1364898067442601	1.1364898067442601	0.00010624104527371429	16082.0	90.57677143179001	0.5833333333333334	1.9288665631458706	1.6005409264655508	24	-0.4950681006023404
EREG	EREG	0.0234481020868048	14019.0	1.13600067782827	-1.13600067782827	5.6737849848703306e-08	14916.0	84.00923735496225	0.5416666666666666	2.2107619283783775	2.3441609856237844	24	-0.4584844032220389
ALDH3B1	ALDH3B1	1.1030631251973998e-06	14018.0	1.13574206424576	-1.13574206424576	0.006448533956467434	4962.0	27.942998760842627	0.125	0.686662988069267	1.2739169482383703	24	0.35251833080445305
SCRT1	SCRT1	0.0159834160222619	14017.0	1.1350744533095	1.1350744533095	1.9328039580075549e-07	17200.0	96.87394389996619	0.8333333333333334	2.630568465928033	1.628216891626706	24	-0.9184857498465248
CCNA2	CCNA2	5.69831789696771e-06	14016.0	1.13506995784831	1.13506995784831	0.00378407904786915	2979.0	16.77368480342458	0.24	0.7450636672863219	1.176893999786811	25	0.3313860811871214
FRAS1	FRAS1	0.00741545334373315	14015.0	1.1348942459701101	-1.1348942459701101	0.00325588216300273	7228.0	40.70631970260223	0.16	0.7896669883902612	1.3857198914228581	25	0.249132064652236
PAX6	PAX6	1.62974611870501e-10	14014.0	1.13457141405688	-1.13457141405688	0.0009867550609368616	10635.0	59.896361383350225	0.25	1.0254786320761606	1.008451003720655	24	0.10817856452938629
C1QTNF9	C1QTNF9	0.0303000006289416	14013.0	1.13446594309533	1.13446594309533	0.00245634643051148	9978.0	56.19578686493184	0.20833333333333334	0.8059904414487181	0.8539849017440847	24	0.3846385351494737
RNF144A.AS1	RNF144A.AS1	0.0157887664242672	14012.0	1.13422656113915	1.13422656113915	0.0023401428148555697	9126.0	51.39686831136645	0.4166666666666667	1.156091231742226	1.394697097127591	24	-0.015677003019585276
SOD3	SOD3	5.249232767798231e-08	14011.0	1.1338724622893401	-1.1338724622893401	5.64673574176755e-08	15652.0	88.15478202095302	0.6666666666666666	1.7926833295845526	1.589165684096287	24	-0.4145639903304729
LRCH2	LRCH2	0.00019345725823461998	14010.0	1.13378885662999	-1.13378885662999	0.00374049305906415	7459.0	42.007434944237914	0.25	1.0092423282095861	1.533502954264027	24	0.08121701237946258
LAMA4	LAMA4	1.4423219897075101e-05	14009.0	1.13345386410463	-1.13345386410463	4.015172835906935e-05	11180.0	62.96609214824828	0.3333333333333333	1.187557597935866	1.5513404655482061	24	-0.0348754738452059
ZNF311	ZNF311	4.88796496318517e-07	14008.0	1.13326966855179	1.13326966855179	0.001382327967782938	17098.0	96.29942548158161	0.8181818181818182	2.927687163255268	2.167175808441641	22	-0.827998119817421
STK3	STK3	9.79564059420287e-07	14007.0	1.13312519513651	1.13312519513651	1.25791514478834e-10	10456.0	58.88813788442041	0.24	0.6853480468907307	0.4040143820943513	25	1.108319822488913
RBKS	RBKS	4.54371080443095e-07	14006.0	1.1329947291840001	-1.1329947291840001	0.0551903339307774	2212.0	12.45353159851301	0.08	0.7068254018943158	1.371715307979205	25	0.3106835105000848
CXCL10	CXCL10	0.0611237303780823	14005.0	1.1324241180707801	-1.1324241180707801	0.001090602297699744	14628.0	82.38706770305282	0.5416666666666666	2.1679182862561457	2.1296836932799494	24	-0.48621970081885235
ENDOD1	ENDOD1	3.86934324496653e-07	14004.0	1.13218652716695	1.13218652716695	2.1818817177397304e-05	6657.0	37.490143066351244	0.12	0.4923513392787847	0.3829852434441494	25	1.670652326272911
SYNGR3	SYNGR3	0.0158127458417653	14003.0	1.1318715292352701	1.1318715292352701	0.002082257552162985	11927.0	67.17359468288836	0.4583333333333333	1.0920264476700925	1.1091553819887103	24	0.03592380491697709
PRDM11	PRDM11	3.05001145645539e-11	14002.0	1.1318130168793898	-1.1318130168793898	3.12616637057544e-12	10339.0	58.2291314633322	0.08	0.7766670726632446	0.8972408672971665	25	0.39582007146640674
RBPMS2	RBPMS2	4.17903943965671e-11	14001.0	1.13153537559353	-1.13153537559353	9.585046285195989e-10	15458.0	87.06207051931959	0.6	1.5072913158989116	1.5106377739157402	25	-0.2487399340818684
PCDH9	PCDH9	0.0183718499422941	14000.0	1.1312563114818002	-1.1312563114818002	0.00038219178994214754	11629.0	65.49509969584318	0.4166666666666667	1.1463118241304702	1.4711391988088394	24	-0.010233914411947037
PHACTR2	PHACTR2	4.618371345253761e-15	13999.0	1.13093241710156	-1.13093241710156	6.120718013177061e-05	4310.0	24.270586909992115	0.16	0.6593494932976068	0.912273132380297	25	0.5169317247933217
ANKRD7	ANKRD7	0.18772334097567103	13998.0	1.13049962247534	1.13049962247534	0.0012774760900874649	16485.0	92.84668243776049	0.625	2.3946049601284827	2.1313507530704685	24	-0.5931005658416598
C4orf48	C4orf48	3.87166555070544e-08	13997.0	1.13042700172813	1.13042700172813	5.86384496278187e-07	13129.0	73.9438999662048	0.36	1.3303637650494347	1.7274355979629332	25	-0.11574194925534637
ZNF322	ZNF322	2.81842379325948e-08	13996.0	1.13035797513432	1.13035797513432	9.832105097634241e-08	11142.0	62.75205587473245	0.12	0.6162824396337335	0.35819672065071795	25	1.4351765548458717
SCD5	SCD5	4.3097838044908e-06	13995.0	1.13025080016847	-1.13025080016847	0.0014496746439327925	5976.0	33.654387743607074	0.125	0.968988234166637	1.965702416478636	24	0.08203813794496881
EFNB1	EFNB1	0.000241546748743794	13994.0	1.1298757575577199	-1.1298757575577199	0.000122185590921643	7287.0	41.038639179903114	0.2	0.6468521556942691	0.6801726842284279	25	0.7101484859118997
MAP1LC3C	MAP1LC3C	9.140485510155041e-05	13993.0	1.1298294360221102	-1.1298294360221102	0.015376477701876501	10355.0	58.319251999549394	0.2916666666666667	0.9423420329306578	1.106669417857546	24	0.16941590692405523
IFI44L	IFI44L	8.42023552511038e-05	13992.0	1.12916487580198	1.12916487580198	8.117698374592191e-07	14023.0	78.9793849273403	0.5	1.5183144177688979	1.731512884578469	24	-0.22474539198225768
CSF3R	CSF3R	8.54624811077256e-05	13991.0	1.12878812502739	-1.12878812502739	2.7842030736441653e-05	16329.0	91.96800720964289	0.5416666666666666	2.0498039889310915	2.318246866123983	24	-0.3972898129885553
DPYSL2	DPYSL2	1.52258742336498e-10	13990.0	1.1283226687958798	-1.1283226687958798	1.78613364086005e-05	7336.0	41.31463332206826	0.24	0.7530885805735064	0.8673368911471231	25	0.432627842828288
EML6	EML6	0.000382402025861277	13989.0	1.1280804149195	1.1280804149195	0.00036339652144635803	9414.0	53.01903796327588	0.2	0.5820367571216728	0.5078895416582163	25	1.0751228623748403
PEG10	PEG10	1.25285668452841e-06	13988.0	1.12746286661805	-1.12746286661805	0.0104343860242391	7661.0	43.145206713979945	0.16	0.9789765069944495	1.5998085073407335	25	0.09281508314418237
ACOT11	ACOT11	0.000125906524869423	13987.0	1.1272896954378302	1.1272896954378302	0.04061428338159455	5627.0	31.68863354736961	0.16666666666666666	0.7137660248921905	1.233540900896575	24	0.3352330435456806
SEPHS2	SEPHS2	4.01344101990594e-15	13986.0	1.1268590821887299	1.1268590821887299	8.930496814109401e-06	6783.0	38.199842289061614	0.08	0.4696601509422144	0.4883559365543697	25	1.3457375697804137
SLC30A8	SLC30A8	0.323615615562566	13985.0	1.1267908526147399	-1.1267908526147399	6.548186498621645e-05	16450.0	92.64954376478539	0.6666666666666666	3.0279853985375103	2.9392234130655983	24	-0.6468356700860082
ELOVL3	ELOVL3	0.00567722683219101	13984.0	1.12621890695548	-1.12621890695548	0.00311221481060301	9315.0	52.46141714543201	0.2916666666666667	0.9384368118598724	1.119976902351092	24	0.16766604266695978
LCMT1.AS2	LCMT1.AS2	9.372135125536819e-07	13983.0	1.1253197290728898	1.1253197290728898	2.29264345267083e-08	16940.0	95.40948518643685	0.7083333333333334	2.894603293320244	2.704985647423135	24	-0.6540824221869113
TCTE1	TCTE1	0.014459470159581999	13982.0	1.1251277918357199	-1.1251277918357199	0.00019049195145010402	14357.0	80.86065112087417	0.5	1.6244864738958382	1.5943330965662523	24	-0.3132085027498942
LINC01088	LINC01088	0.00828159666723656	13981.0	1.12473472916957	-1.12473472916957	0.004735837279873005	9431.0	53.11479103300664	0.375	0.9988054910889997	1.1984960625242058	24	0.10507271739829087
SRD5A1	SRD5A1	3.72324433537908e-06	13980.0	1.1247240594271002	1.1247240594271002	4.2305862226755897e-11	9290.0	52.320603807592654	0.12	0.7712402321910001	0.9738266231739721	25	0.36298435350226704
SLC13A3	SLC13A3	1.30967277954473e-06	13979.0	1.1245775893840502	1.1245775893840502	0.0006282860461430085	14516.0	81.7562239495325	0.5	1.1712276142437605	0.9760499897559914	24	-0.04779470862078764
AGTPBP1	AGTPBP1	9.15877759952526e-16	13978.0	1.12374340787874	-1.12374340787874	0.00484819518747193	3923.0	22.09079644023882	0.08	0.5205943568197609	0.8144188279357205	25	0.7405882948307573
TINAGL1	TINAGL1	1.25004239121586e-07	13977.0	1.12337012186797	-1.12337012186797	0.0128204254024616	8809.0	49.61135518756336	0.125	0.8431667107353156	1.22116757254366	24	0.22945533228416637
NYAP1	NYAP1	0.000576631986782705	13976.0	1.1229236185504499	-1.1229236185504499	1.0433590155117199e-10	15776.0	88.85321617663625	0.64	1.9846498012668645	1.677896226803168	25	-0.5135753742996543
TCEAL7	TCEAL7	2.3845970613156603e-08	13975.0	1.12287641711543	-1.12287641711543	0.000687874651286826	14858.0	83.68255041117494	0.5652173913043478	1.632052380071831	1.6586219302560943	23	-0.3069873571958519
CD7	CD7	0.00382489995316215	13974.0	1.12273264788994	-1.12273264788994	3.204335001112029e-05	16185.0	91.15692238368818	0.6666666666666666	2.0245555393221677	2.0983848045262623	24	-0.42977002572977835
JRKL	JRKL	8.74519749652367e-19	13973.0	1.1221194169859	1.1221194169859	2.6934284313891805e-08	12513.0	70.47425932184296	0.16	0.8266529203884605	0.7883060228925541	25	0.3748119233102845
FAT1	FAT1	9.21411782329088e-07	13972.0	1.12192047626732	1.12192047626732	0.00915054183015799	5286.0	29.767939619240735	0.24	0.8881340144844623	1.5076337194692668	25	0.1550684750306313
CYP2C18	CYP2C18	0.0154166210226197	13971.0	1.12172668803981	1.12172668803981	0.001892362556332424	15166.0	85.41737073335585	0.5	1.9612394217254892	1.9063621286712216	24	-0.44037421907391694
ADAMTS18	ADAMTS18	0.0828912155030557	13970.0	1.1215839762926898	1.1215839762926898	4.52342590203385e-05	12523.0	70.5305846569787	0.4583333333333333	1.6478635110062767	1.6640351918583507	24	-0.3162670701247921
FGD3	FGD3	1.97642662906741e-05	13969.0	1.12018408948679	-1.12018408948679	5.725030554762384e-07	12781.0	71.9837783034809	0.4166666666666667	1.094594504671718	1.0244386023128025	24	0.024979129795870844
HPSE2	HPSE2	0.004310715274760121	13968.0	1.12014385493162	-1.12014385493162	0.002874819462891845	14300.0	80.53959671060042	0.5833333333333334	1.138669514452582	0.8860513260831457	24	-0.020908111049114945
PIM1	PIM1	7.646407255594929e-05	13967.0	1.1201010380513898	-1.1201010380513898	3.18128652016684e-07	9880.0	55.64379858060155	0.12	0.7055550484308286	0.6882003831268122	25	0.6023623348436502
ARSD	ARSD	5.90284747172922e-08	13966.0	1.12004200101565	1.12004200101565	0.0022929915408240603	5765.0	32.465923172242874	0.125	0.7107746162421744	1.2243713015043882	24	0.33426737809895385
ADAMTS6	ADAMTS6	0.00046471403789858094	13965.0	1.12000627288345	1.12000627288345	0.008287554562620114	4446.0	25.036611467838235	0.25	0.6285120389932956	0.6969409199210936	24	0.705216496608924
ABCC11	ABCC11	0.000125200098035933	13964.0	1.11986921569002	1.11986921569002	5.9564868387070095e-06	12117.0	68.24377605046749	0.4	1.0334011479360026	0.936638809182895	25	0.09231740870256114
ACTL10	ACTL10	1.31369074457948e-08	13963.0	1.11961540697126	1.11961540697126	0.0117674074411547	7180.0	40.43595809395065	0.2	0.8003197150597364	1.2299242918886895	25	0.2596059725116971
CTAGE1	CTAGE1	0.0009129695036716439	13962.0	1.11959591707384	1.11959591707384	1.82162312233249e-07	12371.0	69.6744395629154	0.375	1.2289966536958554	1.2175288396631434	24	-0.08985473941815086
NODAL	NODAL	0.000272493866023119	13961.0	1.11948429225518	-1.11948429225518	3.0401279279931403e-06	16281.0	91.69764560099132	0.6666666666666666	1.8096810442517064	1.2679566408072438	24	-0.5443378186474208
NR2F1	NR2F1	5.29646025050377e-07	13960.0	1.11946078169598	-1.11946078169598	4.7490033087552394e-07	12670.0	71.35856708347414	0.4	1.1754118569683816	1.2798494709332455	25	-0.04371691870263687
RERG	RERG	2.56975153475054e-11	13959.0	1.1190901195223	-1.1190901195223	0.1131831297990745	6562.0	36.955052382561675	0.16666666666666666	0.6181428693943313	0.5538522275607686	24	0.9044781716130317
GBP6	GBP6	0.0184755610436547	13958.0	1.11903243521315	1.11903243521315	0.0019251674439355801	13995.0	78.82167398896023	0.43478260869565216	2.3296286087385853	2.4984012145401535	23	-0.4845483449495734
HMGA1	HMGA1	3.28307356481005e-07	13957.0	1.1187252105843402	1.1187252105843402	2.2952230123084603e-07	10722.0	60.3863917990312	0.36	1.0964454507115944	1.3664550416571892	25	0.016304788078300516
ABLIM1	ABLIM1	2.65774880036344e-06	13956.0	1.1181504881298798	-1.1181504881298798	0.000135804092325225	8272.0	46.58668469077391	0.2	0.7754366835637088	1.1279760901932587	25	0.30383073501802077
ADAM8	ADAM8	4.0997614139309205e-05	13955.0	1.1179020105639	1.1179020105639	0.008362617218310525	8538.0	48.0849386053847	0.2916666666666667	0.879162608728981	0.9984868734742879	24	0.23910119219115275
TOP1MT	TOP1MT	1.0203064853677999e-05	13954.0	1.1177199974413798	1.1177199974413798	0.000105261081156561	6457.0	36.36363636363636	0.08	0.49236141702371383	0.5364781935472286	25	1.1656738110504632
AKT3	AKT3	7.17344196317546e-13	13953.0	1.1174466247273602	-1.1174466247273602	0.0136006741301509	2543.0	14.317900191506139	0.08	0.42679919146691686	0.4955663146938667	25	1.3936529033194818
PLA2G10	PLA2G10	0.000300153493418971	13952.0	1.11652482756157	1.11652482756157	3.834779544065475e-05	14556.0	81.98152529007547	0.6666666666666666	1.2448572760941856	0.5923777443825968	24	-0.2166395509445912
FAM205BP	FAM205BP	0.3717392072624329	13951.0	1.1160317893848402	1.1160317893848402	6.785017437761599e-07	16813.0	94.6941534302129	0.6521739130434783	1.9672424281260512	1.2046055900395254	23	-0.706630158268883
ID2.AS1	ID2.AS1	0.00012604720312680502	13950.0	1.11540394127978	-1.11540394127978	0.00439743565227662	5685.0	32.01532049115692	0.125	0.6714439539654894	1.0412745516051471	24	0.42636208349653487
ADRA2C	ADRA2C	0.0104255255822829	13949.0	1.1153895711077	-1.1153895711077	3.261035274119745e-10	14826.0	83.50230933874056	0.625	1.5920753521621516	1.3094151349724614	24	-0.3640448077335511
KNOP1	KNOP1	7.019724724053229e-13	13948.0	1.11483976374132	1.11483976374132	2.6601044356767397e-07	6083.0	34.25706882955953	0.12	0.5133548481784281	0.4217087718820337	25	1.4263040175297748
PGF	PGF	0.0082594744112655	13947.0	1.1146837658028899	1.1146837658028899	8.245959028726681e-08	15184.0	85.51875633660019	0.6666666666666666	1.2997901200897772	0.6394861497945438	24	-0.2894610842570382
SLC7A11	SLC7A11	0.0005939534698454309	13946.0	1.11443827015499	1.11443827015499	5.5474978724866e-07	10558.0	59.462656302804994	0.36	1.183694554410961	1.2591711174306472	25	-0.05500148732547899
ARSI	ARSI	6.05167646482972e-07	13945.0	1.1141244619228001	-1.1141244619228001	4.40159637110908e-07	13820.0	77.83598062408471	0.5	1.3096453355310758	1.2687364375617547	24	-0.1541067693965074
KCNS1	KCNS1	8.424749809245291e-05	13944.0	1.1134795948999299	-1.1134795948999299	0.001220527400068232	9466.0	53.31192970598175	0.3333333333333333	0.9280905264333305	1.1181174341132587	24	0.16580464878774137
SYNE4	SYNE4	8.148466425987e-13	13943.0	1.11340215392707	1.11340215392707	0.0018225016973675999	12488.0	70.3334459840036	0.4166666666666667	1.2442280892160722	1.571650342246847	24	-0.08324112035121765
LRRC20	LRRC20	1.8511855462483603e-05	13942.0	1.11336996502854	1.11336996502854	2.72127428596017e-05	4899.0	27.58814914948744	0.12	0.743591511317956	1.2062708787796403	25	0.3065467800107065
RPL39L	RPL39L	5.661095528244669e-10	13941.0	1.1130528709596599	1.1130528709596599	2.4361468643570802e-08	8264.0	46.54162442266531	0.12	0.681644795180262	0.9256511074183523	25	0.4660590500265247
IL2RA	IL2RA	0.0150680371998284	13940.0	1.11293855579894	1.11293855579894	0.002439786234876425	15442.0	86.97194998310239	0.625	2.3038759012476477	2.334468212540691	24	-0.5101535926045294
TDRD12	TDRD12	0.0307550139835377	13939.0	1.11280004569926	1.11280004569926	0.0040708192618427105	12255.0	69.02106567534076	0.3333333333333333	1.190071078986014	1.3131172300365663	24	-0.058845494917923166
LINC01725	LINC01725	0.0470409219996859	13938.0	1.11265673519043	1.11265673519043	0.0004493133124326222	16077.0	90.54860876422214	0.5416666666666666	1.895486901590684	1.461562809192183	24	-0.5356117174553245
HOXA.AS3	HOXA.AS3	0.00020288671292742	13937.0	1.1125090934786002	-1.1125090934786002	0.001193587083058839	5817.0	32.75881491494874	0.16666666666666666	0.6433693893526752	0.9293888093452594	24	0.5047830352685513
MEIS2	MEIS2	2.11233914430126e-06	13936.0	1.11250448267376	-1.11250448267376	0.00188023292723516	5592.0	31.4914948743945	0.125	0.8058412036714255	1.445565668526973	24	0.21214067660781083
CHRNA4	CHRNA4	0.0519315107875741	13935.0	1.11246696994803	-1.11246696994803	3.154161618626244e-07	16174.0	91.09496451503885	0.7083333333333334	1.794591214426627	1.3554380376389332	24	-0.5032500383911342
BZW2	BZW2	2.46864209920877e-12	13934.0	1.1111850011192	1.1111850011192	7.95432323463767e-10	11193.0	63.03931508392474	0.28	0.805512383438997	0.723976241693368	25	0.4222136032602947
MAGIX	MAGIX	0.000105411997104073	13933.0	1.11115031524104	1.11115031524104	0.00202754480230095	6155.0	34.66261124253689	0.12	0.5762949309446568	0.581866066864337	25	0.9192070387928046
C16orf87	C16orf87	3.6959138244114503e-06	13932.0	1.11062659456658	1.11062659456658	0.0140219211287018	3666.0	20.6432353272502	0.04	0.4302846662320395	0.7521864049816772	25	0.9044858080772058
CBLN1	CBLN1	0.0717326473318533	13931.0	1.11034235458137	1.11034235458137	1.1688727870091596e-05	16878.0	95.06026810859524	0.625	2.0826977184981748	1.40619832276262	24	-0.6914781138456441
OR7C1	OR7C1	0.5515907290244689	13930.0	1.11009006047693	1.11009006047693	0.05952774392304875	11530.0	64.93747887799933	0.2727272727272727	1.1139273182962894	1.3520075696387792	22	-0.0028381925556709136
NCAM1	NCAM1	6.40176656923889e-05	13929.0	1.10978340354544	-1.10978340354544	3.86340037639496e-08	14084.0	79.32296947166836	0.5	1.4795292041107129	1.401561772488644	24	-0.26380984971411153
RUSC2	RUSC2	1.40062971877559e-06	13928.0	1.10973508865457	-1.10973508865457	1.52981085779705e-11	12782.0	71.98941083699448	0.28	0.8632091032216386	0.6250480613180601	25	0.3944112472136522
ZNF883	ZNF883	0.00447388629932489	13927.0	1.1087060799463502	1.1087060799463502	0.000372158716434586	11321.0	63.76027937366227	0.2	0.7571906535649456	0.5095909934915288	25	0.6897991347393151
ALG1	ALG1	1.5084044648510398e-18	13926.0	1.1082660254921102	1.1082660254921102	0.0017774358986456101	862.0	4.849611355187563	0.04	0.27310673570682853	0.2520204443427174	25	3.31385531822
VIM	VIM	3.85983917952391e-10	13925.0	1.1082454427586699	-1.1082454427586699	2.3483633994172198e-06	13037.0	73.42570688295595	0.4	1.3636863814445583	1.7135007439091328	25	-0.14907547580232305
ARPP21	ARPP21	0.18774946947892202	13924.0	1.10807045866404	-1.10807045866404	0.00019583150634404071	16798.0	94.60966542750928	0.625	2.859561036401955	2.627880343270525	24	-0.6665031694548541
LYG2	LYG2	0.0205816774424123	13923.0	1.1080633432043798	1.1080633432043798	0.004355921798966329	10543.0	59.37816830010138	0.25	0.9860370598748562	1.104264533217665	24	0.11050457536108389
XRCC4	XRCC4	3.07048668207426e-07	13922.0	1.1077801745938	1.1077801745938	7.281248298635629e-08	12252.0	69.00416807480003	0.2	0.7798501770784166	0.5127344039191754	25	0.6395708870104931
TICRR	TICRR	1.497585242821e-08	13921.0	1.10727504078753	1.10727504078753	2.79293636460093e-05	10055.0	56.62949194547707	0.16	0.8112664564239708	0.9549593438075713	25	0.3099698288550453
SLC31A2	SLC31A2	1.05850108773485e-05	13920.0	1.10718621349992	-1.10718621349992	0.00288641367841155	8226.0	46.327588149149484	0.08	0.5812217722943832	0.6450261656253232	25	0.8154156672010947
NOS3	NOS3	0.0011190817581686302	13919.0	1.10703342925986	-1.10703342925986	4.0989206404442354e-08	13539.0	76.2532387067703	0.3333333333333333	0.9004335401733342	0.43005425300186606	24	0.4804042458466964
IDH1	IDH1	8.59635154826357e-25	13918.0	1.10687177626973	1.10687177626973	8.893407946956711e-10	11647.0	65.59648529908752	0.32	0.6755717478420421	0.420591833990391	25	1.0254598248751103
LRRC52	LRRC52	0.0223674127420439	13917.0	1.10685530785188	-1.10685530785188	0.01371710945137505	14524.0	81.80128421764108	0.4166666666666667	1.3628771279626652	1.1544738219195179	24	-0.22176494195866958
VLDLR.AS1	VLDLR.AS1	1.4037778765804099e-09	13916.0	1.1067787972448502	-1.1067787972448502	0.102858086832394	1065.0	5.993015658443168	0.12	0.5119128245898805	1.0449787453440873	25	0.5692613130222989
PRKCQ	PRKCQ	3.8797234365263106e-05	13915.0	1.10671019366479	-1.10671019366479	7.009971963107017e-07	13978.0	78.72592091922947	0.5	1.2924686944470352	1.6085693058138513	24	-0.11548057028743383
PDGFC	PDGFC	1.6608704084056302e-16	13914.0	1.1058500300828502	1.1058500300828502	0.000163104595369499	8395.0	47.27948631294356	0.25	0.7276071784476369	0.8572664093587726	24	0.4412197276201869
MYT1	MYT1	0.0394340308874487	13913.0	1.10565413577123	1.10565413577123	6.428344873784699e-06	14414.0	81.1817055311479	0.5833333333333334	1.593338936306944	1.8236881480591833	24	-0.26741677356116006
CCL5	CCL5	0.009352695431018741	13912.0	1.1054530431278702	-1.1054530431278702	0.007622313383160835	12597.0	70.94739213698321	0.2916666666666667	1.7712391509436467	2.886694036621547	24	-0.23063965192340985
SERPINB9	SERPINB9	1.59711056705732e-06	13911.0	1.10542981663418	-1.10542981663418	0.027019293844716467	9114.0	51.329277909203554	0.20833333333333334	0.7427806703657805	0.8925541676012414	24	0.40630491619688125
SQLE	SQLE	0.00261170644540347	13910.0	1.10520568741971	1.10520568741971	5.82392471664427e-05	6071.0	34.18947842739664	0.12	0.662136553646639	0.998617395057525	25	0.4436825714893021
FAM230B	FAM230B	0.30381516932426195	13909.0	1.10424783882443	1.10424783882443	0.00030975906679099705	13855.0	78.03311929705981	0.4166666666666667	1.4469379883205786	1.3767353912216418	24	-0.2489150432837088
ZYX	ZYX	3.2567569014676495e-14	13908.0	1.10405604205871	-1.10405604205871	2.1840049304696397e-07	11243.0	63.320941759603464	0.2	0.6669516525089167	0.3739464371693259	25	1.1688957190194298
ASF1B	ASF1B	2.4366562088694103e-10	13907.0	1.1036333356187902	1.1036333356187902	0.0022780698535608897	976.0	5.491720175735046	0.24	0.6549899176255465	0.9565619866993431	25	0.46901656581745055
PDZRN3	PDZRN3	3.59843270630095e-06	13906.0	1.1033955558380402	-1.1033955558380402	0.0005341517560600485	11423.0	64.33479779204686	0.25	0.8902597120546685	1.0269554402662746	24	0.20754147203125842
KIAA1522	KIAA1522	2.8719186571343702e-05	13905.0	1.10335152608122	1.10335152608122	0.0119301291681194	8056.0	45.37005745184184	0.16	0.7242537899175545	0.8673566372086634	25	0.43707250270624765
TPSG1	TPSG1	0.000418070495762106	13904.0	1.10318769839444	-1.10318769839444	0.0006778491731113035	13225.0	74.48462318350794	0.4166666666666667	1.1063717354347196	0.9554208330250624	24	-0.003332601645495062
CCL25	CCL25	0.16458779644182903	13903.0	1.10245513726911	1.10245513726911	5.947329905111011e-07	17483.0	98.46795088430775	0.6956521739130435	3.5878332017995747	2.9149722338820845	23	-0.8526249532128484
GJC1	GJC1	1.85016735967157e-05	13902.0	1.10235064761776	-1.10235064761776	0.00474380713111474	8919.0	50.23093387405655	0.2	0.7771508773406307	0.9730606388034975	25	0.3342029852086136
MCM4	MCM4	8.195290567337291e-15	13901.0	1.10166244372661	1.10166244372661	0.0333065267287771	1085.0	6.105666328714656	0.04	0.3702684508495387	0.3463347975356854	25	2.1118120329843855
PHLDA2	PHLDA2	0.00242644575295987	13900.0	1.10053873692634	1.10053873692634	0.016673728651316146	10527.0	59.288047763884194	0.16666666666666666	0.6099390803430814	0.5134175697787137	24	0.9555568127415472
LMO7	LMO7	1.58378039804481e-10	13899.0	1.1003573893807501	-1.1003573893807501	6.105971104937579e-08	12579.0	70.84600653373887	0.24	0.8744901415100322	0.6697056538703026	25	0.33726346278459235
CLEC4C	CLEC4C	0.0851714632968832	13898.0	1.10021137436502	-1.10021137436502	0.014598349164142764	13411.0	75.53227441703278	0.4166666666666667	1.2632347231540735	1.342631990921825	24	-0.12142072428731934
ATP4B	ATP4B	0.0978008324069382	13897.0	1.0996039893323	1.0996039893323	0.00138688198092776	16832.0	94.80117156697082	0.6521739130434783	2.296547275405515	1.665131140611424	23	-0.7188282393383781
MYO1C	MYO1C	7.9322022366913e-16	13896.0	1.09936606464555	-1.09936606464555	0.000126458638838685	3634.0	20.46299425481582	0.08	0.451337498313252	0.47002249304570465	25	1.3787182016186708
FBXL6	FBXL6	3.02848046045976e-06	13895.0	1.09921317290024	1.09921317290024	0.00010116510843063499	6146.0	34.61191844091472	0.12	0.5820011524372286	0.6898353211182909	25	0.7497615802341923
AZU1	AZU1	0.0405310390472193	13894.0	1.0988751779389598	-1.0988751779389598	3.3192017090324354e-07	17279.0	97.31891404753857	0.8333333333333334	3.8315281746760435	3.1150709494440614	24	-0.8772361981754455
ABCA13	ABCA13	0.020947015164486	13893.0	1.09826285347727	1.09826285347727	3.1396116893924766e-11	15363.0	86.52697983553001	0.625	1.733793501944026	1.563020086388699	24	-0.40660427463547605
SOX9	SOX9	0.00061140834030817	13892.0	1.0981020622920399	1.0981020622920399	0.000946285267388667	5541.0	31.20423566520221	0.20833333333333334	0.8997444895957692	1.5197844253438264	24	0.13051691370728152
OAS1	OAS1	2.04779103451606e-07	13891.0	1.09799164358308	1.09799164358308	6.447080637329494e-07	13251.0	74.63106905486087	0.4583333333333333	1.2103542971048367	1.5478215117942933	24	-0.07259406376352885
DNM1P46	DNM1P46	0.00152182384297969	13890.0	1.09788361541891	-1.09788361541891	2.647660918325408e-06	16319.0	91.91168187450715	0.6363636363636364	2.9366770765501915	2.4709381789526637	22	-0.7441681369424936
TEX38	TEX38	0.0350165660386361	13889.0	1.09757030452186	1.09757030452186	0.006364718461708784	14311.0	80.60155457924974	0.5	1.3801040094521806	1.3464177689049313	24	-0.2098410400214124
ADPRH	ADPRH	7.475844454621409e-29	13888.0	1.09753206348841	-1.09753206348841	0.000186071924051743	9329.0	52.540272614622054	0.12	0.8584285040775012	1.4524948018136739	25	0.16461577632659996
GOLPH3L	GOLPH3L	7.38876312048611e-18	13887.0	1.09752788400461	1.09752788400461	1.23041251019015e-09	10381.0	58.465697870902325	0.28	0.6750995984183207	0.5194638527169234	25	0.8132005400893361
MGARP	MGARP	0.0049606760071664105	13886.0	1.09750887873805	-1.09750887873805	6.55128747599392e-08	16957.0	95.50523825616762	0.6666666666666666	2.1738963185743496	1.7149276142770167	24	-0.6276576520636911
GPR15	GPR15	0.0152853984652776	13885.0	1.09731071095499	1.09731071095499	8.63463314768418e-06	14834.0	83.54736960684916	0.6521739130434783	2.4189932458859493	2.3983132734535255	23	-0.5510883626256888
PSD2	PSD2	0.00636403747763049	13884.0	1.09702729604746	1.09702729604746	4.69468891143446e-05	16390.0	92.31159175397093	0.625	2.013534630996309	1.7762105805053632	24	-0.515990246318703
EMC3.AS1	EMC3.AS1	1.4549227220686e-06	13883.0	1.09698460819771	1.09698460819771	0.00107990188996969	4353.0	24.512785851075815	0.08	0.3949733637239895	0.43827523217134184	25	1.6017588787660995
EDARADD	EDARADD	1.936342248257e-09	13882.0	1.0968787383288698	1.0968787383288698	0.000102330377634737	8587.0	48.360932747549846	0.2	0.8290970529823539	1.0164071992442953	25	0.26345906005547104
PAK1	PAK1	2.4476214771558802e-11	13881.0	1.09665739372239	1.09665739372239	1.5569360967102998e-07	4224.0	23.786189027824715	0.08	0.5859995633137397	0.8424544117260925	25	0.6061548533675205
WNT2B	WNT2B	3.44544252883252e-24	13880.0	1.0962086684397399	-1.0962086684397399	2.3194591299224104e-05	3890.0	21.904922834290865	0.24	0.6907518804441821	0.7951153382095745	25	0.509934557304048
INPP5J	INPP5J	0.000266013677559774	13879.0	1.0960495942875699	1.0960495942875699	0.001656904236617649	11415.0	64.28973752393826	0.2916666666666667	0.8277289089955363	0.9141074881114055	24	0.29353296935177536
SLC28A3	SLC28A3	0.00156793951475275	13878.0	1.0959219856932199	1.0959219856932199	1.73408602298561e-12	15681.0	88.31812549284668	0.75	1.9253420475200134	1.414298633947249	24	-0.5864532722568758
LINC00240	LINC00240	0.00261159810104327	13877.0	1.09509211716452	1.09509211716452	3.04620610599927e-06	11843.0	66.7004618677481	0.28	0.8129721373794561	0.6104940414840405	25	0.4621174992949364
SORBS3	SORBS3	9.87878879724527e-25	13876.0	1.09501692324032	-1.09501692324032	1.02743039522673e-14	14058.0	79.17652360031542	0.48	1.3831519830559773	1.5710478492294817	25	-0.1834031089231132
TNFRSF1B	TNFRSF1B	1.0458058638121699e-05	13875.0	1.09482359040335	-1.09482359040335	2.060969739946115e-05	13494.0	75.99977469865945	0.4583333333333333	1.241826345813848	1.2458051444930014	24	-0.11799819262291049
HIPK4	HIPK4	0.00039679357937182004	13874.0	1.09467361862481	-1.09467361862481	1.7906825719922549e-06	15340.0	86.3974315647178	0.625	1.3594875898278491	0.9692013333392407	24	-0.2732290620057872
DCTPP1	DCTPP1	3.07198665497088e-16	13873.0	1.09334226546048	1.09334226546048	1.7263434790244597e-05	1558.0	8.76985468063535	0.04	0.41171735340242044	0.7228263414402574	25	0.9429995463362577
DAPL1	DAPL1	0.0476995471965342	13872.0	1.09315964487921	1.09315964487921	0.00015467804366932266	14482.0	81.56471781007096	0.5416666666666666	1.6027943572251253	1.5117158237555506	24	-0.3371233563460568
OLIG2	OLIG2	0.191288205477578	13871.0	1.09302373054478	1.09302373054478	6.050224375980435e-06	16564.0	93.29165258533288	0.7083333333333334	2.4836297840384476	2.0521641835685216	24	-0.6776290438299793
TNNC2	TNNC2	0.000304735151880841	13870.0	1.09297651740342	1.09297651740342	2.6792940704845e-07	17708.0	99.735270924862	0.8260869565217391	4.285246073924588	2.7701021680584756	23	-1.1524013783067732
FGF1	FGF1	0.0219148767322941	13869.0	1.09293412300724	1.09293412300724	0.00040781400874928054	13496.0	76.0110397656866	0.4166666666666667	1.5129980806664405	1.8401248975827493	24	-0.22828013370777753
HCST	HCST	0.000176537019026138	13868.0	1.0928150718418799	-1.0928150718418799	0.0567666314979649	10246.0	57.705305846569786	0.25	1.3416240012579508	2.068333830317115	24	-0.12029437693717157
ACOXL	ACOXL	0.0115061371844994	13867.0	1.0926837556134399	-1.0926837556134399	0.026907613608909267	4121.0	23.206038075926553	0.20833333333333334	0.6900638787753149	0.8171515454183251	24	0.4927113937378793
DDX43	DDX43	0.0236928195401641	13866.0	1.09246030390932	-1.09246030390932	0.0022254217539232402	10459.0	58.90503548496113	0.25	1.0340117164596612	1.3043779277460748	24	0.04480954959936813
BLM	BLM	2.6441139569229502e-05	13865.0	1.09227120286054	1.09227120286054	0.000874337193468868	8228.0	46.33885321617663	0.24	0.8981223921121873	1.1206530231245064	25	0.1732461401898011
OR51B4	OR51B4	0.270747019359658	13864.0	1.09209381241358	1.09209381241358	0.000307714390202296	16556.0	93.24659231722428	0.5	1.9710774059863694	1.6013377509848248	24	-0.5489058089289491
NAALAD2	NAALAD2	5.1207894558755895e-09	13863.0	1.09158930684253	-1.09158930684253	0.004577946156831005	7072.0	39.82764447448462	0.16666666666666666	0.7492103942371927	1.1132986162210037	24	0.3075355592981091
KCNE1	KCNE1	0.00134876425243409	13862.0	1.0915082644251801	-1.0915082644251801	0.006632668176607169	7046.0	39.68119860313168	0.20833333333333334	0.7626404114031518	1.1551426427336338	24	0.2846989115073839
ZNF365	ZNF365	0.000928571481515801	13861.0	1.0912995241352401	-1.0912995241352401	0.0043910606327796295	10878.0	61.26506702714881	0.25	0.9639959930100713	1.3544804256055505	24	0.09398698476447523
CDCP1	CDCP1	3.04856589111551e-08	13860.0	1.09079375511152	1.09079375511152	1.4733744035177142e-11	14206.0	80.01013856032444	0.5	1.1220657344872904	0.676236421269757	24	-0.04624415129408658
WNK3	WNK3	0.00342570322503368	13859.0	1.09052649478429	1.09052649478429	0.03128446728945615	10887.0	61.31575982877098	0.2916666666666667	0.990392809829391	1.0567108405996948	24	0.09475977827394305
RFPL1S	RFPL1S	0.0627414915699769	13858.0	1.09052447258643	1.09052447258643	0.000192236576798632	13818.0	77.82471555705756	0.4166666666666667	1.358135032667373	1.4735226729058235	24	-0.18161278750683094
RAB15	RAB15	0.00245889330398001	13857.0	1.09049942288016	1.09049942288016	0.00592117746768824	8008.0	45.09969584319026	0.16666666666666666	0.739328157137284	0.9556343455928082	24	0.36747451298962497
CD274	CD274	0.0143321835675514	13856.0	1.0900737687128499	-1.0900737687128499	0.0134071438312919	9519.0	53.61045398220119	0.3333333333333333	1.0937939409836528	1.2979334744121886	24	-0.002866227232861609
FAXC	FAXC	8.0387986209722e-06	13855.0	1.09005122172283	1.09005122172283	0.00111465043598405	11079.0	62.397206263377264	0.16	0.7115870983494343	0.6670787325883186	25	0.5673455094347329
MYLK	MYLK	5.59277939005554e-07	13854.0	1.0893545163158	-1.0893545163158	0.000129928169663237	10759.0	60.594795539033456	0.24	0.8415972705953181	0.9960375657270077	25	0.24874287300564207
AKR1E2	AKR1E2	3.24495931385595e-07	13853.0	1.0887724061205302	1.0887724061205302	0.00905477398997942	3248.0	18.288836318576095	0.16666666666666666	0.5385562046529652	0.6586028174158896	24	0.8354294681374231
MCTS1	MCTS1	3.39704491546673e-10	13852.0	1.08836598427244	1.08836598427244	4.10675468963585e-14	11377.0	64.07570125042244	0.24	0.7227866286239022	0.324357869717489	25	1.127086436863555
SYNPO2	SYNPO2	9.48319898129203e-05	13851.0	1.08814827538701	-1.08814827538701	4.082594353973795e-05	13961.0	78.6301678494987	0.5	1.5582608480848226	2.1404941866506424	24	-0.21962805394646995
USP28	USP28	1.66620085499935e-19	13850.0	1.08801681188015	1.08801681188015	0.00025191919140363	1815.0	10.217415793623971	0.08	0.44904237617595333	0.5439129850881446	25	1.1747732692953579
PRICKLE2.AS3	PRICKLE2.AS3	4.1412317435465e-06	13849.0	1.08769477833613	-1.08769477833613	0.1249432166614625	7227.0	40.70068716908865	0.16666666666666666	0.6863987683904056	0.881215783389748	24	0.4553890403574823
PLCL1	PLCL1	3.53430569892977e-12	13848.0	1.08762800693069	-1.08762800693069	0.000417918057649332	11486.0	64.68964740340205	0.2916666666666667	1.291071551148206	1.8394883721998954	24	-0.11059789629124547
DSG2.AS1	DSG2.AS1	6.20305577638006e-05	13847.0	1.08750550877169	1.08750550877169	0.00551698943372116	8366.0	47.1161428410499	0.25	0.6570959566534207	0.6316885409421524	24	0.681363558497232
CCDC54	CCDC54	0.221817524558608	13846.0	1.08735178691912	-1.08735178691912	0.00127884529778643	15527.0	87.45071533175621	0.6086956521739131	1.5926921867125763	1.4021629657734718	23	-0.3604006182795568
GPAT3	GPAT3	1.4409370083687199e-11	13845.0	1.08727105744677	-1.08727105744677	0.00031244353313524193	9123.0	51.379970710825724	0.2916666666666667	0.9529525430443369	1.4542270210664894	24	0.09236419930082705
DDR1	DDR1	3.07917941152663e-08	13844.0	1.08722805495369	1.08722805495369	0.0190908345293181	6031.0	33.96417708685366	0.08	0.5446934282694578	0.7473968089169867	25	0.7258990407925215
MAGED1	MAGED1	6.277234816656051e-10	13843.0	1.08704455454508	1.08704455454508	0.00425162382260759	1032.0	5.807142052495212	0.16	0.6400276560787392	0.9410301326075307	25	0.47502931412800486
SEC24A	SEC24A	1.90647843183622e-13	13842.0	1.0870103923099799	1.0870103923099799	4.6758080237835505e-06	8641.0	48.66508955728286	0.08	0.5292651661792138	0.4783746320947001	25	1.165917230369259
OR51I1	OR51I1	0.45332491102300204	13841.0	1.08701005938766	1.08701005938766	0.000615736878521184	15761.0	88.76872817393263	0.6363636363636364	1.8455815791390067	1.469519023975692	22	-0.5162039465804797
SEMA3A	SEMA3A	0.0013748124221277	13840.0	1.08649579166651	1.08649579166651	8.041812838386366e-07	12295.0	69.24636701588373	0.375	1.0713014253676962	1.0685328789278914	24	0.014219839743311286
LINC01553	LINC01553	0.503027813244557	13839.0	1.08647636578963	1.08647636578963	0.001243833034517308	14723.0	82.9221583868424	0.5	1.7404839633633484	1.5581339836415997	24	-0.41973771475364513
CRYBB2	CRYBB2	9.541461453439209e-05	13838.0	1.08588656482208	-1.08588656482208	0.00037263749168264955	16984.0	95.65731666103413	0.6666666666666666	2.3152896388388315	1.8917851908393408	24	-0.6498639908853998
NRGN	NRGN	0.00215394081744787	13837.0	1.08579291823435	-1.08579291823435	1.4843428861793556e-13	16422.0	92.49183282640531	0.7083333333333334	2.237160355999053	2.2667119072366932	24	-0.5079460844092508
LNP1	LNP1	4.5562644642409497e-10	13836.0	1.08532105322733	-1.08532105322733	0.0505221886940456	1095.0	6.1619916638504	0.12	0.7462660473782801	1.4050175790706323	25	0.2413172695485579
EHD1	EHD1	3.8819789684146793e-13	13835.0	1.08532030195154	-1.08532030195154	9.76167098427601e-09	12100.0	68.14802298073673	0.28	0.7742150999156806	0.45133956840836353	25	0.6892929931513945
SP7	SP7	0.35462213387753494	13834.0	1.08498120232537	1.08498120232537	2.324253061564845e-07	17161.0	96.6542750929368	0.7916666666666666	2.8119078190207447	2.030186668569146	24	-0.8506245476986086
TTC39A	TTC39A	0.000320705246266276	13833.0	1.08466204595604	1.08466204595604	0.000528874039771873	13159.0	74.11287597161203	0.4	1.0166687440416355	1.1002834825859191	25	0.06179616707014875
MBL1P	MBL1P	1.2209953045962e-05	13832.0	1.08462671793051	-1.08462671793051	0.004280970433884275	9546.0	53.7625323870677	0.125	0.5764498756531279	0.38777942519836944	24	1.3104791261615365
GAB2	GAB2	4.53838366064745e-11	13831.0	1.0845539232475898	-1.0845539232475898	1.9361949758882e-05	8585.0	48.34966768052269	0.2	0.6072835532971554	0.4992110644610024	25	0.9560492623811185
BCL11A	BCL11A	1.99873653457874e-08	13830.0	1.08396027246843	1.08396027246843	9.0683882308931e-08	13056.0	73.53272501971387	0.4583333333333333	1.4886883300868936	1.9615350479289566	24	-0.20633231001698732
CYGB	CYGB	3.27311200652648e-08	13829.0	1.08326586850369	-1.08326586850369	2.3644648587633436e-08	15285.0	86.08764222147121	0.5833333333333334	1.7569449306985125	1.6544126560377066	24	-0.40720134709817424
CHMP4C	CHMP4C	5.44220818994121e-11	13828.0	1.08318487118416	1.08318487118416	7.145349800283914e-07	13722.0	77.28399233975442	0.4583333333333333	1.188526441392668	1.1082172967794806	24	-0.09505497749821652
LBH	LBH	4.7161930812786604e-08	13827.0	1.0831056428942099	-1.0831056428942099	2.68475850303e-10	11695.0	65.8668469077391	0.2	1.276273305756416	1.9537880242934353	25	-0.09886828072460058
TRH	TRH	0.0267374635691795	13826.0	1.08308117701032	-1.08308117701032	0.0030233012023494848	15671.0	88.26180015771094	0.5	2.920258474476075	3.0614130300508755	24	-0.6001076233203412
DGKG	DGKG	1.5709637784393e-06	13825.0	1.08283387727992	-1.08283387727992	0.00014248354434976201	4787.0	26.957305395967108	0.2	0.6035386661767784	0.6665158336864653	25	0.7191055138963227
NSUN7	NSUN7	0.000178674339982444	13824.0	1.08274545941814	1.08274545941814	0.00029662131976927953	9044.0	50.93500056325335	0.2916666666666667	0.7969549122140283	0.9589422268697682	24	0.29802686668310036
RCVRN	RCVRN	0.135321715090399	13823.0	1.0826971987574898	-1.0826971987574898	7.330221936203012e-07	17718.0	99.79159625999775	0.8333333333333334	4.278591532319469	2.662680859650408	24	-1.2002543684418785
SHC3	SHC3	7.655914850142329e-05	13822.0	1.08255987588953	-1.08255987588953	0.000656492597734897	8908.0	50.16897600540723	0.16666666666666666	0.9961539403252541	1.7061213823601116	24	0.05064465896602794
LINC00565	LINC00565	0.0022336127882628	13821.0	1.08248977597524	-1.08248977597524	3.917790513999405e-05	12417.0	69.93353610453981	0.4166666666666667	1.061771529697807	1.0356974077854069	24	0.020004149978258785
IL11RA	IL11RA	4.66195300271803e-15	13820.0	1.08238865470884	-1.08238865470884	2.2822518982246696e-13	12370.0	69.66880702940182	0.25	0.9702835021017567	1.0179377040350122	24	0.11012967901936298
MFSD2A	MFSD2A	0.000170141620361121	13819.0	1.08237103977105	-1.08237103977105	0.00444220687526045	6788.0	38.22800495662949	0.24	0.7050686649103397	0.6484527122338415	25	0.5818502532913296
LINC01136	LINC01136	0.0703788595130476	13818.0	1.08234484716489	1.08234484716489	0.00549715300951693	13728.0	77.31778754083587	0.4166666666666667	1.4954582490114658	1.456323310832554	24	-0.2836687422179669
BMF	BMF	3.59075388900804e-10	13817.0	1.0822249213139001	1.0822249213139001	0.0188523437472818	3415.0	19.229469415343022	0.04	0.519453998247869	0.9571230713897071	25	0.5879817756862853
EPS8L1	EPS8L1	9.499707119246991e-05	13816.0	1.08160907936051	1.08160907936051	0.01108717092369315	11131.0	62.69009800608313	0.25	0.7833787258976711	0.7080285945864481	24	0.42121230094814466
HCRT	HCRT	0.356048447425656	13815.0	1.08156179736333	-1.08156179736333	0.0034038481270271697	17170.0	96.70496789455896	0.5789473684210527	2.4546207919270353	1.991336399904228	19	-0.6895163442147403
IGLL1	IGLL1	0.138710237175597	13814.0	1.08138296746499	1.08138296746499	0.00048362195434862405	15770.0	88.8194209755548	0.625	2.171288796168879	2.4322651339290076	24	-0.4481032160105375
LINC00920	LINC00920	0.00133953532236044	13813.0	1.08109417347092	-1.08109417347092	2.329701596381815e-07	11487.0	64.69527993691563	0.25	1.0645595640003434	1.1817756215201132	24	0.013991327261691455
E2F2	E2F2	4.0207226930207e-06	13812.0	1.08100632468135	1.08100632468135	3.7257888935241205e-05	4258.0	23.977695167286246	0.24	0.7960976361477903	1.1590934779684465	25	0.24580302965117332
GRM5	GRM5	0.0173755172765619	13811.0	1.0802471987926898	1.0802471987926898	0.004374855792250595	14835.0	83.55300214036274	0.5	1.4880807034562702	1.3866439074106822	24	-0.29411552777463895
RNF128	RNF128	0.000275494355312384	13810.0	1.07957345484	-1.07957345484	4.4371140761838396e-05	13402.0	75.4815816154106	0.43478260869565216	1.247841509369554	0.9328863931916663	23	-0.18037357577256732
CD2AP	CD2AP	4.6836899077359894e-07	13809.0	1.07935076695481	1.07935076695481	2.77272109700731e-09	12691.0	71.47685028725921	0.28	0.7895071062005176	0.49807155149379356	25	0.5819317724230714
CCL8	CCL8	0.00919369474655019	13808.0	1.07932456860972	-1.07932456860972	0.0003960425131477	16512.0	92.99876084262701	0.782608695652174	2.369926017887067	1.9188331121261686	23	-0.6725970284342718
LINC01102	LINC01102	0.28422917401986797	13807.0	1.07925921346085	1.07925921346085	0.0003740415526083639	17063.0	96.10228680860651	0.6818181818181818	2.650927879299819	2.2334939015492856	22	-0.7036816463876463
CERCAM	CERCAM	5.88995414864057e-11	13806.0	1.07881644816779	1.07881644816779	0.000333296376742406	8318.0	46.84578123239833	0.2	0.5287933269036159	0.4501126561466786	25	1.2219676868737892
MXD1	MXD1	1.44188625968195e-06	13805.0	1.07802131029545	-1.07802131029545	0.0065634640032959995	2938.0	16.54275092936803	0.08	0.4343925776650685	0.5339952508913204	25	1.2053079714773975
ROBO3	ROBO3	1.63034771945116e-11	13804.0	1.07795173674221	-1.07795173674221	7.285916434116614e-13	13281.0	74.8000450602681	0.5	1.1398361763693734	1.0635248030579063	24	-0.05818805489935897
INTS8	INTS8	2.2866384291011e-08	13803.0	1.07779830908528	1.07779830908528	4.29964804969682e-06	7944.0	44.7392136983215	0.08	0.567882160335743	0.5562916065366291	25	0.9166346260807038
GAL	GAL	0.0423591135646822	13802.0	1.07734944691474	1.07734944691474	9.947093046379e-06	15066.0	84.85411738199842	0.5833333333333334	1.6544995698750868	1.7208926513392662	24	-0.33537834129931693
SCG3	SCG3	0.0626454718032942	13801.0	1.07731605387594	-1.07731605387594	0.00198263425903658	14668.0	82.6123690435958	0.5217391304347826	2.01503066239292	2.5610360994078922	23	-0.3661465797900225
HSF4	HSF4	4.659836586234471e-06	13800.0	1.07704358908133	1.07704358908133	0.0005272702007436114	9277.0	52.247380871916185	0.25	0.8912867736345748	1.0840294828858614	24	0.17135771524612092
SEMA4B	SEMA4B	2.11759398065369e-07	13799.0	1.0768129985683599	1.0768129985683599	0.01101720139634	1582.0	8.905035484961134	0.08	0.4071951295931027	0.42292116480126535	25	1.5833160520351754
GPR143	GPR143	0.0105743601026004	13798.0	1.07666662242256	1.07666662242256	0.009357422116878754	10011.0	56.381660470879794	0.20833333333333334	0.9018376368995451	0.9270906275127944	24	0.18857809618035667
TMCC3	TMCC3	1.72108044864484e-10	13797.0	1.07657756687249	-1.07657756687249	0.0017448571647003099	6358.0	35.80601554579249	0.16	0.770655832545126	1.1920108519504107	25	0.256643413796782
ZMYND10	ZMYND10	0.0036275526506169	13796.0	1.07651217086109	-1.07651217086109	0.0005544110459575305	11431.0	64.37985806015546	0.2916666666666667	1.294458541527975	1.8123870905263633	24	-0.12025376466546546
CDCA3	CDCA3	1.21558551528645e-09	13795.0	1.07609998439038	1.07609998439038	0.00011350363954956599	6324.0	35.61450940633097	0.12	0.6240916295571831	1.036203226051496	25	0.4362159308802746
CDX1	CDX1	0.0741017778036945	13794.0	1.0759523123153198	1.0759523123153198	8.9879165527505e-06	17181.0	96.76692576320829	0.8260869565217391	3.0508474067944946	2.5222917609501674	23	-0.7829764680891699
LINC00479	LINC00479	0.139498336189345	13793.0	1.0758058034587	1.0758058034587	0.002248715482365405	15810.0	89.04472231609778	0.5416666666666666	1.590190556196003	1.3694947404945872	24	-0.3756018460878026
SPATA9	SPATA9	1.8138293015096803e-05	13792.0	1.0756629836298002	1.0756629836298002	0.000535430973548548	12776.0	71.95561563591303	0.24	0.8345183749189029	0.6470467320498965	25	0.372684995946014
MPP3	MPP3	2.91551745231558e-05	13791.0	1.07563760207372	-1.07563760207372	0.0599422776816156	2341.0	13.180128421764108	0.08	0.5744244739849269	1.1630325019526568	25	0.43095367261644746
SPATA8	SPATA8	0.48515231703422396	13790.0	1.07505216964296	1.07505216964296	0.0018952956676234938	17075.0	96.1698772107694	0.5833333333333334	2.4925780995940996	1.8052751974324088	24	-0.7852132084721742
RFPL1	RFPL1	0.0976809235213159	13789.0	1.0747256455989	1.0747256455989	0.000195124754026137	14610.0	82.28568209980848	0.5833333333333334	1.8659918105561113	2.028921951359526	24	-0.3899933974429155
RNF139.AS1	RNF139.AS1	9.57540440979191e-06	13788.0	1.07410475305145	1.07410475305145	1.203202253855835e-05	8346.0	47.003492170778415	0.0	0.4647376146918361	0.24165227399090075	24	2.5216693735005338
LINC00628	LINC00628	0.3650061167972621	13787.0	1.0739118198701	1.0739118198701	0.06641150780014335	11416.0	64.29537005745183	0.2916666666666667	0.9090806294176371	0.8711839948971798	24	0.1892036486183575
PRR7	PRR7	0.0005156362209431361	13786.0	1.07383651595618	1.07383651595618	7.53759474162338e-08	12197.0	68.69437873155344	0.4	1.386866757184987	1.493270624322647	25	-0.2096272679111991
CITED4	CITED4	0.00025688427911241897	13785.0	1.07374246163309	-1.07374246163309	2.589607570487795e-07	13464.0	75.83079869325222	0.4583333333333333	1.426370121071115	1.2941968399931552	24	-0.27246833599121606
RND3	RND3	1.4257222362530999e-05	13784.0	1.07371637163207	-1.07371637163207	0.00022095072885186052	6852.0	38.58848710149825	0.125	0.7691307448559427	0.9219529572957721	24	0.33037003066785864
TMEM182	TMEM182	9.41319254697567e-07	13783.0	1.07353573200515	1.07353573200515	2.97063824157964e-07	9563.0	53.85828545679846	0.2	0.8438759013017498	1.009500486164995	25	0.22749848449886137
SLC16A5	SLC16A5	1.23720168196582e-09	13782.0	1.07302210239666	-1.07302210239666	0.0208386870708556	5012.0	28.224625436521347	0.12	0.480895504310096	0.43544754031364735	25	1.359811557690882
TNNI1	TNNI1	5.966065408982161e-05	13781.0	1.072265429656	1.072265429656	4.59173617763062e-08	17360.0	97.7751492621381	0.8695652173913043	3.667873902286181	2.9974841306646627	23	-0.8659290122929293
GIMAP4	GIMAP4	2.7865847086917702e-05	13780.0	1.07208216369205	-1.07208216369205	0.002033744012548285	13986.0	78.77098118733807	0.5	1.7308576710620749	2.551046898123152	24	-0.2582373173361482
KRTAP5.AS1	KRTAP5.AS1	7.97993293539623e-08	13779.0	1.0719056041877602	1.0719056041877602	0.0033385011491781484	11955.0	67.33130562126844	0.2916666666666667	0.8839752713143391	0.9342816620632163	24	0.20114954676345254
RGS11	RGS11	0.000418063280022419	13778.0	1.07162354676813	-1.07162354676813	7.393974239816741e-06	13588.0	76.52923284893545	0.4583333333333333	1.1801625598935133	1.1894516362023757	24	-0.09125130423286594
ZNF552	ZNF552	6.59593603512199e-07	13777.0	1.07156227125974	1.07156227125974	3.38672342368725e-12	11176.0	62.94356201419398	0.2	0.7272027208238947	0.7039019427217775	25	0.4892152294740233
TRIM68	TRIM68	8.822145446609549e-10	13776.0	1.0709210805493	1.0709210805493	6.5062228034403e-05	2626.0	14.785400473132814	0.16	0.7123450656676436	1.1683645341192284	25	0.3069042275850738
TCF7L1	TCF7L1	1.5537487903127803e-16	13775.0	1.07027114965912	-1.07027114965912	3.72126651221012e-09	13114.0	73.85941196350117	0.4	1.2652752279804864	1.349970681286541	25	-0.14445060253866018
PNRC1	PNRC1	8.417836230000419e-17	13774.0	1.07014011580945	-1.07014011580945	0.0040495439780020796	4860.0	27.36848034245804	0.2	0.5269665359689212	0.594265418547727	25	0.9140252198553686
SIDT1	SIDT1	1.3164727315638399e-06	13773.0	1.0700235622538499	1.0700235622538499	6.111057877316425e-08	12883.0	72.55829672186549	0.3333333333333333	1.2680189914689837	1.4186987107063211	24	-0.13956129495356961
OBSCN	OBSCN	9.65284160901544e-05	13772.0	1.0697630549630799	-1.0697630549630799	3.0665036223414403e-10	13779.0	77.60504675002815	0.4	1.200177638377758	1.2180155393875856	25	-0.10707136255441388
ZFP62	ZFP62	1.18033086621888e-12	13771.0	1.06900708790899	1.06900708790899	4.6689091323471e-09	8644.0	48.681987157823585	0.16	0.6063630380070826	0.4695496449899722	25	0.9852931523604659
PRODH	PRODH	0.00143209845599769	13770.0	1.06814402884879	1.06814402884879	0.04416495189644365	8403.0	47.324546581052154	0.25	0.9577802465394286	1.407876828096156	24	0.07839022569794274
GOLGA7B	GOLGA7B	7.31885077781633e-06	13769.0	1.06751498659654	1.06751498659654	0.000409913337313739	10513.0	59.20919229469415	0.20833333333333334	0.7233421912112582	0.7314406598154367	24	0.4705409670172376
E2F5	E2F5	1.00889025257089e-09	13768.0	1.06742898010738	1.06742898010738	8.93116640403978e-11	10767.0	60.63985580714205	0.08	0.6232731816989207	0.45846178051478054	25	0.9687956930886193
LINC00877	LINC00877	3.28066987036391e-05	13767.0	1.0668220043054202	-1.0668220043054202	0.00040924792298251546	13152.0	74.073448237017	0.3333333333333333	1.122081331655899	0.9683392061420606	24	-0.05706608490080288
TEF	TEF	3.37257182641525e-05	13766.0	1.06644719459564	-1.06644719459564	2.735970722001e-07	9260.0	52.151627802185416	0.24	0.6961338734399038	0.719211060282953	25	0.5148882457536831
ENAM	ENAM	0.0179582659768735	13765.0	1.06633413176051	1.06633413176051	0.0033717619253737854	13289.0	74.8451053283767	0.4583333333333333	2.069274480729652	2.5727839239982098	24	-0.38982688737052296
MMP28	MMP28	0.00748608700306294	13764.0	1.06623560523628	-1.06623560523628	0.00039068415224311804	13557.0	76.35462431001464	0.375	1.2297401554692626	1.2816936980159255	24	-0.12756913019552898
CREB3L1	CREB3L1	1.95532226207744e-05	13763.0	1.06618543038033	1.06618543038033	0.0211335136044256	8846.0	49.819758927565616	0.2916666666666667	1.0689162613525056	1.716130244462406	24	-0.0015912725627833066
RMI1	RMI1	1.32124865393632e-06	13762.0	1.06615133825567	1.06615133825567	3.66009741226861e-05	7962.0	44.84059930156584	0.2	0.6988425070571229	0.6902477737924024	25	0.5321405517622403
DKK3	DKK3	2.10063646467604e-07	13761.0	1.0660274575759	-1.0660274575759	2.88239186565797e-06	13906.0	78.32037850625211	0.48	1.3300167331043622	1.311782040958292	25	-0.20124477030925886
UBQLN3	UBQLN3	0.526358616501592	13760.0	1.06570755065773	1.06570755065773	2.6707868499111604e-05	17138.0	96.52472682212459	0.8571428571428571	2.7000702384919	1.6258034035859854	21	-1.0052646489909578
KCNH8	KCNH8	0.022267440021636	13759.0	1.06564975099749	1.06564975099749	0.0016573177583674792	6566.0	36.97758251661597	0.375	1.4057553402508585	1.6602163687192288	24	-0.2048561836043951
MEGF11	MEGF11	0.0725948335042246	13758.0	1.06527502692413	1.06527502692413	0.0373893096973001	7836.0	44.13090007885547	0.16666666666666666	0.7360169352931992	0.9601503197149502	24	0.34292348278203044
SOD2	SOD2	0.00138689886320581	13757.0	1.06507264816011	-1.06507264816011	0.0193203045275918	7309.0	41.16255491720175	0.08	0.5392464981190449	0.544677885999979	25	0.9653892026031059
JCHAIN	JCHAIN	0.024190638109444	13756.0	1.06493084490512	1.06493084490512	0.0034557779017432852	15226.0	85.75532274417033	0.5833333333333334	2.462890310128502	3.10798514287075	24	-0.44979605788338156
LCAT	LCAT	1.3764216371470902e-05	13755.0	1.06460136526711	-1.06460136526711	6.59441644833834e-07	9839.0	55.412864706545	0.12	0.6823166499879035	0.6529932933824929	25	0.5854343668661265
MAOB	MAOB	1.1042782038898999e-08	13754.0	1.06437626842408	-1.06437626842408	0.000513742089787476	12603.0	70.98118733806466	0.4583333333333333	1.3525622687945358	1.7474754326586144	24	-0.16491562340994326
RNF144B	RNF144B	1.13834436191295e-13	13753.0	1.06408303363176	-1.06408303363176	0.000219401818424801	11893.0	66.98208854342683	0.28	0.8711986355429837	0.7546244738824452	25	0.25560315728485583
TGFB2	TGFB2	0.0019951792310759302	13752.0	1.06404411005849	-1.06404411005849	0.002176890090192419	11143.0	62.757688408246025	0.2916666666666667	0.8559464612242286	0.8876656447216517	24	0.23443246910779722
CCDC125	CCDC125	3.59215159038883e-10	13751.0	1.06324620917311	1.06324620917311	2.69011352074405e-09	10030.0	56.48867860763771	0.12	0.6785060797147338	0.6013754938131879	25	0.6397668900986054
LAMB2	LAMB2	3.4280682509475606e-11	13750.0	1.0630506331262501	-1.0630506331262501	5.62600819622572e-05	9522.0	53.627351582741916	0.16	0.7548770869030907	0.9792496351599385	25	0.3147037641457239
ABHD11	ABHD11	1.45360891851975e-08	13749.0	1.0629588628675501	1.0629588628675501	1.34983400650571e-06	10424.0	58.707896811986025	0.2	0.6309056099370275	0.47095725263242844	25	0.9173937772813757
ARHGAP32	ARHGAP32	2.47563061066259e-12	13748.0	1.06251630553335	1.06251630553335	0.000482899058398159	7253.0	40.847133040441584	0.16	0.6510175665945924	0.7445747109701393	25	0.5526627924316657
C9orf24	C9orf24	0.0300488781704854	13747.0	1.06213383277053	-1.06213383277053	0.0509018949697321	12311.0	69.33648755210093	0.25	0.8542526717478274	0.8066151387216552	24	0.2577203811871895
TRIP13	TRIP13	6.20694994763653e-07	13746.0	1.06196478086455	1.06196478086455	0.00217437050262613	5130.0	28.889264391123127	0.16	0.6543919983448656	0.9003385018362249	25	0.4526883851889559
SPATA2L	SPATA2L	1.9135450993427e-06	13745.0	1.06190787419898	-1.06190787419898	3.47138334769185e-05	9539.0	53.72310465247268	0.36	0.7744997863257946	0.5645954921631681	25	0.5090513329676469
BRCA2	BRCA2	2.29247134402734e-06	13744.0	1.06167946755689	1.06167946755689	0.000666049668783167	9858.0	55.519882843302916	0.16	0.6229245588422152	0.4065915063394561	25	1.0791049539248514
NPHS1	NPHS1	0.20873551695207898	13743.0	1.06162085231966	1.06162085231966	1.533080126659684e-06	16069.0	90.50354849611355	0.75	1.8468888595480204	1.3714670548808507	24	-0.572575188323851
WNT3	WNT3	9.118084843757171e-08	13742.0	1.06161027385518	1.06161027385518	0.00180468700127855	5553.0	31.2718260673651	0.16	0.7673847051624862	1.1847061709302997	25	0.2483532000695589
FMO3	FMO3	5.222261418288521e-09	13741.0	1.06157094747273	-1.06157094747273	6.176939470975774e-05	15342.0	86.40869663174496	0.5833333333333334	1.7398331766680697	1.9823816792655693	24	-0.3421451258804115
PF4V1	PF4V1	0.31113245323096006	13740.0	1.0615250524753101	-1.0615250524753101	2.310163024897575e-05	16788.0	94.55334009237355	0.6666666666666666	2.9070559287859266	2.6251032427641143	24	-0.7030317308081782
FILIP1L	FILIP1L	1.4452420451549001e-11	13739.0	1.06147600936169	-1.06147600936169	0.00054806076218245	7197.0	40.53171116368142	0.20833333333333334	0.8822833444184414	1.3102798816164538	24	0.1367590752612212
SGK1	SGK1	1.15888633817432e-07	13738.0	1.0613648425148399	-1.0613648425148399	0.0037789644025355397	4028.0	22.682212459164134	0.08	0.5338478284758185	0.6247065099051989	25	0.8444237504729599
ULBP1	ULBP1	0.00513236595170798	13737.0	1.06133139389638	-1.06133139389638	2.50833685834978e-05	10248.0	57.71657091359693	0.16	0.8189354320524386	0.9708693216103924	25	0.249668988862349
UCA1	UCA1	0.0492125134328867	13736.0	1.06082047595508	1.06082047595508	2.00287970261968e-05	16030.0	90.28387968908415	0.7083333333333334	3.0511045980090743	3.6326907469011425	24	-0.5478815183350801
DANT2	DANT2	0.0221464059052548	13735.0	1.05941292855612	1.05941292855612	0.000357924093217344	13220.0	74.45646051594007	0.4166666666666667	1.0717942089924877	1.0146413575202813	24	-0.012202617550132903
DTX2	DTX2	1.53704311947113e-13	13734.0	1.0592437867663	1.0592437867663	0.0048710587348523605	2885.0	16.244226653148587	0.08	0.39268006959084817	0.3803944480916382	25	1.7522961245083017
CTIF	CTIF	3.1233379636262995e-23	13733.0	1.0591933830262301	-1.0591933830262301	9.941233615669712e-12	11774.0	66.31181705531148	0.32	0.9353758132511897	0.7966618950697875	25	0.15542047453417368
C21orf91.OT1	C21orf91.OT1	0.0379017586594128	13732.0	1.05917672787861	1.05917672787861	0.048824214645369846	10440.0	58.79801734820322	0.2916666666666667	1.0974655144051255	1.4324042511185349	24	-0.026730433462911502
PPP1R16A	PPP1R16A	3.5596675759469604e-05	13731.0	1.05900411208805	1.05900411208805	0.00032098864764461	6793.0	38.25616762419736	0.28	0.6854959431551582	0.6993210656928288	25	0.5341011264444768
NDEL1	NDEL1	2.0969774258604697e-23	13730.0	1.05897086273324	-1.05897086273324	6.36530475040945e-05	704.0	3.959671060042807	0.08	0.3675756797910734	0.3969542559828429	25	1.7417502710237975
HEPACAM2	HEPACAM2	0.28697321734681897	13729.0	1.0589314657086502	1.0589314657086502	9.625384172190454e-08	17042.0	95.98400360482144	0.625	3.1916153662170217	2.969122986944957	24	-0.7182874909142012
SULT1E1	SULT1E1	0.0175794140735835	13728.0	1.05849549499021	-1.05849549499021	0.011092391387633849	13228.0	74.50152078404867	0.4166666666666667	1.7313816897226897	1.9295966489300533	24	-0.3487185755145201
CYP2C19	CYP2C19	0.03614159539620299	13727.0	1.05811836327009	1.05811836327009	0.001168413167014245	15299.0	86.16649769066126	0.5833333333333334	1.8697383316293348	1.796850070418461	24	-0.4516904229912906
SERPINA5	SERPINA5	0.0594500802816755	13726.0	1.05741499149129	1.05741499149129	7.10894721567044e-07	14625.0	82.3701701025121	0.5217391304347826	2.1709655484873793	2.6086214818058573	23	-0.4268731836959409
SYNJ2	SYNJ2	1.23320499063058e-08	13725.0	1.05737442198985	1.05737442198985	5.625862498160971e-05	2821.0	15.883744508279824	0.16	0.4845256040591708	0.575536296470973	25	0.9953304794905679
ARL13B	ARL13B	6.03616058238951e-10	13724.0	1.05685906829453	-1.05685906829453	6.52592069098968e-05	6374.0	35.89613608200968	0.08	0.5306285828091939	0.4144461044128687	25	1.2697199464109536
CCDC34	CCDC34	2.0328687045137903e-06	13723.0	1.05588198681867	1.05588198681867	0.00276421755351252	7493.0	42.198941083699445	0.08	0.603215388270117	0.7198511216619592	25	0.6288336364656307
KCNC3	KCNC3	0.000846988646032071	13722.0	1.05566185000562	1.05566185000562	5.9294060117676305e-05	10841.0	61.056663287146556	0.2916666666666667	0.8501560916699281	0.848133076111856	24	0.24230367158630758
CYP26A1	CYP26A1	0.028715465965603	13721.0	1.0555149657954201	1.0555149657954201	7.49624146518721e-05	14891.0	83.86842401712289	0.5833333333333334	2.017905995112638	2.195154781400563	24	-0.43841602308479977
ZFP36L2	ZFP36L2	3.0998090239482696e-09	13720.0	1.0553109311870201	-1.0553109311870201	5.794083409862411e-07	9796.0	55.1706657654613	0.12	0.6829263407637793	0.8551072026021792	25	0.4354829304326243
C1QB	C1QB	0.000544459014549794	13719.0	1.05529408511811	-1.05529408511811	0.00157610749995029	14461.0	81.4464346062859	0.5416666666666666	2.092423928815777	2.8580714239485827	24	-0.3628775106903434
PHYHIPL	PHYHIPL	1.05850108773485e-05	13718.0	1.05466425626719	-1.05466425626719	0.00192182126549497	12821.0	72.20907964402387	0.30434782608695654	0.9458423269960293	0.7029770475328888	23	0.15480153961366624
RTP1	RTP1	0.302613970956079	13717.0	1.05440103923345	1.05440103923345	0.004018917836286355	15470.0	87.12966092148248	0.5416666666666666	1.6803062930560477	1.439148142703182	24	-0.4349137071093646
TTBK1	TTBK1	7.40591022714232e-05	13716.0	1.05426748595367	1.05426748595367	2.25852186752244e-07	15867.0	89.36577672637152	0.6666666666666666	1.796709824892969	1.3365416810139594	24	-0.5554950881711743
PAX2	PAX2	0.346865941891016	13715.0	1.05422977406217	1.05422977406217	6.481337725749025e-05	16846.0	94.88002703616085	0.6666666666666666	2.234622577791342	1.8261260952626617	24	-0.6463917288030375
HYAL4	HYAL4	0.32991747781416997	13714.0	1.05419252394624	1.05419252394624	0.00180002990789497	13684.0	77.06995606623859	0.5	1.380795762435936	1.2569054702067688	24	-0.25984709767868835
SLC26A2	SLC26A2	5.0611467444449204e-11	13713.0	1.05387772683928	-1.05387772683928	0.008980856479280229	4901.0	27.59941421651459	0.08	0.8308682109289139	1.6643862537455483	25	0.13398903974873844
DCN	DCN	7.2551206258505904e-06	13712.0	1.05387375536815	-1.05387375536815	1.4974375451600209e-05	13644.0	76.84465472569562	0.4166666666666667	2.3481531937490243	4.694093396718833	24	-0.275725114307605
TSTA3	TSTA3	1.5820588888890301e-10	13711.0	1.05356587819895	1.05356587819895	0.0008887951043517231	3917.0	22.057001239157373	0.12	0.48684163590780494	0.6789773394709286	25	0.8346732789826932
CCDC68	CCDC68	0.00138502584187469	13710.0	1.05356433735004	-1.05356433735004	2.078341459236585e-05	9588.0	53.999098794637824	0.16666666666666666	1.0050289947375182	1.3061082655946803	24	0.03716027521686605
FDPSP2	FDPSP2	0.0017508956196950198	13709.0	1.0531201850674499	1.0531201850674499	0.007951815990183344	6690.0	37.6760166722992	0.20833333333333334	0.7484029924646994	0.9210569906154356	24	0.3308342433828587
ZNF750	ZNF750	6.46710463227913e-07	13708.0	1.05236762355549	1.05236762355549	0.009777222842740796	9453.0	53.23870677030528	0.25	0.8870284234643163	1.1388571453534009	24	0.1451799295159771
GFPT1	GFPT1	1.06569181601288e-15	13707.0	1.05209287353163	1.05209287353163	6.0453175643952e-08	11850.0	66.73988960234313	0.32	0.7518399503588274	0.46473363803240597	25	0.64607529690344
SFXN1	SFXN1	1.14623859906395e-15	13706.0	1.05178222038197	1.05178222038197	0.000267567192753676	5015.0	28.24152303706207	0.04	0.4912985619841985	0.610414288068199	25	0.9182020626868929
CYP27A1	CYP27A1	0.000732222011729464	13705.0	1.0514841393351602	-1.0514841393351602	2.3898205868594715e-06	11553.0	65.06702714881153	0.25	1.2467328117994252	1.8184113942000262	24	-0.1073732121823625
DLEU1	DLEU1	2.56476956613722e-09	13704.0	1.05144092755648	1.05144092755648	1.95587066778096e-05	6614.0	37.247944125267544	0.08	0.5440225315362094	0.49928191385332477	25	1.0162963687271398
NEBL.AS1	NEBL.AS1	1.6551970199469298e-05	13703.0	1.05093545035185	-1.05093545035185	0.2826292533057495	7288.0	41.04427171341669	0.20833333333333334	0.5281798190451424	0.44321305073894157	24	1.1794680468798235
PRSS8	PRSS8	1.61305857304315e-06	13702.0	1.05076660459876	1.05076660459876	0.0460743571762748	10908.0	61.43404303255604	0.3333333333333333	0.9651789795749625	1.3404377083919	24	0.06385050531477184
THEMIS2	THEMIS2	1.1664898833387899e-05	13701.0	1.05057467855436	-1.05057467855436	0.0011814008632603302	10297.0	57.99256505576208	0.12	0.739605504804763	0.7311765589982865	25	0.42529970350201796
STC1	STC1	0.0008111845709849441	13700.0	1.05055530624733	-1.05055530624733	0.00379430797555875	10736.0	60.46524726822124	0.375	1.1941350994194304	1.8014353164719785	24	-0.07970299674888923
C5orf63	C5orf63	0.0015621402101813802	13699.0	1.05016879273548	1.05016879273548	9.22618886762561e-05	7660.0	43.13957418046637	0.2	0.8646509785823586	1.460087678855914	25	0.1270593655707636
FAM53A	FAM53A	9.85910610961086e-06	13698.0	1.04986803393404	1.04986803393404	0.00028686683138986	7132.0	40.16559648529908	0.12	0.7255895549977087	1.0214015815502733	25	0.31748382300734707
SYT3	SYT3	0.0687441135985364	13697.0	1.04953704374009	1.04953704374009	1.7009395674689874e-07	13694.0	77.12628140137433	0.5	1.2995780119498195	1.1304724262219599	24	-0.22118272185140042
RAB11FIP1	RAB11FIP1	1.47707544501203e-10	13696.0	1.04942391988581	-1.04942391988581	0.0182804697164679	1867.0	10.51030753632984	0.12	0.5859114109136724	0.893126348350082	25	0.5189775330538707
PRC1	PRC1	9.16795089207508e-09	13695.0	1.04889620956312	1.04889620956312	0.00857300437674821	2447.0	13.777176974202995	0.12	0.4393285140018288	0.483941479124314	25	1.2595896856460749
DENND2C	DENND2C	1.54603143668885e-08	13694.0	1.0488602689236899	-1.0488602689236899	0.0409481839446454	2825.0	15.90627464233412	0.16	0.6298300060049624	1.0269730493327764	25	0.4080245953785945
ASPHD2	ASPHD2	5.3416689332657204e-05	13693.0	1.04836907746626	1.04836907746626	0.0173990748103539	3854.0	21.702151627802184	0.12	0.48171742608324924	0.4542384640740731	25	1.247476152285083
RFESD	RFESD	1.21017800223905e-05	13692.0	1.04821456394922	1.04821456394922	0.0027363722599189596	11095.0	62.487326799594456	0.25	1.0381175419685036	1.208506441905705	24	0.008354959171582316
CENPH	CENPH	3.10171916711072e-06	13691.0	1.04797314130548	1.04797314130548	5.11349378334281e-05	7152.0	40.27824715557057	0.28	0.9505053954014816	1.1733329729539739	25	0.08306912713670221
ZNF385B	ZNF385B	0.00465351523421016	13690.0	1.04789057874601	-1.04789057874601	0.0042580984140700604	10556.0	59.45139123577785	0.32	0.9915574960593713	1.2442382793558449	25	0.045275156391911486
F11	F11	0.0573361335874917	13689.0	1.04770142265661	-1.04770142265661	0.0069986343282788105	14472.0	81.50839247493522	0.5217391304347826	1.7931839695353087	1.5681713855196193	23	-0.47538333740969285
MOCS1	MOCS1	1.303319592242e-06	13688.0	1.0475159421103901	-1.0475159421103901	2.36837159099735e-08	10319.0	58.11648079306072	0.2	1.5292225667044839	3.489191495927337	25	-0.13805680346187724
CASQ2	CASQ2	0.00299304348631496	13687.0	1.04737478426811	-1.04737478426811	2.7093033590928e-08	16978.0	95.62352145995268	0.8260869565217391	2.641853144464243	1.9647501455606728	23	-0.8115425586295723
CRB2	CRB2	1.57247019830908e-05	13686.0	1.04698710315083	-1.04698710315083	3.68192848617626e-07	13638.0	76.81085952461417	0.4583333333333333	1.3429403831917461	1.5252937392446089	24	-0.19403035128662166
ZNF93	ZNF93	5.4743153388356494e-06	13685.0	1.0467125238933601	1.0467125238933601	0.000101814625167562	9094.0	51.21662723893207	0.12	0.6240192580063091	0.5825938948392214	25	0.7255367240051525
TNFRSF8	TNFRSF8	0.0033281798738411896	13684.0	1.04667715888694	-1.04667715888694	5.198045484002625e-07	15576.0	87.72670947392136	0.7083333333333334	1.8890675545023778	1.8130885705683581	24	-0.4646162406458552
KRT76	KRT76	0.56911596105012	13683.0	1.04650229812168	1.04650229812168	0.00018647842804640001	16062.0	90.46412076151853	0.6666666666666666	1.9936885128507076	1.8031034893730715	24	-0.5253088468362727
SPATA3.AS1	SPATA3.AS1	0.416637207386567	13682.0	1.0464006628876101	1.0464006628876101	0.007069468822009406	13619.0	76.70384138785626	0.4166666666666667	1.3145152738380887	1.4020612921317832	24	-0.1912288802601633
DNAJC18	DNAJC18	1.0055488434435698e-17	13681.0	1.0460001154235201	-1.0460001154235201	6.71834414676181e-05	6351.0	35.766587811197475	0.2	0.6850883703153517	0.9746243357919411	25	0.37030857106077264
PCDH20	PCDH20	0.0123943117631604	13680.0	1.0459927655969599	1.0459927655969599	1.453266811233935e-05	12966.0	73.02579700349217	0.25	1.1103671633555265	1.0012785505682464	24	-0.06429219693364335
STX1B	STX1B	0.0148222523829379	13679.0	1.0455174269554	1.0455174269554	7.177178989457846e-11	15385.0	86.65089557282866	0.6666666666666666	1.940958530981676	1.9663836019612269	24	-0.4553745785579086
THY1	THY1	0.00719794465315354	13678.0	1.0450826528597499	1.0450826528597499	0.00043494120559426963	13465.0	75.8364312267658	0.4166666666666667	1.4433769426030698	1.9816275112158623	24	-0.20099352047193747
KLHL34	KLHL34	0.0597032083872591	13677.0	1.04447989702244	1.04447989702244	0.0002615286956795415	11868.0	66.84127520558746	0.4166666666666667	1.0414949696153395	0.9069026790709593	24	0.003291342583923489
B4GAT1	B4GAT1	1.5708519069668e-07	13676.0	1.04420376716031	-1.04420376716031	1.73505527005626e-06	9117.0	51.34617550974428	0.2	0.7352262474487202	0.887220943257442	25	0.34825318547731204
CRACR2B	CRACR2B	0.000163040455840101	13675.0	1.0440546645679398	1.0440546645679398	0.004439954154475295	9378.0	52.8162667567872	0.20833333333333334	0.8493088566353718	1.2244403447622396	24	0.15904883301634717
LINC01141	LINC01141	0.251875617503916	13674.0	1.04368655688591	1.04368655688591	0.0161065468305831	15336.0	86.37490143066351	0.5217391304347826	1.868098231858713	1.8804857711897467	23	-0.43840356976017625
FBN3	FBN3	0.0633164351064197	13673.0	1.04257828106403	-1.04257828106403	0.00429983680825949	14657.0	82.55041117494649	0.4583333333333333	1.6127218081751977	1.8313262223003266	24	-0.31132821676905337
TRIP10	TRIP10	9.490446833735631e-15	13672.0	1.04197507897975	-1.04197507897975	2.8482400361265996e-05	6094.0	34.31902669820885	0.08	0.4245338263149245	0.30652386021995054	25	2.014333410200993
RPS28	RPS28	0.0057500705289908	13671.0	1.04185167942069	-1.04185167942069	0.01188458930291	1116.0	6.2802748676354625	0.12	0.4783709664937902	0.6432555472341073	25	0.8759826718164716
CLVS1	CLVS1	1.1137425816412599e-05	13670.0	1.0416341868271	1.0416341868271	6.5984231177492e-10	11537.0	64.97690661259433	0.2916666666666667	0.8473376603562174	0.7381753603144846	24	0.26321188286223274
PIM3	PIM3	1.43859894162731e-08	13669.0	1.0414783131989	-1.0414783131989	0.000202952257790904	7772.0	43.77041793398671	0.16	0.6082581757917465	0.4371473905999644	25	0.9910161806355041
NAALADL1	NAALADL1	2.3854812192393403e-10	13668.0	1.04110898242325	-1.04110898242325	1.3818703863822564e-06	12964.0	73.01453193646502	0.375	1.4699331093618522	1.7958898359681041	24	-0.23878086414328273
CHRNA10	CHRNA10	1.39313459593219e-06	13667.0	1.0410532259115501	-1.0410532259115501	3.033204584506975e-05	9226.0	51.960121662723886	0.125	0.781699157274732	1.242343622315374	24	0.2087619431357132
BLID	BLID	0.562697058771072	13666.0	1.04089791638147	1.04089791638147	0.0011692880699822699	14467.0	81.48022980736735	0.47619047619047616	1.8098040724317326	1.6929727207133627	21	-0.45417515984916224
RPS6KA2	RPS6KA2	4.20749728662164e-09	13665.0	1.04041483667406	-1.04041483667406	0.0010147707081636802	3742.0	21.071307874281853	0.28	0.736368574634655	0.9977539019868474	25	0.3047307170976245
INPP4B	INPP4B	0.000620191242961108	13664.0	1.04026063495707	1.04026063495707	6.20182569798047e-09	13221.0	74.46209304945364	0.4583333333333333	1.0588308303995078	0.7526322085323787	24	-0.02467366561238372
METTL7A	METTL7A	1.15887769282659e-09	13663.0	1.04010695890891	-1.04010695890891	0.0024679741202307897	701.0	3.942773459502084	0.28	0.8268254924337565	1.400675760636426	25	0.1522704058062979
MCCC2	MCCC2	1.4026768739736701e-14	13662.0	1.0395288167990502	1.0395288167990502	1.8591349240048302e-06	8289.0	46.68243776050467	0.12	0.555996932106111	0.4614818276185047	25	1.047780986714525
MX1	MX1	0.0028287027624391697	13661.0	1.03949818921462	1.03949818921462	0.00011021827034504497	9747.0	54.894671623296155	0.3333333333333333	0.9308603525285887	1.0872768236034218	24	0.0999173663299351
BST1	BST1	4.450571467937321e-08	13660.0	1.03921539846037	-1.03921539846037	2.214402215244345e-05	10740.0	60.48777740227554	0.375	0.9251702178941023	0.943356827856384	24	0.12089294018830163
LRRN4	LRRN4	0.00125101056475077	13659.0	1.03861144004387	-1.03861144004387	0.004628513559874562	12842.0	72.32736284780894	0.4583333333333333	1.2074567504199714	1.0863968766155812	24	-0.1554177060063906
RIMS1	RIMS1	0.0152236225680763	13658.0	1.03835398910939	1.03835398910939	0.0005130426320701669	11715.0	65.97949757801058	0.375	1.1872859754300373	1.333715052470806	24	-0.11166702066137724
CNIH3	CNIH3	1.48781048555031e-05	13657.0	1.03834247682207	1.03834247682207	0.000146629239251527	9127.0	51.402500844880024	0.28	0.7790855861417473	0.7389550119860856	25	0.35084259051646355
CLUL1	CLUL1	0.0112824876605115	13656.0	1.03832938482617	1.03832938482617	0.002466588736025885	6989.0	39.360144192857945	0.08333333333333333	0.6325003915183894	0.7411231288554777	24	0.5475864637155577
LHX3	LHX3	0.7167955613289291	13655.0	1.03823650308555	1.03823650308555	0.00367599026099337	15692.0	88.38008336149599	0.4583333333333333	1.604485599227739	1.2023048669064944	24	-0.4709696448282174
SH2D6	SH2D6	0.00116918427111244	13654.0	1.03795892350306	1.03795892350306	0.020596518369693	8692.0	48.952348766475154	0.25	0.7859773524102257	0.9650498044513017	24	0.2611073230941727
LGALS3BP	LGALS3BP	4.453996026832221e-25	13653.0	1.03787556655313	1.03787556655313	0.00283970674810772	11059.0	62.28455559310577	0.16	0.7200069257345241	0.9135168505304189	25	0.34796144223726216
PAQR4	PAQR4	1.8062045331373102e-13	13652.0	1.0370870865544901	1.0370870865544901	2.07462640512372e-08	7597.0	42.784724569111184	0.16	0.7165497394794028	0.8818203292016378	25	0.36349507542572534
PLEKHO2	PLEKHO2	1.42191545953326e-07	13651.0	1.03702133799603	-1.03702133799603	3.9285379276333605e-07	12517.0	70.49678945589726	0.24	0.8617449137780077	0.5960986569418482	25	0.29403928725026685
FNDC7	FNDC7	0.24349675221586897	13650.0	1.03639308860136	-1.03639308860136	0.000748701752278295	14663.0	82.58420637602794	0.4782608695652174	1.7173659366544702	1.6594641258668488	23	-0.4103570769855557
ANKFN1	ANKFN1	0.0163339052159719	13649.0	1.0356098248918	1.0356098248918	0.00722110208539092	11253.0	63.37726709473921	0.2916666666666667	0.7922097038198865	0.6481702075891416	24	0.3755188347474905
FIGNL1	FIGNL1	1.75995809513089e-06	13648.0	1.0354112503603299	1.0354112503603299	0.0057413891063094295	5248.0	29.55390334572491	0.08	0.606752287038151	0.8391659414255851	25	0.5108154920991764
HCK	HCK	4.91786016747387e-05	13647.0	1.03523926342394	-1.03523926342394	0.002767794561176665	13053.0	73.51582741917314	0.375	1.4391513505750064	2.0654312890379343	24	-0.1955582300388246
PAPSS2	PAPSS2	0.000132541365991811	13646.0	1.03479996032336	-1.03479996032336	0.0038290074730756795	2423.0	13.64199616987721	0.12	0.5696476689401956	0.9374935782940186	25	0.49616584278861314
RIC3	RIC3	0.000567818122322741	13645.0	1.03471685434909	1.03471685434909	0.0022499025931743497	6674.0	37.585896136082006	0.16666666666666666	0.7919311157042938	1.4194131059435091	24	0.1710465668015742
MBNL1.AS1	MBNL1.AS1	3.73200265679083e-07	13644.0	1.034369784218	-1.034369784218	0.00153388511711235	7490.0	42.18204348315872	0.24	0.6445150764497236	0.7450294568589062	25	0.5232742198032407
ITIH3	ITIH3	2.10597054966351e-09	13643.0	1.03414962273199	-1.03414962273199	2.1328320115232126e-09	17124.0	96.44587135293455	0.8181818181818182	2.889398118954895	2.2996637500431025	22	-0.8067477239610062
ANKS1A	ANKS1A	1.17013312749779e-10	13642.0	1.03351785047425	-1.03351785047425	0.000113881444792899	4348.0	24.484623183507942	0.0	0.3679741057645975	0.2754060107993064	25	2.4165912093859374
ST18	ST18	0.0358066516723813	13641.0	1.03313154097838	1.03313154097838	5.6398699406137455e-06	14957.0	84.24017122901881	0.5	2.2443983891157457	2.34309761674506	24	-0.5169510819698628
PAK6	PAK6	4.106265193162971e-07	13640.0	1.03279516368953	1.03279516368953	0.0201408370287546	4275.0	24.07344823701701	0.125	0.6125994149624199	0.9336878791038157	24	0.45003877433905204
RPGRIP1L	RPGRIP1L	6.799875763204429e-07	13639.0	1.03252247477762	1.03252247477762	0.000101119673855079	7477.0	42.10882054748225	0.04	0.5681620167691375	0.6283244357254024	25	0.7390456770511831
RRAD	RRAD	0.0206614829342263	13638.0	1.03252142809596	-1.03252142809596	0.04472871876345155	9768.0	55.01295482708122	0.2916666666666667	1.1060634319233709	1.6786075960191609	24	-0.043811313616009255
AP1M2	AP1M2	9.976644067631231e-08	13637.0	1.03239304552609	1.03239304552609	0.0203627572266094	12166.0	68.51977019263263	0.4166666666666667	0.9941217558592483	1.0811671393104978	24	0.03539812511435434
TAGAP	TAGAP	0.00010181866338024301	13636.0	1.03230533609622	-1.03230533609622	2.5337665695468243e-05	14041.0	79.08077053058466	0.5	1.863071379896782	2.7286463373791228	24	-0.30446087219881945
BHMT2	BHMT2	0.009688321473730641	13635.0	1.0313974836470399	1.0313974836470399	0.00015246960331603	15547.0	87.5633660020277	0.5217391304347826	1.8064375641553272	1.8475028829319333	23	-0.41950683144717005
NAP1L5	NAP1L5	1.5941539438938197e-13	13634.0	1.0311031901182	-1.0311031901182	0.00021858250412655147	5058.0	28.48372197814577	0.20833333333333334	0.8538816857775323	1.634755803862028	24	0.10840854880098348
CCDC87	CCDC87	0.0035335307067218	13633.0	1.03107062368709	1.03107062368709	0.00010772904899512549	10227.0	57.59828770981187	0.20833333333333334	0.805344883201531	0.9116814554677735	24	0.24759277391437298
PHF24	PHF24	0.00443429453051711	13632.0	1.03045109057733	-1.03045109057733	1.1621724809488238e-06	15691.0	88.37445082798241	0.7083333333333334	1.6064667523312304	0.9442035803473176	24	-0.6100545197488212
IL21	IL21	0.404872888029553	13631.0	1.03004582189217	1.03004582189217	0.136706438512554	13745.0	77.41354061056663	0.38095238095238093	1.6792512234222388	1.4939793551785072	21	-0.43454777288572294
CCDC152	CCDC152	9.532477628104069e-11	13630.0	1.0299841759925699	-1.0299841759925699	0.00229528913186156	9232.0	51.99391686380534	0.16	1.1304932427773204	2.0527734433635265	25	-0.04896257164164384
PARS2	PARS2	5.3921199102064907e-08	13629.0	1.02916228654001	1.02916228654001	5.39854459195027e-08	8572.0	48.27644474484623	0.16	0.6401456323481866	0.6670904303660441	25	0.5831543018513446
CLEC12A	CLEC12A	0.00192846005035125	13628.0	1.0291342585723	-1.0291342585723	0.0009198858075699135	13399.0	75.46468401486989	0.4166666666666667	1.7249106465278874	2.4564149075128814	24	-0.28324872391368955
DDC	DDC	0.11739386395865099	13627.0	1.02887809552382	1.02887809552382	1.0081326956737469e-05	15786.0	88.90954151177199	0.5833333333333334	2.008345919639775	1.715119407402655	24	-0.5710785032741498
SAMD15	SAMD15	0.000875342428732734	13626.0	1.02848379031991	1.02848379031991	2.47282756864357e-07	10947.0	61.65371183958544	0.36	1.0219470040846383	0.9593380461487503	25	0.006813850718746632
NEDD4L	NEDD4L	7.99185404741178e-06	13625.0	1.02798605916658	-1.02798605916658	0.00373254426197125	7254.0	40.85276557395516	0.08	0.45391298576238176	0.4528610477545864	25	1.267658316498218
TFPI2	TFPI2	0.0152253247718367	13624.0	1.02705904040376	-1.02705904040376	0.0001404870025598315	14652.0	82.52224850737862	0.5833333333333334	1.7369638876551674	1.8985915017769075	24	-0.37391131614515366
KCNK15	KCNK15	0.0165831850567935	13623.0	1.02681633990896	1.02681633990896	0.00588167784342935	11645.0	65.58522023206038	0.24	0.8452741426943551	0.8184109935717738	25	0.22182277442572487
ADGRA2	ADGRA2	7.15718019431767e-07	13622.0	1.02681010214888	-1.02681010214888	5.52647686998561e-14	13701.0	77.16570913596935	0.44	1.0395366896072458	0.5706942961860276	25	-0.022300183379119133
TMEM252	TMEM252	0.00456619034948448	13621.0	1.02661964812034	-1.02661964812034	0.000114038556183514	14991.0	84.43167736848034	0.5217391304347826	1.4819517175135066	1.156565764636226	23	-0.39369319351795096
CA13	CA13	0.004310715274760121	13620.0	1.02591985630722	1.02591985630722	8.39207880437811e-12	12614.0	71.04314520671397	0.28	0.9553274521582505	0.7674795314569325	25	0.09197952682198773
IL23A	IL23A	0.00966856985665662	13619.0	1.02555651054325	1.02555651054325	0.001307435104035626	10893.0	61.349555029852425	0.2916666666666667	1.0703455046003303	1.088833491777274	24	-0.04113484237518482
SH3BGR	SH3BGR	0.000835228348615071	13618.0	1.02540699770421	1.02540699770421	0.000709120165296213	9160.0	51.58837445082798	0.16	0.7620763046802078	1.0236399789083221	25	0.2572493244205209
TNIP3	TNIP3	0.0773330570906832	13617.0	1.0251211930869	-1.0251211930869	0.010019137552210386	14002.0	78.86110172355525	0.4166666666666667	1.3768860311398703	1.4960978708765582	24	-0.23512154177913014
DUOX2	DUOX2	0.000317479741613488	13616.0	1.02476038937775	-1.02476038937775	3.31729044868402e-05	16652.0	93.78731553452742	0.75	2.824878028089117	2.626289517508002	24	-0.6854223903004563
SLC12A8	SLC12A8	5.67715014853742e-07	13615.0	1.02435993285082	1.02435993285082	1.1242634477456802e-05	12212.0	68.77886673425706	0.32	1.0548426516850755	1.047657724038274	25	-0.029096066525198402
CCDC69	CCDC69	7.1323977738820195e-09	13614.0	1.02426782765485	-1.02426782765485	2.1758942915548302e-10	12244.0	68.95910780669145	0.24	0.9702544378152573	0.9957648180186285	25	0.05424311932115504
TMEM144	TMEM144	2.79806073664219e-09	13613.0	1.02414914709751	1.02414914709751	2.6291463628648103e-06	11529.0	64.93184634448575	0.36	0.858316206506135	0.7493784690977434	25	0.22129397551418686
ITGAX	ITGAX	0.00156848892479106	13612.0	1.02364692367325	-1.02364692367325	0.001495300612131425	15518.0	87.40002253013405	0.6666666666666666	2.2163420673579908	2.5132793465908145	24	-0.47455733295329655
NCR3	NCR3	0.0221824332442573	13611.0	1.02335352227456	-1.02335352227456	0.00028962537232116945	16895.0	95.156021178326	0.6666666666666666	2.589029340090781	1.8774035855575502	24	-0.8339580417660956
ZNF320	ZNF320	1.18982280688462e-07	13610.0	1.02332146379042	1.02332146379042	2.9778891727289e-05	5626.0	31.683001013856032	0.04	0.44593526280070017	0.5018324175597434	25	1.1505558046595938
PIK3R5	PIK3R5	0.000387869095354803	13609.0	1.02310272577355	-1.02310272577355	0.0002768351014987155	13742.0	77.3966430100259	0.4583333333333333	1.3164370842097355	1.5737010644723652	24	-0.18639776324643673
NFYC.AS1	NFYC.AS1	1.65448746077497e-10	13608.0	1.02300718504326	1.02300718504326	0.000184615605979874	2529.0	14.239044722316097	0.08	0.5199686473290294	0.8854219495148135	25	0.5681342528157132
SRSF12	SRSF12	0.00169151784071209	13607.0	1.02296440591723	1.02296440591723	0.000866791437987908	9344.0	52.62476061732567	0.2916666666666667	1.0172095617905657	1.4335494635935415	24	0.00401440220432887
ALDOC	ALDOC	2.23522252450835e-05	13606.0	1.02210090094995	1.02210090094995	0.000877740101247554	8076.0	45.48270812211332	0.16	0.8498432845210907	1.2552183359351305	25	0.1372331900334521
MAP3K6	MAP3K6	8.19103378649307e-05	13605.0	1.0215009261722199	-1.0215009261722199	8.86200137294773e-06	6260.0	35.254027261462205	0.16	0.5760873285452717	0.5384712596055452	25	0.8271817477375376
ACTR3C	ACTR3C	1.39617304727933e-10	13604.0	1.0214473442585699	1.0214473442585699	1.725012845201447e-09	11433.0	64.3911231271826	0.3333333333333333	0.8591990454384728	1.0450812362065394	24	0.15524946118928493
UACA	UACA	2.9932492018898498e-05	13603.0	1.0212393647531701	-1.0212393647531701	0.00497867888503658	4685.0	26.382786977582516	0.08	0.6302879983872614	1.3870699756853493	25	0.28185410485346296
COLCA2	COLCA2	9.89248086375353e-05	13602.0	1.02069495082874	1.02069495082874	0.000193482391670496	12238.0	68.92531260561	0.375	1.122804547178508	1.441522294710728	24	-0.07083455921870321
COL7A1	COL7A1	0.000706389239573049	13601.0	1.02055511693389	1.02055511693389	5.535712937384277e-06	12817.0	72.18654950996958	0.4166666666666667	1.477017943367349	1.886231339959103	24	-0.24199726553337614
PTGFRN	PTGFRN	8.50079640238272e-10	13600.0	1.02052647553053	1.02052647553053	0.0008909637089425131	5165.0	29.08640306409823	0.08	0.47105252132744624	0.37517636450141484	25	1.4645750803979865
MYH8	MYH8	0.215947238517462	13599.0	1.02047305260388	1.02047305260388	2.86629228257055e-08	17300.0	97.43719725132364	0.7391304347826086	3.5258401077261916	2.9574845234972384	23	-0.847127697615034
GRM8	GRM8	0.10018318944679801	13598.0	1.02009413442379	-1.02009413442379	0.0013004598520358602	11728.0	66.05272051368705	0.25	0.9796125650107252	1.0056237831196047	24	0.040255182994463824
SCGB3A2	SCGB3A2	0.182949074718488	13597.0	1.02009295460438	1.02009295460438	0.02087153842289055	14742.0	83.02917652360031	0.4583333333333333	1.768680767318237	1.6152129282928887	24	-0.4634607608701078
RASSF1	RASSF1	8.11938504522495e-08	13596.0	1.0200861022028198	-1.0200861022028198	3.2327573991312197e-06	8498.0	47.85963726484172	0.12	0.6069202691110274	0.6337445154535858	25	0.6519438401704826
RNF207	RNF207	3.9622374508942603e-05	13595.0	1.01988362476316	1.01988362476316	0.00103012057896655	1778.0	10.009012053621719	0.08	0.4295586812642076	0.5192503616754394	25	1.1368792148630964
STX17.AS1	STX17.AS1	0.0187047657877402	13594.0	1.01971280424078	1.01971280424078	0.017707394534284798	10402.0	58.58398107468739	0.25	0.8852919145491782	1.1393741974269054	24	0.11797782501584625
LINC00691	LINC00691	0.219523166066126	13593.0	1.01965658794206	1.01965658794206	0.00348796334879018	11380.0	64.09259885096316	0.16666666666666666	0.7993287921202906	0.6994279478459605	24	0.3150114268386279
CYB5R3	CYB5R3	1.2986525688020301e-24	13592.0	1.0191881461730001	-1.0191881461730001	3.1591074815780697e-09	11212.0	63.146333220682656	0.24	0.8864896347047933	0.8172968466380295	25	0.1623626862309153
TNFSF12	TNFSF12	1.64189234297494e-09	13591.0	1.01918798444952	-1.01918798444952	4.03251045822581e-10	12699.0	71.5219105553678	0.44	1.1765613461341697	1.07611083497336	25	-0.14624270713578094
LINC00184	LINC00184	0.202876763898678	13590.0	1.01892286549844	1.01892286549844	0.01226103486615101	12540.0	70.62633772670947	0.4583333333333333	1.1696138445072677	1.0882070663544476	24	-0.1384763834640871
LINC01592	LINC01592	0.5428069843366979	13589.0	1.01851098652413	1.01851098652413	0.0007061773523201258	15563.0	87.65348653824489	0.5909090909090909	1.8238290775340433	1.7510908753676444	22	-0.45989508730712536
TNFSF11	TNFSF11	0.05857205442109901	13588.0	1.01796826791404	1.01796826791404	2.3766486432948455e-05	15784.0	88.89827644474484	0.625	2.1639273712315537	2.189952331606386	24	-0.5232803868735003
PKD2L1	PKD2L1	0.0771392910383508	13587.0	1.01792457462845	1.01792457462845	0.00472439047609774	11625.0	65.47256956178889	0.3333333333333333	0.9260407161324529	1.0048144276601554	24	0.09144360985138415
SH3RF2	SH3RF2	0.0028028723709355	13586.0	1.01753581774749	1.01753581774749	0.001276015354454184	10321.0	58.12774586008786	0.20833333333333334	0.9600249709650739	1.380999934897673	24	0.04164435155217982
PLEKHA8	PLEKHA8	1.8934096517640998e-19	13585.0	1.01744412323526	1.01744412323526	2.71192096613168e-05	7362.0	41.4610791934212	0.08	0.5285393119601615	0.4614989803700952	25	1.059384380184384
GGT6	GGT6	0.0111084936515439	13584.0	1.01712046041226	1.01712046041226	0.004290398431158535	13141.0	74.01149036836769	0.4583333333333333	1.4673209348352785	1.539960668753969	24	-0.2923454368398188
GCK	GCK	0.00451773497886618	13583.0	1.01689296410255	-1.01689296410255	0.004619156276923509	13522.0	76.15748563703953	0.375	1.1268619758937921	0.8235156371328332	24	-0.13353603360114968
GREB1	GREB1	0.0407743854968869	13582.0	1.01685872339172	1.01685872339172	0.001161550291647442	13301.0	74.9126957305396	0.4583333333333333	1.2528356045496098	1.1754327693211084	24	-0.20075744637796894
NUDT16L1	NUDT16L1	7.17438095790135e-06	13581.0	1.01634170940901	1.01634170940901	0.000811668106194298	1939.0	10.915849949307198	0.08	0.523980779137737	0.7735867213552544	25	0.6364650745409652
CCDC116	CCDC116	0.000228649722748592	13580.0	1.01619207345735	-1.01619207345735	0.0001766012733796731	13492.0	75.9885096316323	0.4166666666666667	0.8707225428666078	0.499119367387879	24	0.29145238613370406
MIA2	MIA2	3.18140242560004e-06	13579.0	1.01614305285554	1.01614305285554	5.0024007004624806e-12	12419.0	69.94480117156697	0.24	0.8260844351790388	0.54751804968337	25	0.34712758380552405
RHOBTB2	RHOBTB2	5.4222755220568297e-05	13578.0	1.01612912356953	-1.01612912356953	1.54042303466099e-09	11211.0	63.14070068716909	0.32	0.8799585924287823	0.7324034302184378	25	0.18592284733037795
GNG2	GNG2	6.595025909241301e-11	13577.0	1.01611482994785	-1.01611482994785	0.0022083774356296396	12124.0	68.28320378506251	0.28	1.0728976683639764	1.6198811188551678	25	-0.03505370718578227
LINC01137	LINC01137	7.18819250941097e-08	13576.0	1.0159134293935899	1.0159134293935899	0.000147632417270921	9965.0	56.12256392925538	0.16	0.6445240853299766	0.7390881530753178	25	0.502496681239276
ITK	ITK	0.0147277311839915	13575.0	1.01570647396051	-1.01570647396051	1.9432158674478148e-05	14207.0	80.015771093838	0.4583333333333333	1.9831019021410519	2.6025312552772126	24	-0.3717132796076635
ZNF106	ZNF106	3.591301149903189e-21	13574.0	1.0150751429587699	-1.0150751429587699	0.0244562872112649	678.0	3.8132251886898723	0.08	0.40396645568971096	0.6339356776767999	25	0.9639916300477115
CACNA1H	CACNA1H	2.71098900845718e-06	13573.0	1.0150719133907	-1.0150719133907	6.32538383345559e-10	15190.0	85.55255153768164	0.6	1.510458236166218	1.2173715540395431	25	-0.4069310812559258
EPHB1	EPHB1	0.0130787073305983	13572.0	1.0147984953903	1.0147984953903	3.16178411360365e-07	11682.0	65.79362397206263	0.3333333333333333	1.4061042827467496	1.8212771625648698	24	-0.21485240983606313
TDO2	TDO2	0.0325852534519359	13571.0	1.01451280362865	1.01451280362865	0.0001256891421818048	12461.0	70.18136757913709	0.4583333333333333	1.6153293436527443	1.6920787715948062	24	-0.3550759870699264
TRPV5	TRPV5	0.266902519359714	13570.0	1.01440981228959	1.01440981228959	0.01790546315538055	9115.0	51.33491044271713	0.3333333333333333	1.1940802295475954	1.3821470368697018	24	-0.1299937072288087
LINC01635	LINC01635	0.00181489362678285	13569.0	1.0139384361580102	1.0139384361580102	0.19058197196357352	4160.0	23.425706882955954	0.041666666666666664	0.32309461866589184	0.30085850720802026	24	2.2962415917807286
PLEKHA7	PLEKHA7	5.84885246100515e-08	13568.0	1.01378887823068	1.01378887823068	0.0181827055325191	4939.0	27.813450490030416	0.12	0.6342105261469615	0.9503035073484455	25	0.39942855008798733
FADS3	FADS3	0.000203023751907453	13567.0	1.0127087962808299	-1.0127087962808299	2.1760073162526198e-07	11152.0	62.808381209868195	0.28	0.7319323678356079	0.5813360434667956	25	0.48298472389706426
FZD8	FZD8	1.65324375083724e-06	13566.0	1.0125069518853	-1.0125069518853	8.32425858408764e-08	12403.0	69.85468063534978	0.375	1.1720792035893222	1.255695703900497	24	-0.12707875897667867
PPARGC1B	PPARGC1B	0.00031309674580221	13565.0	1.01216394487932	-1.01216394487932	0.000712027637966209	5237.0	29.49194547707559	0.12	0.5687185142696718	0.7314361407940432	25	0.6062667755632724
MYLK3	MYLK3	0.000258132248362986	13564.0	1.01207141816192	-1.01207141816192	0.000585123892814928	13866.0	78.09507716570913	0.4583333333333333	1.266304991670378	0.9926908442014003	24	-0.25610548842422715
PPP2R3A	PPP2R3A	0.000959147060470679	13563.0	1.01204787697738	1.01204787697738	1.26905724596534e-07	11528.0	64.92621381097217	0.24	0.7296560053670799	0.39193062140260965	25	0.7205149487929748
ESPL1	ESPL1	3.45623967954652e-05	13562.0	1.01203228489168	1.01203228489168	2.22559908726731e-06	8267.0	46.55852202320603	0.12	0.7852102331224786	1.0943066508368278	25	0.20727467167977848
NIPAL2	NIPAL2	9.951284929634051e-05	13561.0	1.01192782494041	1.01192782494041	1.67622175472678e-09	9970.0	56.15072659682325	0.2	0.9105180694351016	1.3812566354856235	25	0.0734184748148954
CCNA1	CCNA1	0.0188970115681349	13560.0	1.01179544757884	-1.01179544757884	0.0004624872099919332	12690.0	71.47121775374563	0.4166666666666667	1.6098589687867968	2.183235088051473	24	-0.27393454991680516
ANO9	ANO9	7.86321277272127e-10	13559.0	1.01155811322806	1.01155811322806	0.005165828940172405	11384.0	64.11512898501745	0.3333333333333333	1.043906802725437	1.6373674402054044	24	-0.019756524224836754
DUS4L	DUS4L	1.11242694110284e-17	13558.0	1.01126681151665	1.01126681151665	2.48618793641344e-06	5386.0	30.331192970598174	0.08	0.46841389022162844	0.5107629197434248	25	1.0628275865595664
EOGT	EOGT	1.0862840596312199e-27	13557.0	1.01110723523842	-1.01110723523842	0.0497823419973528	255.0	1.4306635124478988	0.08	0.3627161529625046	0.3908169196593515	25	1.659066047706107
ZBED9	ZBED9	0.00988754183463464	13556.0	1.0107217981612	1.0107217981612	0.0565734456632908	8605.0	48.462318350794185	0.12	0.6621873650771885	0.6741228038772518	25	0.5170192004771207
MKNK2	MKNK2	3.4267569191931498e-12	13555.0	1.01050478476972	-1.01050478476972	1.6024956663014201e-06	8752.0	49.29030077728962	0.2	0.6482341979377186	0.512388034438744	25	0.7070239007997575
INPP5K	INPP5K	2.04049244859044e-12	13554.0	1.0098600809838199	-1.0098600809838199	0.000754387626641132	2455.0	13.82223724231159	0.12	0.4279050685886427	0.4639066539681126	25	1.2544657581806937
ZMYND12	ZMYND12	0.00687210609112869	13553.0	1.00977552717584	1.00977552717584	4.60454497323357e-06	12675.0	71.38672975104201	0.36	1.087882953321593	1.1175791083283333	25	-0.06988984096399724
CCL13	CCL13	0.0259727421988255	13552.0	1.00945551534768	1.00945551534768	0.00041640121513784	15440.0	86.96068491607525	0.5833333333333334	1.9352464531281484	1.9843947911654032	24	-0.46653566210822706
FLT1	FLT1	1.4924057467088302e-07	13551.0	1.00944695934464	-1.00944695934464	2.552179957894725e-06	13117.0	73.8763095640419	0.4166666666666667	1.1574966977799541	1.0476913621969752	24	-0.14131045055564698
IL17C	IL17C	0.145462354424414	13550.0	1.00935183211015	-1.00935183211015	0.023056482268371536	12193.0	68.67184859749915	0.375	1.384996539989517	1.4101550980765203	24	-0.2663853844103772
ZNF138	ZNF138	6.45561259650793e-07	13549.0	1.00920764117875	1.00920764117875	3.86358647823995e-07	9425.0	53.08099583192519	0.08	0.6115158563284431	0.5677909049471107	25	0.7004194350160499
POT1.AS1	POT1.AS1	0.00491329238708389	13548.0	1.00907444981154	1.00907444981154	1.0626075274392e-05	12072.0	67.99031204235665	0.3333333333333333	1.0603256017645595	0.934006862098875	24	-0.05487235054981206
DUSP7	DUSP7	1.9261466790250102e-07	13547.0	1.00898286177651	-1.00898286177651	7.3975018001948105e-06	5834.0	32.854567984679505	0.04	0.5419625470936371	0.6671221078393905	25	0.7000522231161134
RASGRF2	RASGRF2	0.0017862023857034102	13546.0	1.00886891639327	1.00886891639327	0.00034595830409860973	9702.0	54.64120761518531	0.2916666666666667	0.7369412325177503	0.7545367563914233	24	0.3603902415251651
OR7A5	OR7A5	0.38041451075700894	13545.0	1.00849230813446	1.00849230813446	0.010988922671672851	7765.0	43.730990199391684	0.2916666666666667	0.8502148964401752	0.9848902592984666	24	0.16070563212496897
RASGEF1B	RASGEF1B	7.32213715997406e-08	13544.0	1.0080009133939398	-1.0080009133939398	0.034650369811470946	7489.0	42.176410949645145	0.16666666666666666	0.8358558887761726	1.4510376040199413	24	0.11863581215321936
FANCF	FANCF	2.66708471408693e-13	13543.0	1.00762117730727	1.00762117730727	0.000312868190215081	6836.0	38.49836656528106	0.08	0.4473343247303721	0.44593412848322317	25	1.2564341161386956
TICAM1	TICAM1	2.7336313705608603e-07	13542.0	1.00714879045679	-1.00714879045679	6.02378948159497e-05	11517.0	64.86425594232286	0.25	0.7940513832021984	0.6848528602143341	24	0.31115794301844607
SLC19A2	SLC19A2	6.08182110463776e-05	13541.0	1.0069361840184	-1.0069361840184	7.6935084550768e-05	4488.0	25.273177875408358	0.0	0.35314496148849467	0.20127998125495203	25	3.2481681409825756
FAM171A1	FAM171A1	7.063613466133779e-05	13540.0	1.00681149126207	-1.00681149126207	7.278252563851559e-08	8567.0	48.248282077278354	0.24	0.9191301839447616	1.4014101776795447	25	0.06256648389873343
BCL3	BCL3	0.00020265640019416202	13539.0	1.00661248748404	-1.00661248748404	0.0017886250156256397	10358.0	58.33614960009012	0.2	0.9051806975999029	1.1028601703575538	25	0.09197157773070394
TIMELESS	TIMELESS	6.054482759717309e-15	13538.0	1.0064429112725	1.0064429112725	0.000442781807498366	4760.0	26.805226991100596	0.08	0.4580110512441349	0.6752681997415909	25	0.8121689430040344
AGXT	AGXT	0.437942024075317	13537.0	1.00627777191915	1.00627777191915	6.816176079337979e-07	17696.0	99.6676805226991	0.75	3.4529806185223264	2.3338382014566945	24	-1.0483600984318604
PLS1	PLS1	8.10936084742709e-05	13536.0	1.00623118999457	1.00623118999457	3.4738411512675403e-10	14572.0	82.07164582629267	0.64	1.289763303616959	0.8610189462544244	25	-0.3292983445437534
LINC00635	LINC00635	0.6756596401006579	13535.0	1.00615298003733	1.00615298003733	0.0353497457863974	9437.0	53.148586234088086	0.391304347826087	1.5213655486072846	1.731385861523202	23	-0.2975723551979868
ATP4A	ATP4A	0.42949257548713393	13534.0	1.00607478868728	1.00607478868728	1.0354077377863001e-06	17575.0	98.9861439675566	0.8260869565217391	3.836787871571106	2.46097305138497	23	-1.1502413979262294
CRYBA2	CRYBA2	0.551985412292755	13533.0	1.0059228076501199	1.0059228076501199	0.0001522528816421905	17064.0	96.10791934212008	0.6818181818181818	2.816912852277672	2.2270897693925122	22	-0.8131643679192776
LRP2BP	LRP2BP	1.9137800183260503e-05	13532.0	1.0058934425606998	-1.0058934425606998	0.00016184991489568402	6683.0	37.636588937704175	0.04	0.4174321560754323	0.2945187376276869	25	1.9980436261042422
AVP	AVP	0.672746690875256	13531.0	1.00573327091956	1.00573327091956	0.0005301086790860045	17504.0	98.58623408809282	0.75	3.3236869006898053	2.2389860918494167	24	-1.035269329366669
GNAI2	GNAI2	2.0656165863316498e-10	13530.0	1.00565759514858	-1.00565759514858	3.49045965617795e-07	11234.0	63.270248957981295	0.24	0.6746921164642129	0.3922067082098783	25	0.8438547117028409
PON1	PON1	0.0282351670684554	13529.0	1.00553563151099	1.00553563151099	6.99582786167005e-05	16203.0	91.25830798693252	0.7083333333333334	1.8680908188493868	1.3722115418064744	24	-0.6285876201003741
MRAS	MRAS	1.3147409126595098e-09	13528.0	1.00552140507501	-1.00552140507501	2.76448101404391e-05	5316.0	29.936915624647966	0.04	0.590130118427958	0.7768164929116463	25	0.5347354110493865
ESYT3	ESYT3	0.000218493316607624	13527.0	1.00517301128508	-1.00517301128508	0.0140817670846136	3593.0	20.232060380759265	0.12	0.6240940594673094	0.8891196948154968	25	0.4286025312900634
C1orf198	C1orf198	1.2415661300215098e-06	13526.0	1.00504743206602	-1.00504743206602	0.00023405133075243	5117.0	28.81604145544666	0.12	0.47395638230868864	0.49085517795636063	25	1.0819709633470507
TH	TH	0.188629226697772	13525.0	1.00501715133287	1.00501715133287	5.18824889845843e-05	16131.0	90.85276557395515	0.7391304347826086	2.089345803587279	1.7057603596968842	23	-0.635686394099987
RCSD1	RCSD1	8.27428203710504e-06	13524.0	1.0046297167211702	-1.0046297167211702	6.583343609115324e-05	13415.0	75.55480455108707	0.4583333333333333	1.4927345487551644	1.9290855778992833	24	-0.25302393923110755
DKK1	DKK1	0.165702416319707	13523.0	1.0045345221693	1.0045345221693	0.00527720343003293	11522.0	64.89241860989073	0.34782608695652173	1.2343425376932244	1.5429433041559724	23	-0.14894132202066554
LINC01257	LINC01257	0.44018094807131	13522.0	1.0044410212891801	1.0044410212891801	0.0483676160817941	12671.0	71.36419961698772	0.3333333333333333	1.1566488020026624	1.2720403307350887	24	-0.11965641107112085
TAF1A.AS1	TAF1A.AS1	0.000469447124883686	13521.0	1.0039507708370798	1.0039507708370798	2.885052813828e-07	12008.0	67.62982989748788	0.32	0.8566823784768783	0.5089657246226696	25	0.2893483494775241
SAMD12	SAMD12	2.38163342621841e-06	13520.0	1.00366973250543	1.00366973250543	2.98732256181297e-07	14450.0	81.38447673763659	0.6	1.3322946139439682	1.1939413992451375	25	-0.2752437277460262
SEC14L1	SEC14L1	5.62480870097502e-07	13519.0	1.00351979894022	-1.00351979894022	2.41128516745162e-08	6303.0	35.4962262025459	0.2	0.6264227196109255	0.7954367478392749	25	0.4740755067623433
STX2	STX2	7.545491668801639e-66	13518.0	1.00350095338883	-1.00350095338883	0.0157387315008337	2111.0	11.884645713641994	0.08	0.4570171979211153	0.6300780594587617	25	0.867327067279799
ALOX5	ALOX5	7.96235414226801e-06	13517.0	1.00340899134129	-1.00340899134129	0.0009705479349946561	10751.0	60.549735270924856	0.2916666666666667	1.0048870173767697	1.708076310134915	24	-0.0008653161610577552
WNT8A	WNT8A	0.6210697105514019	13516.0	1.00304976603286	1.00304976603286	0.000153245048206151	16609.0	93.54511659344372	0.6086956521739131	2.143203473573736	1.7345929663998558	23	-0.6573033153174043
DCST1	DCST1	4.07250623595318e-06	13515.0	1.0029572775366	1.0029572775366	0.0163615016653858	5506.0	31.007096992227105	0.12	0.5646771921098834	0.7319646812461666	25	0.5987721766582326
CALR3	CALR3	0.365192974018794	13514.0	1.00274857072852	1.00274857072852	0.005616293141926025	12873.0	72.50197138672975	0.4583333333333333	1.2871958244595416	1.3265890021732152	24	-0.21442003006586122
KIF25	KIF25	0.013125548298558002	13513.0	1.00199100774348	1.00199100774348	0.003984986034919849	12612.0	71.03188013968682	0.375	1.0879906982768488	1.0318436774820405	24	-0.08334565827183228
EPB41L3	EPB41L3	4.31233662049064e-07	13512.0	1.0019689625904	-1.0019689625904	0.000262287624105897	9690.0	54.573617213022416	0.041666666666666664	0.4648284753221242	0.3574123670358876	24	1.5028592651197823
PILRA	PILRA	1.14211257094384e-06	13511.0	1.00183728533607	-1.00183728533607	0.0957342955965726	7255.0	40.85839810746874	0.08	0.539343702840265	0.6723807496373955	25	0.6878447706083504
TYMSOS	TYMSOS	1.71642739884685e-05	13510.0	1.0016476044945801	1.0016476044945801	2.8503166608086402e-05	10535.0	59.333108031992786	0.12	0.7089730419932753	0.7848424381018982	25	0.3729086862442397
CTSV	CTSV	0.0165436621827169	13509.0	1.00159645581395	1.00159645581395	0.0017600025852232898	10087.0	56.809733017911455	0.32	1.4303616701712616	1.8772843822757401	25	-0.2283965170144016
OGT	OGT	0.0004950689176758849	13508.0	1.0014204948549001	1.0014204948549001	0.00531023112490681	5580.0	31.42390447223161	0.12	0.4378474832476698	0.3820852532424804	25	1.4749928368723866
PCDHB2	PCDHB2	9.790280350892121e-05	13507.0	1.00090048824997	1.00090048824997	0.0806197701947866	4551.0	25.628027486763546	0.2	0.7186162994579557	0.9482420576779618	25	0.29769212038882426
NHSL1	NHSL1	0.00206749341209164	13506.0	1.000612828251	-1.000612828251	0.0366578190846372	887.0	4.990424693026924	0.08	0.3422768941863961	0.3522136030463246	25	1.8691382966773629
LONRF1	LONRF1	4.77315250826157e-08	13505.0	1.00053818461876	-1.00053818461876	0.00171086327918256	1169.0	6.578799143854906	0.12	0.4263125365123249	0.5333082317720231	25	1.0767237666638965
EMID1	EMID1	4.154398188766761e-06	13504.0	1.00051057600542	-1.00051057600542	2.1199438877402245e-06	13058.0	73.543990086741	0.4583333333333333	1.3947909474776097	1.8486542738021758	24	-0.2132796689243916
CCNE2	CCNE2	7.85478761717307e-06	13503.0	1.00041233235843	1.00041233235843	2.1012161082663398e-07	11708.0	65.94006984341556	0.16	0.7031363569411587	0.35337280937276855	25	0.8412531115365997
CKAP4	CKAP4	2.2422881718452898e-29	13502.0	1.00016122982637	1.00016122982637	0.0783191039628353	319.0	1.7911456573166609	0.16	0.4447075339381814	0.527456285368799	25	1.053080058567913
CLGN	CLGN	0.00141454722466182	13501.0	0.999803840849943	0.999803840849943	1.9436886957104297e-08	13288.0	74.83947279486313	0.4	1.4987579943323883	1.5623495651928296	25	-0.31936140579452393
CADM1	CADM1	0.000122787448774942	13500.0	0.9995470056745179	-0.9995470056745179	2.4652701665902105e-05	6663.0	37.52393826743269	0.125	0.5394608034351296	0.5338749971398644	24	0.8617863820261564
ALDH1L1.AS2	ALDH1L1.AS2	0.200581333737522	13499.0	0.9994635306222309	0.9994635306222309	0.000111690668998903	14566.0	82.03785062521122	0.5217391304347826	1.3716534100217577	1.136880053180347	23	-0.32737831784307425
TREM1	TREM1	0.0002408643526333	13498.0	0.9989984931150501	-0.9989984931150501	0.01815184747329875	13180.0	74.23115917539708	0.4166666666666667	1.6657284064121107	2.1635727787872754	24	-0.3081615371731455
FGF14.IT1	FGF14.IT1	0.0733654757455059	13497.0	0.9989874246605029	-0.9989874246605029	0.00106009043138034	13735.0	77.35721527543089	0.43478260869565216	1.3721797622269676	1.0873031912922573	23	-0.34322748296445854
DHFR	DHFR	1.04142792642321e-05	13496.0	0.9984239450194781	0.9984239450194781	0.0756386330055583	611.0	3.435845443280387	0.12	0.40514860810807796	0.7381444889136072	25	0.8037387609363258
TNC	TNC	0.0175625367405486	13495.0	0.998377161932484	0.998377161932484	0.0001683579250312465	10963.0	61.74383237580263	0.4166666666666667	2.046708445927752	4.6810779761154855	24	-0.2239508269984445
NOXO1	NOXO1	2.7262907037611602e-05	13494.0	0.997731858887066	0.997731858887066	0.00289284953048751	9389.0	52.878224625436516	0.16	0.6875293606682017	0.7833175231164944	25	0.39601118201045427
GRTP1	GRTP1	0.000823447924828699	13493.0	0.997468992864557	0.997468992864557	0.027509060896007	6392.0	35.99752168525402	0.16666666666666666	0.4822599291451289	0.4203867254317953	24	1.2255597823414555
DPEP3	DPEP3	0.00894985699012843	13492.0	0.9971656721225609	-0.9971656721225609	0.0007518892262230618	16247.0	91.50613946152978	0.6666666666666666	2.608708486531158	2.517055506075172	24	-0.640249216006152
ISM1	ISM1	0.000888385866309686	13491.0	0.997070412436409	0.997070412436409	0.000386250048927251	10789.0	60.76377154444069	0.375	1.122283335263147	1.4765792280531438	24	-0.08479932566289043
PDLIM1	PDLIM1	1.08649031272938e-18	13490.0	0.9970508878101542	-0.9970508878101542	0.0273556927845358	2113.0	11.895910780669144	0.24	0.7182418965800901	1.1623868934878692	25	0.23985902868662531
CRISPLD1	CRISPLD1	0.0286734762575317	13489.0	0.997033178709182	0.997033178709182	0.0136128869101092	10530.0	59.30494536442492	0.36	1.4789552495611065	3.517908289433125	25	-0.1369910842472762
CYSLTR1	CYSLTR1	0.00024009199691783399	13488.0	0.996318974297057	0.996318974297057	0.0065701566769417056	11126.0	62.661935338515256	0.25	1.4629274063874638	2.362650668828601	24	-0.19749361945316726
APTR	APTR	0.000269104463931008	13487.0	0.996117536302634	0.996117536302634	1.3728205002361202e-12	9967.0	56.133828996282524	0.24	0.6795741701981791	0.3935876737728209	25	0.8042512182105681
PFKFB3	PFKFB3	0.000120586968143199	13486.0	0.9960230966340491	-0.9960230966340491	0.0010564597740477801	6169.0	34.74146671172693	0.12	0.527924245650339	0.6041247263388714	25	0.7748380931541935
BTBD11	BTBD11	0.00426874002401743	13485.0	0.995931675286707	0.995931675286707	2.238660044446858e-06	12442.0	70.07434944237917	0.4583333333333333	1.897388397935245	2.3659058420985013	24	-0.3810196951240324
DHDH	DHDH	0.0368646978356084	13484.0	0.9958824366010229	0.9958824366010229	0.06859226793367465	4441.0	25.00844880027036	0.125	0.4509697132500312	0.5030750113269372	24	1.083163963786834
CXXC5	CXXC5	1.70743157675156e-12	13483.0	0.995503932304923	0.995503932304923	3.72044093271002e-05	4743.0	26.70947392136983	0.12	0.639088489657924	1.0867599807727086	25	0.3279615084773183
COL6A3	COL6A3	0.00641470585671539	13482.0	0.995454905443245	0.995454905443245	6.728867133769104e-05	14187.0	79.90312042356652	0.5	1.74397777207896	2.263858855240661	24	-0.3306402538757845
TSPAN2	TSPAN2	2.69517699274344e-09	13481.0	0.9953980519587009	-0.9953980519587009	0.00740940949035359	2709.0	15.252900754759489	0.16666666666666666	1.0858790701156529	2.2678692646300376	24	-0.0398969286140541
SOWAHC	SOWAHC	4.01159539912944e-14	13480.0	0.9951263153189541	-0.9951263153189541	0.00697416436373986	6572.0	37.011377717697414	0.16	0.6681179511283467	0.8637889034960888	25	0.37857439805845816
GINS4	GINS4	1.18486583323171e-06	13479.0	0.9950036634587159	0.9950036634587159	0.007766668868358509	2282.0	12.84780894446322	0.08	0.42637701704292313	0.4649091797629931	25	1.2230918879805168
POU3F3	POU3F3	0.0338390494369506	13478.0	0.9948037075218851	0.9948037075218851	4.91075682052469e-07	15305.0	86.2002928917427	0.5	2.218310570767185	2.477754518671284	24	-0.4937966428980281
F3	F3	0.000347216183816537	13477.0	0.994646665128894	-0.994646665128894	1.88321649042686e-05	12950.0	72.93567646727497	0.4	1.1911266377855	1.3751131681557482	25	-0.1428827657291057
LRRC70	LRRC70	0.000243576499773977	13476.0	0.994449960293668	-0.994449960293668	0.004678345473712585	11357.0	63.96305058015095	0.25	1.0812309840460494	1.367651497465664	24	-0.06345258562813091
AZIN2	AZIN2	2.92943061382842e-06	13475.0	0.9939352205743609	0.9939352205743609	4.466721788157981e-06	9561.0	53.847020389771316	0.2	0.9105149232148014	1.3132088552085999	25	0.06352401373832373
CERS6	CERS6	4.2661800670642e-08	13474.0	0.993666754163287	0.993666754163287	7.73118569660776e-07	10822.0	60.94964515038864	0.16	0.8510926139314092	1.0463447774686423	25	0.13625923624983213
MATN1.AS1	MATN1.AS1	6.66099148228697e-07	13473.0	0.993389287973557	0.993389287973557	0.00464296363188814	5321.0	29.96507829221584	0.16666666666666666	0.5878273859759606	0.8528747785432893	24	0.4755233853793828
PUS7L	PUS7L	3.2045713854471e-12	13472.0	0.992946701237028	0.992946701237028	4.25163120937106e-07	11023.0	62.081784386617095	0.08	0.6084744988115033	0.307936043693406	25	1.248545632444123
KCNG2	KCNG2	0.0276867420625205	13471.0	0.9927984167796541	0.9927984167796541	3.799601623752775e-07	14921.0	84.03740002253012	0.625	1.4997659295683772	1.0584062524404416	24	-0.4789914190508347
WNT9B	WNT9B	0.154960846081636	13470.0	0.9926471606620879	-0.9926471606620879	0.05354000109091555	10536.0	59.33874056550636	0.2916666666666667	0.8523016190873509	0.8214754054062676	24	0.17084570110206515
CASP5	CASP5	0.000674974835176367	13469.0	0.9922975138594209	-0.9922975138594209	0.00333668388452441	12192.0	68.66621606398557	0.375	1.340820858061327	1.550698922827056	24	-0.22475242554919586
TSPAN5	TSPAN5	6.40232839867942e-05	13468.0	0.991704492010919	0.991704492010919	2.386068228517335e-08	15198.0	85.59761180579024	0.5416666666666666	2.689707643223969	2.7132541046511975	24	-0.6258179609135197
NUDCD1	NUDCD1	0.00012910357601646498	13467.0	0.991694339654595	0.991694339654595	8.636205935141242e-07	9195.0	51.785513123803085	0.08	0.6066832186155332	0.7742649227414724	25	0.49726018799332494
CFAP65	CFAP65	0.0412687370367357	13466.0	0.991434007127254	-0.991434007127254	0.03060171462194195	11382.0	64.10386391799031	0.20833333333333334	0.8534093872866816	0.853957268386047	24	0.1616294221623463
LINC00824	LINC00824	0.18562233852339002	13465.0	0.9913665460315941	0.9913665460315941	0.0016593067007970234	16936.0	95.38695505238256	0.5833333333333334	3.1210727105539013	2.5615610738110135	24	-0.8314094816227804
KIAA0087	KIAA0087	0.0186085141949407	13464.0	0.9911602339785358	-0.9911602339785358	0.01275151307892664	15868.0	89.37140925988508	0.5833333333333334	1.7455072649085466	1.6362865333961438	24	-0.46101157439971663
ANKRD65	ANKRD65	0.00182053089968872	13463.0	0.9910254739842659	0.9910254739842659	0.0390626697031781	9372.0	52.782471555705754	0.25	0.9334415960845969	1.3395601913449606	24	0.04298715225469114
TAAR5	TAAR5	0.680412207505277	13462.0	0.990909868014982	0.990909868014982	0.00525392152551627	15859.0	89.32071645826292	0.5217391304347826	1.8067015076077506	1.5077139816057215	23	-0.5410785132628054
SMIM1	SMIM1	0.0267374635691795	13461.0	0.99088179415801	0.99088179415801	0.0019249190063004397	11501.0	64.77413540610566	0.24	0.9824033055970713	1.400940465569823	25	0.006051997761011296
SFTA1P	SFTA1P	0.0396038102529414	13460.0	0.9905361331048629	-0.9905361331048629	0.009638834616449191	12180.0	68.59862566182268	0.34782608695652173	1.3112252116469763	1.774166555127697	23	-0.18075477615968896
HOXB.AS3	HOXB.AS3	0.0318563586952174	13459.0	0.990400558230021	0.990400558230021	0.00266136353930526	10118.0	56.984341556832256	0.2916666666666667	0.9186590264847477	1.105129672354658	24	0.0649168450906004
CBR3.AS1	CBR3.AS1	4.199465832795e-05	13458.0	0.9900728465671691	0.9900728465671691	0.00250235104430602	10852.0	61.11862115579587	0.4166666666666667	1.3328698562215828	1.4715860167373584	24	-0.2329439161255597
LARP6	LARP6	0.000213257107692066	13457.0	0.989884750570608	-0.989884750570608	0.03381968753270985	6045.0	34.043032556043705	0.125	0.6927789432813126	1.1081448716013536	24	0.26811097980352955
KIF18A	KIF18A	3.5951307200389396e-05	13456.0	0.989754453632662	0.989754453632662	0.00022562730536693302	8825.0	49.701475723780554	0.2	0.8314448509639799	1.0230037969515218	25	0.15474977037273313
KCNH3	KCNH3	0.011931382819343	13455.0	0.989421527482951	-0.989421527482951	1.1689138553481354e-07	14565.0	82.03221809169764	0.5416666666666666	1.484634776719971	1.5782633662726386	24	-0.3137709838672603
FHDC1	FHDC1	4.97374936188165e-05	13454.0	0.988670036564703	-0.988670036564703	0.024692428682006398	5854.0	32.96721865495099	0.041666666666666664	0.4278457968334795	0.5977713819360773	24	0.9381918517323656
PTCD2	PTCD2	2.5109907963193e-10	13453.0	0.988663010776049	0.988663010776049	7.160913747161609e-07	7735.0	43.56201419398445	0.08	0.5491113974008003	0.4093961239897321	25	1.0736584633279844
SETBP1	SETBP1	3.62684533936612e-05	13452.0	0.988619668781921	-0.988619668781921	0.0018734252292191699	4483.0	25.24501520784049	0.125	0.7580850989274827	1.3548559585822837	24	0.17015430193455314
CCL28	CCL28	1.0243931576937e-06	13451.0	0.98857000359027	0.98857000359027	2.0834793174717798e-07	14716.0	82.88273065224737	0.5	1.6979384400949986	1.6556771191042012	24	-0.4284461193064805
ZBTB47	ZBTB47	3.7722762637380303e-10	13450.0	0.988407119941896	-0.988407119941896	1.16325176134095e-08	12164.0	68.5085051256055	0.32	1.0443765654753923	0.9701784420110253	25	-0.05768984664045978
SSTR3	SSTR3	0.135568334829114	13449.0	0.988212974068522	0.988212974068522	7.241573751534204e-09	16961.0	95.52776839022192	0.7916666666666666	2.4078864887504143	1.7907689679396257	24	-0.7927731271305765
LBX2.AS1	LBX2.AS1	8.564945534767782e-12	13448.0	0.9879298784857758	0.9879298784857758	0.00569665650186028	4724.0	26.60245578461192	0.20833333333333334	0.5766610680351126	0.6257024698356216	24	0.6572913329856405
DHRS13	DHRS13	2.15438783785686e-07	13447.0	0.9878955189167121	0.9878955189167121	3.69207215339936e-05	5742.0	32.33637490143066	0.08	0.5329474925077321	0.675619629498852	25	0.6733789347512631
SPIC	SPIC	0.4411876124176621	13446.0	0.987870019875839	0.987870019875839	0.000275581055607791	15599.0	87.85625774473358	0.5217391304347826	2.006034043964167	2.042546448189331	23	-0.4984777824714372
A4GNT	A4GNT	0.0333319181097787	13445.0	0.9876853405634791	-0.9876853405634791	0.000575288173347431	16026.0	90.26134955502985	0.5416666666666666	1.7184800341505149	1.4351184330790088	24	-0.5092225677982095
ZNF804B	ZNF804B	0.7319021457460759	13444.0	0.9874960372032561	0.9874960372032561	0.009790916860298971	13689.0	77.09811873380646	0.391304347826087	1.6101239951302637	1.6892270441624335	23	-0.3685874909939795
ECM2	ECM2	9.334920463510691e-07	13443.0	0.9873186524822809	-0.9873186524822809	0.001007636492760033	11400.0	64.20524952123465	0.25	1.1641566717176872	1.5842572697232309	24	-0.11162203425855187
LINC01004	LINC01004	1.92723527848791e-05	13442.0	0.987276496834639	0.987276496834639	0.00230454386101857	5348.0	30.117156697082347	0.04	0.44476978382064286	0.45059220929125304	25	1.2039860029256113
SH3RF3	SH3RF3	4.5609058003769396e-07	13441.0	0.987240917016534	-0.987240917016534	6.684241647880058e-07	11545.0	65.02196688070293	0.25	1.0471477060603516	1.250327022520675	24	-0.04791289635814211
ITM2C	ITM2C	0.000350532201833227	13440.0	0.9872346329083641	0.9872346329083641	1.4984470894537701e-06	10074.0	56.736510082234986	0.08	0.8073808285389696	1.246392105852472	25	0.14429953746087243
PDE3B	PDE3B	1.4356913329448402e-05	13439.0	0.987165445857416	-0.987165445857416	0.00653275082589342	3103.0	17.472118959107807	0.2	0.9917187382153121	1.966738260117879	25	-0.00231514912290527
SLC25A13	SLC25A13	1.26467765237611e-10	13438.0	0.9870830731647371	0.9870830731647371	3.88877685336988e-05	5000.0	28.157035034358454	0.12	0.52545961059649	0.5962079157273605	25	0.7742659068943702
IGDCC3	IGDCC3	0.0730290804000414	13437.0	0.9870286479500658	0.9870286479500658	3.6514388434949996e-06	16158.0	91.00484397882167	0.6086956521739131	2.025508117237821	1.8495716958065216	23	-0.5614702428904317
GPC4	GPC4	4.35325823114815e-08	13436.0	0.986788937190188	0.986788937190188	0.005431023708134156	8192.0	46.136082009687954	0.20833333333333334	0.7912322220100698	1.085155435673658	24	0.18021078709218996
GEN1	GEN1	1.6622139333349696e-09	13435.0	0.986720007850014	0.986720007850014	9.09775516195922e-05	10151.0	57.17021516278022	0.08	0.5963248035424685	0.47889004227207965	25	0.8152084400321356
PLCD3	PLCD3	0.000480304192875218	13434.0	0.9865942652857791	-0.9865942652857791	0.0062623100305304	7743.0	43.607074462093045	0.16	0.5639288987952485	0.5542276940288108	25	0.7626204374921742
IL17F	IL17F	0.732015179366771	13433.0	0.9865807845094541	-0.9865807845094541	2.317386082909749e-06	17720.0	99.80286132702489	0.7	4.000812559559817	2.4373371908932455	20	-1.2366905105754755
SERPINA9	SERPINA9	0.166248085003873	13432.0	0.986492544924999	-0.986492544924999	9.169549690868581e-06	17059.0	96.07975667455221	0.5652173913043478	2.2863973879323103	1.4860390256565323	23	-0.8747447547233916
IP6K3	IP6K3	0.0311164976979891	13431.0	0.986478823969734	0.986478823969734	0.000998956674557321	16606.0	93.528218992903	0.6956521739130435	2.6112105511920825	2.31197207405635	23	-0.7027471246102728
C12orf49	C12orf49	2.40849756752898e-09	13430.0	0.986420320604459	-0.986420320604459	0.0022051777043342	1920.0	10.808831812549284	0.08	0.35060899966847353	0.3256421655080125	25	1.952484623556347
BRINP2	BRINP2	0.120338193431026	13429.0	0.9863162239345029	0.9863162239345029	2.135728141763715e-06	14176.0	79.84116255491719	0.5	1.7014423275309936	1.7136726127120783	24	-0.4173061402111829
INPP5A	INPP5A	4.0100128365783293e-19	13428.0	0.985783557616667	-0.985783557616667	2.38160750047172e-05	3508.0	19.75329503210544	0.04	0.44249038690979675	0.6049218679068644	25	0.8981212277657604
TMTC1	TMTC1	9.15751104199497e-05	13427.0	0.985707241488154	-0.985707241488154	0.06253933134236285	1619.0	9.113439224963388	0.16666666666666666	0.7439774321434353	1.5175619982584951	24	0.1592882594728387
FBP1	FBP1	3.6933694554854e-05	13426.0	0.98548448360009	-0.98548448360009	0.00359589969965897	9517.0	53.59918891517404	0.3333333333333333	1.1810882950922927	1.9115408050742402	24	-0.10232782422063227
SH2B3	SH2B3	4.0562241466974205e-11	13425.0	0.985417142194834	-0.985417142194834	0.000827719952448275	7509.0	42.28906161991664	0.12	0.5145164238726252	0.4335120821125465	25	1.0862458919886704
ADTRP	ADTRP	4.506734684921189e-09	13424.0	0.9850068801084692	-0.9850068801084692	2.406448783873865e-05	10444.0	58.82054748225752	0.375	1.2148432781263028	1.4587307703301293	24	-0.1575591621789254
BCAT1	BCAT1	0.0087802633225715	13423.0	0.9848866259673199	0.9848866259673199	0.0001028881753617285	9820.0	55.305846569787086	0.16666666666666666	0.7194152842426965	0.8508876472814428	24	0.31199341366959
RXRA	RXRA	5.2307795347478896e-11	13422.0	0.984730309163995	-0.984730309163995	1.69277980928322e-10	11825.0	66.59907626450376	0.28	1.0164609056547598	1.3645014276620921	25	-0.023254351990771714
ACADSB	ACADSB	0.008844719127737141	13421.0	0.984659847575066	0.984659847575066	4.56553839751949e-05	7435.0	41.87225413991213	0.12	0.502540418388818	0.3928772739829132	25	1.2271502097808182
TIGD1	TIGD1	1.4220389861990401e-06	13420.0	0.9839409618314108	0.9839409618314108	5.3933135829017795e-09	10718.0	60.3638616649769	0.16	0.6708534633221008	0.5412039450791847	25	0.5785018778152133
CCDC42	CCDC42	0.143047081050556	13419.0	0.9839339919673828	0.9839339919673828	5.9353872651135556e-05	16592.0	93.44936352371296	0.5833333333333334	1.9791264530223007	1.4817903311414296	24	-0.6716148972900348
FAM110B	FAM110B	7.52642461982682e-08	13418.0	0.983555433194232	-0.983555433194232	0.0013636970092965538	6931.0	39.03345724907063	0.25	0.8493641032248814	1.4695333493441995	24	0.09131560711380615
APOLD1	APOLD1	1.8191229277080104e-09	13417.0	0.983216730981215	-0.983216730981215	0.0015080083383549599	3197.0	18.001577109383803	0.2	0.6459202290934235	0.8826419882532289	25	0.38214418345915074
MAGEL2	MAGEL2	0.0165753077758261	13416.0	0.9831577182944571	0.9831577182944571	1.6889880797828655e-07	16100.0	90.67815703503435	0.6666666666666666	1.7209117986790552	1.365075382852833	24	-0.5404493331663387
BAIAP2L2	BAIAP2L2	0.000357195089429155	13415.0	0.9829411008173721	0.9829411008173721	0.0477756124915259	8632.0	48.61439675566069	0.20833333333333334	0.861885618475941	1.0930686333092725	24	0.11074829032000924
BCAR3	BCAR3	3.9586211223845105e-06	13414.0	0.9828497110268142	-0.9828497110268142	0.00542558776056494	3942.0	22.197814576996734	0.08	0.5180665639268608	0.7302899639354595	25	0.6364364431290874
RALGDS	RALGDS	6.562314795734801e-07	13413.0	0.982679280155782	-0.982679280155782	4.15432928758433e-06	6612.0	37.23667905824039	0.24	0.7075907581949837	0.7649245160019843	25	0.35962832437192355
FGF14.AS2	FGF14.AS2	3.06896234583772e-07	13412.0	0.9826372164077571	-0.9826372164077571	5.094184614228835e-05	10828.0	60.98344035147009	0.2916666666666667	0.9526647935093004	1.107163588817749	24	0.027071358922182258
KRT19	KRT19	6.19403861008316e-05	13411.0	0.982442756793622	0.982442756793622	0.005451317337618368	14032.0	79.03007772896248	0.4583333333333333	1.2712810129231438	1.5083277509654085	24	-0.19149568516832643
ITPKB	ITPKB	2.68414096933117e-13	13410.0	0.982264571927609	-0.982264571927609	8.945973620771709e-09	10786.0	60.74687394389996	0.2	1.073008063800912	1.7577814023005653	25	-0.05162387755072332
CIB3	CIB3	0.35112659568563903	13409.0	0.982123087975862	-0.982123087975862	0.009055698117109134	12926.0	72.80049566294919	0.375	1.2665975554986186	1.2225082194635306	24	-0.2326973864008797
CNPY1	CNPY1	0.682830988566007	13408.0	0.982122249669506	0.982122249669506	1.68359248210708e-05	17153.0	96.6092148248282	0.625	2.428087416308558	1.7370554966008664	24	-0.8324231260708534
GAST	GAST	0.683456429335718	13407.0	0.9821221921307741	0.9821221921307741	0.00230595689672194	16980.0	95.63478652697982	0.6666666666666666	2.744598475711772	1.901168796798915	21	-0.9270488167850008
C20orf141	C20orf141	0.7365425086652142	13406.0	0.9821150106843679	0.9821150106843679	0.0418470007743857	14735.0	82.98974878900529	0.43478260869565216	1.465823954107948	1.438867879677451	23	-0.33617328613382663
KRT25	KRT25	0.7369597124513	13405.0	0.9821149499288879	0.9821149499288879	7.311336545815971e-05	16890.0	95.12785851075813	0.6521739130434783	2.8324740265071533	2.610463643556042	23	-0.7088239214309293
LINC00112	LINC00112	0.737330855755277	13404.0	0.9821148759551289	0.9821148759551289	0.013318939456505141	15380.0	86.62273290526078	0.5454545454545454	1.5465201006670197	1.275079636999409	22	-0.44264311681745755
SLC22A2	SLC22A2	0.7384559235734641	13403.0	0.982114643460478	0.982114643460478	2.05389550739792e-06	16687.0	93.98445420750252	0.7391304347826086	2.2309554725405287	1.703320363059012	23	-0.7331802379425816
SEMG2	SEMG2	0.7387044042658759	13402.0	0.9821145851303491	0.9821145851303491	0.000814068925844838	17543.0	98.80590289512222	0.7391304347826086	3.430388077518199	2.2095140921759735	23	-1.1080596865425472
OR3A3	OR3A3	0.7387523306359309	13401.0	0.982114572163953	0.982114572163953	0.002232889381468595	15498.0	87.28737185986256	0.5833333333333334	1.4634846127490304	0.947985627858827	24	-0.5077820026368189
INSL4	INSL4	0.738754931582331	13400.0	0.98211455896437	0.98211455896437	0.0008786965399091985	16566.0	93.30291765236002	0.6818181818181818	2.180419479351455	1.8179958505247766	22	-0.6591351240109741
LINC00421	LINC00421	0.787278609659462	13399.0	0.9821036054282328	0.9821036054282328	0.019771605206325753	14904.0	83.94164695279936	0.375	1.4598099374069777	0.9802517946756897	24	-0.48733022940987436
MIR4290HG	MIR4290HG	0.7882188925602651	13398.0	0.9821033585900959	0.9821033585900959	0.0764769568327236	14076.0	79.27790920355976	0.3181818181818182	1.2415903868073541	1.06636018194168	22	-0.24333900741189693
LINC01227	LINC01227	0.7888028298312041	13397.0	0.9821032024749692	0.9821032024749692	0.00472079605897473	13533.0	76.21944350568886	0.34782608695652173	1.3482148645297531	1.4228923699122862	23	-0.2573010227592638
ELSPBP1	ELSPBP1	0.7890128482424829	13396.0	0.98210310795121	0.98210310795121	0.0020999942864837807	17216.0	96.96406443618339	0.5909090909090909	2.409061827282313	1.7192183372615906	22	-0.8300043621009736
GPRC6A	GPRC6A	0.791149760424617	13395.0	0.9821023969510458	0.9821023969510458	0.0504491413329926	12182.0	68.60989072884983	0.43478260869565216	1.622577651670002	1.619697521609659	23	-0.3954289280398789
PSORS1C3	PSORS1C3	0.0623252773281586	13394.0	0.9820980369095029	0.9820980369095029	0.0510655566928795	12482.0	70.29965078292216	0.2916666666666667	1.0162941349546075	1.0337425950918866	24	-0.03307989649209046
LINC01568	LINC01568	0.8007715181524899	13393.0	0.9820962400278941	0.9820962400278941	1.77127681148413e-05	16799.0	94.61529796102286	0.6190476190476191	2.1210813695856854	1.6062498406107095	21	-0.7090958708669752
DCAF12L1	DCAF12L1	0.8014485447063449	13392.0	0.9820959528715741	0.9820959528715741	0.00451986897266144	14440.0	81.32815140250084	0.5217391304347826	1.9665178754960977	2.2327087063590336	23	-0.44090925064284775
AFM	AFM	0.8025227487472281	13391.0	0.982095563564543	0.982095563564543	4.060870930477375e-06	17591.0	99.07626450377379	0.6363636363636364	3.2110961465309646	2.2577468958406666	22	-0.9872676990821236
SPZ1	SPZ1	0.802865006324873	13390.0	0.98209537242357	0.98209537242357	0.0769302224363689	14241.0	80.20727723329954	0.43478260869565216	1.9648415429897563	2.116614273055401	23	-0.4643010221921826
KRT35	KRT35	0.8029743946173079	13388.5	0.982095281603491	0.982095281603491	0.03548142592650955	15101.0	85.05125605497352	0.45454545454545453	1.7334681023982492	1.9176595254434217	22	-0.3918176354173287
S100G	S100G	0.8029743946173079	13388.5	0.982095281603491	0.982095281603491	0.0269314985683879	15637.0	88.0702940182494	0.43478260869565216	1.723087637686174	1.288163651755107	23	-0.5752315360498568
LUZP4	LUZP4	0.8030992255982808	13387.0	0.9820952273189101	0.9820952273189101	0.0006182418978628345	17099.0	96.30505801509518	0.6363636363636364	2.678505158435658	2.250364942732233	22	-0.7538376993453726
KRTAP1.1	KRTAP1.1	0.823991950022818	13386.0	0.982084973015476	0.982084973015476	0.004819727426373155	14190.0	79.92001802410724	0.4090909090909091	1.6137450981496178	1.630690704651358	22	-0.3873574083254438
TEX37	TEX37	0.823991950022818	13380.0	0.9820849730154749	0.9820849730154749	0.0194989036324298	13378.0	75.34640081108482	0.2608695652173913	1.2803936699106573	1.0317471438703794	23	-0.2891296561056044
CST9L	CST9L	0.823991950022818	13380.0	0.9820849730154749	0.9820849730154749	0.0019400958206146899	17074.0	96.16424467725582	0.6190476190476191	2.5880297416657356	1.9157921075701594	21	-0.8382667212712945
LCE1E	LCE1E	0.823991950022818	13380.0	0.9820849730154749	0.9820849730154749	0.00010896812565817601	17479.0	98.44542075025346	0.7391304347826086	2.4542037665964953	1.3934479425833688	23	-1.056457689299681
LINC00348	LINC00348	0.823991950022818	13380.0	0.9820849730154749	0.9820849730154749	0.0572985688733195	13994.0	78.81604145544665	0.47619047619047616	1.2378718234073984	1.2225253763485828	21	-0.209228254349945
CRYGB	CRYGB	0.823991950022818	13380.0	0.9820849730154749	0.9820849730154749	0.0001749138317813471	16829.0	94.78427396643009	0.6	2.305844224294728	1.7878187504151306	20	-0.7404325807478398
FGF3	FGF3	0.823991950022818	13380.0	0.9820849730154749	0.9820849730154749	0.00128932895661581	17231.0	97.048552438887	0.6190476190476191	2.2885031731459677	1.6611398873959105	21	-0.786458870829056
LINC01142	LINC01142	0.823991950022818	13380.0	0.9820849730154749	0.9820849730154749	0.00666480305862108	14794.0	83.32206826630618	0.4090909090909091	1.323095735329449	0.9695495663558775	22	-0.35172081361006413
LINC01689	LINC01689	0.823991950022818	13380.0	0.9820849730154749	0.9820849730154749	0.0427819891338085	15030.0	84.65134617550974	0.47619047619047616	1.5546239608752692	1.359139024578579	21	-0.42125123148260596
LINC00687	LINC00687	0.823991950022818	13380.0	0.9820849730154749	0.9820849730154749	0.00923461281963673	12901.0	72.65968232510983	0.30434782608695654	1.263649448768167	1.0274840201970774	23	-0.2740329486571348
OPALIN	OPALIN	0.823991950022818	13380.0	0.9820849730154749	0.9820849730154749	0.00014298757397576	17444.0	98.24828207727835	0.6521739130434783	3.2865445865584837	2.6445635595118784	23	-0.8713950569478298
OLIG3	OLIG3	0.823991950022818	13380.0	0.9820849730154749	0.9820849730154749	4.46937033470479e-06	17165.0	96.67680522699109	0.6521739130434783	2.2789015035750864	1.9187275975224551	23	-0.6758731839965807
TNFAIP1	TNFAIP1	3.18386097516181e-19	13374.0	0.981645275319577	-0.981645275319577	0.000237333708394562	2627.0	14.791033006646389	0.12	0.4332318440660808	0.42654281774405384	25	1.285717185800959
SCT	SCT	0.0870783724957665	13373.0	0.981233852964378	0.981233852964378	1.471705335649954e-06	15094.0	85.0118283203785	0.5833333333333334	1.5872231870026257	1.1848919853491566	24	-0.511430021918562
TDH	TDH	0.0132978137178645	13372.0	0.981128738432769	-0.981128738432769	0.13966541740720614	8687.0	48.924186098907285	0.20833333333333334	0.7693854113680305	0.8307834343946618	24	0.2548718694890952
SLC37A4	SLC37A4	7.817449787502009e-25	13371.0	0.980961015525455	0.980961015525455	0.000945747653258372	1584.0	8.916300551988284	0.08	0.3658759061880932	0.6090254096092034	25	1.0099498307173207
EYA1	EYA1	0.0604908894158673	13370.0	0.980894989638837	0.980894989638837	0.001029592695323364	8928.0	50.281626675678716	0.2916666666666667	1.0774209874014113	1.3116709021857074	24	-0.07359010373846663
HYOU1	HYOU1	7.5644674400906594e-31	13369.0	0.9805773577108841	0.9805773577108841	0.0401231124088739	3653.0	20.57001239157373	0.08	0.41968485127625244	0.4769007055753056	25	1.1761201018941734
MMP15	MMP15	0.00011694342349927601	13368.0	0.9798930981935879	0.9798930981935879	0.00151400112687129	11760.0	66.23296158612143	0.24	0.8337299816439294	0.5908681985950375	25	0.24737008506669375
SYBU	SYBU	0.0297055191369157	13367.0	0.9796434771034621	0.9796434771034621	0.0001131805410794975	9383.0	52.84442942435507	0.20833333333333334	0.8116886582748802	1.1230875935823579	24	0.1495473904157819
DNMT3B	DNMT3B	0.000205811545157945	13366.0	0.979606229174718	0.979606229174718	2.13771647483301e-08	16438.0	92.5819533626225	0.56	1.7398237550625024	1.6019273661139557	25	-0.47456429172064296
FASTKD3	FASTKD3	1.29267103801218e-13	13365.0	0.979391163472369	0.979391163472369	9.8484012925466e-07	9991.0	56.26900980060831	0.08	0.603700852099886	0.44574947907383883	25	0.842828380087124
KALRN	KALRN	2.89832683525961e-07	13364.0	0.9793814837480369	-0.9793814837480369	0.0070251022456604	6132.0	34.533062971724675	0.12	0.5167448462116605	0.4688406265213043	25	0.9867673818479423
INPP1	INPP1	2.28490708663145e-35	13363.0	0.9793540252125621	-0.9793540252125621	7.20198437307169e-06	5322.0	29.970710825729412	0.16	0.8833462817596334	1.4838040808251325	25	0.06470378717353273
DCX	DCX	0.587067236244043	13362.0	0.9793431353274229	0.9793431353274229	0.000191381340424654	15780.0	88.87574631069054	0.7391304347826086	2.5697290372290427	2.6528980770081265	23	-0.5994900127091268
TIMP1	TIMP1	0.000300153493418971	13361.0	0.979243248832963	0.979243248832963	0.010099910110969385	7074.0	39.83890954151177	0.2916666666666667	1.042672692670668	1.9388227287714075	24	-0.03271544267376055
RPS6KL1	RPS6KL1	5.79981756164099e-05	13360.0	0.9792321666503578	0.9792321666503578	0.000992001040748815	4023.0	22.65404979159626	0.12	0.5540308366766902	0.7160717542344895	25	0.5937970984880218
SELENOP	SELENOP	4.67312201120879e-09	13359.0	0.979167586027779	-0.979167586027779	3.852733734566965e-05	8835.0	49.75780105891629	0.16666666666666666	1.25063928322046	2.3244940467592263	24	-0.11678743491348696
FRMD4B	FRMD4B	8.84096322855695e-19	13358.0	0.978990100533182	-0.978990100533182	0.00126134248030054	5213.0	29.356764672749804	0.12	0.48518886139756723	0.4411945446742895	25	1.1192369558879338
KIRREL2	KIRREL2	0.0494443645078857	13357.0	0.9787789319567322	0.9787789319567322	1.560381328602655e-06	15729.0	88.58848710149825	0.5416666666666666	1.9067578143513089	1.802296872721537	24	-0.5148868071847083
FBXO17	FBXO17	6.94048343479866e-05	13356.0	0.9786383637086541	-0.9786383637086541	1.34108897938137e-06	17574.0	98.98051143404302	0.782608695652174	3.3677720291050703	2.7136532120293215	23	-0.880412299849389
ICA1	ICA1	8.08866554971809e-06	13355.0	0.978632360290864	0.978632360290864	1.4210774692396198e-07	12226.0	68.85772220344711	0.36	0.9159889285168464	0.6299543317419614	25	0.0994412271137096
GBA3	GBA3	0.135657320511813	13354.0	0.9785821865769321	-0.9785821865769321	4.2038975880120364e-07	14797.0	83.3389658668469	0.5	2.0357638891355787	1.931955310086659	24	-0.5472081559232476
GPR183	GPR183	0.0032787135970951398	13353.0	0.978407830004303	-0.978407830004303	0.09383130620800537	8670.0	48.82843302917652	0.2916666666666667	1.4524134458918194	2.556916793768912	24	-0.185381713258189
MS4A7	MS4A7	1.1585834589405999e-07	13352.0	0.9781402598751959	-0.9781402598751959	0.040642006567884095	9151.0	51.53768164920581	0.20833333333333334	1.4349951232979032	2.1979512877438587	24	-0.20785486283076693
RBFOX3	RBFOX3	0.00927838050107477	13351.0	0.9780321481671139	-0.9780321481671139	7.233287956765025e-11	16926.0	95.33062971724681	0.75	2.214115848711587	1.6953342910061717	24	-0.7291091244375549
MTMR11	MTMR11	0.00267465566810026	13350.0	0.977938509404746	0.977938509404746	0.0006001290248847111	8252.0	46.474034020502415	0.04	0.6007892589411001	0.6076470012807362	25	0.6206716229467589
ATP10A	ATP10A	1.19035709035564e-10	13349.0	0.977522109993466	-0.977522109993466	5.549911820534741e-07	11055.0	62.26202545905148	0.25	1.0837107859196116	1.5942526082491226	24	-0.0666071834392459
ASPH	ASPH	1.71456220171318e-08	13348.0	0.9774835543500541	0.9774835543500541	5.8652982333110594e-09	11933.0	67.20738988396981	0.2	0.7217278294906493	0.5345328942209392	25	0.47846582993205455
PFN2	PFN2	6.09528447579052e-10	13347.0	0.9773244252323441	0.9773244252323441	5.003609694702459e-06	11050.0	62.2338627914836	0.24	0.8129588001592473	0.8139317413519265	25	0.20194030619826717
MFSD4B	MFSD4B	2.30591485924999e-18	13346.0	0.977323624762173	0.977323624762173	0.00017893280640176898	5030.0	28.326011039765685	0.08	0.5032442673473462	0.5779083338051988	25	0.820336599566376
ADM	ADM	0.0214477178116794	13345.0	0.9772505358301601	-0.9772505358301601	8.11517673686392e-06	11849.0	66.73425706882955	0.20833333333333334	0.7631537234190047	0.4994706363503978	24	0.428647445574675
FOXO1	FOXO1	5.46285092514387e-09	13344.0	0.977053810981062	-0.977053810981062	0.00012224461510273101	6943.0	39.10104765123352	0.16	0.5529476161445812	0.48282964398839007	25	0.878376462831016
LRRC71	LRRC71	0.0372513895881477	13343.0	0.9769128414604821	-0.9769128414604821	0.02047492904310515	10832.0	61.00597048552439	0.16666666666666666	0.7861468447515266	0.9177445836599573	24	0.20786393088606672
HACD4	HACD4	3.34668019268607e-18	13342.0	0.976637984852216	-0.976637984852216	0.0351190769709536	4010.0	22.580826855919792	0.08	0.5045628584853477	0.6836002300925269	25	0.6905719243291827
PRCD	PRCD	2.00510310062509e-07	13341.0	0.976598269014167	-0.976598269014167	1.4435465939521612e-05	13065.0	73.58341782133603	0.375	1.0757009442371115	1.190386671691512	24	-0.08325250742443366
TSPO	TSPO	1.90386574095312e-07	13340.0	0.976352358707542	-0.976352358707542	0.0786048103632839	1971.0	11.096091021741579	0.16666666666666666	0.7422806707839508	1.45208322164536	24	0.1611971575970445
CKB	CKB	0.0010767010755483699	13339.0	0.976157133594197	-0.976157133594197	8.86297083250634e-05	11663.0	65.68660583530472	0.2	1.108591667555004	1.4636099643570561	25	-0.09048485401572388
MUC13	MUC13	0.323210690857401	13338.0	0.975961245945201	0.975961245945201	1.69994848752747e-05	16530.0	93.10014644587135	0.625	2.840816129206644	2.8854250553088	24	-0.6463016184843744
VLDLR	VLDLR	5.1659798977103e-08	13337.0	0.975655495847862	-0.975655495847862	0.0184058300038312	1185.0	6.668919680072096	0.04	0.4364697858665362	0.7594125571738678	25	0.7100036796703627
ISM2	ISM2	0.183956282236537	13336.0	0.9755801153089849	-0.9755801153089849	5.343120826301949e-06	17142.0	96.54725695617888	0.7083333333333334	2.7802651908696383	2.29028491366681	24	-0.7879740484651327
IFNK	IFNK	0.160596689061907	13335.0	0.9750262552975899	-0.9750262552975899	0.0687521650785657	15269.0	85.99752168525403	0.375	1.8852752727360735	1.8685884418035679	24	-0.48713188901024573
PLAUR	PLAUR	0.00039722165495061003	13334.0	0.9746550955774941	-0.9746550955774941	0.0140792157471791	6699.0	37.72670947392137	0.125	0.6143516420763097	0.7219189788476319	24	0.4990912610114798
BEST3	BEST3	0.47187181809318296	13333.0	0.974358658537249	-0.974358658537249	7.15242364906436e-07	15449.0	87.01137771769741	0.5833333333333334	2.1143540195880113	2.1480309733726086	24	-0.5307164445868596
C22orf23	C22orf23	9.83272914219084e-28	13332.0	0.974128725751754	-0.974128725751754	1.6535379177574e-05	7901.0	44.4970147572378	0.12	0.5715360057868252	0.5718233050274861	25	0.7040509129749044
ZNF785	ZNF785	1.52300233289449e-12	13331.0	0.973888472925442	0.973888472925442	0.00393417797128352	756.0	4.252562802748677	0.04	0.3332038720540033	0.47330719287766915	25	1.3536337721303757
MBD3L1	MBD3L1	0.632449742126582	13330.0	0.9738447290527711	0.9738447290527711	0.023091406378284	13740.0	77.38537794299876	0.391304347826087	1.23693310356733	1.0606130405720753	23	-0.24805312064865237
ZNF92	ZNF92	3.05499876636273e-07	13329.0	0.9737406934964621	0.9737406934964621	1.5440207152905802e-05	9507.0	53.54286358003829	0.04	0.5936622451614774	0.37662392490751234	25	1.009172341954433
NKX2.8	NKX2.8	0.000610185365439683	13328.0	0.973420422182208	-0.973420422182208	0.0753295975825282	9741.0	54.86087642221471	0.30434782608695654	0.6764722997571488	0.6045322666532539	23	0.49120309833748205
PCDHB4	PCDHB4	1.3283029450018101e-08	13327.0	0.973010272350666	-0.973010272350666	0.0280293618241277	3577.0	20.141939844542076	0.125	0.5686158116044379	0.7278662187708864	24	0.5555889946769478
TCERG1L.AS1	TCERG1L.AS1	0.594752725057652	13326.0	0.972659824595547	0.972659824595547	0.35332341123865	9556.0	53.81885772220344	0.17391304347826086	0.7863829493686911	0.7390374417492588	23	0.2520533665871506
PPFIBP1	PPFIBP1	1.4436044216038e-05	13325.0	0.9724170686028921	-0.9724170686028921	0.0218559728920301	2072.0	11.664976906612594	0.04	0.43375025601534206	0.5993747474204746	25	0.8987145603077324
HS3ST2	HS3ST2	0.0232697633981672	13324.0	0.972361435464915	0.972361435464915	0.0005813588532742676	13278.0	74.78314745972737	0.4583333333333333	1.4457640112283066	1.6887909313550153	24	-0.2803204156144734
TTLL10	TTLL10	0.0078551440859556	13323.0	0.9720913972942591	-0.9720913972942591	0.010563272630713674	12682.0	71.42615748563703	0.3333333333333333	1.0397290118815643	1.134856539353273	24	-0.05960014525346987
TTC7B	TTC7B	1.5922577364512098e-14	13322.0	0.972050859301152	-0.972050859301152	1.60279605562152e-06	7532.0	42.418609890728845	0.12	0.5767400812972746	0.7106704516420219	25	0.5562504774055287
GDF9	GDF9	3.6836226948773903e-06	13321.0	0.97198844294725	0.97198844294725	0.00692695936520024	5596.0	31.5140250084488	0.08	0.5882573814260108	0.7099866655174005	25	0.5404764344997893
NEFL	NEFL	0.114347575992001	13320.0	0.971913569016836	0.971913569016836	3.6998919504110104e-07	15258.0	85.9355638166047	0.6521739130434783	2.1806434897825913	2.300454313688854	23	-0.5254309609946207
SOX5	SOX5	5.677479755058721e-09	13319.0	0.971861732450358	-0.971861732450358	2.16195084863368e-05	12877.0	72.52450152078404	0.4583333333333333	1.4447705349475761	1.3093046747737935	24	-0.36119079967305684
PPIC	PPIC	1.68675486474523e-10	13318.0	0.971861541426371	0.971861541426371	3.02842034781045e-07	8611.0	48.49611355187563	0.08	0.5702663420787047	0.33784361628473836	25	1.188701458278251
TNFAIP8L1	TNFAIP8L1	9.03970177087558e-06	13317.0	0.971670856602216	-0.971670856602216	4.3130220609981e-09	7590.0	42.74529683451616	0.2	0.6895836677433954	0.5394801390867248	25	0.5228870692744322
CCR9	CCR9	0.101601953441112	13316.0	0.971509190746309	0.971509190746309	0.00012188867162184535	16973.0	95.59535879238481	0.625	2.4952727103826198	1.9751267823754388	24	-0.7714763088796335
SRF	SRF	1.49210780820337e-21	13315.0	0.971258360216308	-0.971258360216308	4.34535433848063e-11	10525.0	59.27678269685704	0.12	0.6409108055669444	0.43470042496871686	25	0.7599430220781059
IRX5	IRX5	0.0107474031370515	13314.0	0.970841625995172	0.970841625995172	0.0036729815929225427	8036.0	45.257406781570346	0.20833333333333334	0.780523237239893	1.179396300806529	24	0.16136932821065314
HOXA6	HOXA6	0.0170064515418085	13313.0	0.970797612914773	-0.970797612914773	7.562554742950725e-05	10589.0	59.6372648417258	0.20833333333333334	0.9044251999251703	1.0192844881892251	24	0.06511667131078806
PRTG	PRTG	0.00664089930578705	13312.0	0.9707286715464541	-0.9707286715464541	0.051972177263994904	8724.0	49.13258983890954	0.25	0.762096441401186	0.8056821630033032	24	0.2589510351917928
ITGAL	ITGAL	0.000239706719954271	13311.0	0.970632399830933	-0.970632399830933	2.0728175671396902e-05	15105.0	85.07378618902781	0.5833333333333334	1.7482679287610552	2.079589783801314	24	-0.37393698266235487
SLC30A3	SLC30A3	0.0869653881801367	13310.0	0.9701835040374429	0.9701835040374429	7.155156062581451e-07	14390.0	81.04652472682211	0.56	1.4338310091113715	1.1215451000136238	25	-0.4134006782859615
MFAP3L	MFAP3L	0.0103178538734982	13309.0	0.970069784484811	-0.970069784484811	0.0137475097720924	6920.0	38.97149938042131	0.08	0.64340440845869	0.9800384209171626	25	0.3333189485779683
OIP5	OIP5	0.0030375922752212603	13308.0	0.970042450290442	0.970042450290442	0.000135938139664374	5899.0	33.220682663061844	0.28	1.0605726972261975	1.6920400456565607	25	-0.053503607771072076
B3GALT5.AS1	B3GALT5.AS1	0.24062011311672102	13307.0	0.9700214462266099	0.9700214462266099	0.000716977568833123	12618.0	71.06567534076827	0.43478260869565216	1.5328481892603936	2.0421168890430814	23	-0.2756094648908758
SCARF2	SCARF2	0.000247971685364191	13306.0	0.9700010069901049	-0.9700010069901049	2.3749757201327793e-10	15225.0	85.74969021065675	0.6666666666666666	1.6349682602104056	1.2051559245905674	24	-0.5517686464066571
C1orf112	C1orf112	8.854371660112099e-21	13305.0	0.9696096217270179	0.9696096217270179	4.32678097663342e-06	7133.0	40.17122901881266	0.08	0.5095644958111767	0.5245924567537589	25	0.8769571883718186
TULP2	TULP2	0.00417099969001973	13304.0	0.9691900357953471	-0.9691900357953471	0.0166583341623445	8631.0	48.608764222147116	0.25	0.8804141818368557	1.2451557184146247	24	0.07129698932076053
SV2C	SV2C	0.0759230190718527	13303.0	0.969177623790523	0.969177623790523	0.00459967297947096	10704.0	60.28500619578686	0.3333333333333333	1.0518773998015216	1.1926160317467491	24	-0.06934316981289738
CLECL1	CLECL1	0.0115990098080927	13302.0	0.968788541035507	0.968788541035507	0.00522903600099129	13548.0	76.30393150839247	0.4583333333333333	1.6347238137632587	2.1228349417537427	24	-0.313700919289373
CPD	CPD	2.03212815745805e-07	13301.0	0.968603473522145	0.968603473522145	6.99286199056591e-10	12114.0	68.22687844992677	0.28	0.7838568145857521	0.4114706869247722	25	0.44899105770363074
LINC00853	LINC00853	0.0574864180530836	13300.0	0.9682567532745001	0.9682567532745001	0.00276737155717137	14597.0	82.21245916413203	0.4782608695652174	1.4845763853081377	1.4098132676736508	23	-0.3662326379475933
B3GNT5	B3GNT5	1.5440052686177098e-07	13299.0	0.967681859401132	-0.967681859401132	1.73239268119594e-05	11444.0	64.45308099583193	0.2	0.75102150348125	0.7563662879852235	25	0.28644898557947734
COBL	COBL	6.232575699125799e-05	13298.0	0.967576302395059	-0.967576302395059	0.10308012123328	5847.0	32.927790920355974	0.12	0.5214458842811286	0.5061035315675624	25	0.8815003063348
TTC6	TTC6	0.0028028723709355	13297.0	0.9675667019785391	0.9675667019785391	2.9983098745899702e-05	14358.0	80.86628365438774	0.5652173913043478	1.1870360958165578	1.0474880223697276	23	-0.2095197168379205
PALB2	PALB2	4.321929602219379e-19	13296.0	0.9675577172057579	0.9675577172057579	5.98150267294704e-05	15307.0	86.21155795876984	0.48	1.637289658550361	1.5971439908807878	25	-0.4193309715145103
MROH9	MROH9	0.035048735228490994	13295.0	0.967500478221897	-0.967500478221897	0.000265266951667039	13645.0	76.85028725920918	0.4782608695652174	1.3443949354747267	1.123091201134824	23	-0.33558668866072305
MUC6	MUC6	0.00141208532872079	13294.0	0.967255808510644	-0.967255808510644	8.84136511493469e-07	17637.0	99.33536104539822	0.7391304347826086	3.7888540619011746	3.1217811856240854	23	-0.9038424173943043
TLE6	TLE6	4.75409477244633e-05	13293.0	0.967229832147027	0.967229832147027	0.0106915863491673	5530.0	31.14227779655289	0.041666666666666664	0.4672312809767097	0.5506069206088827	24	0.9080862089735438
F8	F8	4.05324606425385e-05	13292.0	0.967184870658918	-0.967184870658918	0.00474664844057706	2467.0	13.889827644474483	0.12	0.5813263106511218	1.0692581251468314	25	0.3608656796082889
TTC22	TTC22	0.0006838614105222209	13291.0	0.9669825539131729	0.9669825539131729	0.0056337665600270405	10028.0	56.47741354061056	0.2916666666666667	1.269961892925747	1.7878137086371515	24	-0.1694691888471618
TAS1R2	TAS1R2	0.587926205124754	13290.0	0.96680232397496	0.96680232397496	0.00324548337384847	13541.0	76.26450377379744	0.43478260869565216	1.4331841241775454	1.2693653947798773	23	-0.3674133564066959
PON3	PON3	0.000772278736298574	13289.0	0.9666621672857021	0.9666621672857021	8.9825594867334e-05	14018.0	78.95122225977244	0.5217391304347826	1.2559937495488462	0.8942586605789581	23	-0.32354350594248205
CRYBA4	CRYBA4	0.0860399278234851	13288.0	0.966660263556643	0.966660263556643	0.00036745143866852596	17310.0	97.49352258645938	0.6086956521739131	3.0336709695751822	2.428107792471788	23	-0.8512845732908523
KRT33B	KRT33B	0.548656222469215	13287.0	0.966366776505591	0.966366776505591	0.00149056086928994	16726.0	94.20412301453193	0.6363636363636364	2.604035505895619	2.3699238105925025	22	-0.691021678448218
LRRC8A	LRRC8A	9.258814162467021e-17	13286.0	0.966114731879217	-0.966114731879217	0.000255132607168593	4642.0	26.140588036498816	0.16	0.5231263759330617	0.6358863579815287	25	0.6966470508225989
IDE	IDE	2.06186963424058e-25	13285.0	0.966100534536096	0.966100534536096	9.3992971424743e-05	6341.0	35.71026247606173	0.0	0.43043437325464895	0.2308398639482955	25	2.3205097772949124
SPHK1	SPHK1	0.00421425429916946	13284.0	0.966048812617678	-0.966048812617678	0.00554203229735187	8788.0	49.4930719837783	0.12	0.7454250468421096	1.0695553906759157	25	0.20627614773288472
CAPN6	CAPN6	0.0468614974721418	13283.0	0.9660134721982541	-0.9660134721982541	0.00238033864741296	12082.0	68.04663737749239	0.375	1.515638490489917	2.0730605464745295	24	-0.2651273351501293
MYOZ2	MYOZ2	0.0619748099855845	13282.0	0.965942609578629	-0.965942609578629	4.47815208164052e-08	17700.0	99.69021065675341	0.7391304347826086	3.601665161668709	2.9203008936496615	23	-0.9025517054840442
TMED9	TMED9	5.78942594334502e-16	13281.0	0.9658242041850659	0.9658242041850659	0.00148407974976517	3088.0	17.38763095640419	0.08	0.4509246753227877	0.724269483680347	25	0.7109225784936242
TULP1	TULP1	0.0378234869523358	13280.0	0.9656627307541509	0.9656627307541509	5.1031919982343e-08	17156.0	96.62611242536893	0.8260869565217391	2.6477381598816465	1.6656463811326423	23	-1.0098634669284854
CCDC24	CCDC24	0.00038240611629952596	13279.0	0.9655001652158309	0.9655001652158309	0.0695691458716347	1873.0	10.544102737411286	0.12	0.5096536867733437	0.803332014999819	25	0.5674446803201164
ELL3	ELL3	2.28261429163783e-10	13278.0	0.965138689756438	0.965138689756438	1.0239771692157598e-05	8637.0	48.64255942322856	0.24	0.6826200926671875	0.601997349188832	25	0.46930206166178867
SNHG7	SNHG7	1.5478328218054202e-10	13277.0	0.9650893041918019	-0.9650893041918019	8.03448208709225e-05	9635.0	54.263827869775824	0.28	0.7229245775885503	0.701474560461446	25	0.34522239330240306
ITGA10	ITGA10	1.84052109604838e-05	13276.0	0.9650576167386908	-0.9650576167386908	5.706552681282256e-07	11443.0	64.44744846231835	0.3333333333333333	1.0966211768628875	1.0501486342642987	24	-0.12528089437202952
SGCB	SGCB	1.53470661795216e-11	13275.0	0.965051273423068	-0.965051273423068	0.0610308983241964	3731.0	21.009350005632534	0.12	0.5969307378207459	0.975891178406615	25	0.3772147384336134
TMOD1	TMOD1	7.6233162925638e-20	13274.0	0.964983407763405	-0.964983407763405	0.00847897978113725	535.0	3.0077728962487327	0.12	0.4600970542963209	0.8685042849590858	25	0.5813285693701196
GSG1L	GSG1L	0.0545963723220707	13273.0	0.9647795021268291	-0.9647795021268291	0.00442737923788095	14744.0	83.04044159062745	0.5416666666666666	1.606720250786691	1.3980481327318266	24	-0.45916927581419603
CCDC110	CCDC110	0.006523966283925179	13272.0	0.964684782944476	0.964684782944476	0.00278458922921446	11480.0	64.6558522023206	0.24	0.7500788767420226	0.5839450668279342	25	0.36751043615835427
SHMT1	SHMT1	1.83870995820505e-06	13271.0	0.964534974194404	0.964534974194404	0.00153360673713199	893.0	5.02421989410837	0.0	0.23886939969002186	0.17855713391340547	25	4.064052544975923
PKM	PKM	3.5751856509629605e-11	13270.0	0.964252868664193	0.964252868664193	0.00149703423928625	3851.0	21.68525402726146	0.08	0.43971602876447896	0.5853268515570917	25	0.8961434769382892
RCN1	RCN1	2.39220863311392e-09	13269.0	0.9641424650356429	0.9641424650356429	0.0027349724122604398	1733.0	9.75554804551087	0.08	0.48879735652320183	0.6849217509336777	25	0.6940137437078848
NTN5	NTN5	3.58696630634115e-05	13268.0	0.9638596152450021	-0.9638596152450021	2.3919933483157247e-05	14170.0	79.80736735383574	0.5833333333333334	1.332220198207245	1.3519772154453016	24	-0.27246064412477233
WNT16	WNT16	0.0109132825063392	13267.0	0.963690833338676	0.963690833338676	0.006860046297918824	12188.0	68.64368592993128	0.375	1.2372492052053476	1.3528469376196597	24	-0.20220940319235142
PLAGL1	PLAGL1	3.76431485871894e-12	13266.0	0.9632012787837181	-0.9632012787837181	0.00019910779774305184	10155.0	57.19274529683451	0.20833333333333334	0.9169187100926363	1.4086847984029074	24	0.032855163016989014
TBC1D24	TBC1D24	0.004393083680953779	13265.0	0.9630409521372719	0.9630409521372719	6.17281674986849e-07	6956.0	39.17427058690999	0.12	0.5567735451242521	0.6059940737173084	25	0.6704148186151081
TMCC2	TMCC2	3.21496338809164e-10	13264.0	0.9630394188102199	-0.9630394188102199	3.7714204864729097e-13	14571.0	82.06601329277909	0.5833333333333334	1.7275816487341922	2.281320284592195	24	-0.3351314741238276
IL15RA	IL15RA	1.8103724194747798e-06	13263.0	0.963024987985409	-0.963024987985409	0.0244899484601318	6611.0	37.23104652472682	0.12	0.6001187016650434	0.9633393266060394	25	0.3767169846568272
GPI	GPI	5.360049656098129e-19	13262.0	0.9629657427219692	0.9629657427219692	0.00601620094338849	503.0	2.8275318238143514	0.12	0.49796358392185186	0.8493195238172773	25	0.5474996697475637
CACNG4	CACNG4	0.00242258540291315	13261.0	0.9626051101710721	-0.9626051101710721	0.005452063913088421	12052.0	67.87766137208516	0.4583333333333333	1.4429838880393107	1.9099576664638902	24	-0.2515127881120085
HOOK2	HOOK2	7.723821657320679e-12	13260.0	0.962595094680299	-0.962595094680299	0.0014245401661051801	3378.0	19.02106567534077	0.08	0.44269000314826273	0.5286620447094156	25	0.9834356310141525
LRRN4CL	LRRN4CL	0.000806677797098597	13259.0	0.9623171491123441	-0.9623171491123441	1.2263515609249442e-08	15736.0	88.62791483609327	0.625	1.5543523739000757	1.3342375254850614	24	-0.4437255087488995
STEAP2	STEAP2	7.42127082997446e-05	13258.0	0.962226013845208	0.962226013845208	6.95608323726322e-07	15075.0	84.90481018362058	0.5416666666666666	1.3405036119584308	1.4000058976209158	24	-0.2701971461377731
PNMA2	PNMA2	0.00022976827404173599	13257.0	0.9621475806670708	0.9621475806670708	0.000813320404124347	10445.0	58.82618001577109	0.24	0.9438835008319119	0.9980820319423798	25	0.018299177072264326
HSPA2	HSPA2	6.64732089017516e-08	13256.0	0.962102202118468	-0.962102202118468	1.05222320965985e-05	12656.0	71.2797116142841	0.28	1.0663619319238158	0.9746390941168122	25	-0.10697265319510373
KLF11	KLF11	5.1517396187874e-29	13255.0	0.962096544900758	-0.962096544900758	3.45219821707732e-06	5183.0	29.18778866734257	0.2	0.5814635223953303	0.5917365314809044	25	0.6432474627734065
NDUFA4L2	NDUFA4L2	0.0015942304382052	13254.0	0.9616699357965809	-0.9616699357965809	2.7506596590070884e-05	11753.0	66.19353385152641	0.375	1.1598904378300765	1.4975382484337718	24	-0.13236423326135957
IL19	IL19	0.603988774394706	13253.0	0.96139355325454	0.96139355325454	4.4226923273342754e-05	16347.0	92.06939281288723	0.5833333333333334	2.22912370907313	1.905782774168098	24	-0.6652018126105546
IFRD1	IFRD1	1.46272818142817e-10	13252.0	0.961320146527698	-0.961320146527698	3.28121833484175e-07	8190.0	46.12481694266081	0.2	0.6764887310078148	0.735682895815763	25	0.3871660156024798
CANT1	CANT1	5.06551497337292e-06	13251.0	0.961227110551087	0.961227110551087	0.00384543410402791	1549.0	8.719161879013178	0.08	0.4520015789440328	0.6696535363757626	25	0.7604313334370454
ZMPSTE24	ZMPSTE24	1.09377472911717e-06	13250.0	0.961201922018773	0.961201922018773	5.57743228870816e-07	10338.0	58.223498929818625	0.24	0.6856294789534482	0.49539520791084535	25	0.5562678820157636
PLLP	PLLP	2.3845970613156603e-08	13249.0	0.961104182123856	-0.961104182123856	5.1669989615268305e-06	3113.0	17.528444294243553	0.08	0.3678290764797761	0.31195566658118673	25	1.9017930084295473
ZBTB41	ZBTB41	2.1215031523894902e-06	13248.0	0.9608025230333009	0.9608025230333009	3.6953476600077705e-09	12973.0	73.06522473808718	0.44	0.9391091003668387	0.5430996659268589	25	0.039943723090751754
SLC26A9	SLC26A9	3.15535237666985e-05	13247.0	0.9605493101643009	-0.9605493101643009	0.01197973320713186	12988.0	73.1497127407908	0.4583333333333333	1.167752625531807	1.276500653007998	24	-0.1623213547750592
KIF23	KIF23	4.19517468073613e-06	13246.0	0.960445895327542	0.960445895327542	0.000433996296933185	9936.0	55.95922045736172	0.28	0.8071260435901612	0.9137275446010154	25	0.16779602699219148
FEN1	FEN1	6.511739045763019e-20	13245.0	0.959987441388334	0.959987441388334	0.00023065037677763198	5083.0	28.62453531598513	0.2	0.5787176263914292	0.7316888457152254	25	0.5210819014525414
FAM91A1	FAM91A1	2.4854284186130103e-05	13244.0	0.9598265230401859	0.9598265230401859	3.9689997360649495e-09	11401.0	64.21088205474823	0.16	0.7310437348401693	0.5089562677243507	25	0.44951364725883436
PDIA6	PDIA6	1.9325920810712598e-38	13243.0	0.9597653382847929	0.9597653382847929	1.6426240306206597e-08	8147.0	45.88261800157711	0.08	0.53451936418574	0.4191013225224393	25	1.0146614941218293
HFM1	HFM1	0.00223102743070751	13242.0	0.959520033605272	-0.959520033605272	0.00319104304842858	12236.0	68.91404753858285	0.2916666666666667	1.0232879940649369	0.9387926753104127	24	-0.06792549850112527
DSCR9	DSCR9	0.0288646440104848	13241.0	0.959376912778403	0.959376912778403	0.03205673821101705	6946.0	39.117945251774245	0.16666666666666666	0.6318570707440545	0.7403360849143392	24	0.4423934598193255
SMTN	SMTN	6.70399856042615e-07	13240.0	0.9592547921687969	-0.9592547921687969	0.00023623151938792798	9359.0	52.709248620029285	0.28	0.6694202896924021	0.5899491174595146	25	0.49128728885044026
FAM53B	FAM53B	6.46740377008787e-09	13239.0	0.9592433584874269	-0.9592433584874269	4.84415297206886e-09	13096.0	73.75802636025684	0.28	0.8138158126344517	0.4792518954189708	25	0.3034469915363398
SDS	SDS	0.128843640682683	13238.0	0.9591664662943141	-0.9591664662943141	0.000384456532134918	16521.0	93.04945364424918	0.6666666666666666	2.222006255381631	1.90348045023502	24	-0.6634372257048377
SIK2	SIK2	2.91882903884625e-18	13237.0	0.9591333479547429	-0.9591333479547429	9.87084628583841e-06	5156.0	29.035710262476062	0.12	0.4229559371560825	0.4522530441563448	25	1.1855694897507485
TSPAN12	TSPAN12	0.0130839665023748	13236.0	0.9591124862239692	-0.9591124862239692	0.00315086134796671	10479.0	59.01768615523262	0.2	0.6072966758713825	0.47041235532873965	25	0.7478881163882828
MRM1	MRM1	3.37167441931587e-07	13235.0	0.958801547729515	0.958801547729515	0.00019381397415896298	5593.0	31.497127407908078	0.12	0.49913600244907075	0.4327257392763959	25	1.0622560748272036
LINC00710	LINC00710	0.0096921058043011	13234.0	0.95876680231176	-0.95876680231176	0.0003139397189855145	14888.0	83.85152641658217	0.6363636363636364	1.4581662156251989	1.017246214983272	22	-0.49093268272485163
KRT85	KRT85	0.142875027480525	13233.0	0.95863915423253	-0.95863915423253	0.0007902453865374081	13777.0	77.59378168300101	0.43478260869565216	1.728522514500771	1.8829888252800264	23	-0.40886241592737477
STEAP1B	STEAP1B	0.0112344392514598	13232.0	0.9581318512709591	0.9581318512709591	0.000137840934738242	11440.0	64.43055086177762	0.28	1.007316421144602	1.1038663564262323	25	-0.04455663458471359
RAD51	RAD51	6.13120458993675e-05	13231.0	0.957970665942232	0.957970665942232	0.00188620155164163	837.0	4.708798017348204	0.16	0.5722625295546007	0.8675609979111532	25	0.44458906902950895
NTRK3.AS1	NTRK3.AS1	0.6416890923056651	13230.0	0.957952703849245	0.957952703849245	0.000523864228112596	15670.0	88.25616762419736	0.6086956521739131	1.6711968005677103	1.190651695669869	23	-0.5990367286355638
PIEZO2	PIEZO2	0.0005013279247949571	13229.0	0.9573457991963109	-0.9573457991963109	4.0667317073942604e-05	13434.0	75.66182268784499	0.44	1.4224086897354156	1.6487444028926146	25	-0.28207094424289303
SLC7A11.AS1	SLC7A11.AS1	0.00974402881084293	13228.0	0.957181969679095	0.957181969679095	3.36323128518773e-06	12123.0	68.27757125154895	0.32	1.1800081461816396	1.173079863126072	25	-0.18994970718255125
NUCB2	NUCB2	4.218462781168289e-09	13227.0	0.9570979373910541	0.9570979373910541	3.43187904904825e-06	10412.0	58.64030640982313	0.16	0.6559877582242902	0.5352433411876825	25	0.5625668849959218
PAPPA2	PAPPA2	0.0221611069799805	13226.0	0.956447098720855	-0.956447098720855	1.77187706753334e-06	14456.0	81.41827193871804	0.5217391304347826	1.8237396175117784	1.7737975029614115	23	-0.4889467469330354
TEPP	TEPP	0.0788487573068323	13225.0	0.956065463797811	0.956065463797811	0.027035622506263998	5955.0	33.536104539822006	0.16666666666666666	0.7341078514083595	0.9230496591498139	24	0.2404611823310657
SMAD5.AS1	SMAD5.AS1	0.0619748099855845	13224.0	0.955941116375272	0.955941116375272	0.01830238063781955	8198.0	46.1698772107694	0.125	0.5265439783595972	0.4286642099797533	24	1.0017097952636544
CXCL9	CXCL9	0.21463762881492102	13223.0	0.955888110788121	-0.955888110788121	0.00731202112667869	16411.0	92.429874957756	0.5416666666666666	2.5035961894341856	2.5507585117793172	24	-0.6067638592594323
LINC00574	LINC00574	0.0761091237531623	13222.0	0.9555213835879859	0.9555213835879859	8.394841384999992e-06	14313.0	80.61281964627689	0.5	1.2342496642002634	1.033440267606313	24	-0.26970913496323956
CCP110	CCP110	8.54424458883855e-07	13221.0	0.955399458085813	0.955399458085813	0.00432299277482184	4320.0	24.326912245127858	0.08	0.5378579911963576	0.7888396762852711	25	0.5293109353420229
C12orf60	C12orf60	2.62158743791365e-08	13220.0	0.9553726256205141	-0.9553726256205141	0.0154647930102268	8546.0	48.12999887349329	0.16	0.707309352457256	1.0961728662072336	25	0.2262994102577624
CARD16	CARD16	2.9294603355949103e-08	13219.0	0.955178801989587	-0.955178801989587	0.013973913638828824	8191.0	46.13044947617438	0.20833333333333334	1.2322411464338576	2.0425808680872417	24	-0.13564326816774866
MCM8.AS1	MCM8.AS1	0.0221984518866958	13218.0	0.9550511604274209	0.9550511604274209	3.228115072791475e-05	16260.0	91.57936239720625	0.5416666666666666	1.7887709409101034	1.4926680885586612	24	-0.5585433137300688
PERP	PERP	6.09354110221897e-05	13217.0	0.954747668909789	0.954747668909789	0.000105096808519126	11941.0	67.2524501520784	0.4	0.9908151122898257	0.6783942429745438	25	-0.053165904271080394
ATP6V1C2	ATP6V1C2	1.2223222281718699e-35	13216.0	0.9543538728948459	0.9543538728948459	8.46296301478811e-12	10720.0	60.37512673200405	0.12	0.6359518894352445	0.3774909032209025	25	0.8434692882473962
SLC10A1	SLC10A1	0.0019133058817176602	13215.0	0.95434854358077	-0.95434854358077	2.0160109065687708e-05	15221.0	85.72716007660244	0.5416666666666666	1.6495979265098741	1.4013445796161101	24	-0.4961302116853825
NFATC2	NFATC2	0.00563679842650892	13214.0	0.9539463200838258	-0.9539463200838258	0.00531379616218039	4251.0	23.938267432691227	0.08333333333333333	0.593482631727557	0.8797447593469854	24	0.4097366702403921
TMEM167A	TMEM167A	7.93990665494101e-05	13213.0	0.953913310808491	0.953913310808491	1.2434571988384098e-07	10405.0	58.60087867522811	0.12	0.6687263431831113	0.6388260204268558	25	0.44642353083054004
ACOT12	ACOT12	0.746758379030006	13212.0	0.9538365034954609	0.9538365034954609	1.1923547620151375e-05	15424.0	86.87056437985805	0.5833333333333334	2.0487544445048145	1.7474933733291957	24	-0.6265648601135446
BACH2	BACH2	1.30799489607361e-05	13211.0	0.953754380906228	-0.953754380906228	1.6772276805252e-06	13134.0	73.97206263377267	0.4166666666666667	1.067878523390134	1.1023698353015001	24	-0.10352618407114964
ZNF781	ZNF781	6.20305577638006e-05	13210.0	0.9534757119923709	-0.9534757119923709	0.0005154218789755034	12179.0	68.5929931283091	0.2916666666666667	1.043338582998153	1.1426548513565657	24	-0.07864393250428718
DACT3	DACT3	1.50503714061531e-06	13209.0	0.953461508405479	-0.953461508405479	8.718977175643919e-08	12915.0	72.73853779429987	0.36	1.0896264077842415	1.0353517631672444	25	-0.13151559134087953
C8orf58	C8orf58	2.26355813101786e-18	13208.0	0.9526553738833741	-0.9526553738833741	1.7906291062642e-09	12459.0	70.17010251210995	0.28	0.8854185128525961	0.7591072885515319	25	0.08857359433219776
JUN	JUN	0.0005611653888348679	13207.0	0.9525131749720441	-0.9525131749720441	8.032522910104516e-07	10425.0	58.7135293454996	0.375	1.3041104606573584	1.9089459612955963	24	-0.18418399096362378
SCAMP5	SCAMP5	5.1171252586932e-08	13206.0	0.95234062930077	0.95234062930077	6.392545963587201e-08	12199.0	68.7056437985806	0.28	1.066268923149324	1.202761911796796	25	-0.0947222328302345
PRRC1	PRRC1	6.24062159553227e-11	13205.0	0.952234465725526	0.952234465725526	7.2769420870933e-08	8954.0	50.428072547031654	0.08	0.578192458238727	0.6210655532959938	25	0.6022584983207628
CELF2	CELF2	1.20294332057335e-06	13204.0	0.9522249437805821	-0.9522249437805821	0.00101849222433491	8975.0	50.546355750816716	0.28	0.9955269015328551	1.1028823016227238	25	-0.03926253752423147
FAM83C	FAM83C	0.7464718365845171	13203.0	0.9522039160855491	0.9522039160855491	0.0002753113335157055	14796.0	83.33333333333333	0.5416666666666666	1.7227768296753438	1.565471191020388	24	-0.4922306574594506
NELL2	NELL2	0.012585961799337	13202.0	0.9521402360023691	-0.9521402360023691	0.00361291405175424	8554.0	48.175059141601885	0.32	1.2812015158644587	2.0098508551567416	25	-0.16372422810270032
ARHGAP44	ARHGAP44	0.00035946489397765697	13201.0	0.9519762086250859	-0.9519762086250859	6.75735381519198e-05	7833.0	44.114002478314745	0.16	0.6705118213327482	0.7354761508338167	25	0.38269682432698693
RASSF8	RASSF8	1.67463299147822e-05	13200.0	0.9511173720777759	-0.9511173720777759	0.00193847793567312	5184.0	29.193421200856147	0.12	0.5415483667582117	0.6939348575440484	25	0.5902124686012999
VWA1	VWA1	1.5364598157826702e-17	13199.0	0.9509299169752561	0.9509299169752561	0.0037348522424456897	11987.0	67.51154669370283	0.16	0.9082136903034896	0.8628692449674137	25	0.049504866375646085
HSD17B2	HSD17B2	0.0532827654871553	13198.0	0.9508005861095121	0.9508005861095121	0.0018545524080280148	12369.0	69.66317449588824	0.375	1.5896548426768435	1.873141042859634	24	-0.34106041240334123
KCNA2	KCNA2	0.0368932031027908	13197.0	0.9507598847583779	0.9507598847583779	1.54668673869155e-07	15051.0	84.7696293792948	0.5416666666666666	1.5086417441038307	1.0749947259741435	24	-0.5189624152247899
ST6GALNAC6	ST6GALNAC6	3.9838908276480596e-22	13196.0	0.950517419184404	-0.950517419184404	2.07164948470055e-10	8616.0	48.5242762194435	0.12	0.6895173543979919	0.6993525795926978	25	0.37320240519941783
ELMO3	ELMO3	9.10623781390583e-08	13195.0	0.9503354031575451	0.9503354031575451	0.045396616401078546	5215.0	29.36802973977695	0.125	0.7318031730086205	1.1634352876127918	24	0.18783359287418763
CACNA1D	CACNA1D	0.00139483114831299	13194.0	0.9501313226634359	-0.9501313226634359	0.00044823009877384466	15986.0	90.03604821448687	0.5833333333333334	2.43156298439432	2.245988549099952	24	-0.659590033228151
SLC4A5	SLC4A5	0.0126080320224817	13193.0	0.9497112931582891	0.9497112931582891	0.00013976874356966598	5801.0	32.66869437873155	0.04	0.4678133267728269	0.4833994046768551	25	0.9968940005368923
CA5A	CA5A	0.0548876725658116	13192.0	0.949417180515393	0.949417180515393	0.00079431108626571	15506.0	87.33243212797116	0.5	1.7029394743511188	1.74949673467947	24	-0.43070803100057264
LSAMP	LSAMP	2.08753382130495e-05	13191.0	0.9483456449056059	-0.9483456449056059	0.0002738248300209675	11217.0	63.17449588825053	0.3333333333333333	1.082551653315529	1.4504087624709736	24	-0.09252978324626535
VSIG10	VSIG10	0.0009314823422276811	13190.0	0.948229976987634	-0.948229976987634	0.00803590894021042	4406.0	24.811310127295258	0.08	0.462925027245547	0.43298924476936496	25	1.1208244906881888
STK10	STK10	1.14153361197981e-05	13189.0	0.9481510736124541	-0.9481510736124541	2.1355987372110503e-05	10387.0	58.49949307198377	0.12	0.6325928863237583	0.4208110887514848	25	0.7498808746341106
SEC24D	SEC24D	7.94981475321962e-14	13188.0	0.948008444671338	0.948008444671338	1.73896978596744e-05	5551.0	31.26056100033795	0.04	0.4623997588414222	0.4948749673170467	25	0.9812755097770093
CRACR2A	CRACR2A	0.00343738252066801	13187.0	0.9478315358105379	0.9478315358105379	0.0026097273122748102	2696.0	15.179677819083022	0.16666666666666666	0.710148966759088	0.9960027772166451	24	0.2386364521147821
DNER	DNER	0.0257779622225907	13186.0	0.9477686471826949	-0.9477686471826949	0.000143738672892607	12659.0	71.29660921482483	0.43478260869565216	1.6192337357701185	2.0557259529257585	23	-0.3266316152849938
IBA57	IBA57	5.34106212455116e-10	13185.0	0.947600702647831	-0.947600702647831	0.000151669587219422	3457.0	19.466035822913145	0.16	0.5157786275734998	0.6428559080228091	25	0.6717245181777342
LACTB2	LACTB2	2.12222072807107e-07	13184.0	0.947415012094412	0.947415012094412	1.59407287445435e-13	14081.0	79.30607187112763	0.52	0.9881660911613025	0.6605157986748582	25	-0.0616958430799781
WDR17	WDR17	6.47322554174032e-05	13183.0	0.9472233242063021	-0.9472233242063021	0.00013561676736281822	6725.0	37.8731553452743	0.20833333333333334	0.9181956462558333	1.3402037238893834	24	0.021659153330978696
KIFC1	KIFC1	6.506308030819439e-05	13182.0	0.947119188900374	0.947119188900374	0.00010196847237731501	7786.0	43.849273403176745	0.16	0.5910015056534984	0.7417159380432882	25	0.4801267776264123
C5orf47	C5orf47	0.522478403431122	13181.0	0.9466742655715992	-0.9466742655715992	0.0015103754243498326	16557.0	93.25222485073786	0.625	2.165765157484444	1.825556889640835	24	-0.6677912361047769
LINC00923	LINC00923	0.0166618664445572	13180.0	0.946518238909287	-0.946518238909287	3.0503434036034025e-07	12757.0	71.84859749915512	0.3333333333333333	0.9197101023354287	0.7518743013213512	24	0.03565507761968376
TGFB1I1	TGFB1I1	2.3933281539139498e-05	13179.0	0.946430883534864	-0.946430883534864	1.10204481412132e-08	13665.0	76.96293792948067	0.4583333333333333	1.3549621579451898	1.6997985078775257	24	-0.24034100072275236
ZMAT4	ZMAT4	0.358405344138349	13178.0	0.9463625745483031	-0.9463625745483031	1.045109138893284e-05	15037.0	84.69077391010475	0.625	1.9520137328932756	2.03159174975604	24	-0.4950065181480159
TLN1	TLN1	1.4852942308039002e-09	13177.0	0.946232699767683	-0.946232699767683	2.0577081925193398e-05	10075.0	56.74214261574856	0.12	0.7939147995976532	1.0640093767209486	25	0.1431546596322687
PIP5K1B	PIP5K1B	0.00022675743822753798	13176.0	0.9461673552954699	-0.9461673552954699	0.01841205070566485	9233.0	51.99954939731891	0.20833333333333334	0.6054609532668404	0.6392966374708502	24	0.5329394557376577
PDIA3	PDIA3	1.46169915420715e-09	13175.0	0.946075658832838	0.946075658832838	0.00014678679568826299	6255.0	35.22586459389433	0.08	0.5129531603622991	0.6383867965261733	25	0.678464061016621
MB21D2	MB21D2	3.73704363727358e-05	13174.0	0.946023771250871	-0.946023771250871	0.000248782048383191	3685.0	20.75025346400811	0.16	0.6205597195324573	0.9831441797728946	25	0.33104407106757794
LINC00113	LINC00113	0.559267619077192	13173.0	0.94551008509619	-0.94551008509619	0.00767064409204553	14221.0	80.09462656302804	0.5	1.4222037217865269	1.2417216645825675	22	-0.3838973340701019
TOM1L1	TOM1L1	1.8867319997377198e-08	13172.0	0.9452041078254529	0.9452041078254529	2.98079963327348e-10	12190.0	68.65495099695843	0.44	0.9191900275194519	0.7535851161208279	25	0.034520427420211976
GDPD1	GDPD1	0.000174174002037134	13171.0	0.9451430057808728	0.9451430057808728	0.0357636063927302	6025.0	33.93038188577221	0.125	0.6448905882177361	0.9404433821143889	24	0.319266872704322
SLA	SLA	0.00474904214342966	13170.0	0.943970296858177	-0.943970296858177	0.010478031721993256	12219.0	68.81829446885209	0.3333333333333333	1.526370652070713	2.128597288513694	24	-0.2736075810841611
C1QA	C1QA	0.00116900449314597	13169.0	0.9438949858182131	-0.9438949858182131	7.107542443078096e-05	13922.0	78.4104990424693	0.4583333333333333	1.9630773802067536	2.611300356416555	24	-0.3902968848007772
MRPL36	MRPL36	7.50115708659016e-06	13168.0	0.9437459105479871	0.9437459105479871	0.001237975052882667	14569.0	82.05474822575194	0.5833333333333334	1.7016564850339189	1.577077942856399	24	-0.4805790214231304
HSD11B1	HSD11B1	8.343679927762758e-05	13167.0	0.943448224612813	-0.943448224612813	4.5572716940096845e-06	15967.0	89.92903007772895	0.5416666666666666	1.9703830889270442	1.853728381208914	24	-0.5539834609666562
RGS4	RGS4	0.000515770516375719	13166.0	0.943218581291427	-0.943218581291427	0.000614069076665445	13421.0	75.58859975216852	0.4166666666666667	1.564970378592875	1.6785825054924672	24	-0.3704028817570911
MALL	MALL	5.29036532775636e-05	13165.0	0.9430745579680591	0.9430745579680591	0.0538544889402874	8872.0	49.96620479891855	0.24	0.9421664655829786	1.5680154224349279	25	0.000579134855491627
CCRL2	CCRL2	0.000128772293655973	13164.0	0.9427071138562401	-0.9427071138562401	0.04679537163392285	9571.0	53.90334572490706	0.20833333333333334	1.1190334525056895	1.7577348824078203	24	-0.10031452434277809
GATA3	GATA3	2.0916954305806698e-05	13163.0	0.942556414705423	-0.942556414705423	0.001552777595664807	12972.0	73.05959220457362	0.3333333333333333	1.0795160697078436	1.147825806151977	24	-0.11932094074585273
PLEKHH1	PLEKHH1	0.0273426232172178	13162.0	0.942547218645061	0.942547218645061	0.00633330094229933	2970.0	16.72299200180241	0.12	0.5138994713598395	0.5065260095222608	25	0.8462502205750666
DLG3	DLG3	3.55128575471008e-05	13161.0	0.9423769315209121	0.9423769315209121	6.46305528746337e-07	10974.0	61.80579024445195	0.24	0.8672447484716005	1.3275152029792605	25	0.05659609990205539
GALNT3	GALNT3	5.27315446847185e-05	13160.0	0.941669532658849	0.941669532658849	1.3881388484636187e-08	14824.0	83.4910442717134	0.5833333333333334	1.3085237093439621	0.6593607237456689	24	-0.5563785701415505
LRIT1	LRIT1	0.811251412041333	13159.0	0.9414522480806379	-0.9414522480806379	1.9962417854970697e-06	17459.0	98.33277007998197	0.75	3.1248179166424794	2.1981190968013227	20	-0.9932881579251325
MAGEB2	MAGEB2	0.811826174224962	13158.0	0.941452243486451	-0.941452243486451	0.0001423033947759183	14089.0	79.35113213923623	0.4583333333333333	1.7451131738349581	2.136298961538594	24	-0.3761931006930316
CASC17	CASC17	0.8322598532722301	13156.0	0.941452031028415	-0.941452031028415	0.028653216502278	13556.0	76.34899177650107	0.45454545454545453	1.2053305219788502	1.1447640544645157	22	-0.23050906422273115
LINC00901	LINC00901	0.8322598532722301	13156.0	0.941452031028415	-0.941452031028415	0.00046944135328510995	15578.0	87.73797454094851	0.6190476190476191	1.866556624277789	1.8815995763081854	21	-0.4916585892650371
CRNN	CRNN	0.8322598532722301	13156.0	0.941452031028415	-0.941452031028415	0.0033877078691448405	17446.0	98.2595471443055	0.6818181818181818	3.405093574988781	2.405071773669131	22	-1.0243526080728487
GHRH	GHRH	0.7484377822016058	13154.0	0.9414510372516371	-0.9414510372516371	0.0021819330503102087	15879.0	89.43336712853441	0.5833333333333334	1.9648774913662923	1.52237259747563	24	-0.6722575378798081
SERPINB12	SERPINB12	0.749065944713903	13153.0	0.941451027571111	-0.941451027571111	6.529890319981836e-05	17410.0	98.05677593781682	0.7272727272727273	2.5421080651778083	1.8128164367233208	22	-0.8829669707209279
LINC01019	LINC01019	0.7498909603276078	13152.0	0.941451013750961	-0.941451013750961	0.0042331655896835204	15077.0	84.91607525064774	0.5652173913043478	1.5708364828951564	1.5070194868266318	23	-0.4176359195391083
LINC01289	LINC01289	0.7985678346953191	13151.0	0.9414500289399642	-0.9414500289399642	0.00196922393103033	15241.0	85.83981074687394	0.5217391304347826	1.7500784382563368	1.742651411633196	23	-0.46402189440660074
C16orf82	C16orf82	0.7990402357151791	13150.0	0.941450016258705	-0.941450016258705	0.021933413868229	16806.0	94.65472569561788	0.5909090909090909	2.6105089723565045	1.9657581847934258	22	-0.8490662630883029
FSCB	FSCB	0.8003337147203392	13149.0	0.941449976075006	-0.941449976075006	0.01571160589762463	16384.0	92.27779655288948	0.5909090909090909	2.2127652411630616	1.9659057996938505	22	-0.646681679908588
LINC01095	LINC01095	0.80058999382445	13148.0	0.941449962244625	-0.941449962244625	0.0009742479940750476	16638.0	93.70846006533738	0.6363636363636364	2.27094098091913	2.077531534095499	22	-0.6399378285506166
LINC01416	LINC01416	0.8322598532722301	13147.0	0.9414487781186679	-0.9414487781186679	0.03814667324240635	13482.0	75.93218429649656	0.36363636363636365	1.3546044052107977	1.2847878399396526	22	-0.3215749824589996
LINC01140	LINC01140	1.0035205126985301e-14	13146.0	0.941183776055356	-0.941183776055356	1.73549820465881e-05	10344.0	58.25729413090007	0.28	0.7530465907970688	0.5362156752192345	25	0.35086103214227427
RNF39	RNF39	4.7452519928099605e-06	13145.0	0.940975356166371	0.940975356166371	0.0014628030371459698	7247.0	40.81333783936014	0.16	0.5892569270274081	0.5413722765525886	25	0.649679424625648
HSD17B3	HSD17B3	0.00280096624779657	13144.0	0.940957515331144	-0.940957515331144	8.17919051356463e-05	14654.0	82.53351357440576	0.5416666666666666	1.5311132082966348	1.4293126343007339	24	-0.4128947571041475
VN1R2	VN1R2	0.647059507982895	13143.0	0.9406674872513922	-0.9406674872513922	0.023343137186493747	16176.0	91.106229582066	0.5	1.7753302484517126	1.3175473341209578	24	-0.6334973625499317
MTHFR	MTHFR	2.61345622282228e-07	13142.0	0.940612126727657	-0.940612126727657	1.3470825543711e-07	7834.0	44.119635011828315	0.16	0.7500926683093972	1.0567994450562512	25	0.1802796730349521
GRAP	GRAP	0.000274004079638091	13141.0	0.9405836255918292	-0.9405836255918292	1.8013777906136749e-06	16262.0	91.5906274642334	0.5833333333333334	1.6995168333710173	1.7222230825858547	24	-0.44067067469545107
SEMG1	SEMG1	0.750059708086983	13140.0	0.9400314968020921	-0.9400314968020921	0.000301730554065484	17186.0	96.79508843077616	0.782608695652174	3.270434303939087	2.454983398536125	23	-0.9492539984289035
NPDC1	NPDC1	0.00256294635139394	13139.0	0.939947274498793	-0.939947274498793	8.99165136210085e-06	11752.0	66.18790131801283	0.28	1.214438096957292	1.7538705979124258	25	-0.1565057438018611
NRROS	NRROS	0.000157890342832671	13138.0	0.9398274419067479	-0.9398274419067479	3.8303580709264595e-09	15465.0	87.1014982539146	0.625	1.7127127875853405	1.378903204602557	24	-0.560507324298635
EPB42	EPB42	5.75331012407578e-07	13137.0	0.9396776151604781	-0.9396776151604781	3.3671118658692705e-08	14935.0	84.11625549172017	0.5833333333333334	1.5724449254063553	1.8935596286472731	24	-0.33416814589457394
PRKCH	PRKCH	2.2360141173202e-11	13136.0	0.9395591453876391	-0.9395591453876391	0.05962601789928995	2021.0	11.377717697420298	0.125	0.5381385100565249	0.9260076426612953	24	0.43349602836695084
EPX	EPX	0.000185970068054563	13135.0	0.939555150053779	-0.939555150053779	0.000198775932070193	17392.0	97.95539033457248	0.7083333333333334	3.301235131597437	2.529829852306453	24	-0.9335331304555948
MRPL13	MRPL13	3.9106956191969495e-06	13134.0	0.938959688498689	0.938959688498689	1.0705416275551701e-12	12567.0	70.77841613157598	0.32	0.8153676021679793	0.42112778836402615	25	0.29347881983953944
MAP9	MAP9	0.0009744359108876439	13133.0	0.938934489055624	0.938934489055624	6.580331744552986e-11	13121.0	73.8988396980962	0.3333333333333333	0.9875278007312195	0.711578794068638	24	-0.06828943200759323
TRAP1	TRAP1	5.83571838477344e-08	13132.0	0.93880617615918	0.93880617615918	0.0379882586277534	550.0	3.0922608989523486	0.04	0.2873016627242952	0.3636743034221889	25	1.7914505020129352
TRPC4	TRPC4	1.5114840326753101e-05	13131.0	0.938766511966371	-0.938766511966371	0.00016958348287902	13069.0	73.60594795539033	0.3333333333333333	1.2702060094416197	1.6322706069392514	24	-0.20305425832346927
SEC14L4	SEC14L4	0.00809887877484581	13130.0	0.938675206205293	-0.938675206205293	2.3163350819992548e-06	15176.0	85.4736960684916	0.5833333333333334	1.3540263586886425	1.3118450282809615	24	-0.31661602058867017
VASH1	VASH1	2.2553455492588897e-05	13129.0	0.938597156190754	-0.938597156190754	9.38523200827392e-13	12598.0	70.95302467049679	0.36	0.9014451833127207	0.5908581326814483	25	0.06287799189532893
MAP3K3	MAP3K3	2.5126248617025097e-20	13128.0	0.938103931363592	-0.938103931363592	1.12032744847696e-09	9929.0	55.919792722766694	0.2	0.6382126358026009	0.4051663150550126	25	0.7401683812739284
RRM2B	RRM2B	0.000768453313576223	13127.0	0.9379307095449271	0.9379307095449271	2.5614149446126802e-05	9374.0	52.7937366227329	0.04	0.5438141734728853	0.4116428817637985	25	0.9574234209597887
BCL2A1	BCL2A1	0.00161642002175419	13126.0	0.937813169292808	-0.937813169292808	0.02427018227535926	12263.0	69.06612594344936	0.4583333333333333	1.8655873814528485	2.5373626838823147	24	-0.36564509206878193
PLEKHG4B	PLEKHG4B	0.0020337950746157603	13125.0	0.937809646190609	0.937809646190609	0.00013845029462697552	10382.0	58.4713304044159	0.20833333333333334	0.8729173262823483	1.0518838987450585	24	0.061691523166843766
RBMS3	RBMS3	1.50536232167566e-08	13124.0	0.93767922280015	-0.93767922280015	1.2623808572004901e-05	11132.0	62.6957305395967	0.24	0.9180912648742177	1.0626947932032678	25	0.01843234581670306
SLC7A7	SLC7A7	4.3357256016443605e-05	13123.0	0.9370532257990091	-0.9370532257990091	0.008276919177460654	8756.0	49.312830911343916	0.16666666666666666	0.6406177474795293	0.7619949256294739	24	0.3890255280566316
PLD4	PLD4	7.29052009162795e-07	13122.0	0.936707368563841	0.936707368563841	0.0003571966654720314	8955.0	50.433705080545224	0.125	1.1257984549468052	1.9763444531321521	24	-0.09567719133336738
GPC2	GPC2	0.00243826391404698	13121.0	0.936530933491634	0.936530933491634	8.913713721459641e-11	13699.0	77.15444406894221	0.44	1.3397608605815667	1.3607146395354155	25	-0.29633687723651325
HSPB1	HSPB1	1.5492536382549698e-05	13120.0	0.936393409128327	0.936393409128327	5.7549805603109105e-05	10430.0	58.74169201306747	0.24	0.8543287002001088	0.9670178614907403	25	0.08486369507354138
FBXO39	FBXO39	0.00218498357790391	13119.0	0.936078622602607	-0.936078622602607	0.023584011408082323	13012.0	73.28489354511659	0.375	1.3695116992725058	1.4995855228891874	24	-0.28903525011019165
AP1S1	AP1S1	1.4745024290829697e-19	13118.0	0.9358030416026941	0.9358030416026941	0.00109465864314641	6950.0	39.140475385828545	0.08	0.5468138184340139	0.600480684846064	25	0.6477963954301035
LHFPL3.AS2	LHFPL3.AS2	2.1490808027889302e-06	13117.0	0.935782210259932	-0.935782210259932	0.03379201247729615	9542.0	53.7400022530134	0.20833333333333334	0.830470921680337	0.8774292791169487	24	0.12002253752642161
TMEM186	TMEM186	2.01014797165547e-15	13116.0	0.935714666672037	0.935714666672037	3.02825826426027e-05	6011.0	33.851526416582175	0.2	0.5573959241816954	0.5581175437164999	25	0.6778477880682989
SCGB1A1	SCGB1A1	0.20893971528236602	13115.0	0.9355467463524642	-0.9355467463524642	0.0008415264623256765	16877.0	95.05463557508166	0.6818181818181818	2.262612036235864	1.8829176770525475	22	-0.7047919864243564
PCDHB15	PCDHB15	5.507227365994771e-05	13114.0	0.9355070818025191	-0.9355070818025191	5.4666859325334404e-08	11741.0	66.12594344936352	0.28	1.0384109014598182	1.1369664199999403	25	-0.09050735170991639
LRRTM2	LRRTM2	0.0043330715922897	13113.0	0.9354603709254359	-0.9354603709254359	0.00184735296344539	9438.0	53.15421876760166	0.3333333333333333	1.0858880690795414	1.4380197858892332	24	-0.10460753018157189
ZNF233	ZNF233	0.00258051057657602	13112.0	0.9340468975788009	0.9340468975788009	0.000238597512598626	7469.0	42.06376027937366	0.12	0.7426610273525415	1.0203010786499873	25	0.1875778377883241
OR10A4	OR10A4	0.6479174648673571	13111.0	0.933967136106782	-0.933967136106782	0.0147528383744016	15369.0	86.56077503661146	0.5454545454545454	1.835458823334225	1.6930993154666103	22	-0.5324505650626857
QKI	QKI	2.0698219911144603e-07	13110.0	0.933849069091668	-0.933849069091668	0.0256683709770988	3075.0	17.314408020727726	0.04	0.3965150201536439	0.38784244217735375	25	1.3854441662480825
NPM3	NPM3	1.72461250968072e-06	13109.0	0.933820990773876	0.933820990773876	2.64513907450154e-05	8193.0	46.14171454320153	0.2	0.6595534874675275	0.8535425735270327	25	0.32132843962664054
FAM124B	FAM124B	0.0038636714752677704	13108.0	0.9337556343708041	-0.9337556343708041	8.02265067651731e-06	16195.0	91.21324771882392	0.6666666666666666	2.1040877288018285	1.9867661202190685	24	-0.5890638472846412
FCER2	FCER2	0.0925124868622884	13107.0	0.9337470305878609	0.9337470305878609	1.3653106772431179e-05	17010.0	95.80376253238707	0.8333333333333334	2.76821711190139	2.3779519550831814	24	-0.7714495986313393
PTK7	PTK7	1.83426953527712e-05	13106.0	0.933742410093999	0.933742410093999	0.000122276884778816	8584.0	48.34403514700912	0.28	0.8087918188163639	0.9679489706958521	25	0.12908799436793558
NDUFAF6	NDUFAF6	8.4015327065586e-11	13105.0	0.9336697194783509	0.9336697194783509	8.931339262886801e-07	7310.0	41.16818745071533	0.04	0.455611459139516	0.3460179579762245	25	1.3815995653372508
CTSG	CTSG	0.0221497876291658	13104.0	0.9335342498188391	-0.9335342498188391	1.2543922785020955e-07	17312.0	97.50478765348653	0.75	3.3587515835289543	3.070944020914397	24	-0.7897302318744279
PLPP5	PLPP5	7.227689293375109e-09	13103.0	0.933515751502749	0.933515751502749	2.13132311697772e-10	9067.0	51.06454883406556	0.08	0.5992810443044491	0.5333212394063251	25	0.6267042872141348
CSRP1	CSRP1	7.652631598924839e-14	13102.0	0.9334662084938441	-0.9334662084938441	0.00023964870977836802	1356.0	7.6320829108933195	0.12	0.47856381745175147	0.688799844799913	25	0.6604275457905128
ICOS	ICOS	0.0691279454927337	13101.0	0.9331969670104431	-0.9331969670104431	0.000283728676282415	16462.0	92.71713416694828	0.6521739130434783	2.128985125350922	1.7477296750512639	23	-0.6841951449416254
UNC80	UNC80	0.0298153934366833	13100.0	0.932995607098492	-0.932995607098492	3.59012498452901e-08	17232.0	97.05418497240058	0.782608695652174	3.495303345278526	3.0164644227709436	23	-0.8494407289664905
PHYHIP	PHYHIP	0.0023088709697323302	13099.0	0.932926336831446	-0.932926336831446	2.521849255166805e-05	16645.0	93.7478877999324	0.6666666666666666	1.8817949616968093	1.1381462961109137	24	-0.8336965362956248
RASEF	RASEF	0.002868763530648	13098.0	0.9324067364507729	0.9324067364507729	1.85806196570028e-08	15260.0	85.94682888363185	0.5833333333333334	1.3363321212367059	0.7404195410485154	24	-0.5455358244785521
CALHM2	CALHM2	1.4624630647356698e-05	13097.0	0.9322517282964979	-0.9322517282964979	0.00117237328755873	9343.0	52.61912808381209	0.16	0.6651883633986045	0.6569461002367162	25	0.4065224906604407
LONRF3	LONRF3	0.00019638657595706798	13096.0	0.932183936807496	-0.932183936807496	9.633948116018515e-06	8141.0	45.84882280049566	0.25	0.9762186765495372	1.536949961387359	24	-0.028650730894512887
GCAT	GCAT	7.545466348936859e-05	13095.0	0.932059392180048	0.932059392180048	0.006502765144622879	3710.0	20.891066801847472	0.12	0.5287247129145988	0.9610781043072378	25	0.419668991997461
ZEB2	ZEB2	2.4253563049439103e-07	13094.0	0.9318964128456079	-0.9318964128456079	0.053268159201506196	8349.0	47.02038977131914	0.20833333333333334	0.9633655151596902	1.5750767922683444	24	-0.01997940828571419
COL4A3	COL4A3	0.0035823535570913296	13093.0	0.931426688603553	-0.931426688603553	0.007237053233508575	5470.0	30.804325785738424	0.25	0.9945447465019533	1.7932487257518563	24	-0.03519760365196231
ARHGDIG	ARHGDIG	0.00562386203903715	13092.0	0.931380182270713	-0.931380182270713	2.9208372551796e-05	12874.0	72.50760392024333	0.4583333333333333	1.4219801404844894	1.245078653987392	24	-0.39403129805704984
ATAT1	ATAT1	2.9252977637474297e-15	13091.0	0.9311155123897339	0.9311155123897339	0.00682933200796441	196.0	1.098344035147009	0.08	0.4168172675877612	0.867548913715522	25	0.5928175768203615
CAND2	CAND2	0.000341591036526438	13090.0	0.9309981114626619	-0.9309981114626619	7.545686433099791e-11	14130.0	79.58206601329277	0.56	1.2427607018763396	1.092644928587621	25	-0.28532836446389725
IL12A	IL12A	0.0323579224533425	13089.0	0.9309066046989558	-0.9309066046989558	0.002476687364773895	15031.0	84.6569787090233	0.5	1.4727598150814076	1.4667144668394867	24	-0.36943333050368743
MMP14	MMP14	0.00134145594380009	13088.0	0.930699098196322	0.930699098196322	0.0002276137104302835	13075.0	73.63974315647178	0.4583333333333333	1.3612832102252401	1.5074824565656433	24	-0.28563125902630915
TM7SF2	TM7SF2	1.14810662591801e-06	13087.0	0.9301906690392131	0.9301906690392131	0.00434823699281788	5713.0	32.173031429537005	0.12	0.8291043851797987	1.4045888856790723	25	0.07196859158581663
POMGNT2	POMGNT2	1.4801299165509999e-08	13086.0	0.929987784349043	-0.929987784349043	3.18170125950428e-05	5932.0	33.4065562690098	0.12	0.6405706955733748	1.0376189519589758	25	0.2789242507851869
ISLR	ISLR	0.0111493408800915	13085.0	0.929984854800369	0.929984854800369	0.00013117983599011078	12738.0	71.7415793623972	0.4166666666666667	1.3783963895268794	1.711176579771126	24	-0.26204866290683254
TNS3	TNS3	3.7385474969451204e-08	13084.0	0.929814923878856	-0.929814923878856	0.000696849373642968	4574.0	25.757575757575758	0.24	0.6203310916507067	0.7400002319994832	25	0.41822126378517877
PPIL1	PPIL1	2.68328398824615e-12	13083.0	0.92946728780999	0.92946728780999	3.15896463950505e-07	6526.0	36.75228117607299	0.12	0.529826823892503	0.6329929340619002	25	0.6313505924197351
ECE2	ECE2	1.6965173014227101e-10	13082.0	0.928956647413328	0.928956647413328	0.00463463827087818	6296.0	35.45679846795088	0.24	0.8761208720673902	1.1565527095479449	25	0.04568384554352855
GPRC5C	GPRC5C	0.00113544282486508	13081.0	0.9287613652830121	0.9287613652830121	0.0142551982240132	7985.0	44.97014757237805	0.16666666666666666	0.789303146805802	1.1787014323162952	24	0.11831513448079663
CADM4	CADM4	1.36449523051245e-06	13080.0	0.928714642743514	0.928714642743514	2.63855329157884e-06	10902.0	61.400247831474594	0.44	1.0456546187823763	1.1025139504282666	25	-0.10606666336823901
HLA.DOB	HLA.DOB	0.00324788322169037	13079.0	0.9284101660929799	0.9284101660929799	0.0269585777377062	7117.0	40.08110848259547	0.16666666666666666	0.9879639190312846	1.5908328363049757	24	-0.037435581903520455
ADGRG1	ADGRG1	0.000174610793184907	13078.0	0.9277644390488421	0.9277644390488421	0.01169251903767855	6808.0	38.340655626900976	0.16666666666666666	0.7224028975763036	1.0803598057221866	24	0.1900862475490383
LINC00668	LINC00668	0.26960964943816396	13077.0	0.927441630770757	-0.927441630770757	0.006359445182657085	11024.0	62.08741692013067	0.4583333333333333	1.7750376448137715	2.2866214353268655	24	-0.3706761429540492
PRSS16	PRSS16	6.26232411328761e-07	13076.0	0.927366377787838	0.927366377787838	0.043229214849972	7053.0	39.720626337726706	0.125	0.6757694288276738	0.7305792204125237	24	0.3443801054430474
LINC00865	LINC00865	0.00383176567542448	13075.0	0.9273107277126991	0.9273107277126991	0.000130599529835213	11036.0	62.155007322293564	0.25	1.2120600189384005	1.7057045769827774	24	-0.16693939564223648
ERP27	ERP27	0.0256669885734745	13074.0	0.927147473779203	0.927147473779203	1.8569805160189515e-08	15807.0	89.02782471555705	0.7083333333333334	2.101793430444479	1.7021564590038507	24	-0.6900928234016227
DNAJA3	DNAJA3	2.24043346101496e-13	13073.0	0.926966708135611	0.926966708135611	0.0210857830832357	204.0	1.1434043032556043	0.08	0.3050889011391131	0.36020710830267855	25	1.7264451274346868
DIXDC1	DIXDC1	1.53127635533587e-10	13072.0	0.9263176398013451	-0.9263176398013451	0.0713387861927707	25.0	0.13518080432578575	0.08	0.34249231895694526	0.4297426379137739	25	1.358546416707997
RFTN1	RFTN1	8.33586483466981e-16	13071.0	0.926142023633498	-0.926142023633498	3.54059859651262e-05	11465.0	64.57136419961698	0.2916666666666667	1.4257142666674547	2.4421234126695754	24	-0.20456469990099962
GPX2	GPX2	0.0318851214190638	13070.0	0.9256110744542401	0.9256110744542401	2.048760067739975e-10	16663.0	93.84927340317674	0.7083333333333334	2.7918468784723296	2.48491007561735	24	-0.7510275008863018
FAM210B	FAM210B	0.000165487661497335	13069.0	0.925241430769897	0.925241430769897	1.9188537410476102e-05	2177.0	12.256392925537906	0.12	0.5519330728542368	0.8303753526353366	25	0.44956579784178685
LURAP1	LURAP1	0.0208365188098002	13068.0	0.9251682861365459	0.9251682861365459	0.00206131203501172	13440.0	75.69561788892644	0.375	1.1907532775651464	1.0223087238285897	24	-0.2597894209823167
DNAH8	DNAH8	0.14828152509634898	13067.0	0.925051060145297	0.925051060145297	1.4136658903908755e-06	13569.0	76.42221471217754	0.4583333333333333	1.3445786187057236	1.1609870858065752	24	-0.3613541991028843
YWHAZ	YWHAZ	2.7255590316103602e-05	13066.0	0.9248478927618399	0.9248478927618399	3.87869063740958e-07	10839.0	61.0453982201194	0.24	0.7159372957289203	0.6211243714115144	25	0.3363426177565165
RHOBTB3	RHOBTB3	7.59484891164922e-07	13065.0	0.924791467535354	0.924791467535354	0.0011044046101650802	3381.0	19.03796327588149	0.12	0.756779792287769	1.2607136916646877	25	0.13326711398345872
TTC29	TTC29	0.0614840540004889	13064.0	0.9246797607783841	-0.9246797607783841	0.005495323107373525	12894.0	72.6202545905148	0.3333333333333333	1.4348273918281806	1.5798955859976676	24	-0.32289958625819576
SLC25A34	SLC25A34	2.7577096861989897e-06	13063.0	0.924335584374173	-0.924335584374173	0.0005595633524659586	6704.0	37.75487214148924	0.16666666666666666	0.7063390258247407	1.102374179209628	24	0.1977518728765307
HDAC4	HDAC4	3.5751856509629605e-11	13062.0	0.924240993301065	-0.924240993301065	2.00622509568311e-16	11164.0	62.87597161203109	0.2	1.0447070265234937	1.3445761412082413	25	-0.0895940583284316
DMPK	DMPK	1.98396810069996e-05	13061.0	0.9240303333163491	-0.9240303333163491	6.66491918649261e-09	12240.0	68.93657767263714	0.4	1.1932642928183794	1.2955701941515754	25	-0.20781117126451218
ARHGAP28	ARHGAP28	0.0106283539749274	13060.0	0.923928238583063	-0.923928238583063	0.0038419500970679897	7531.0	42.41297735721527	0.2	0.6892867179375632	0.5986778215534376	25	0.3919328764119849
GPR171	GPR171	0.0258482361639767	13059.0	0.923790856345461	-0.923790856345461	0.00699383206724762	13781.0	77.6163118170553	0.5	2.0358138225863263	2.219656659570479	24	-0.5009887278945431
FBXL19	FBXL19	3.4898059062394606e-13	13058.0	0.9232268664059541	0.9232268664059541	5.70416526522287e-11	12544.0	70.64886786076377	0.44	1.3196981418831695	1.2121764534014223	25	-0.3270738961845851
BPHL	BPHL	1.2018339627881501e-15	13057.0	0.923054966935875	0.923054966935875	1.65951805609937e-08	3439.0	19.364650219668807	0.08	0.4678344777462931	0.6092132616867696	25	0.7472268215717799
TUSC1	TUSC1	9.016865268398439e-10	13056.0	0.923026756256836	-0.923026756256836	0.000121521809323523	9314.0	52.45578461191844	0.16	0.8831516464601836	1.6959841462753595	25	0.023511487347463805
NMRAL2P	NMRAL2P	0.0687382382880788	13055.0	0.922953212193864	0.922953212193864	1.0901314592347264e-06	14412.0	81.17044046412076	0.5416666666666666	1.4062633505293711	1.2894320809763078	24	-0.374824037237823
XYLB	XYLB	1.24771470209262e-07	13054.0	0.9229214621450931	0.9229214621450931	0.0013587497041601501	5896.0	33.20378506252112	0.20833333333333334	0.601594802281833	0.6619584753668312	24	0.48541815207546596
NATD1	NATD1	7.2262657587444795e-06	13053.0	0.922429470811466	-0.922429470811466	1.65781239012552e-11	11272.0	63.484285231497125	0.12	0.6421270498669414	0.2971194732213194	25	0.9433996967803319
FOXCUT	FOXCUT	0.333839130901166	13052.0	0.9224025248644779	0.9224025248644779	0.17927649998565398	8998.0	50.675904021628924	0.2608695652173913	0.8773165546626464	1.0636901314863654	23	0.0423863763207335
BRCA1	BRCA1	8.55344223083794e-12	13051.0	0.922083495677105	0.922083495677105	0.00025810297798382903	8369.0	47.13304044159062	0.08	0.5873289212531682	0.8252826186375367	25	0.40562416663589124
TMEM147.AS1	TMEM147.AS1	1.3471189525267698e-07	13050.0	0.922036496695665	0.922036496695665	2.12106593283443e-05	7943.0	44.73358116480793	0.24	0.804153925342285	1.306476086384942	25	0.0902294137503615
CT83	CT83	0.707221880056723	13049.0	0.921942944396096	0.921942944396096	1.1160983736358998e-08	15240.0	85.83417821336036	0.6956521739130435	2.2789192423084073	2.0322838662446077	23	-0.6677100184925565
ABCG8	ABCG8	0.382034589588866	13048.0	0.921886402267624	-0.921886402267624	3.0119573915416495e-06	16387.0	92.29469415343021	0.6666666666666666	2.011124500724242	1.5962831416185495	24	-0.682358956289037
BLK	BLK	0.27108916965557395	13047.0	0.9215043484875741	0.9215043484875741	2.674578499656866e-07	16692.0	94.0126168750704	0.6666666666666666	2.305465279404943	2.0951049052237325	24	-0.6605687989497492
TYRP1	TYRP1	0.0180424286392834	13046.0	0.9214468997795209	-0.9214468997795209	6.87816794251747e-07	17023.0	95.87698546806352	0.6956521739130435	2.8698638345837795	2.5826074798830065	23	-0.7544378888318417
HSPA5	HSPA5	1.1521591361716699e-21	13045.0	0.921386955245634	0.921386955245634	1.8881972880690898e-07	8279.0	46.62611242536893	0.08	0.6138405160254891	0.6821495093352046	25	0.4508490221152065
KCTD12	KCTD12	6.233621441209289e-07	13044.0	0.9206624964428359	-0.9206624964428359	2.346968665047015e-06	10585.0	59.61473470767151	0.25	1.041643637951476	1.548502418797627	24	-0.07812783502306624
HS3ST5	HS3ST5	0.125303437735335	13043.0	0.9206545610083531	-0.9206545610083531	0.00951535549642281	12095.0	68.11986031316886	0.375	1.1493037081927036	1.3006630015597977	24	-0.17579430406657753
RAPGEF1	RAPGEF1	4.6597197223563206e-07	13042.0	0.9205958020632371	-0.9205958020632371	8.41856574414206e-11	11976.0	67.44958882505351	0.4	1.001420851478895	0.7801459550383822	25	-0.10360247193960177
ASB11	ASB11	0.0879760243358368	13041.0	0.920542309834182	0.920542309834182	1.9797883854775742e-05	16373.0	92.21583868424017	0.6666666666666666	2.337105170570346	1.8526156553753401	24	-0.7646285707594154
CHGB	CHGB	0.004370591259163829	13040.0	0.920405811402933	0.920405811402933	1.20725914348336e-05	16686.0	93.97882167398896	0.6956521739130435	3.0687483994795994	3.1759160181743273	23	-0.676448172994083
C10orf82	C10orf82	0.0944799389441669	13039.0	0.9201747203683209	-0.9201747203683209	0.002510072115112325	13002.0	73.22856820998085	0.4583333333333333	1.4019444449302174	1.4709391878871891	24	-0.3275252495338678
LRRC63	LRRC63	0.00169890638457518	13038.0	0.919882586015314	-0.919882586015314	0.00011497931912641851	11593.0	65.2923284893545	0.4166666666666667	0.9400672169479999	0.8651665537420362	24	-0.023330341245142768
ANKRD33	ANKRD33	0.40676522218228706	13037.0	0.9198702483163219	-0.9198702483163219	0.00012058283323538999	14595.0	82.20119409710487	0.5416666666666666	1.801718244734617	1.652581788906502	24	-0.5336183675373826
CBX8	CBX8	2.66794393256115e-07	13036.0	0.919505153385682	0.919505153385682	0.00113457832423848	6164.0	34.71330404415906	0.04	0.44530205686120583	0.4257248129038102	25	1.1138723469980578
ELN	ELN	1.3196492075116699e-05	13035.0	0.9192519779068691	-0.9192519779068691	6.771672209587211e-07	16068.0	90.49791596259998	0.75	2.048618917825477	2.0653976622495183	24	-0.5468036303907514
REG1A	REG1A	0.4877679002819289	13034.0	0.9192244711921421	0.9192244711921421	0.000275921989584544	17448.0	98.27081221133265	0.6086956521739131	3.888203253508849	4.299687961365492	23	-0.690510290280186
GALNT1	GALNT1	3.01657851059564e-12	13033.0	0.9190961377163841	0.9190961377163841	2.79329289916461e-05	8094.0	45.58409372535766	0.08	0.5110867294420257	0.49327965747767333	25	0.8271360922537649
CTSK	CTSK	0.0243728294941234	13032.0	0.9190738943010791	0.9190738943010791	0.0226662663859888	10397.0	58.55581840711952	0.375	1.373294485339961	1.9729818084041573	24	-0.23022036447780392
ACP5	ACP5	0.0018422665950816699	13031.0	0.9190034253789949	-0.9190034253789949	0.014610425139823075	10872.0	61.23127182606736	0.4583333333333333	1.4975729514615181	1.8136293838743323	24	-0.3190119939756185
ITGA2	ITGA2	0.000184111032454125	13030.0	0.918991877976784	0.918991877976784	4.294129198130308e-10	14364.0	80.90007885546919	0.5416666666666666	1.1008199944861328	0.7559981698405369	24	-0.2405139638733541
WASF2	WASF2	3.5021120589228305e-14	13029.0	0.918846428198206	-0.918846428198206	6.52775219518223e-05	3347.0	18.84645713641996	0.08	0.44626794224631317	0.4884683227511812	25	0.967470077261525
ARSJ	ARSJ	0.0131408565095077	13028.0	0.918809019584266	0.918809019584266	0.00393070400482793	8394.0	47.273853779429984	0.08333333333333333	0.7452774166082875	1.5055979397375057	24	0.11525759858985522
LINC01010	LINC01010	0.189488006770792	13027.0	0.918740159441095	-0.918740159441095	0.0255112218133774	12519.0	70.50805452292441	0.391304347826087	0.9310647103349562	0.8863312157435813	23	-0.013905130130750953
PDLIM3	PDLIM3	1.27246153183235e-05	13026.0	0.918723032847923	-0.918723032847923	0.00488869001742583	10628.0	59.8569336487552	0.20833333333333334	0.7210965420120616	0.7557371352416539	24	0.26150162751056094
RPL3L	RPL3L	0.17527518917078197	13025.0	0.9185766877819019	0.9185766877819019	1.0295891412988785e-05	16393.0	92.32848935451166	0.7083333333333334	2.170148113359267	1.7747951090340721	24	-0.705192063696034
RCCD1	RCCD1	1.0746694051403401e-14	13024.0	0.91838325950092	0.91838325950092	2.85952565127591e-05	4669.0	26.292666441365327	0.12	0.516010801611385	0.6499095042430997	25	0.6191207472156415
NR2E3	NR2E3	0.13944985169488	13023.0	0.9183423180530809	-0.9183423180530809	0.0034740479412958053	7395.0	41.64695279936915	0.20833333333333334	0.7696578248322857	0.8166187813958358	24	0.18207332063395687
FGL2	FGL2	1.6203716646392e-05	13022.0	0.9182627063586519	-0.9182627063586519	0.00470155889155397	13282.0	74.80567759378168	0.4166666666666667	1.80536464820286	2.8192843666556318	24	-0.3146550069003966
NCF2	NCF2	8.01113767778576e-06	13021.0	0.9182268246323101	-0.9182268246323101	0.0021525129126452698	12571.0	70.80094626563027	0.3333333333333333	1.4195833019444855	1.8562928651438184	24	-0.27008479466053015
PRRX1	PRRX1	0.0225974721544008	13020.0	0.918027682945593	0.918027682945593	0.004913795896570225	11463.0	64.56009913258984	0.25	1.1408179377758076	1.6437491729441	24	-0.13553786581147148
ADORA2A.AS1	ADORA2A.AS1	0.000117475107213321	13019.0	0.917784251885115	-0.917784251885115	8.764931257276391e-05	9532.0	53.683676917877655	0.24	0.8314654318590068	1.0555363373298081	25	0.08177721313173272
PIK3R1	PIK3R1	1.71719607944065e-18	13018.0	0.916585142824384	-0.916585142824384	0.0493718980781346	1411.0	7.941872254139912	0.04	0.3265469303336892	0.36287128482001313	25	1.626026189378303
ZNF484	ZNF484	9.77892670890612e-05	13017.0	0.9164445513629491	0.9164445513629491	6.07759930532857e-07	10110.0	56.93928128872366	0.2	0.6195873616663516	0.36013910294534635	25	0.8242848034795256
LACTB2.AS1	LACTB2.AS1	2.67065430685084e-06	13016.0	0.91607886645931	0.91607886645931	7.901458852620541e-11	13028.0	73.37501408133377	0.4	1.0242728015701514	0.9382436844630176	25	-0.11531538863782892
MMP9	MMP9	0.22058718105192396	13015.0	0.9156816945055022	0.9156816945055022	1.779730012616987e-07	16492.0	92.88611017235552	0.5416666666666666	2.5740577413035215	3.0302470268172397	24	-0.5472742097002772
JARID2.AS1	JARID2.AS1	0.114473224344609	13014.0	0.915667111871583	-0.915667111871583	0.000135332365038604	13088.0	73.71296609214825	0.4583333333333333	1.1039712848453334	0.9047801758059955	24	-0.2081214619960096
ARL6	ARL6	4.78749169930505e-08	13013.0	0.9156319438209541	-0.9156319438209541	6.25913329328387e-07	11353.0	63.94052044609665	0.16	0.7153901481335876	0.5470553238961835	25	0.3660357315622562
MYL2	MYL2	0.377043413933945	13012.0	0.9154747182271551	0.9154747182271551	1.578342685099965e-12	17751.0	99.9774698659457	0.8181818181818182	6.596573258513788	3.9797175662552986	22	-1.427512994504342
OXR1	OXR1	0.0008180305155587599	13011.0	0.9150865819256601	0.9150865819256601	2.18375171033717e-08	11404.0	64.22777965528894	0.28	0.6737502286552067	0.4581666113594647	25	0.5267436502069933
VSNL1	VSNL1	0.000908351844071665	13010.0	0.915075044475384	-0.915075044475384	5.06858337492551e-05	13523.0	76.1631181705531	0.43478260869565216	1.8321820973559286	2.1773596922733813	23	-0.4212014469336452
ALDH1A1	ALDH1A1	0.00027852651778786697	13009.0	0.9148150587302449	-0.9148150587302449	1.863885918711015e-06	12692.0	71.48248282077277	0.375	1.590170793184526	2.2331510354703172	24	-0.30242277558805886
TC2N	TC2N	3.0480494949417798e-05	13008.0	0.9148006911215251	0.9148006911215251	2.1931982155238403e-08	14460.0	81.44080207277233	0.56	1.0150676421112734	0.6204937480002298	25	-0.1615922018761601
CDHR2	CDHR2	0.134340252334187	13007.0	0.914418337162778	0.914418337162778	1.3656172799021696e-08	14965.0	84.2852314971274	0.5416666666666666	1.859742402207018	2.109011655939945	24	-0.44823083949383274
SLCO1C1	SLCO1C1	0.0101625090797915	13006.0	0.914249694104365	-0.914249694104365	9.46627154716162e-05	16496.0	92.90864030640982	0.5217391304347826	2.0260606443358564	1.699164234116977	23	-0.6543281266800429
UBFD1	UBFD1	2.11873353034757e-10	13005.0	0.9138904645344341	0.9138904645344341	0.0021423746782596198	1986.0	11.180579024445194	0.08	0.32311409958289666	0.4452880154726333	25	1.3267286439867043
ZNF254	ZNF254	7.58334791045895e-05	13004.0	0.9135420440344691	0.9135420440344691	0.00507435405191792	7187.0	40.475385828545676	0.08	0.4805294462208258	0.35723882837820115	25	1.212109556453987
GPR161	GPR161	1.30378342263717e-06	13003.0	0.91333273038186	-0.91333273038186	0.00476185420616419	5082.0	28.618902782471555	0.12	0.6907645299264087	1.0072930395857231	25	0.22095675410105942
ZBTB18	ZBTB18	0.00181573456601377	13002.0	0.9132891121605601	0.9132891121605601	0.0210395706882784	815.0	4.584882280049566	0.12	0.5624394431975916	1.0402000596635768	25	0.3372905680051978
LINGO2	LINGO2	0.0728799789936698	13001.0	0.913122204569673	-0.913122204569673	0.05749679773137785	5944.0	33.47414667117269	0.20833333333333334	0.7655731505084048	0.9713511887022215	24	0.1519008323430394
GAREM2	GAREM2	3.99715009249039e-06	13000.0	0.9127952820223699	0.9127952820223699	1.707547421114135e-10	13387.0	75.397093612707	0.375	1.261124560478909	1.609092472435148	24	-0.21647561244841876
B3GAT1	B3GAT1	0.0785497086491534	12999.0	0.9127245996130219	0.9127245996130219	5.1425364157094815e-06	15096.0	85.02309338740565	0.5416666666666666	1.705645394157651	1.9544884054633964	24	-0.40569224781695895
IL6R	IL6R	2.0205012563745102e-05	12998.0	0.9124864774665681	-0.9124864774665681	5.1568155074266794e-05	6021.0	33.90785175171792	0.12	0.7354146209368879	1.0955681724485922	25	0.1616255938997616
SEC14L5	SEC14L5	0.0733742790962195	12997.0	0.9124129949457859	0.9124129949457859	1.4397551721542214e-05	14327.0	80.69167511546694	0.5	1.4610110217328671	1.7064012824202972	24	-0.3214941482046766
DNAH11	DNAH11	0.00392349447546905	12996.0	0.9122485331525358	0.9122485331525358	7.55604707092877e-08	7365.0	41.47797679396192	0.16666666666666666	0.7169919707035802	0.8910868401816922	24	0.2191218113030857
LINC00330	LINC00330	0.351897661335351	12995.0	0.912227638142392	0.912227638142392	0.00557982277757282	13424.0	75.60549735270925	0.4166666666666667	1.4530828053123364	1.5332644080690325	24	-0.3527474872067814
LINC00319	LINC00319	0.00933896138992094	12994.0	0.911608256087565	0.911608256087565	0.011148607011561775	11248.0	63.34910442717133	0.25	0.8408409425583061	0.8343072025606736	24	0.08482165000141237
RLBP1	RLBP1	0.0313006989779417	12993.0	0.911184357208182	-0.911184357208182	3.9340874262665646e-05	17315.0	97.52168525402726	0.625	2.763353833390731	2.057964671733959	24	-0.9000006179027286
RUNX1T1	RUNX1T1	0.00150565516630435	12992.0	0.910770579159044	-0.910770579159044	8.30055904170808e-05	13267.0	74.72118959107806	0.4166666666666667	1.1998348233765572	1.134600048610317	24	-0.25477193004844784
CPLX1	CPLX1	0.000348069272323954	12991.0	0.9103724218394359	-0.9103724218394359	2.9846937878413998e-06	15281.0	86.06511208741692	0.5833333333333334	1.4476219704663522	1.1333090163454527	24	-0.4740538907555582
CPLX2	CPLX2	0.0671511018268682	12990.0	0.9102222667028779	-0.9102222667028779	2.312835704760995e-05	16552.0	93.22406218316998	0.6666666666666666	2.7309218258655643	2.7117483595302803	24	-0.6714116937745882
ZAP70	ZAP70	0.0204053009856888	12989.0	0.9101618886487891	-0.9101618886487891	3.966441013547848e-06	15021.0	84.60065337388757	0.5	2.3416243993267107	2.7426268784577457	24	-0.5219311901015395
RGS18	RGS18	8.92725008795095e-05	12988.0	0.9101528484375849	-0.9101528484375849	0.0355168087915457	15389.0	86.67342570688295	0.5	2.4666900000566794	2.8754525368614408	24	-0.5413190208029155
LRRC2	LRRC2	0.0050982794071834205	12987.0	0.9099855367475401	-0.9099855367475401	1.4067407265827099e-05	10757.0	60.5835304720063	0.3333333333333333	1.277205828610327	1.465891211786419	24	-0.25050992113887577
EPHA7	EPHA7	0.166539430852692	12986.0	0.9098622910867141	0.9098622910867141	0.003991939686753835	8183.0	46.085389208065784	0.20833333333333334	0.9710126208224973	1.1716108987512734	24	-0.052193377341366844
AIFM1	AIFM1	8.11711677822645e-21	12985.0	0.9097875042426109	0.9097875042426109	7.1424346385079e-07	7124.0	40.12053621719049	0.08	0.47353340379774705	0.41284713480062135	25	1.0566964468714226
SCARA3	SCARA3	0.000222549172341746	12984.0	0.909700242285552	-0.909700242285552	0.00031078595585549247	8305.0	46.77255829672186	0.20833333333333334	0.9979213006646823	1.537214365892066	24	-0.05739021202025681
ITGB2.AS1	ITGB2.AS1	0.0100087267616165	12983.0	0.9096085633901508	0.9096085633901508	0.0002913675919298065	11628.0	65.48946716232962	0.3333333333333333	1.0988198106925757	1.4115180515743453	24	-0.1340480535062141
BOP1	BOP1	7.042919132044749e-06	12982.0	0.909446634154054	0.909446634154054	1.2555501550005e-07	8663.0	48.7890052945815	0.24	0.6983619842664893	0.750056829266863	25	0.2814248756242746
MXD4	MXD4	5.99702699076571e-11	12981.0	0.9090127450982649	-0.9090127450982649	1.03693424896569e-07	10102.0	56.89422102061507	0.2	0.7459835471889	0.5840984549590774	25	0.2791125306448326
AMPH	AMPH	0.0577737170255516	12980.0	0.9089682117650741	0.9089682117650741	0.002459210183968885	13094.0	73.7467612932297	0.3333333333333333	1.3525649279369292	1.5394836511121768	24	-0.28814642874017227
SDHAF3	SDHAF3	5.74908027973569e-05	12979.0	0.9089571419414308	0.9089571419414308	1.0243858399289301e-08	10213.0	57.519432240621825	0.2	0.8280900554007282	1.0431709411019232	25	0.07752045552120253
MYH16	MYH16	0.0485816806953997	12978.0	0.9088153871704949	0.9088153871704949	0.002946652739723215	12481.0	70.29401824940858	0.375	1.0712791027389483	0.8287624391065574	24	-0.19603170691904964
ANO1	ANO1	0.00112146038725882	12977.0	0.9080557146067729	-0.9080557146067729	0.0778751716081085	10566.0	59.507716570913594	0.20833333333333334	0.9776045341856042	1.5060074549288207	24	-0.046180926496222706
CXCR4	CXCR4	0.00796334724521449	12976.0	0.908023270044184	-0.908023270044184	2.8652520750685313e-05	13578.0	76.4729075137997	0.4583333333333333	1.431174047018543	1.8045311352238107	24	-0.28990953204554937
TLE2	TLE2	2.68477414040411e-07	12975.0	0.9074551827659141	-0.9074551827659141	0.000104480405786796	12406.0	69.8715782358905	0.36	0.9811816635544655	0.7916470113190228	25	-0.09313049848531622
ZNF219	ZNF219	8.45780497634415e-08	12974.0	0.907427046423552	-0.907427046423552	6.98700243018735e-13	13959.0	78.61890278247155	0.52	1.2407390596346344	1.136069939819586	25	-0.2933903992425098
TBX20	TBX20	0.402085087115948	12973.0	0.9072743838673509	0.9072743838673509	0.00120550209526183	13323.0	75.03661146783823	0.4166666666666667	1.2205423441013636	1.125688690173075	24	-0.27829004854428063
DDAH2	DDAH2	4.52763663055602e-17	12972.0	0.9066909314222901	-0.9066909314222901	6.78976685203992e-07	7635.0	42.99876084262701	0.08	0.6949162605036302	0.9221709264862731	25	0.22964795878523311
BRCC3	BRCC3	2.16864515476017e-17	12971.0	0.9066210180381671	0.9066210180381671	2.1214702704403602e-09	12216.0	68.80139686831136	0.32	0.7262521027254866	0.4396044149637211	25	0.4102982344423581
IL4I1	IL4I1	0.0323155794360551	12970.0	0.906208644362967	0.906208644362967	0.00234751542408027	10377.0	58.44316773684803	0.16	0.7998249634948813	0.9056324169188871	25	0.11746894090874173
FMNL1	FMNL1	5.0211816284063297e-05	12969.0	0.906107041726359	-0.906107041726359	1.376464471894189e-08	13695.0	77.1319139348879	0.4583333333333333	1.2224904852054899	1.265936859072563	24	-0.24992039785532136
USH2A	USH2A	0.0417060978773825	12968.0	0.905992483444252	0.905992483444252	0.0003648050523858835	10932.0	61.569223836881825	0.2916666666666667	1.0172701754058224	1.0683795345911953	24	-0.1041555817560187
FOXN1	FOXN1	0.00761277930073358	12967.0	0.9059029073051651	0.9059029073051651	8.468319076693919e-06	15472.0	87.14092598850962	0.6521739130434783	1.7887608643305193	1.3917579997054588	23	-0.6343473198732794
OLAH	OLAH	0.10537185679527802	12966.0	0.9055766659113051	-0.9055766659113051	0.00662978171796565	12871.0	72.4907063197026	0.375	1.6736785947533024	1.8958363827835945	24	-0.40515201407529605
RAD51B	RAD51B	8.18276782374197e-06	12965.0	0.9055274055270942	0.9055274055270942	4.3782159496480205e-08	8773.0	49.408583981074685	0.08	0.6631440689980238	0.5706619018772042	25	0.4247407015112545
DNAH2	DNAH2	0.0244023200128022	12964.0	0.9054338473448259	0.9054338473448259	0.02798407239027888	11206.0	63.11253801960121	0.20833333333333334	0.7491601197361368	0.6972285395511066	24	0.224135586459645
TSC22D3	TSC22D3	0.00126715071672105	12963.0	0.905182561688838	-0.905182561688838	0.0016618873605138453	8368.0	47.127407908077046	0.125	1.0584400013486117	2.0860862127148576	24	-0.07346649372670107
SLC25A47	SLC25A47	0.204791319986644	12962.0	0.9051283628835659	-0.9051283628835659	4.623282967474765e-06	17289.0	97.37523938267432	0.6818181818181818	3.1059928468175673	2.084400361209428	22	-1.055874161649539
STAU2.AS1	STAU2.AS1	0.0555781601935416	12961.0	0.905106050392279	0.905106050392279	0.00254417497653221	12034.0	67.77627576884082	0.375	0.916632144019252	0.6547818600581871	24	-0.017602951960136348
DUBR	DUBR	1.9054838426970899e-07	12960.0	0.9049694233079549	-0.9049694233079549	1.72361079474875e-05	6879.0	38.74056550636476	0.16	0.6191155445738332	0.8174925726859282	25	0.3496715300971226
GAPDHS	GAPDHS	7.41512557205033e-07	12959.0	0.9047911395914771	0.9047911395914771	2.07688569299817e-06	11975.0	67.44395629153993	0.32	1.0327062313645698	1.304186485560992	25	-0.0980803690187531
KCNE2	KCNE2	0.106287436312239	12958.0	0.9045999084028981	0.9045999084028981	0.013680416296345504	12676.0	71.39236228455559	0.4166666666666667	1.5152021342448456	1.7568186054190822	24	-0.3475613384093748
FOXH1	FOXH1	9.98850710682423e-06	12957.0	0.90455301881436	0.90455301881436	1.5369427446028698e-05	9740.0	54.85524388870113	0.28	0.7138092570741545	0.6709982576869405	25	0.2842686393817709
SMIM6	SMIM6	0.00796831458914973	12956.0	0.904463340420652	0.904463340420652	0.003825354062306161	13215.0	74.4282978483722	0.4166666666666667	1.063784223467706	0.7544834835462456	24	-0.2111655013284177
HS3ST4	HS3ST4	0.0318563586952174	12955.0	0.9044520910843951	0.9044520910843951	0.00014469712681928	14868.0	83.73887574631068	0.5833333333333334	1.7034081437226867	1.7961240981836921	24	-0.44482230011068047
NFKBIZ	NFKBIZ	0.000897521852734976	12954.0	0.90441323803016	-0.90441323803016	0.00016052580830813	10813.0	60.89895234876647	0.08	0.695385574485864	0.615987699886609	25	0.3393373984298288
LINC01405	LINC01405	0.636807627359584	12953.0	0.9041782540902809	0.9041782540902809	0.000423840509588682	17346.0	97.69629379294807	0.6086956521739131	2.2786886922695806	1.4201623984322642	23	-0.9678544085497827
FOXP3	FOXP3	0.0304185135479023	12952.0	0.903899446486566	0.903899446486566	0.0005277287411227715	11844.0	66.70609440126168	0.25	1.091523302140707	1.6093518974350167	24	-0.1165834867769912
ISCA2	ISCA2	1.45197528563394e-53	12951.0	0.9036576537564049	0.9036576537564049	3.8770377500295295e-05	718.0	4.038526529232849	0.04	0.3186982768660179	0.3596530562782132	25	1.62645462530947
BSPRY	BSPRY	0.00015412138553536398	12950.0	0.9030343045482769	0.9030343045482769	0.0005128716428410935	12137.0	68.35642672073898	0.3333333333333333	1.0823865016316891	1.0412023905538321	24	-0.17225488407495101
TRPC2	TRPC2	0.121105387794437	12949.0	0.902868258730537	0.902868258730537	1.0606858301511122e-05	14453.0	81.4013743381773	0.6666666666666666	1.5422943932251991	1.4332402271081013	24	-0.4461402369265441
FNDC9	FNDC9	0.118479178791341	12948.0	0.902768940473515	0.902768940473515	0.00017668920503093437	14545.0	81.91956742142615	0.5833333333333334	1.578340120996132	1.4344285566742154	24	-0.4709688589084967
CYB5D1	CYB5D1	9.6860029685556e-06	12947.0	0.9024780808463679	-0.9024780808463679	5.48939614254407e-06	5463.0	30.764898051143405	0.12	0.5140231799303016	0.6723971577950932	25	0.5777164528622895
TSC22D1	TSC22D1	1.3311195050082301e-13	12946.0	0.9023388723999358	-0.9023388723999358	7.61093428457072e-06	2764.0	15.562690098006081	0.08	0.4615158991487586	0.39736961293157663	25	1.109352499299142
IGSF11	IGSF11	0.0165770413199198	12945.0	0.901936814184892	0.901936814184892	0.00046404269804035096	12358.0	69.60121662723893	0.4583333333333333	1.2826236855612256	1.3201801660275314	24	-0.2883597869235029
CCND3	CCND3	3.37926496182741e-06	12944.0	0.9017930871484201	-0.9017930871484201	1.69293073828051e-05	7587.0	42.72839923397544	0.08	0.4871412823408157	0.3835373306308154	25	1.0811250214564878
CDKN2B	CDKN2B	0.0118772745542109	12943.0	0.901713641488032	-0.901713641488032	0.00280304519556221	9797.0	55.17629829897488	0.16	0.6527317050191809	0.5602846659807961	25	0.44438470582270956
NRG1	NRG1	0.00426167391025516	12942.0	0.9012241057032501	-0.9012241057032501	0.0006900744183978645	10391.0	58.52202320603807	0.375	1.0026636314487536	1.518400504962958	24	-0.06680683088153884
SLC16A11	SLC16A11	0.0025279569595502397	12941.0	0.9008805804401441	-0.9008805804401441	4.03973889565973e-06	14441.0	81.33378393601441	0.625	1.3409829022495685	1.2019903862073187	24	-0.36614462716136553
FAM186B	FAM186B	4.77197110342696e-10	12940.0	0.900836858259513	0.900836858259513	0.0020587502388861346	6752.0	38.025233750140806	0.16666666666666666	0.692301221257118	1.0656321874751957	24	0.19569194648340985
ADAMTS19	ADAMTS19	0.0879066051318226	12939.0	0.9007590200673249	-0.9007590200673249	7.49940045410471e-06	14740.0	83.01791145657316	0.5416666666666666	1.5817584612606153	1.6266790251894176	24	-0.4186440168268548
LDOC1	LDOC1	1.61635316973852e-05	12938.0	0.90068114070934	0.90068114070934	0.0644863974373416	973.0	5.474822575194323	0.16	0.7460487290518715	1.3799755085048973	25	0.1120544608976441
CDA	CDA	0.0445896682995786	12937.0	0.9003529901510819	-0.9003529901510819	0.0280969369976149	9109.0	51.301115241635685	0.25	0.8353213779290548	1.06420676234039	24	0.06110806144382173
GCH1	GCH1	0.000272663320950219	12936.0	0.9003387979088491	-0.9003387979088491	0.004906896502654999	5389.0	30.348090571138897	0.12	0.6399418216684692	0.7798936769138158	25	0.33388779002648034
CRYZ	CRYZ	0.00204878283091239	12935.0	0.900325712836902	0.900325712836902	2.72569869292067e-06	9362.0	52.72614622057001	0.08	0.6960514809618803	0.739549809756347	25	0.27621429845587026
MIR7515HG	MIR7515HG	0.470137071480508	12934.0	0.9002684029900301	-0.9002684029900301	0.001337414386413478	15238.0	85.82291314633322	0.5	1.5607866485567221	1.3781276671320846	24	-0.479286688250912
ZHX3	ZHX3	2.62239560780383e-14	12933.0	0.9002615008033459	-0.9002615008033459	0.0038714216341613297	542.0	3.0472006308437534	0.04	0.3677277779681122	0.407332608959427	25	1.3073682566088822
TGFBI	TGFBI	0.00838297452653097	12932.0	0.900238382041843	0.900238382041843	3.979198133854641e-05	11434.0	64.39675566069617	0.375	1.4229662302569832	2.21311624830449	24	-0.23619538676091317
RGS20	RGS20	0.077746350627129	12931.0	0.90010769622015	0.90010769622015	0.00019152913961418769	10245.0	57.69967331305621	0.2916666666666667	1.3266638535515751	1.8217088251500593	24	-0.23415166652458222
GNA11	GNA11	6.96908061425928e-13	12930.0	0.899880563511357	-0.899880563511357	0.000362050950113677	10918.0	61.49036836769179	0.16	0.6409129881990694	0.4525346779139724	25	0.5722601779515288
SGO1	SGO1	0.000948821086793662	12929.0	0.8998597117179421	0.8998597117179421	0.000477536673039712	9919.0	55.863467387630955	0.24	0.7791148604722359	0.8495166804524334	25	0.14213358492431277
C1orf131	C1orf131	5.3209745564434695e-14	12928.0	0.8998289395796091	0.8998289395796091	1.1255982425991199e-10	9508.0	53.54849611355187	0.12	0.6811887751777702	0.5608911526525601	25	0.3898085455045035
ANKRD45	ANKRD45	0.0696061201651858	12927.0	0.899800657931104	0.899800657931104	0.00686974140827803	12681.0	71.42052495212346	0.34782608695652173	1.2728098574420064	1.3787587602185425	23	-0.27053985822130183
ZFP42	ZFP42	0.26573686039876504	12926.0	0.899734808179169	-0.899734808179169	0.0049355910502818	14284.0	80.44947617438324	0.5217391304347826	1.6394869786430175	1.5773761359497833	23	-0.4689763928870539
RNF125	RNF125	2.2488569037883e-05	12925.0	0.89955973459591	-0.89955973459591	0.0010667234439308405	10253.0	57.7447335811648	0.25	0.7862963262773346	0.9279559707692058	24	0.12205687757436222
JADE1	JADE1	1.3199568731342299e-14	12924.0	0.899543124627167	-0.899543124627167	1.7852114430481602e-06	1878.0	10.57226540497916	0.12	0.5653968815588748	0.7460805421702111	25	0.4478688615793708
VAT1	VAT1	6.00984447235903e-13	12923.0	0.899505324925673	-0.899505324925673	3.48968720718042e-07	8597.0	48.417258082685585	0.12	0.49246383219884365	0.42900702680652847	25	0.9487991275033241
GPR35	GPR35	0.0541270027674322	12922.0	0.899049777825522	0.899049777825522	0.00015749241961614	11150.0	62.79711614284105	0.375	1.2029401104421764	1.4994636199943303	24	-0.20266602574712916
MYO15B	MYO15B	1.4737223172666e-09	12921.0	0.8986793915195691	-0.8986793915195691	1.215275540804895e-09	14483.0	81.57035034358454	0.5416666666666666	1.3511608943228504	1.4618411721033702	24	-0.3095284983335284
MYLK2	MYLK2	0.23329521023183	12920.0	0.8983985003699342	0.8983985003699342	5.98432683156452e-07	17240.0	97.09924524050918	0.7083333333333334	2.292593257909206	1.7083606964119675	24	-0.8161009325884566
ALPP	ALPP	0.10027819667559501	12919.0	0.8983721379194659	-0.8983721379194659	0.000380512673864143	16310.0	91.86098907288498	0.625	1.9832911285014043	1.5173419458253132	24	-0.7150128509706681
NIPSNAP1	NIPSNAP1	4.6774056783494595e-14	12918.0	0.8980308842152651	0.8980308842152651	1.1264190702091301e-05	4849.0	27.30652247380872	0.12	0.46645156111574293	0.4523559645610406	25	0.9540701503036889
VAMP2	VAMP2	1.7416859097906498e-18	12917.0	0.8978906863396551	-0.8978906863396551	2.5556003082369598e-08	9526.0	53.64988171679621	0.24	0.8469106209660662	0.8866057517190119	25	0.05750026466075284
ITGAV	ITGAV	0.000357881227338747	12916.0	0.897800706025535	0.897800706025535	6.52427842118117e-07	9849.0	55.46919004168075	0.12	0.6086942601257944	0.34327181979310234	25	0.8422085042517953
NPR2	NPR2	2.95241633993485e-09	12915.0	0.8972993833433258	-0.8972993833433258	5.62288062245495e-05	9601.0	54.07232173031429	0.16	0.9618077053047307	1.521818696177242	25	-0.04238896665118364
ADAMTS17	ADAMTS17	1.3023362181257399e-08	12914.0	0.8972944925130649	-0.8972944925130649	1.8902934141213282e-08	11819.0	66.56528106342232	0.16666666666666666	0.8643378222878143	0.9842394196571826	24	0.033484403862557806
THRA	THRA	3.4641040473105295e-09	12913.0	0.897033003803037	-0.897033003803037	1.58043991237826e-10	10761.0	60.6060606060606	0.16	0.7219570436386208	0.6065085861499978	25	0.2886619648301525
TUBB2B	TUBB2B	0.00507195507493823	12912.0	0.8970327789116949	0.8970327789116949	5.39918357848491e-15	14936.0	84.12188802523374	0.48	1.438453092254285	1.6391137998976912	25	-0.3303128271974674
KISS1	KISS1	0.0290030489709495	12911.0	0.896786295525582	0.896786295525582	3.53775542002244e-07	17705.0	99.71837332432128	0.8260869565217391	3.8648473840654716	2.440685758503225	23	-1.2160767022953758
FAM215A	FAM215A	0.165506509893693	12910.0	0.89658923507598	0.89658923507598	0.06309512053390835	9930.0	55.92542525628027	0.25	0.8514548391724949	0.8228627677865518	24	0.054850453405364
SNX29P1	SNX29P1	0.000531635625837631	12909.0	0.8965755617279351	0.8965755617279351	7.352057454929985e-06	16025.0	90.25571702151628	0.625	1.8284264902169578	1.6779499177806085	24	-0.5553508591731771
SSH2	SSH2	1.9647080567896402e-14	12908.0	0.896380080256928	-0.896380080256928	0.0203317300526501	2982.0	16.790582403965303	0.12	0.5387835546180898	0.8064213076361548	25	0.4434363554790647
HMBS	HMBS	1.0566985274637199e-13	12907.0	0.8960141789043091	0.8960141789043091	0.000315624871080573	6774.0	38.149149487439445	0.2	0.5966454631290009	0.7239731381019485	25	0.4135080433511218
KDR	KDR	0.000107630862547313	12906.0	0.8958665870840451	-0.8958665870840451	1.5825879618631498e-11	15486.0	87.21978145769967	0.6666666666666666	2.4664669515824356	4.573684621526844	24	-0.34339935838734614
CHN1	CHN1	1.7717044081074902e-09	12905.0	0.8957086901309499	-0.8957086901309499	0.0008611861211083	8853.0	49.85918666216064	0.12	0.8802861027809255	1.4424955379384936	25	0.01069160142572451
CYP1B1.AS1	CYP1B1.AS1	0.0247108507147264	12904.0	0.895697351159066	0.895697351159066	0.001164758713343738	5786.0	32.584206376027936	0.08333333333333333	0.7134572248370022	1.2598057798412763	24	0.1446573188011761
RHNO1	RHNO1	1.46794623997996e-14	12903.0	0.895532828317654	0.895532828317654	0.000695118807569397	2472.0	13.917990312042356	0.08	0.4238746088597846	0.49837551562148574	25	0.9463912344684524
HPGD	HPGD	0.0668812715913195	12902.0	0.8953738716335801	-0.8953738716335801	8.500097166550226e-05	12152.0	68.4409147234426	0.2916666666666667	1.0692365798353576	1.0832821896562244	24	-0.16049623067923993
PRG2	PRG2	0.043433440408073	12901.0	0.8953408602008491	0.8953408602008491	0.00317708005776895	16631.0	93.66903233074237	0.7083333333333334	3.408147223323915	3.589892136335137	24	-0.6999670930749327
NREP	NREP	8.5139481046477e-06	12900.0	0.8952466206535991	0.8952466206535991	0.029149689316672996	3413.0	19.218204348315872	0.24	0.759485632340656	1.239534885712296	25	0.10952575024536584
AQP11	AQP11	3.83042831419054e-07	12899.0	0.8950477749362241	0.8950477749362241	0.000649204266508019	6473.0	36.45375689985355	0.12	0.5601600719519338	0.6588312020864553	25	0.5083057722884602
TP53INP2	TP53INP2	3.37945880456138e-08	12898.0	0.8949126847492019	-0.8949126847492019	0.000620925693895469	6301.0	35.48496113551875	0.08	0.7147844820138215	1.216901842870823	25	0.1480219656093507
POLR3H	POLR3H	7.37111869043342e-08	12897.0	0.8948783950312661	-0.8948783950312661	0.00657313949536344	1724.0	9.7048552438887	0.08	0.3980145117097942	0.5640540281959624	25	0.8808799485230386
LINC00664	LINC00664	0.11110665298254901	12896.0	0.8946817160624979	0.8946817160624979	8.093208547324359e-05	10911.0	61.450940633096764	0.3333333333333333	1.1951550268622417	1.5618014018389732	24	-0.19238893654849185
PLCXD1	PLCXD1	0.0131167021249929	12895.0	0.8943555392261758	0.8943555392261758	1.04764058342842e-12	11636.0	65.5345274304382	0.16	0.7313195343046753	0.5157420298668847	25	0.31611929119598964
SLC39A12	SLC39A12	0.14363219388650597	12894.0	0.8940516560391	-0.8940516560391	0.000453711591127472	16138.0	90.89219330855018	0.6086956521739131	1.875095250834906	1.6403931745767302	23	-0.5980539360930615
XK	XK	0.0348167498704962	12893.0	0.8939904286105459	0.8939904286105459	0.014902512467934451	1750.0	9.851301115241634	0.20833333333333334	0.9654386372222964	1.822327203288332	24	-0.03920712399113861
ZNF680	ZNF680	0.000156540223973613	12892.0	0.8935969908345991	0.8935969908345991	2.59914367997191e-07	11196.0	63.05621268446547	0.12	0.6358384956279366	0.3372798809622661	25	0.7642273072181848
NPPC	NPPC	0.32788614890920503	12891.0	0.893393027316021	0.893393027316021	0.0016690559115196517	12572.0	70.80657879914385	0.375	1.6378490770075957	1.930442915006142	24	-0.38564002276607395
TMEM108	TMEM108	0.00876906754078145	12890.0	0.8932935114469741	-0.8932935114469741	0.0019908055936890302	11297.0	63.62509856933648	0.25	0.9577424781761629	1.3015045826072702	24	-0.049518816599231505
RPA4	RPA4	0.116171480896634	12889.0	0.8931386096224458	-0.8931386096224458	0.037021801895068845	9275.0	52.23611580488903	0.25	0.6790359828341944	0.6026291086230843	24	0.3552809244104443
GORAB	GORAB	6.66486175187661e-09	12888.0	0.893024981069302	0.893024981069302	9.6716952391099e-06	9720.0	54.74259321842965	0.04	0.5363322889994219	0.3267169971604082	25	1.0917481954413126
ADCY1	ADCY1	0.0128158779236256	12887.0	0.8928735832407829	-0.8928735832407829	4.612770005636055e-08	10840.0	61.05103075363298	0.3333333333333333	1.1669930001408033	1.5688810351234481	24	-0.17472288259157343
RBMS3.AS3	RBMS3.AS3	0.0432369579555693	12886.0	0.8928004594240871	-0.8928004594240871	0.00147123907875647	12693.0	71.48811535428635	0.21739130434782608	0.9702292572174223	0.9198320389186804	23	-0.08417710464223171
PPFIBP2	PPFIBP2	7.41857341916138e-07	12885.0	0.892601732144688	0.892601732144688	0.00843145123489852	4318.0	24.31564717810071	0.08	0.5859831099004311	0.7935418483528535	25	0.38639250454239044
ACTL6B	ACTL6B	0.42153252671550395	12884.0	0.892362032305284	0.892362032305284	3.334798637749695e-05	15931.0	89.72625887124028	0.625	2.372108000018889	2.058201395504719	24	-0.7189510078777965
IGF1	IGF1	0.0392572084109347	12883.0	0.8922633654593679	0.8922633654593679	0.00450169136897312	11596.0	65.30922608989523	0.375	1.34090580037142	1.8372583881340958	24	-0.244191256825715
CLIP2	CLIP2	2.4091821970357103e-06	12882.0	0.892180761704748	-0.892180761704748	1.81831935602694e-10	12493.0	70.36160865157147	0.4	1.1905087057341759	1.153898570330651	25	-0.2585391400077232
CACNA2D3	CACNA2D3	9.615629845678059e-05	12881.0	0.891726126408508	-0.891726126408508	0.00375098556705017	6772.0	38.1378844204123	0.20833333333333334	0.6854260165413057	0.8105732734465093	24	0.25451136451862827
HMCN2	HMCN2	0.0105142272004505	12880.0	0.891191931815152	-0.891191931815152	1.7574049199624599e-06	16778.0	94.4970147572378	0.7391304347826086	2.601023651836796	2.4346498890729484	23	-0.702290595331842
ZMYM1	ZMYM1	3.5015616853385903e-06	12879.0	0.8910045701994599	0.8910045701994599	4.41705521048908e-06	9900.0	55.75644925087304	0.04	0.626410569774534	0.514081413025756	25	0.5146927971341952
RBM24	RBM24	0.00536685437587525	12878.0	0.890736471368895	-0.890736471368895	0.003912503505631625	10684.0	60.17235552551537	0.2916666666666667	0.898630379283528	0.9359455920322972	24	-0.008434152563817576
SAMHD1	SAMHD1	3.6895790139566295e-08	12877.0	0.890488357733787	-0.890488357733787	0.0566275349968657	1401.0	7.8855469190041685	0.12	0.5148703986898778	0.9431362311544974	25	0.3982647963636319
SLITRK4	SLITRK4	0.139611176795879	12876.0	0.8902609505188771	0.8902609505188771	0.15659986922032545	2581.0	14.531936465021966	0.25	0.9289629525186848	1.668698033925491	24	-0.023192933180824823
CD160	CD160	6.51635295080537e-09	12875.0	0.8902552018485309	-0.8902552018485309	0.00178867797181543	12319.0	69.38154782020952	0.2916666666666667	1.3229879567878535	2.0053192553557304	24	-0.21579244989724028
KIAA1614	KIAA1614	4.79242669139941e-08	12874.0	0.8898202238455358	-0.8898202238455358	2.3901215443917003e-08	7812.0	43.99571927452968	0.12	0.5839981532785177	0.3940740267145176	25	0.7760523400050606
ABI3	ABI3	0.00160517984237403	12873.0	0.889259050769833	-0.889259050769833	3.74915429334182e-05	14266.0	80.3480905711389	0.5	1.5272431313931811	1.6970923780531588	24	-0.3759277272550241
UCN2	UCN2	0.25057535790236896	12872.0	0.889105654361838	0.889105654361838	0.00753945737657849	11374.0	64.05880364988171	0.4166666666666667	1.3529761909368918	1.472196479022845	24	-0.31508738350124504
LAIR2	LAIR2	0.0530347704819145	12871.0	0.888986788956873	-0.888986788956873	0.0002468070672804775	13596.0	76.57429311704404	0.4166666666666667	1.5766165189112078	1.6182960945028495	24	-0.424909713550028
C4orf47	C4orf47	0.00412523597256246	12870.0	0.8888793483652009	0.8888793483652009	0.00036634154632153354	11626.0	65.47820209530246	0.2916666666666667	0.9719323173773592	0.789612590366248	24	-0.10518192088811
ZNF81	ZNF81	2.46542945919168e-09	12869.0	0.8886371455150941	0.8886371455150941	0.0101152559923706	2762.0	15.551425030978933	0.04	0.45429856921905104	0.7680603032726829	25	0.5655006181745611
MAP2K3	MAP2K3	2.5889891145472897e-05	12868.0	0.888316950612167	-0.888316950612167	1.0563486097141199e-05	5157.0	29.041342795989635	0.16	0.6200220066862309	0.634125930350086	25	0.4230941065252083
TMEM161B.AS1	TMEM161B.AS1	2.9351677633615604e-07	12867.0	0.887993545432859	0.887993545432859	2.66738967047187e-07	9631.0	54.241297735721524	0.04	0.496930020167192	0.2834216040388638	25	1.379794340631997
RARA	RARA	1.42271538742924e-14	12866.0	0.8878514752409291	-0.8878514752409291	2.26715564119657e-12	13213.0	74.41703278134504	0.48	1.1750454437544844	0.846804850102641	25	-0.33915012234370717
ANO6	ANO6	8.38509787526253e-12	12865.0	0.887839736983407	-0.887839736983407	0.020724873342827	1934.0	10.887687281739325	0.04	0.31045365723288176	0.2957141440452052	25	1.9525142485652005
RBP1	RBP1	8.2010842385837e-05	12864.0	0.8877113387334471	-0.8877113387334471	0.009372619677376966	10933.0	61.5748563703954	0.20833333333333334	0.9659643103439861	1.2658115438125694	24	-0.06182039656143794
GNPNAT1	GNPNAT1	1.3929134995814198e-08	12863.0	0.887622692858108	0.887622692858108	2.9995559260936e-11	12353.0	69.57305395967106	0.16	0.7113324150458911	0.3918609448892091	25	0.44987968337099665
UCP1	UCP1	0.412964037521853	12862.0	0.8875326621510491	-0.8875326621510491	0.00011148808710686599	14963.0	84.27396643010026	0.5652173913043478	1.71394448024175	1.648261817909729	23	-0.5013838269570117
TIPARP	TIPARP	0.0038793970952565398	12861.0	0.887374453244396	-0.887374453244396	4.49733299679618e-07	5660.0	31.874507153317563	0.12	0.719650102136763	1.003886936761492	25	0.1670749413760743
CXCR6	CXCR6	0.0871940432898067	12860.0	0.8872721825840959	-0.8872721825840959	0.004762781077784425	12764.0	71.88802523375014	0.375	1.3294707068350362	1.7083380438886195	24	-0.2588472028898812
CYTL1	CYTL1	0.0233614232966886	12859.0	0.887087995021779	-0.887087995021779	1.506789222741255e-05	15083.0	84.94987045172918	0.5833333333333334	1.954274619452751	2.3568739302506936	24	-0.4527975004235625
KDM5B	KDM5B	3.9780207382737704e-13	12858.0	0.887053608214859	0.887053608214859	0.0029563829357923603	3164.0	17.815703503435845	0.04	0.4250230580160583	0.4985911491538324	25	0.9266721861848545
CCR8	CCR8	0.157403059014716	12857.0	0.8869307127803872	0.8869307127803872	0.0005528449516205545	15981.0	90.007885546919	0.625	1.996575718836785	1.919918608496162	24	-0.5779646080546941
FAM187B	FAM187B	0.37679821400060104	12856.0	0.886757398113475	-0.886757398113475	0.0051109535466879255	16518.0	93.03255604370845	0.4583333333333333	2.013934807568005	1.2794543101625855	24	-0.8809829319433023
PMM2	PMM2	6.33550492776184e-14	12855.0	0.886678551954652	0.886678551954652	4.35082711165891e-09	7315.0	41.1963501182832	0.12	0.49982772181959717	0.4453154789144338	25	0.8687118423956405
PDZRN4	PDZRN4	0.053794306896259005	12854.0	0.8866251804787301	-0.8866251804787301	0.00046776918328336303	13384.0	75.38019601216627	0.4166666666666667	1.2898050739706803	1.2249950919827126	24	-0.32912776233199803
TUNAR	TUNAR	0.565955897032026	12853.0	0.886132682220232	0.886132682220232	0.000686649543771792	14934.0	84.11062295820659	0.5652173913043478	2.0335532583206515	2.2565426281912737	23	-0.5084861069166381
GTF2IRD1	GTF2IRD1	0.00022477070610546498	12852.0	0.886076449366028	0.886076449366028	0.0009323038210101391	4896.0	27.571251548946716	0.16	0.7550867070655781	1.2834826582704204	25	0.10205805388673302
FAM89A	FAM89A	4.6497888099821994e-05	12851.0	0.885841270545103	-0.885841270545103	5.818498084414139e-05	6474.0	36.45938943336712	0.2	0.6679375995407375	0.7659527259404318	25	0.28448710165085545
TMEM97	TMEM97	0.0009758586116456051	12850.0	0.8857357498712429	0.8857357498712429	0.00605034354062075	1571.0	8.843077616311817	0.04	0.4519264781670699	0.7339657497851779	25	0.591048385883324
ABCC9	ABCC9	0.000222097473852052	12849.0	0.885636973505011	-0.885636973505011	0.00882955624459269	9843.0	55.435394840599294	0.3333333333333333	1.3163275167149016	1.9329232860316392	24	-0.22281822890866695
ZNF217	ZNF217	7.54147243175945e-07	12848.0	0.88520563346533	0.88520563346533	2.6250294674534198e-05	8201.0	46.18677481131012	0.08	0.5841389767748162	0.7281259944688904	25	0.4134815388786083
CKS1B	CKS1B	8.412289011616839e-10	12847.0	0.885101578500948	0.885101578500948	7.841540433225221e-11	6450.0	36.32420862904134	0.12	0.6165901402063768	0.8101340891290105	25	0.3314407354259744
CRIP2	CRIP2	1.2921730937600401e-06	12846.0	0.8850494489073679	-0.8850494489073679	0.0005901197304742894	10818.0	60.92711501633434	0.2916666666666667	1.0869626045585294	1.4262425312620466	24	-0.14157000035084746
SLC5A11	SLC5A11	0.303974048329344	12845.0	0.8848891577535759	0.8848891577535759	7.64332566629591e-05	14815.0	83.44035147009124	0.5	1.6313428038635298	1.430603185116081	24	-0.5217754677719284
PPM1H	PPM1H	2.54939332673173e-05	12844.0	0.88456873916244	0.88456873916244	5.27376138529946e-06	10798.0	60.814464346062856	0.2	0.8387733398643956	0.8243940291076902	25	0.0555503772238775
SEC24B.AS1	SEC24B.AS1	0.00015306446702276598	12843.0	0.884255024920945	0.884255024920945	0.020620304731457602	7334.0	41.303368255041114	0.041666666666666664	0.4699211828251904	0.36957259437072393	24	1.1211162526843914
SMOC2	SMOC2	0.0105243896346406	12842.0	0.884180463633742	0.884180463633742	1.0558753415302144e-06	13499.0	76.02793736622732	0.4583333333333333	1.472161537579275	1.7973361838244446	24	-0.3271402864067439
PPCS	PPCS	1.35279819449905e-08	12841.0	0.8839889696488791	0.8839889696488791	8.312120141604581e-12	9080.0	51.137771769742024	0.12	0.5668108768856315	0.3290261156083352	25	0.9639906308859956
NTRK2	NTRK2	0.0591659891503083	12840.0	0.8836995730798849	-0.8836995730798849	4.61949371184141e-06	14194.0	79.94254815816153	0.5416666666666666	1.7394861772197023	1.7786861181279274	24	-0.4811341334583167
COL20A1	COL20A1	0.34205214528787603	12839.0	0.8836485378687321	-0.8836485378687321	2.6602871523797907e-08	16772.0	94.46321955615635	0.625	2.288019484218672	2.067507027015757	24	-0.6792581248814477
TRIM63	TRIM63	0.0940788949351835	12838.0	0.883636032958405	-0.883636032958405	5.582754500483099e-06	17423.0	98.12999887349329	0.8260869565217391	3.586018195618558	2.464798249045959	23	-1.0963908156402475
ATP2B1.AS1	ATP2B1.AS1	8.00963338700195e-10	12837.0	0.8835806270137521	-0.8835806270137521	0.000389539276713172	8206.0	46.21493747887799	0.3333333333333333	0.952264097969033	1.6696749279757575	24	-0.04113583417015781
MED20	MED20	1.9092075646232497e-22	12836.0	0.8835770721520101	0.8835770721520101	1.3823956913633302e-07	4821.0	27.148811535428635	0.08	0.42901873605644775	0.39072048033245205	25	1.1633849746212244
ZMIZ1	ZMIZ1	7.168795625185649e-09	12835.0	0.8830594133000891	-0.8830594133000891	0.000600673724216523	5923.0	33.35586346738763	0.16	0.5020378433559892	0.49454878890384374	25	0.7704428329278201
SNRNP25	SNRNP25	1.9216467772850398e-09	12834.0	0.8830108801106851	0.8830108801106851	0.00499592036144961	2077.0	11.693139574180465	0.08	0.3630945956074413	0.4563594065823511	25	1.1392693499995243
CITED2	CITED2	1.03682812613807e-05	12833.0	0.882885334351391	-0.882885334351391	2.4798688333162897e-07	10323.0	58.13901092711501	0.36	0.9933661355175564	1.240273351608145	25	-0.08907778355708064
DUSP15	DUSP15	5.37945853713095e-05	12832.0	0.8824996014543108	-0.8824996014543108	4.94519465914346e-06	14451.0	81.39010927115015	0.52	1.3627278490987143	1.2757553823616905	25	-0.3764265895201636
FAR2	FAR2	1.3302962040467101e-15	12831.0	0.8822621083494191	-0.8822621083494191	5.53143826170998e-07	10686.0	60.18362059254252	0.08	0.6237818528326803	0.46811151450378086	25	0.5521766662602595
GRIK3	GRIK3	0.081420516586218	12830.0	0.8817663220276859	0.8817663220276859	0.0007627467907062541	14606.0	82.26315196575419	0.5	1.7625291117302349	1.960463395109298	24	-0.44926255287385536
ERCC4	ERCC4	7.547551487975792e-09	12829.0	0.8800171860021759	0.8800171860021759	0.00111702724323942	3364.0	18.942210206150726	0.08	0.41590424992819364	0.5050407944467032	25	0.9189612822909495
AZIN1	AZIN1	8.48466533786626e-06	12828.0	0.8799689150461439	0.8799689150461439	3.2141177462251596e-06	8617.0	48.52990875295708	0.16	0.6350450055451224	0.6588023625984332	25	0.37177144983967303
FAM136A	FAM136A	3.95579229054419e-23	12827.0	0.8798501750489399	0.8798501750489399	1.26789012906747e-08	9191.0	51.762982989748785	0.12	0.5508789824253916	0.4388730802794337	25	0.7495816157466071
POLR3K	POLR3K	6.4261672267131604e-09	12826.0	0.879774702839673	0.879774702839673	2.05767650686021e-06	8510.0	47.927227667004615	0.16	0.6152943670585391	0.6172940907607909	25	0.42845110578520545
TUBA1A	TUBA1A	3.07463280749747e-09	12825.0	0.8797645043451451	-0.8797645043451451	0.0145575037152302	1952.0	10.989072884983665	0.04	0.48304378570963274	0.8132862974656911	25	0.4877995853019375
THAP2	THAP2	9.399100256396479e-05	12824.0	0.879723293177315	-0.879723293177315	0.00024977464102165	3967.0	22.338627914836092	0.08	0.5391449912101453	0.8419784973694183	25	0.4044976243826105
ENO2	ENO2	8.343679927762758e-05	12823.0	0.8797161663517199	0.8797161663517199	0.00419777644364062	3247.0	18.283203785062522	0.28	0.7957713438155438	1.3119684175534407	25	0.06398387446910987
TOB2	TOB2	1.75921234184756e-07	12822.0	0.8795576757945921	-0.8795576757945921	1.59656711750456e-05	6573.0	37.01701025121099	0.04	0.4190227027631328	0.31415549298494894	25	1.4659459513366628
CNTN2	CNTN2	0.0363913195968479	12821.0	0.8794595532162259	0.8794595532162259	1.9518399495167602e-07	17356.0	97.75261912808381	0.5652173913043478	3.0232496993937694	2.942804796994053	23	-0.7284853376504387
ADH1C	ADH1C	0.218893698697154	12820.0	0.8792489689487751	0.8792489689487751	0.000383970251200404	16173.0	91.08933198152529	0.5217391304347826	2.2315092188789745	2.2955800521585856	23	-0.5890712670458339
DNAJC6	DNAJC6	0.000118448238595926	12819.0	0.8790970153813	-0.8790970153813	0.000267124398930901	8421.0	47.42593218429649	0.16	0.5432295909469194	0.47955249736075084	25	0.7003767601729726
ASIC3	ASIC3	0.000352856898999194	12818.0	0.8790314083705459	-0.8790314083705459	0.0002946010918806415	7359.0	41.444181592880476	0.20833333333333334	0.7008936891952692	0.967350794109796	24	0.1841500728173877
CLDN1	CLDN1	0.0324460587418201	12817.0	0.878649574541115	0.878649574541115	0.00017199739089570102	13238.0	74.5578461191844	0.4166666666666667	1.3487810267389755	1.406180545672597	24	-0.3343322119230355
LHFPL1	LHFPL1	0.0896961589689437	12816.0	0.8786376637480229	0.8786376637480229	0.00269114737613284	13263.0	74.69865945702377	0.4583333333333333	1.4400074878728573	1.6226112081142943	24	-0.3459669336175893
CRYBA1	CRYBA1	0.186815516729373	12815.0	0.8780389858012501	-0.8780389858012501	0.0004403076886750295	17409.0	98.05114340430325	0.65	3.1990942070939985	2.812304562541881	20	-0.8253214293386771
MYO6	MYO6	2.79138642658052e-05	12814.0	0.8777502714848191	0.8777502714848191	4.9926905147116296e-08	11397.0	64.18835192069392	0.36	0.7822403644482802	0.5650806722037487	25	0.16901995013218457
KIFC2	KIFC2	9.82653482859369e-06	12813.0	0.877663287497465	0.877663287497465	0.000259611059616356	8304.0	46.766925763208285	0.28	0.7387925170024369	0.7562032209611996	25	0.18364213037668817
CCDC167	CCDC167	1.17861665634042e-07	12812.0	0.8776359665075021	0.8776359665075021	4.88264292973425e-11	8043.0	45.29683451616537	0.2	0.7739822566044239	0.9384774633158126	25	0.11044880026937534
EBAG9	EBAG9	0.00017691176779512801	12811.0	0.877408347566905	0.877408347566905	1.41995483359842e-07	9036.0	50.889940295144754	0.16	0.5948424232978301	0.37079870874561616	25	0.7620466781693332
PHLDA1	PHLDA1	9.23260289120833e-06	12810.0	0.8769507536182048	-0.8769507536182048	0.00014875228628833499	6849.0	38.57158950095753	0.16666666666666666	0.8611864951347967	1.5145555819968768	24	0.010408504429149852
TMEFF2	TMEFF2	0.0806481421205708	12809.0	0.876800594396336	-0.876800594396336	0.0009617184773101917	13860.0	78.06128196462768	0.4583333333333333	1.7761173964146615	2.106179943120793	24	-0.4269895385509082
EHD3	EHD3	0.000751439740470221	12808.0	0.876702572428759	-0.876702572428759	0.000243223903716928	6419.0	36.14960009012053	0.125	0.6131099603210642	0.7400472241919126	24	0.35618350220220363
ZNF696	ZNF696	0.00017491175431825	12807.0	0.876611303824963	0.876611303824963	5.619642961866e-08	9888.0	55.68885884871015	0.12	0.6772261721089898	0.5328913189854277	25	0.3741572148249341
TMEM190	TMEM190	0.188416298285525	12806.0	0.8763878335139409	-0.8763878335139409	0.24579204549863598	7021.0	39.54038526529232	0.25	0.7759389660716631	0.8688861716746884	24	0.11560647495249343
GAS1RR	GAS1RR	0.0222347812604757	12805.0	0.8762666895302791	-0.8762666895302791	0.05275096624484295	9005.0	50.71533175622395	0.20833333333333334	0.8980569442566183	1.0185226668636362	24	-0.021393981140781605
PGGHG	PGGHG	0.00846161710775105	12804.0	0.87575021609603	0.87575021609603	2.73747751257771e-06	11392.0	64.16018925312605	0.32	1.1273918468504753	1.6349808196455495	25	-0.15391105983065856
RNASE4	RNASE4	3.17071928341046e-05	12803.0	0.8757159321951209	-0.8757159321951209	0.003551397803479855	6228.0	35.07378618902782	0.16666666666666666	0.640128524516469	0.8695230766436102	24	0.2709386490212861
TET1	TET1	0.00027209612650044303	12802.0	0.875582325633257	0.875582325633257	7.443500021410555e-05	12779.0	71.97251323645375	0.4166666666666667	1.3674225149629538	1.3608841425175002	24	-0.3614122422058952
NXNL2	NXNL2	0.00920549954505264	12801.0	0.8755282273802321	-0.8755282273802321	0.0666537029419737	5712.0	32.16739889602343	0.24	0.7541261081447083	0.8417499605848764	25	0.14422586863107126
KIF22	KIF22	1.1809765486294902e-14	12800.0	0.8755254007535401	0.8755254007535401	0.0027020584769435	1474.0	8.2967218654951	0.08	0.3694264723595982	0.6206855905386289	25	0.8153869464808275
RND2	RND2	0.0101853748731667	12799.0	0.8752579955685009	0.8752579955685009	1.546121117445213e-06	14707.0	82.83203785062521	0.5833333333333334	1.3040215815815726	1.0410780605144327	24	-0.4118457609232536
ARR3	ARR3	0.0315748766772781	12798.0	0.8751092085645958	0.8751092085645958	7.190790564018273e-05	12322.0	69.39844542075025	0.375	0.9477909947615055	0.8316101039896311	24	-0.08739887340019128
DOCK9	DOCK9	2.4965302531023e-08	12797.0	0.874962035631221	-0.874962035631221	0.000820280700195754	4587.0	25.830798693252227	0.08	0.5066807377056992	0.8340283237853082	25	0.44156929377895215
HSD3B2	HSD3B2	0.368300187372351	12796.0	0.874886096533231	0.874886096533231	2.2170196973724713e-07	17719.0	99.79722879351131	0.8181818181818182	4.670542456493372	3.344917706926333	22	-1.1347532861871195
SCN2B	SCN2B	0.008048597126024959	12795.0	0.8745784928309259	-0.8745784928309259	1.6399606905621523e-05	15953.0	89.85017460853892	0.5833333333333334	1.7548968340710414	1.385139589934244	24	-0.6355448560111594
TMEM106B	TMEM106B	6.2429536644015e-06	12794.0	0.874034489308576	0.874034489308576	4.4662241995328394e-09	12957.0	72.97510420187	0.28	0.8638989339204193	0.4365443018900737	25	0.023217701718413284
SPINT1	SPINT1	0.000116217756424836	12793.0	0.8740029418593299	0.8740029418593299	0.0106157765752058	9650.0	54.34831587247944	0.32	0.7802719672929076	0.6374617993878672	25	0.14703779058828148
ATIC	ATIC	6.34613599744454e-16	12792.0	0.8739463361180699	0.8739463361180699	8.84262929524307e-08	7127.0	40.137433817731214	0.12	0.5898835209469446	0.6696540349026389	25	0.4241933899680381
SLC44A2	SLC44A2	2.96552894074072e-11	12791.0	0.8739211019899571	-0.8739211019899571	3.573628246591239e-05	6187.0	34.84285231497127	0.2	0.6921767187310741	0.7840169622600128	25	0.2318118000087464
MAN2A1	MAN2A1	2.6865533823194397e-05	12790.0	0.8736040992169809	0.8736040992169809	0.0234447101915817	1989.0	11.197476624985917	0.04	0.4126156809041307	0.5553712792709178	25	0.8300544798031835
CELA1	CELA1	0.638715197173466	12789.0	0.873495646930243	-0.873495646930243	0.000431893986392426	14547.0	81.9308324884533	0.6086956521739131	1.5723916881667725	1.4580322029628126	23	-0.47934197874116163
RFX4	RFX4	0.238823423943002	12788.0	0.8734301623262121	-0.8734301623262121	1.11205704679584e-05	16141.0	90.9090909090909	0.6086956521739131	2.483159254880336	2.459949354599876	23	-0.654374891720466
DLEU2L	DLEU2L	7.51643873465909e-05	12787.0	0.8732653466234829	0.8732653466234829	0.0021473176209026897	7627.0	42.953700574518415	0.08333333333333333	0.5348038668788475	0.46209250854129413	24	0.7324539426381749
PRND	PRND	0.21546499255289603	12786.0	0.872842147972957	-0.872842147972957	6.01261487423768e-08	17555.0	98.87349329728511	0.8695652173913043	2.8331340514977983	1.6103131146222127	23	-1.2173358620287555
DAAM2	DAAM2	0.000166038888586722	12785.0	0.872806553087729	-0.872806553087729	5.228397970188173e-07	14128.0	79.57080094626562	0.5	1.270258030793175	1.3008959988552145	24	-0.3055213314939875
PPM1J	PPM1J	4.3644749298163105e-05	12784.0	0.872789860335896	0.872789860335896	0.00678269571534055	6240.0	35.14137659119071	0.16	0.7420988253060729	1.0997348902639763	25	0.1188386730173238
SIAE	SIAE	0.000876182144477111	12783.0	0.8726244938768171	0.8726244938768171	1.00231425402584e-08	9999.0	56.3140700687169	0.08	0.5589308232252251	0.3850322878270941	25	0.814720428829236
CCL22	CCL22	0.00728414099154385	12782.0	0.872508822801039	0.872508822801039	0.00030900140169676205	17116.0	96.40081108482595	0.7083333333333334	2.7086937357646494	2.4052166979950647	24	-0.7634176639860406
ICAM5	ICAM5	0.00247646411921243	12781.0	0.872057208560663	-0.872057208560663	1.0480192008595435e-07	14280.0	80.42694604032893	0.5416666666666666	1.528487586978403	1.276172968561803	24	-0.5143741440923256
MAPK7	MAPK7	1.26777091335459e-13	12780.0	0.871925064353996	-0.871925064353996	7.95092007235115e-12	12705.0	71.55570575644924	0.24	0.9011703818363777	0.6491041273883855	25	-0.04505489373492
TSPAN4	TSPAN4	8.397522476847779e-09	12779.0	0.8719183395145291	-0.8719183395145291	5.68725119667128e-07	11232.0	63.25898389095415	0.36	0.9337174647066891	0.7113113286456032	25	-0.08688055806707137
PFN4	PFN4	0.00842390117521685	12778.0	0.871580309409128	0.871580309409128	0.0021873265166316397	11603.0	65.34865382449026	0.30434782608695654	1.2148946895664365	1.2653836961327611	23	-0.2713124732099352
CATSPERD	CATSPERD	0.0603555535966416	12777.0	0.871572414009109	-0.871572414009109	0.08694861425751635	10152.0	57.175847696293786	0.08333333333333333	0.6893987393463563	0.5751511949265565	24	0.3167404958378209
C12orf45	C12orf45	6.276966255565269e-08	12776.0	0.871260232942587	0.871260232942587	8.43000195103864e-08	10230.0	57.615185310352594	0.16	0.5896918392877682	0.39632815628437784	25	0.7104425693459555
CACNB1	CACNB1	3.30075536305239e-05	12775.0	0.870943321157898	0.870943321157898	2.01485576941892e-10	10723.0	60.39202433254477	0.16	0.9626183873868546	1.167030973902641	25	-0.07855409863063716
APOL5	APOL5	0.48705361532865704	12774.0	0.870679204453135	-0.870679204453135	0.0005614038419955459	17073.0	96.15861214374225	0.7222222222222222	2.5136314106618	1.6672962228222397	18	-0.9853991052817432
DEGS2	DEGS2	0.0114609837191238	12773.0	0.870424030954191	0.870424030954191	0.0010331240266353275	5589.0	31.474597273853778	0.08333333333333333	0.5100182204398325	0.6305224216909108	24	0.5715987221324121
IDH2	IDH2	1.2778757472123598e-10	12772.0	0.8703857619726741	0.8703857619726741	2.28257789810045e-05	7183.0	40.452855694491376	0.12	0.5442612373162943	0.6246901133723147	25	0.5220580855615525
PRICKLE3	PRICKLE3	1.34993175718627e-05	12771.0	0.870336145690788	0.870336145690788	4.64024030705876e-06	7350.0	41.39348879125831	0.16	0.5933200665599851	0.6054126536606202	25	0.4575657239005965
MEIOC	MEIOC	2.9218052862732202e-09	12770.0	0.8702206373037791	0.8702206373037791	3.0376280639332697e-05	7960.0	44.82933423453869	0.04	0.5027254561669219	0.5447910803967229	25	0.6745616702631092
C3orf14	C3orf14	3.46166559495103e-06	12769.0	0.870039596831825	0.870039596831825	0.000398136192110506	10221.0	57.564492508730424	0.3333333333333333	0.8992200370716437	0.8357880321925714	24	-0.034913685187939275
SPIN3	SPIN3	0.000568827224623896	12768.0	0.869933852613967	0.869933852613967	3.62430968507306e-07	7184.0	40.45848822800495	0.12	0.7136579307739241	1.0247948749433333	25	0.15249483156195945
BMP15	BMP15	0.6582500854057851	12767.0	0.8696702090137092	-0.8696702090137092	0.000157844774556709	17298.0	97.42593218429649	0.6842105263157895	3.0756222040618355	2.567699810627374	19	-0.8591160017685788
STPG3.AS1	STPG3.AS1	0.0251971378322487	12766.0	0.869436222252493	0.869436222252493	0.000151844110594426	13021.0	73.33558634673876	0.375	1.1362163871346305	1.0346553161676955	24	-0.2578444828083193
AQP3	AQP3	0.008727669908244641	12765.0	0.869063240566448	0.869063240566448	0.008564753930460686	10563.0	59.49081897037287	0.20833333333333334	0.8671343531236918	0.8944638727310589	24	0.002156473281438137
TMEM155	TMEM155	0.0210971625374281	12764.0	0.868937173101932	0.868937173101932	7.989051509520096e-05	16092.0	90.63309676692576	0.625	2.101008132676235	1.9185465706063562	24	-0.6421897588782051
ADD2	ADD2	0.00029880603178982596	12763.0	0.8685388129704079	-0.8685388129704079	4.04378872582188e-08	12611.0	71.02624760617326	0.375	1.4199115636193518	2.1748070835369795	24	-0.2535272001009963
INSIG1	INSIG1	2.68388591820865e-11	12762.0	0.8685220089993709	-0.8685220089993709	0.00211985407637946	3734.0	21.026247606173257	0.08	0.46839978528147463	0.6439531742382945	25	0.6213529798827132
RNF19A	RNF19A	0.000150062106917268	12761.0	0.8680504347513459	0.8680504347513459	1.0753800985577e-06	8227.0	46.33322068266306	0.16	0.5910496777780598	0.4547233840514213	25	0.6091632115008233
CHI3L2	CHI3L2	0.15159843196370199	12760.0	0.8680365316535541	-0.8680365316535541	0.004255252074403355	12759.0	71.85986256618226	0.4583333333333333	1.6864941878666	1.8686625184240768	24	-0.43799115578306047
ATAD3C	ATAD3C	1.26807770429776e-07	12759.0	0.8677977729929879	0.8677977729929879	0.0835322713486914	1938.0	10.910217415793623	0.04	0.40487529661178584	0.5656628853872915	25	0.8183716632995175
CLDN20	CLDN20	0.000352836434952663	12758.0	0.8676735724845921	0.8676735724845921	0.0259013168005215	7280.0	40.9992114453081	0.20833333333333334	0.8989848227524497	1.1178559069695693	24	-0.02801009510495882
MTDH	MTDH	0.000300153493418971	12757.0	0.867482394238603	0.867482394238603	1.4350707227621301e-05	7439.0	41.89478427396643	0.0	0.42253449435675194	0.27872325170252105	25	1.5963788351491397
APOA1.AS	APOA1.AS	0.0033615972909755	12756.0	0.867249219592403	-0.867249219592403	1.54691861758611e-05	17127.0	96.46276895347526	0.6521739130434783	2.8451536600463556	2.248617742207181	23	-0.8796090163873279
SECISBP2L	SECISBP2L	6.95685585287203e-09	12755.0	0.8672368768920441	-0.8672368768920441	0.0020986970934863697	5683.0	32.00405542412977	0.16	0.5468990091182997	0.7253239278712019	25	0.4416480078272391
L2HGDH	L2HGDH	1.1114823620343702e-08	12754.0	0.86721843853074	0.86721843853074	0.000113893277082598	4424.0	24.912695730539596	0.04	0.4164334146056038	0.4017082307900587	25	1.1221702454006377
DGKE	DGKE	1.54554287825266e-22	12753.0	0.867193057947657	-0.867193057947657	0.0005121775186717849	1468.0	8.262926664413653	0.12	0.4582323565156418	0.5003354854008122	25	0.8173729694674807
MTUS2	MTUS2	0.00904890601469435	12752.0	0.8669829045269659	-0.8669829045269659	0.00010418965373062439	12620.0	71.07694040779542	0.375	1.2719662801029892	1.2973632706669482	24	-0.3121588106682175
ZNF124	ZNF124	5.71818871074944e-07	12751.0	0.866966966016756	0.866966966016756	0.00711472085330047	7809.0	43.97882167398895	0.16666666666666666	0.5529421954102467	0.49960901755903786	24	0.6285410382317642
BCL9	BCL9	5.7495052777749205e-09	12750.0	0.866959695253592	0.866959695253592	0.0324003583828827	775.0	4.35958093950659	0.12	0.45899075963971514	0.7871767093117865	25	0.5182685549354683
OPLAH	OPLAH	0.00101435286081861	12749.0	0.8668853973482579	0.8668853973482579	9.40728159586048e-05	12507.0	70.44046412076152	0.2	1.0671822646040403	1.2712145548419225	25	-0.15756338416113375
HRH2	HRH2	0.00821477385926198	12748.0	0.8666993416559791	-0.8666993416559791	2.386352878265464e-05	13151.0	74.06781570350343	0.4166666666666667	1.3691723552962929	1.4889539436496377	24	-0.3374671297143557
MST1L	MST1L	0.0705184756547588	12747.0	0.8664476492951091	0.8664476492951091	0.034573828302870604	9811.0	55.25515376816492	0.125	0.7827803241992662	1.1646650134625065	24	0.07183810291261601
ARHGEF6	ARHGEF6	7.18758743388772e-13	12746.0	0.866115736918412	-0.866115736918412	0.006730747611843735	9208.0	51.85873605947955	0.20833333333333334	0.9497432688759181	1.4620823046083724	24	-0.05719755426484434
IL23R	IL23R	0.24212380002844003	12745.0	0.8655553718656359	-0.8655553718656359	0.001631326188636105	15115.0	85.13011152416357	0.5833333333333334	2.588570732125745	2.8267420269763317	24	-0.6095410701850141
NBEAL2	NBEAL2	5.72168362893353e-08	12744.0	0.865480580393167	-0.865480580393167	1.4666690174342802e-07	12232.0	68.89151740452856	0.28	1.0658394533180007	1.4906050795909758	25	-0.13441445736909233
LINC00563	LINC00563	0.136685030480915	12743.0	0.8651916384533341	0.8651916384533341	0.0662311346143111	13204.0	74.36633997972288	0.21739130434782608	1.1678301330731864	1.1089915734552789	23	-0.27289521567501474
TJP1	TJP1	3.0083381140244202e-09	12742.0	0.8650136470893539	-0.8650136470893539	0.0175283843950164	4370.0	24.60853892080658	0.12	0.5580896704259893	0.9665762211661117	25	0.31753727222161604
C22orf24	C22orf24	0.0328452018956561	12741.0	0.864968967191052	-0.864968967191052	0.04632613012531745	5053.0	28.455559310577897	0.16666666666666666	0.674003201132123	1.0489052773254102	24	0.18206197469600888
HDHD3	HDHD3	1.89577831986167e-08	12740.0	0.8649412015706021	0.8649412015706021	0.000301105334124498	6890.0	38.802523375014076	0.16	0.5422014672799164	0.4829899346137835	25	0.6682121327202404
FAM181A.AS1	FAM181A.AS1	0.15795002827212	12739.0	0.8647733692087529	-0.8647733692087529	0.029426194724450648	12862.0	72.44001351808043	0.375	1.1392164786850376	1.1001555117449664	24	-0.24945846886772222
C11orf1	C11orf1	2.4604254862532503e-06	12738.0	0.8645006728370699	0.8645006728370699	2.52372938251419e-09	11200.0	63.078742818519764	0.28	0.9004644162958501	1.0553662018986092	25	-0.03407702785448427
TPST2	TPST2	6.618816298140709e-08	12737.0	0.8644394830932951	-0.8644394830932951	0.000370124418687508	5588.0	31.468964740340205	0.0	0.4262687393512139	0.21073985147734495	25	2.079202109474703
NEK8	NEK8	1.97976381364881e-05	12736.0	0.864349889574029	0.864349889574029	0.00160336042635781	4022.0	22.648417258082684	0.08	0.4783809163840761	0.6516617665248909	25	0.5922842078770482
SOX10	SOX10	0.00191386855224012	12735.0	0.864318684102249	-0.864318684102249	9.516103598255705e-05	13857.0	78.04438436408697	0.5	2.0756073582615486	2.358157752457012	24	-0.5136588817678688
RNF165	RNF165	0.0032788667030508698	12734.0	0.864171047486523	-0.864171047486523	0.0043821324703494	6906.0	38.89264391123127	0.16666666666666666	0.8828490432116226	1.4191500500969665	24	-0.013161395952333184
TSPAN9	TSPAN9	5.06194248460456e-09	12733.0	0.8637791181448651	-0.8637791181448651	6.63241144994673e-06	8558.0	48.197589275656185	0.32	0.7150202741916022	0.6046064464477692	25	0.2460424377332766
GDE1	GDE1	2.00193072573875e-11	12732.0	0.8633334715055749	0.8633334715055749	9.781276550299591e-09	7691.0	43.314182719387176	0.12	0.5239224015241458	0.45084115640948935	25	0.752839586972289
AKNAD1	AKNAD1	0.0871864695848773	12731.0	0.863180731284215	-0.863180731284215	0.03557234189473485	10109.0	56.933648755210086	0.25	0.9924115071380041	1.1908649759032466	24	-0.10851841180043957
CEACAM19	CEACAM19	1.52925271547675e-05	12730.0	0.862853330299898	-0.862853330299898	0.13755287206984101	486.0	2.7317787540835865	0.04	0.4107432034985103	0.6071126171588832	25	0.7446890643076013
EID3	EID3	4.32038452175727e-05	12729.0	0.862832303683241	-0.862832303683241	0.00341257923953559	8576.0	48.29897487890052	0.2916666666666667	0.8911043757303173	1.2351786454963565	24	-0.022889055077304335
GLIS3	GLIS3	0.000114453379997394	12728.0	0.8624447323813659	0.8624447323813659	0.0009989100703618869	4967.0	27.9711614284105	0.2	0.8568234590289656	1.2298357281321914	25	0.00457075138070476
BEGAIN	BEGAIN	0.0115695556920765	12727.0	0.862232517922627	-0.862232517922627	1.5539173270962362e-12	16519.0	93.03818857722203	0.5833333333333334	2.0516265608762514	1.7749230409616912	24	-0.6701102050651082
RIMS2	RIMS2	0.0567693405577219	12726.0	0.8621613759899309	0.8621613759899309	0.008015525230723694	12575.0	70.82347639968458	0.4166666666666667	1.683221222970172	2.1956913069525763	24	-0.37394138437419916
GRM3	GRM3	0.0338437710119453	12725.0	0.861967918056409	-0.861967918056409	1.182527484130482e-05	16501.0	92.93680297397769	0.7083333333333334	2.048338585390364	1.3905140804221672	24	-0.8531885322396496
MAP2K6	MAP2K6	0.00559160544824144	12724.0	0.8619020511762171	0.8619020511762171	6.0617984228283895e-06	9075.0	51.109609102174154	0.2	0.6797706804377779	0.7019998414284432	25	0.25944645566847235
OGFRP1	OGFRP1	0.00156707970278537	12723.0	0.861736293023526	0.861736293023526	0.0161402169482404	6910.0	38.91517404528557	0.12	0.696098280543581	0.933686609227318	25	0.17740215061777564
PDP1	PDP1	1.21060259927971e-06	12722.0	0.861318567527923	0.861318567527923	4.07242175196196e-12	11018.0	62.053621719049225	0.16	0.8261705816185887	0.993036188492691	25	0.03539446630105668
PKD1	PKD1	1.36591510060514e-07	12721.0	0.861278580340755	-0.861278580340755	9.068842042580149e-14	12941.0	72.88498366565281	0.44	1.0898290984899803	0.6590222562343147	25	-0.34680242736440214
PAM	PAM	0.0003033134104241	12720.0	0.861221718478047	0.861221718478047	0.00215309793181887	3180.0	17.905824039653037	0.16	0.6065488897384886	0.9090412430065195	25	0.2801554172583695
LINC01526	LINC01526	0.403910784870786	12719.0	0.860983958030542	0.860983958030542	0.0604468826900826	14693.0	82.75318238143517	0.34782608695652173	1.372470957517575	1.1096926121317234	23	-0.460926741239148
SFXN4	SFXN4	4.64902044227463e-15	12718.0	0.8607668087879751	0.8607668087879751	4.01819848003009e-08	9217.0	51.909428861101716	0.16	0.5968213522591843	0.47598639340587257	25	0.5545231128145401
SPTAN1	SPTAN1	1.3643330409121499e-11	12717.0	0.8603539518811228	-0.8603539518811228	2.67692638681944e-05	6453.0	36.34110622958206	0.08	0.45790910595810935	0.38878702532352905	25	1.0351293117050886
FGF22	FGF22	0.0487715764523662	12716.0	0.860173566471158	-0.860173566471158	3.0274062701578604e-06	13803.0	77.74022755435395	0.4	1.0370148926122205	0.8241767543718496	25	-0.21456723354912263
PPEF2	PPEF2	0.13037872754692098	12715.0	0.8600775242314019	-0.8600775242314019	0.03554105051046945	12004.0	67.60729976343359	0.375	1.3472579969202112	1.4124060871354385	24	-0.34492946265679225
LRRC3B	LRRC3B	0.342708872008937	12714.0	0.860075934238573	-0.860075934238573	4.15790407235734e-06	17018.0	95.84882280049565	0.782608695652174	2.1217144307030877	1.3791079706059302	23	-0.9148221338393081
VEPH1	VEPH1	0.056919605360722	12713.0	0.8598636444796371	-0.8598636444796371	7.702158833273974e-05	9595.0	54.03852652923285	0.16666666666666666	0.801108420785667	1.1610067446851955	24	0.05060713381979661
TF	TF	0.021556408162899	12712.0	0.8597841529848249	-0.8597841529848249	3.20378982515759e-08	17197.0	96.85704629942548	0.75	3.8194042668412043	4.736279472449318	24	-0.6248829130697059
RAB8B	RAB8B	9.01378539214205e-10	12711.0	0.8595861660052221	-0.8595861660052221	0.0597614480226446	2084.0	11.732567308775486	0.08	0.41271003096111014	0.4583426198481675	25	0.9749827218602233
MARCKSL1	MARCKSL1	0.0009302883394182991	12710.0	0.859446798034807	0.859446798034807	0.000209881874751237	6552.0	36.89872704742593	0.08	0.5895627348493069	0.85677748768951	25	0.31499901323656637
LINC01300	LINC01300	0.478447692151307	12709.0	0.8594353458438979	-0.8594353458438979	0.02141365923924355	14636.0	82.43212797116142	0.4583333333333333	1.1878110798279278	0.8123417650023732	24	-0.4042334742976936
MCL1	MCL1	2.5780637004451998e-05	12708.0	0.8593611334580781	-0.8593611334580781	0.000501172587220282	7609.0	42.852314971274076	0.16	0.6629218471233042	0.8600105389234295	25	0.22841497568236635
KCNF1	KCNF1	0.0027798236563224	12707.0	0.8593498901450479	-0.8593498901450479	2.503366524171515e-05	14580.0	82.11670609440125	0.4583333333333333	1.450840915535699	1.4528647448637435	24	-0.40712050277338363
BARD1	BARD1	3.1865341706248e-06	12706.0	0.8592484038244571	0.8592484038244571	0.00107263838657599	5179.0	29.165258533288274	0.16	0.6353546684509888	0.8578466683003272	25	0.26099505150153995
C15orf54	C15orf54	0.46557372428344607	12705.0	0.859234661761974	0.859234661761974	0.00282110558213794	13201.0	74.34944237918215	0.391304347826087	1.7003017367744861	1.9163321857799391	23	-0.43889419655611606
ARNTL2	ARNTL2	0.025651549876807997	12704.0	0.85905301734624	0.85905301734624	1.04673542313346e-08	12702.0	71.53880815590853	0.28	0.9753091769946569	0.7099579257617146	25	-0.16375077371477417
CANX	CANX	5.40222732643151e-19	12703.0	0.8589744308564771	0.8589744308564771	1.34189721222692e-06	8128.0	45.77559986481919	0.04	0.5047845927216459	0.4283903661236316	25	0.8267922580514182
AK1	AK1	1.58713408912958e-07	12702.0	0.858887010947999	-0.858887010947999	0.00723547010617726	5364.0	30.20727723329954	0.04	0.4845537941297783	0.7121146517478785	25	0.5256642535010668
CABLES2	CABLES2	0.000624764591352621	12701.0	0.858848696182087	0.858848696182087	0.0006939309276644281	2765.0	15.568322631519656	0.08	0.5112003604851907	0.7816510224578695	25	0.4447615696883891
KLF16	KLF16	3.92937197285749e-06	12700.0	0.8588365373459309	-0.8588365373459309	9.43366991966733e-10	9942.0	55.99301565844316	0.24	0.7896670522968257	0.6088710696973892	25	0.11360284383930853
ZFP41	ZFP41	0.00275196928843321	12699.0	0.8587470851461129	0.8587470851461129	0.000405591438377621	4833.0	27.216401937591527	0.08	0.4873584041858648	0.5844825673652189	25	0.6354144703312986
ITGA6	ITGA6	0.000354146067593087	12698.0	0.8585568383045908	-0.8585568383045908	0.0210204806948656	933.0	5.249521234651346	0.08	0.46714966746812026	0.6693525753199563	25	0.5847548590507395
PMM1	PMM1	3.32314536192235e-07	12697.0	0.858391971463096	-0.858391971463096	0.00024744626604302205	5558.0	31.299988734932974	0.16	0.790620410524742	1.3739412874189743	25	0.04932638793151539
TENM3	TENM3	0.0680348363285489	12696.0	0.8583022869790791	0.8583022869790791	0.00423472753977625	6701.0	37.737974540948514	0.28	0.6731823835707295	0.6475639531368926	25	0.2858712294154149
WAS	WAS	0.00172379421907454	12695.0	0.8576795827761758	-0.8576795827761758	3.859116886815054e-08	15189.0	85.54691900416807	0.5416666666666666	1.8291271158615492	2.1788282600535305	24	-0.4458577809439218
MIS18A	MIS18A	4.95318661704367e-09	12694.0	0.857639388661373	0.857639388661373	4.0735871050280606e-05	2917.0	16.424467725582968	0.12	0.43137352434442955	0.48051262150031165	25	0.88710648845395
PNPLA2	PNPLA2	7.94509209017081e-09	12693.0	0.857297483534495	-0.857297483534495	6.83692755570654e-12	13942.0	78.52314971274079	0.5	2.1341632588054344	2.4012234535110544	24	-0.5317563317166147
STYXL1	STYXL1	2.0116622944630201e-13	12692.0	0.8570940885031341	0.8570940885031341	3.09896689241259e-08	10019.0	56.426720738988394	0.16	0.6438997085348299	0.4488938001315192	25	0.474932778991025
FERMT3	FERMT3	0.00306513295813171	12691.0	0.856751227306239	-0.856751227306239	0.0001445667728560825	12709.0	71.57823589050355	0.375	1.2420986439538069	1.71766782322255	24	-0.22434338667683146
SEPSECS	SEPSECS	9.466560279884419e-08	12690.0	0.856708660467298	0.856708660467298	1.2412233118185502e-07	10060.0	56.65765461304494	0.08	0.5476795390295708	0.32636872235289305	25	0.9468711315528053
UCHL1	UCHL1	0.0035918698320107295	12689.0	0.856676818132623	0.856676818132623	8.036445320383306e-05	11978.0	67.46085389208065	0.375	1.566696697456499	1.8447343537779068	24	-0.3848900400590456
FANK1	FANK1	0.00658861029898235	12688.0	0.856623090898287	0.856623090898287	4.0277766138057407e-07	12736.0	71.73031429537005	0.4166666666666667	1.0413494959648115	0.7892084226166345	24	-0.2340654252701217
NDRG1	NDRG1	0.00984971956350748	12687.0	0.8563934765080919	0.8563934765080919	1.0616987539167465e-05	9408.0	52.98524276219443	0.16666666666666666	0.7594017984145833	0.96394252112811	24	0.10061977344873058
TATDN1	TATDN1	4.77008583956747e-05	12686.0	0.8563915502621859	0.8563915502621859	2.62899276103577e-13	9938.0	55.97048552438886	0.16	0.6165468452704858	0.3651158039091222	25	0.6569003653739345
NSMCE2	NSMCE2	3.16801437388615e-07	12685.0	0.8563846610373481	0.8563846610373481	1.29481329194606e-15	12227.0	68.86335473696067	0.24	0.7627859341768037	0.40980867210457905	25	0.22839615955383913
ALDH7A1	ALDH7A1	5.49024351630313e-05	12684.0	0.8563272251523991	0.8563272251523991	0.0855967875972579	61.0	0.33795201081446435	0.04	0.42531428175843106	0.7701332475000844	25	0.5596602208683645
TIGD7	TIGD7	2.52119368704265e-08	12683.0	0.856315366953208	0.856315366953208	0.000345916957239544	5354.0	30.150951898163793	0.08	0.5354191571082275	0.8952937389851767	25	0.358425615942226
PRR16	PRR16	0.0477378393675656	12682.0	0.8557871576446751	0.8557871576446751	0.0031563158323142746	8622.0	48.558071420524946	0.25	0.9814734991301975	1.3372116234233333	24	-0.09399136178891321
GATA1	GATA1	0.0135837443427393	12681.0	0.8555459770970278	-0.8555459770970278	0.0004415312089512468	16177.0	91.11186211557958	0.6666666666666666	2.601377032660616	2.476362000877499	24	-0.704998322113226
INTS6.AS1	INTS6.AS1	1.71208031933418e-06	12680.0	0.855501157098894	0.855501157098894	0.0010712758557016875	14791.0	83.30517066576546	0.5833333333333334	1.595135637274354	1.45782793538144	24	-0.5073537570686865
TONSL.AS1	TONSL.AS1	0.00674665242219533	12679.0	0.855462954916427	0.855462954916427	0.00300423266800433	10521.0	59.25425256280275	0.16	0.7641692999004306	0.8035741125049153	25	0.11360950234125167
ZNF720	ZNF720	2.0916954305806698e-05	12678.0	0.8554594942222591	0.8554594942222591	0.000159154033558576	6889.0	38.796890841500506	0.08	0.511736556472247	0.41933144922880483	25	0.819692723696625
PRKY	PRKY	0.011365104225641	12677.0	0.855374649178943	-0.855374649178943	0.014994900554094151	6675.0	37.59152866959558	0.16666666666666666	0.5731323938067161	0.6410200957975822	24	0.4403017272353218
ALS2CL	ALS2CL	0.000729470496947946	12676.0	0.855187119279047	-0.855187119279047	0.0447270765720931	5273.0	29.694716683564266	0.041666666666666664	0.6415041802038126	1.3043222728390536	24	0.1638267961261762
DPP3	DPP3	1.6110802998032098e-13	12675.0	0.854720693941373	0.854720693941373	0.012570222394651	1094.0	6.156359130336826	0.08	0.4823194251945413	0.8643613816624561	25	0.4308397814240375
NXNL1	NXNL1	0.471838744217079	12674.0	0.8545082030613009	-0.8545082030613009	0.00158342673987096	16918.0	95.28556944913822	0.43478260869565216	1.9603590058543645	1.5068563260045238	23	-0.733879390960425
OFD1	OFD1	9.64192641443923e-07	12673.0	0.8543266330221351	0.8543266330221351	6.02998427521198e-09	9583.0	53.970936127069955	0.12	0.625361723270352	0.5682108823391238	25	0.40295762870505986
IGFBP1	IGFBP1	0.313328025336857	12672.0	0.854283247798625	-0.854283247798625	3.9286659701588297e-07	17282.0	97.3358116480793	0.8181818181818182	3.0736150080087015	2.629747045883165	22	-0.8439335500668826
PIGZ	PIGZ	0.000568568073139479	12671.0	0.8541942829483309	-0.8541942829483309	0.01079587503144545	1620.0	9.119071758476961	0.125	0.5796293710846808	1.0005967418357065	24	0.27440116520860347
ZNF816	ZNF816	8.87096280718638e-07	12670.0	0.8536768764082808	0.8536768764082808	6.138907132604151e-08	11877.0	66.89196800720964	0.12	0.6537939373671638	0.3710427530560574	25	0.5387059507153844
FKBP3	FKBP3	1.06072643166465e-14	12669.0	0.85357026291172	0.85357026291172	6.10704992482211e-06	9312.0	52.444519544891286	0.04	0.48752174649516355	0.3562223401728988	25	1.0275843908017908
KCNK13	KCNK13	0.0345684044956419	12668.0	0.8533556360143979	0.8533556360143979	7.79918941718212e-05	12801.0	72.0964289737524	0.4166666666666667	1.2722883986682179	1.4270418170521064	24	-0.2935672645663776
SYTL1	SYTL1	0.000404984339418898	12667.0	0.8531761762237758	0.8531761762237758	0.0004371872199897325	10642.0	59.93578911794525	0.25	0.9053797922704699	1.2125158430768597	24	-0.04305396613558722
RGS6	RGS6	0.186650219300524	12666.0	0.8530370199025079	-0.8530370199025079	0.006395367043714906	6992.0	39.37704179339867	0.25	0.9725426752463985	1.3580231849718114	24	-0.0879997165485589
TCEA3	TCEA3	0.0164047544651993	12665.0	0.8525832763905479	0.8525832763905479	2.33735576255328e-05	9071.0	51.087078968119854	0.2916666666666667	1.494869477999841	2.13970592312628	24	-0.3001749888465337
RARRES2	RARRES2	0.0022627221413575303	12664.0	0.852559049097183	-0.852559049097183	0.0006769420125498299	12628.0	71.12200067590402	0.375	1.2670980907715783	1.4840343478875568	24	-0.2793325115853749
ZNF214	ZNF214	0.00041842814933339503	12663.0	0.8524943569111251	0.8524943569111251	0.00022948540049177202	10676.0	60.12729525740678	0.24	0.7367733399912036	0.6293849866585777	25	0.18386364367267086
SLC30A10	SLC30A10	0.538272909819997	12662.0	0.8522047893339029	0.8522047893339029	1.5076231881452735e-05	16657.0	93.81547820209529	0.6666666666666666	2.1791872594497703	1.870095049533209	24	-0.7095802271906411
PYGM	PYGM	0.0009724883734069609	12661.0	0.8520266159163491	-0.8520266159163491	8.58983653080333e-12	17635.0	99.32409597837106	0.875	3.6184385245890756	2.273411971361202	24	-1.2168546411833758
LRRK2	LRRK2	0.000462253500196562	12660.0	0.8515844970648649	-0.8515844970648649	0.0002844869037744646	10697.0	60.24557846119184	0.375	1.2607536147175413	1.8974003294281672	24	-0.21564722600000313
KIF2A	KIF2A	1.0520094171592402e-09	12659.0	0.8515694780805441	0.8515694780805441	0.0320512166786938	1440.0	8.105215726033569	0.04	0.2877286955859883	0.34275204633889833	25	1.6450398721676907
ALKBH3.AS1	ALKBH3.AS1	0.0038372798651506897	12658.0	0.851435347839289	0.851435347839289	0.0354822197501407	6379.0	35.92429874957756	0.125	0.65753727139849	0.9486267225649473	24	0.20439870797285473
LRBA	LRBA	1.0587584733969301e-07	12657.0	0.85126396040636	0.85126396040636	7.836987089390301e-05	9199.0	51.80804325785738	0.08	0.5340731202708018	0.4706685086235832	25	0.6739155782126722
CNOT11	CNOT11	4.7119570872283495e-12	12656.0	0.8511085264768259	0.8511085264768259	0.000223910338345956	3811.0	21.459952686718488	0.04	0.36522734413255425	0.4398333551365531	25	1.1046938043010002
TTYH2	TTYH2	2.07487626814137e-05	12655.0	0.8509853570055501	-0.8509853570055501	3.77864201789755e-11	11268.0	63.461755097442826	0.2	0.9907595563954493	1.174493590900924	25	-0.1190080562999769
PRPS2	PRPS2	1.0890632318893699e-10	12654.0	0.8506249921765671	0.8506249921765671	0.000360401453262793	5679.0	31.981525290075474	0.12	0.5980647703598503	0.9094155604576062	25	0.2777170666506209
FGFR1	FGFR1	1.9464759017766e-05	12653.0	0.8505385536949229	-0.8505385536949229	2.83215050983412e-08	13013.0	73.29052607863017	0.36	1.1985384549128555	1.4527059084272367	25	-0.23955289174440858
CAPN12	CAPN12	8.19428011540703e-05	12652.0	0.8501586889152969	0.8501586889152969	0.00108150541873151	3759.0	21.16706094401262	0.08	0.39350183468901045	0.5031940566344744	25	0.9075163909537328
PTK2	PTK2	4.571376475896071e-05	12651.0	0.850124213598139	0.850124213598139	0.00278886964646215	6293.0	35.43990086741016	0.08	0.4923505739281682	0.5373494774092449	25	0.6658118314265906
AXIN2	AXIN2	0.0008834817272336849	12650.0	0.850057711484176	-0.850057711484176	0.000219896812113148	10083.0	56.787202883857155	0.32	0.6611540080929812	0.5137267206022739	25	0.3677124350661207
SUV39H2	SUV39H2	9.92375062255623e-08	12649.0	0.8500327092781571	0.8500327092781571	0.0017917940017611199	7470.0	42.06939281288723	0.04	0.5419008055663089	0.6869970931233427	25	0.4485199526987322
S100A2	S100A2	0.0070998735092386595	12648.0	0.8499356643007899	0.8499356643007899	2.3624744293012e-06	16233.0	91.42728399233975	0.6521739130434783	2.6941939968950788	2.9246706288240993	23	-0.6305866768100982
GJB4	GJB4	0.0779005749636306	12647.0	0.8497736982287851	0.8497736982287851	0.02325915132992845	11556.0	65.08392474935225	0.375	1.3139661447461248	1.425612556776547	24	-0.32560911750589894
ZSCAN20	ZSCAN20	3.79204527450475e-06	12646.0	0.849189202699953	0.849189202699953	0.00144733626731552	4285.0	24.129773572152754	0.16666666666666666	0.5364480455819279	0.7660315449970557	24	0.40826146019773524
JAML	JAML	0.0008846957438958609	12645.0	0.849097968399688	-0.849097968399688	0.001127265259457208	15783.0	88.89264391123126	0.5833333333333334	2.0542978118283743	2.7718280064441227	24	-0.43480325641661777
CNTN4	CNTN4	0.00029880603178982596	12644.0	0.8490961433689241	-0.8490961433689241	0.011016366184029595	10452.0	58.86560775036611	0.25	0.920983399283898	1.0605465944551697	24	-0.06778321319480005
GAS1	GAS1	0.0870033015530761	12643.0	0.8489873516444171	-0.8489873516444171	6.329777489821191e-09	15266.0	85.9806240847133	0.6666666666666666	1.771265683563886	1.8848029307611536	24	-0.4893234814458924
NOS1AP	NOS1AP	0.00026099318363259703	12642.0	0.848918433416564	0.848918433416564	0.00702181986527429	7912.0	44.55897262588712	0.04	0.5997159060628021	1.0238353709872696	25	0.243400974820258
CASP16P	CASP16P	0.009406598146228391	12641.0	0.8486439962830099	0.8486439962830099	0.00466858407922556	7297.0	41.09496451503886	0.16666666666666666	0.6615837956913101	0.804029317175708	24	0.23265345752413744
RBP7	RBP7	1.8782427045029603e-07	12640.0	0.8481726053082099	-0.8481726053082099	0.025859950709874218	9738.0	54.843978821673986	0.25	1.1605923640570313	1.5825599901015568	24	-0.19741416483603416
FAM171B	FAM171B	0.00928760718682432	12639.0	0.8480284524522701	0.8480284524522701	0.0002905962313791324	11240.0	63.30404415906274	0.3333333333333333	1.0758813858402032	1.2354420625009648	24	-0.18443028637593856
DMTN	DMTN	2.29946427667589e-07	12638.0	0.8477225522744369	-0.8477225522744369	8.243329793608785e-07	12497.0	70.38413878562577	0.375	1.2580786578581438	1.5699958053175043	24	-0.26137401399025995
OR2H2	OR2H2	0.44310309113546403	12637.0	0.8477112366366379	-0.8477112366366379	0.00029610149716139203	13930.0	78.4555593105779	0.5	1.3495109609776013	1.2927968516688824	24	-0.388150484504341
MSR1	MSR1	0.00116051730015575	12636.0	0.8476851154072729	-0.8476851154072729	0.013529171891978702	11520.0	64.88115354286357	0.375	1.426287414928388	1.9573454657122165	24	-0.2956056095649829
ZNF252P	ZNF252P	5.95539314736895e-06	12635.0	0.8474482635145479	0.8474482635145479	9.69684366503853e-07	8016.0	45.14475611129886	0.08	0.4922438674217133	0.3144872704353877	25	1.1294714587368724
CPEB1	CPEB1	1.3333565721358e-05	12634.0	0.8473740980109179	-0.8473740980109179	9.42435048857132e-05	13079.0	73.66227329052607	0.375	1.0137459090180323	1.0161296807723306	24	-0.16373088411378756
HPRT1	HPRT1	6.53590035802567e-13	12633.0	0.847362241807833	0.847362241807833	0.00040942850685816203	5371.0	30.24670496789456	0.08	0.48469859092931594	0.6344875430764398	25	0.5715851395916614
AXL	AXL	5.389728646218079e-07	12632.0	0.846914580701795	-0.846914580701795	0.0007777297853842625	9857.0	55.51425030978934	0.3333333333333333	1.2030329425077413	2.029653289565206	24	-0.17545773144448437
DAZL	DAZL	0.497631854989594	12631.0	0.8468970328892791	0.8468970328892791	7.544803657950279e-05	16876.0	95.04900304156808	0.7083333333333334	2.8648535017274717	2.3404972712191547	24	-0.8621913358553278
MPDZ	MPDZ	1.0813459101200199e-07	12630.0	0.846679180290979	-0.846679180290979	0.047079878720293	1691.0	9.518981637940746	0.12	0.6488380546745683	1.0273955051508377	25	0.1925656912304327
ZNF423	ZNF423	0.0464429038281051	12629.0	0.8466684143204158	-0.8466684143204158	2.28957622473254e-12	16086.0	90.59930156584431	0.7916666666666666	1.7304579583079442	1.2377167896503996	24	-0.7140482793621633
SLC24A3	SLC24A3	3.564217828825711e-09	12628.0	0.8464878827296579	-0.8464878827296579	7.451542378136486e-05	8431.0	47.48225751943224	0.20833333333333334	0.9461497334751807	1.5505492393979896	24	-0.0642751924371116
RAB3A	RAB3A	0.00508003156124675	12627.0	0.8464510992636509	-0.8464510992636509	6.52973100162026e-07	13750.0	77.4417032781345	0.4583333333333333	1.074385361653418	0.8122901451045278	24	-0.2806069527784753
MIR34C	MIR34C	0.42974621826780396	12626.0	0.846242836591253	-0.846242836591253	3.6494286727876596e-05	17568.0	98.94671623296158	0.6666666666666666	5.02420293028449	4.689660974134285	21	-0.8908874472454784
SP2.AS1	SP2.AS1	1.80231145746566e-05	12625.0	0.845908986994413	0.845908986994413	0.0018098531286305103	5793.0	32.62363411062295	0.08	0.5184442191149503	0.5368214235471233	25	0.610006891520262
LILRB5	LILRB5	0.000167545755380791	12624.0	0.845784180128347	-0.845784180128347	1.3705456275390443e-08	15252.0	85.90176861552325	0.6666666666666666	1.6689074658500411	1.5193920799987162	24	-0.541745146994836
NAP1L2	NAP1L2	1.6203716646392e-05	12623.0	0.845647481486904	-0.845647481486904	0.0027209771270254347	10258.0	57.77289624873268	0.2916666666666667	1.1283522291646189	1.788448660103678	24	-0.15807261006940293
ANKRD9	ANKRD9	2.6620964464807e-11	12622.0	0.8456395519452808	-0.8456395519452808	5.74820576401135e-08	11129.0	62.67883293905598	0.28	0.8352418184394087	0.7289556588675696	25	0.014263876518943537
UNC13B	UNC13B	1.57937368291151e-10	12621.0	0.8454969209401361	-0.8454969209401361	0.00154732988192659	5231.0	29.458150275994143	0.0	0.3839878632453807	0.2552471140070833	25	1.808087270604549
GP5	GP5	0.0663255418828149	12620.0	0.845458123503917	-0.845458123503917	6.91297312062303e-09	15540.0	87.52393826743268	0.625	1.5771479511819078	1.3168027554760344	24	-0.5556563613154646
PLEK	PLEK	0.00540059809232804	12619.0	0.8453314909207501	-0.8453314909207501	0.00243482693082315	12102.0	68.15928804776388	0.3333333333333333	1.686217082093971	2.6657280118125453	24	-0.31544313127484674
GRIA3	GRIA3	0.000822927344041302	12618.0	0.8451559259721879	-0.8451559259721879	0.0007354201036263588	15479.0	87.18035372310464	0.5833333333333334	2.159526973268068	2.4917794512754416	24	-0.5274828984656352
ZDHHC22	ZDHHC22	0.34226111617558197	12617.0	0.8451156334275051	-0.8451156334275051	1.54541949386959e-06	16432.0	92.54815816154105	0.6086956521739131	2.2439605527228133	2.4202871184035684	23	-0.5779665183765438
TRIM67	TRIM67	0.0399477284086021	12616.0	0.8450476261221999	0.8450476261221999	0.00011519415577519204	14411.0	81.16480793060718	0.5	1.5934000604913248	1.551857597898327	24	-0.48223009339427464
GPR21	GPR21	0.23956918104890898	12615.0	0.844810286118423	0.844810286118423	0.03466959686374535	12010.0	67.64109496451503	0.3333333333333333	1.4593306305447529	1.6915967446418063	24	-0.3632782732485418
BSND	BSND	0.125666395004497	12614.0	0.8448067315396851	-0.8448067315396851	0.02467725906480861	13770.0	77.55435394840599	0.5	1.337294254615623	1.2008319770919864	24	-0.41012192585725277
INHA	INHA	0.0195963279484322	12613.0	0.8443618746797141	0.8443618746797141	0.00034446270892479254	15434.0	86.9268897149938	0.5416666666666666	2.064256933911842	2.237178065678771	24	-0.5452829517448382
DST	DST	3.19310861038417e-06	12612.0	0.844319835825137	-0.844319835825137	2.2239115550923002e-05	8109.0	45.66858172806128	0.12	0.6434213126247006	0.7667883517069868	25	0.2619999674658672
FMO1	FMO1	0.0637279836203703	12611.0	0.8441185938436909	0.8441185938436909	8.054793185692835e-05	11713.0	65.96823251098344	0.2916666666666667	1.2028290221462659	1.601867527112947	24	-0.22393264251325473
WFIKKN2	WFIKKN2	0.0240883224405044	12610.0	0.8439801817187941	-0.8439801817187941	3.88411349557248e-09	17546.0	98.82280049566295	0.782608695652174	2.915053652843988	1.9050497683810883	23	-1.087149273210428
IL17RA	IL17RA	3.05582425667905e-10	12609.0	0.8439143600910529	-0.8439143600910529	0.000186886307673718	6062.0	34.13878562577447	0.08	0.48692717479696307	0.43320692576885733	25	0.8240569669113844
LINC01535	LINC01535	0.147244016385672	12608.0	0.8437748408890541	0.8437748408890541	0.00011033526379023401	13945.0	78.5400473132815	0.48	1.222463779389019	1.2596630208229047	25	-0.30062717745939493
STON1	STON1	0.00046471403789858094	12607.0	0.843633010845971	-0.843633010845971	0.0216787679842426	2899.0	16.32308212233863	0.12	0.5061850887154596	0.8172543299973412	25	0.412904416341984
MACF1	MACF1	6.90359930228344e-08	12606.0	0.8435597534754542	-0.8435597534754542	0.0380762763905297	2837.0	15.973865044497014	0.12	0.35357537609628686	0.32748267087970706	25	1.4962146731701458
KCTD13	KCTD13	2.87442979620534e-07	12605.0	0.8435257719588929	0.8435257719588929	0.0837892850259923	162.0	0.9068378956854793	0.0	0.24368641309179137	0.24120266542442878	25	2.4868686994465956
SLFNL1	SLFNL1	0.000743570402505952	12604.0	0.8429794496023171	-0.8429794496023171	3.9913514118756504e-06	10574.0	59.55277683902219	0.28	0.7337995454387652	0.8054606659500362	25	0.13554964106754333
LYL1	LYL1	0.0005617879188653481	12603.0	0.8429022111377159	-0.8429022111377159	1.3529677732623898e-10	16201.0	91.24704291990537	0.75	2.306302161667882	2.4200552455767084	24	-0.6046969188843588
RILPL2	RILPL2	1.6203525801842198e-06	12602.0	0.842781846109588	-0.842781846109588	0.000999235190735823	7121.0	40.10363861664977	0.08	0.6025365347341065	0.6428344364844284	25	0.3737281292666109
CCDC50	CCDC50	2.85990157729063e-14	12601.0	0.842686016958638	-0.842686016958638	0.0009528480891314211	981.0	5.519882843302918	0.12	0.6090841007966913	1.1855377285594846	25	0.19704300465054805
NVL	NVL	3.11623490535258e-07	12600.0	0.842600248924413	0.842600248924413	1.22526563652167e-06	8164.0	45.97837107130787	0.08	0.5085129499382788	0.3507906683644768	25	0.9523836553115275
TTC7A	TTC7A	9.99765309282294e-13	12599.0	0.8425696265407829	-0.8425696265407829	4.39980430747483e-07	9017.0	50.78292215838684	0.12	0.7031033104731194	0.6542052309489937	25	0.21318434868726585
STPG3	STPG3	0.00477436430274994	12598.0	0.8425646942833921	0.8425646942833921	1.47268120337494e-05	15013.0	84.55559310577897	0.5416666666666666	1.6393976386696458	1.4101346414814757	24	-0.5650757884715942
FAM83C.AS1	FAM83C.AS1	0.48178709501420197	12597.0	0.8425627144255758	0.8425627144255758	0.15053749317118148	9733.0	54.81581615410611	0.20833333333333334	0.8812841423860195	0.9752900129822611	24	-0.039702475617524775
MEF2D	MEF2D	1.17263552488995e-16	12596.0	0.8422685676385891	-0.8422685676385891	6.92723098617392e-08	12337.0	69.48293342345386	0.2	0.7506456982611737	0.5308271222570383	25	0.1726039713039562
SCEL	SCEL	0.03614159539620299	12595.0	0.8422349440249449	-0.8422349440249449	0.00197754059333408	15609.0	87.91258307986932	0.6956521739130435	1.9239825351625337	1.699338087070782	23	-0.636569967664434
ADAM11	ADAM11	0.000132777746189578	12594.0	0.842113042638957	-0.842113042638957	1.0343681980472325e-08	15794.0	88.95460177988059	0.5833333333333334	1.753144087087301	1.6878340841243764	24	-0.5397633884855296
ZNF831	ZNF831	0.0691028765322141	12593.0	0.8419753078329499	-0.8419753078329499	1.2212992336968082e-05	15214.0	85.68773234200744	0.625	1.9548727794408716	2.1578851475067227	24	-0.5157352664917281
XBP1	XBP1	3.6720276773770403e-06	12592.0	0.8417629313388171	0.8417629313388171	1.41459796235914e-09	10094.0	56.84916075250647	0.2	0.727522598335222	0.7626036780445234	25	0.14980301864860046
SATB2	SATB2	3.31645736054151e-05	12591.0	0.8415823695117048	0.8415823695117048	0.0146417148714879	1523.0	8.572716007660246	0.16	0.6532915718617436	0.8804852450923961	25	0.2138488960484539
ZSCAN16	ZSCAN16	7.758299023156379e-09	12590.0	0.8415376452081619	0.8415376452081619	1.47736916336267e-06	10171.0	57.2828658330517	0.24	0.7784666721333623	0.7678034677345902	25	0.08214468379635086
TTN	TTN	0.000356750653991439	12589.0	0.840887829061539	-0.840887829061539	4.06137256499349e-08	17447.0	98.26517967781908	0.8333333333333334	3.311155664990244	2.424698176012291	24	-1.0187939514976494
SERPINH1	SERPINH1	3.8050224101805604e-05	12588.0	0.8404742768693291	0.8404742768693291	9.69495231371661e-06	9876.0	55.621268446547255	0.28	0.9110722555796288	1.0799531576120662	25	-0.06537133412934513
FKBP5	FKBP5	0.0239406847609684	12587.0	0.8404248262080101	-0.8404248262080101	0.202657357086512	313.0	1.7573504562352145	0.08	0.5108488310918311	1.1974169175375606	25	0.27523913374628
ATP2B4	ATP2B4	2.2076044111648398e-07	12586.0	0.8403994354314759	-0.8403994354314759	0.00438989457874818	853.0	4.798918553565394	0.08	0.3433722537602928	0.3280008655802963	25	1.5153227745050213
MST1R	MST1R	1.1681401846542199e-05	12585.0	0.8401226747355799	0.8401226747355799	0.008242733500526834	8482.0	47.76951672862453	0.25	0.8397407977033954	1.0702570346648845	24	0.00035680871025910133
SAR1B	SAR1B	4.95781101403802e-10	12584.0	0.839911502504658	0.839911502504658	1.92831372253338e-11	10834.0	61.01723555255153	0.32	0.7520868108293959	0.6122491733143425	25	0.14344599470805805
FBXO4	FBXO4	4.5851795320653294e-05	12583.0	0.8397076782312679	0.8397076782312679	8.61972908350816e-09	11195.0	63.050580150951895	0.2	0.8468879467535797	0.7658564453049068	25	-0.009375475738737366
SLC9C2	SLC9C2	0.0445249597311879	12582.0	0.8393546748353291	0.8393546748353291	0.0315597937395647	11082.0	62.41410386391799	0.20833333333333334	0.9749245820456179	1.1017044460614809	24	-0.12305469737817806
ZEB1	ZEB1	1.35041165404561e-05	12581.0	0.8389609834961259	-0.8389609834961259	5.791323348132444e-05	13302.0	74.91832826405317	0.4166666666666667	1.6830646723980547	1.9448692916562837	24	-0.434015639263385
CRISP1	CRISP1	0.735676406203035	12580.0	0.8385027475571101	0.8385027475571101	0.02004589126907365	16934.0	95.37568998535541	0.65	2.903039375690562	2.2018449589148816	20	-0.9376394190583254
SLC5A10	SLC5A10	0.00012859531801529198	12579.0	0.83835555665453	-0.83835555665453	1.01355023304607e-07	13198.0	74.33254477864143	0.32	1.216496332624777	1.2789310502070164	25	-0.29566939977650764
ZNF630	ZNF630	9.14157943745065e-06	12578.0	0.837971699412495	0.837971699412495	1.3125795141596663e-05	9506.0	53.537231046524724	0.08333333333333333	0.8545112994326874	1.440793519555354	24	-0.011479507504515086
SNCG	SNCG	0.018952390532771	12577.0	0.8379458506465111	-0.8379458506465111	0.11449449620639425	8775.0	49.41984904810183	0.25	0.956840544392116	1.6329072695547338	24	-0.07281166295378518
PCDHB7	PCDHB7	0.046844749897377	12576.0	0.837892628077671	-0.837892628077671	0.009411214526863804	8560.0	48.20885434268334	0.125	0.7877595914218577	1.0952876883161948	24	0.04577156959819722
TPPP2	TPPP2	0.00151192953190105	12575.0	0.8377315881573969	-0.8377315881573969	0.001978583576248095	13527.0	76.18564830460741	0.4583333333333333	1.3873130965861133	1.2708011057788955	24	-0.43246854754022945
COMMD10	COMMD10	4.11245970736288e-08	12574.0	0.8376505427739801	0.8376505427739801	3.48433900934232e-07	10233.0	57.63208291089332	0.2	0.6366616868958898	0.37680425445945087	25	0.5334038920723476
ADGRE2	ADGRE2	0.00138864365449914	12573.0	0.837477439571197	-0.837477439571197	0.018808810869749275	8241.0	46.4120761518531	0.125	0.7107380681432559	1.0805634045414136	24	0.1172900830208374
TMEM145	TMEM145	0.106342317072732	12572.0	0.837441353492088	0.837441353492088	9.239629561291871e-05	14762.0	83.1418271938718	0.625	1.6603325648291742	1.6325806618731797	24	-0.5040432185402237
ANKEF1	ANKEF1	3.4551216478742e-05	12571.0	0.8374378614784859	0.8374378614784859	7.77245645632474e-05	7851.0	44.215388081559084	0.12	0.6755774971435379	0.6654936360856706	25	0.24321850061104314
GALNT8	GALNT8	2.2981780315548002e-05	12570.0	0.8373031269164319	-0.8373031269164319	1.619075864327885e-05	12875.0	72.51323645375689	0.375	1.2484435624646864	1.3519992891148496	24	-0.304098115182758
CLDN15	CLDN15	4.2478227646382e-05	12569.0	0.8368485487458129	-0.8368485487458129	0.00019028711986630528	7148.0	40.255717021516276	0.20833333333333334	0.6832989240708013	0.7093971449207185	24	0.21645086363037477
MIR133A1HG	MIR133A1HG	0.227559272773078	12568.0	0.8366557845958291	0.8366557845958291	9.054824548384885e-09	17754.0	99.99436746648642	0.9	6.967284767293665	4.373828790144509	20	-1.4016618566579242
IL10	IL10	0.0348023219223298	12567.0	0.8366064667550109	-0.8366064667550109	0.00335632859662595	14968.0	84.30212909766813	0.5217391304347826	1.868126658157489	1.9998274410990133	23	-0.5158045990386059
PLCE1.AS2	PLCE1.AS2	0.397729662420512	12566.0	0.8364852752985741	-0.8364852752985741	0.05938230581061772	11637.0	65.54015996395178	0.3181818181818182	1.100587890385618	1.252132539831194	22	-0.21092225198671777
WDR38	WDR38	0.0808896962477104	12565.0	0.8364816021971608	-0.8364816021971608	0.018574819123749	15262.0	85.958093950659	0.5	1.4237647412916636	1.2913112559727904	24	-0.454795957502966
ZNF692	ZNF692	8.05289814028747e-07	12564.0	0.836196978597347	0.836196978597347	0.0010710314670262801	1233.0	6.939281288723668	0.04	0.3262438942871566	0.26843634864671434	25	1.8997169603932182
RAVER2	RAVER2	2.96755516065068e-08	12563.0	0.8361013805918449	-0.8361013805918449	0.00789050606462516	1044.0	5.874732454658106	0.12	0.569124410643391	0.959009779401001	25	0.27838816212615486
MYLK4	MYLK4	0.000787093380422322	12562.0	0.83580702142937	0.83580702142937	3.4778747285551715e-05	8874.0	49.9774698659457	0.041666666666666664	0.7196012234540965	1.1526527146529808	24	0.1008159669413164
PLA2G7	PLA2G7	0.10378331478986601	12561.0	0.8356807738005709	0.8356807738005709	0.002092040630315155	12433.0	70.02365664075701	0.4583333333333333	1.7483424992145054	2.30322461050911	24	-0.39625389605931555
P4HB	P4HB	2.18915449174157e-28	12560.0	0.8355775459745151	0.8355775459745151	9.02292648053646e-05	6607.0	37.20851639067252	0.12	0.5523113325348055	0.6488359614410841	25	0.43657600730170204
WWTR1.AS1	WWTR1.AS1	2.4647599622817e-06	12559.0	0.835221999082305	-0.835221999082305	0.0001186404106588271	12566.0	70.7727835980624	0.3333333333333333	0.868612311420358	0.7069302831709054	24	-0.04723282215083812
RRN3P1	RRN3P1	2.03261370874591e-06	12558.0	0.835138909889172	0.835138909889172	0.0577042700496066	922.0	5.187563366002028	0.0	0.2479078150303084	0.22638147910221607	25	2.5939891248511384
DAW1	DAW1	0.0958570941449216	12557.0	0.8350497398609901	-0.8350497398609901	0.0003076037971268	13501.0	76.03920243325447	0.4782608695652174	1.5000532034981506	1.518356551403934	23	-0.4379758252580867
URB1	URB1	1.2174604274981803e-07	12556.0	0.8349728131377192	0.8349728131377192	0.0010791311966662	2852.0	16.058353047200633	0.0	0.3017853875714659	0.2478652007579085	25	2.1511185270699653
EFR3A	EFR3A	0.000252598879144167	12555.0	0.834762524286125	0.834762524286125	2.4878168519114703e-08	10046.0	56.5787991438549	0.12	0.6109575959685762	0.4499302757233296	25	0.49742135702637286
POLR3G	POLR3G	0.00155549276337485	12554.0	0.8343471007550121	0.8343471007550121	6.07050549165028e-06	9818.0	55.29458150275994	0.12	0.6746938776198292	0.6519666779091273	25	0.24487942182443206
LSS	LSS	1.79910698119583e-16	12553.0	0.8343118587008521	-0.8343118587008521	2.09272951550679e-07	8777.0	49.43111411512898	0.08	0.5391294609013252	0.4181442121909062	25	0.7059344340864862
ESPNL	ESPNL	0.135978245566743	12552.0	0.8342027255052371	0.8342027255052371	3.1991322929559e-05	11796.0	66.43573279261011	0.4166666666666667	1.3839108013537398	1.5248102516349447	24	-0.36050916844183734
SLC35A2	SLC35A2	1.24526860506071e-11	12551.0	0.834079354716735	0.834079354716735	0.00219819942458573	4804.0	27.05305846569787	0.04	0.38217222147271684	0.49269296241391486	25	0.9172185675840195
SPATS1	SPATS1	0.126558810704545	12550.0	0.834044593243254	-0.834044593243254	0.008685006461190635	14507.0	81.70553114791032	0.5	1.2169638159010225	0.978370541583733	24	-0.39138466090559076
SPRY4	SPRY4	0.00328980077078976	12549.0	0.834004975345147	-0.834004975345147	0.0023872714666099398	7542.0	42.47493522586459	0.12	0.7574006549138774	0.9555871644329482	25	0.0801646603078088
TMEM161B	TMEM161B	8.79911933659306e-06	12548.0	0.833603867098897	0.833603867098897	5.860508963737099e-07	9664.0	54.42717134166948	0.08	0.6103709274427166	0.4415862572268696	25	0.5055251063700837
PRRG2	PRRG2	4.571376475896071e-05	12547.0	0.833223100483986	0.833223100483986	0.032392906264609	10458.0	58.899402951447556	0.2916666666666667	0.9051131462917023	1.174711748055362	24	-0.061198030858825
NUDT17	NUDT17	4.4659730319151504e-08	12546.0	0.8331970100847791	0.8331970100847791	0.0232818263581398	12473.0	70.24895798129998	0.391304347826087	1.899718295754165	2.1897963568706253	23	-0.4870413097195579
NMRAL1	NMRAL1	7.362790707661859e-07	12545.0	0.8331677241593941	0.8331677241593941	5.7145145767771e-05	2939.0	16.548383462881606	0.08	0.5349859107634823	0.8746591934082032	25	0.34091199823100743
SAPCD1.AS1	SAPCD1.AS1	0.000175404558856743	12544.0	0.8328785603596001	0.8328785603596001	0.188343602397052	1800.0	10.132927790920355	0.04	0.33248321760658606	0.29595153686858144	25	1.6908016361314477
MRC1	MRC1	0.00439232228346742	12543.0	0.8326245533119491	-0.8326245533119491	0.00966249137138416	13276.0	74.77188239270023	0.4166666666666667	1.5465770546146709	2.3345938081433286	24	-0.3058144413869232
CSGALNACT1	CSGALNACT1	7.827556837678411e-06	12542.0	0.8325978250174959	-0.8325978250174959	0.0010632500438677815	6719.0	37.83936014419285	0.16666666666666666	0.6152237277544339	0.6364317557798701	24	0.3415513058374913
PDZRN3.AS1	PDZRN3.AS1	0.0277397392001618	12541.0	0.832496040050753	-0.832496040050753	0.042018646977014996	11799.0	66.45263039315084	0.34782608695652173	1.0430956760730776	1.098149822815944	23	-0.1917767791304578
BMPR2	BMPR2	1.53521628179135e-07	12540.0	0.8324750084031829	-0.8324750084031829	0.000865733905767338	6733.0	37.9182156133829	0.12	0.4921086541357955	0.5003223726053702	25	0.6802940921769487
ANO7	ANO7	3.42072895882572e-06	12539.0	0.832458929040903	0.832458929040903	0.0012597303122436404	9170.0	51.644699785963724	0.25	0.9134143564550811	1.0523824503552226	24	-0.07692586225364385
SESN1	SESN1	2.0391178823186102e-08	12538.0	0.832456944925711	-0.832456944925711	0.0545221026241811	1262.0	7.102624760617326	0.04	0.27225855442039765	0.28989238401130174	25	1.9324356947696615
LRRC55	LRRC55	0.10412387731598699	12537.0	0.8324567572176109	0.8324567572176109	0.0018176189998716102	17084.0	96.22057001239156	0.5652173913043478	2.6075690080527956	2.3769533557332623	23	-0.7468014660672982
TUBA4B	TUBA4B	0.0447177587283827	12536.0	0.832423255659183	-0.832423255659183	0.0075707311434752	3630.0	20.44046412076152	0.16	0.5137636608658227	0.5203346735335973	25	0.6124127624041277
TTC9B	TTC9B	0.0176561863009956	12535.0	0.8322003624016079	-0.8322003624016079	4.8620725838058805e-06	16020.0	90.2275543539484	0.5833333333333334	1.5951485361002573	1.3615574543023534	24	-0.5603495991210855
PLCD1	PLCD1	5.5343215963297106e-05	12534.0	0.8320676904713321	-0.8320676904713321	4.27025114491754e-07	7785.0	43.84364086966317	0.16	0.7605130234275767	1.0050042087858333	25	0.07119837550750376
MPP2	MPP2	0.0032371631238256302	12533.0	0.831993235361997	-0.831993235361997	9.39067238480624e-05	8655.0	48.7439450264729	0.2	0.8724840612044846	1.07657450415616	25	-0.037610797660701745
IKBKE	IKBKE	0.00013446781848763	12532.0	0.8319821017329191	0.8319821017329191	0.0088120893462085	4935.0	27.79092035597612	0.2	0.6819217498419559	0.8727202788823436	25	0.17194553114216535
PLEKHM3	PLEKHM3	3.12289715781656e-15	12531.0	0.831610540065985	-0.831610540065985	0.0319824815277355	484.0	2.720513687056438	0.04	0.30334465714395287	0.3275078890464545	25	1.612986741968532
MAP7	MAP7	0.000205424884597335	12530.0	0.831200581528254	0.831200581528254	0.0253657915479708	6421.0	36.16086515714768	0.16	0.6944249332648392	0.7638814493130097	25	0.17905350154323402
TEX15	TEX15	0.363577117060569	12529.0	0.831187046932769	-0.831187046932769	0.00637515146127098	10771.0	60.66238594119635	0.24	1.0345785511543524	1.2032028961685133	25	-0.1690417342488657
LYG1	LYG1	0.00175756587896689	12528.0	0.8307614120927049	0.8307614120927049	1.24539564697142e-05	8989.0	50.625211220006754	0.16666666666666666	0.7905102328239916	1.0043156345552802	24	0.04007821633339098
TANC1	TANC1	1.33513002528949e-14	12527.0	0.8304267078862929	-0.8304267078862929	0.00208869756426184	5606.0	31.570350343584543	0.16	0.5188571782544179	0.5358971451142637	25	0.5813980023450999
ITPR1	ITPR1	2.84045866800861e-10	12526.0	0.830397235179428	-0.830397235179428	0.0253282772821453	1876.0	10.56100033795201	0.16	0.5405624904978863	0.7140507297459763	25	0.4059021755844301
ZNF273	ZNF273	0.0164526768227242	12525.0	0.8302473008303	0.8302473008303	0.000156663609658197	6400.0	36.04258195336262	0.04	0.4527154150643689	0.31906239627054656	25	1.1832540912963172
ANKRA2	ANKRA2	1.29753966568086e-05	12524.0	0.830134206733667	0.830134206733667	1.61877257559419e-07	10311.0	58.07142052495212	0.08	0.6208730884591153	0.4639757894991397	25	0.4510173224780724
SCOC	SCOC	2.04057343586526e-05	12523.0	0.830081792481061	0.830081792481061	5.26934973660585e-10	13715.0	77.2445646051594	0.4	1.0113813131300085	0.4545574021094965	25	-0.3988484618390946
SHH	SHH	0.0224153655798309	12522.0	0.8296997540653621	-0.8296997540653621	3.29857560020523e-05	16163.0	91.03300664638954	0.75	1.864223361999484	1.3734270630793057	24	-0.7532424806124454
CSF2RB	CSF2RB	0.0029254009632931	12521.0	0.829255052856966	-0.829255052856966	0.00875711935425926	15199.0	85.60324433930381	0.5416666666666666	1.6005963842485607	2.1165385218041655	24	-0.3644352906622711
LYPLA1	LYPLA1	0.00011238812445491202	12520.0	0.8291610866811571	0.8291610866811571	2.3895110710363197e-08	11359.0	63.974315647178095	0.12	0.6417715974786163	0.48860509944438846	25	0.3835193071370489
DNASE1	DNASE1	4.466603524440491e-12	12519.0	0.829109476119591	0.829109476119591	0.000348142744838902	1310.0	7.372986369268897	0.04	0.3139268223023204	0.34771392210739704	25	1.481627916118205
CD8A	CD8A	0.0596642484521738	12518.0	0.8291087641562169	-0.8291087641562169	6.932956128202529e-05	14379.0	80.9845668581728	0.5	1.9738691131843957	2.4687481261349067	24	-0.4637007465076745
SHISA2	SHISA2	0.12017261749328001	12517.0	0.82861299279967	0.82861299279967	0.001834500419225725	10766.0	60.63422327362847	0.2916666666666667	1.1151463960625698	1.4145987329892287	24	-0.20255454538504916
FANCD2OS	FANCD2OS	3.4532133219323e-05	12516.0	0.8285116627210278	0.8285116627210278	0.00173168490259976	3743.0	21.076940407795426	0.16	0.5594323288962699	0.7310834886602408	25	0.36805554768835463
ONECUT3	ONECUT3	0.0318323217183724	12515.0	0.8283876847047921	0.8283876847047921	0.0020267518672887753	13782.0	77.62194435056888	0.4583333333333333	1.9478570752208884	2.1933137917852	24	-0.5104009260822313
KCNG3	KCNG3	0.0355533877023647	12514.0	0.828329757515322	-0.828329757515322	0.0410029968883591	10284.0	57.91934212008561	0.25	0.9889920554410905	1.2370484575653289	24	-0.12987550887212018
FRY	FRY	6.83079201399194e-05	12513.0	0.828204824705362	-0.828204824705362	0.0149281127041507	1710.0	9.62599977469866	0.16	0.79806130669103	1.508371923253832	25	0.019984141543358203
PRMT3	PRMT3	2.73733221411636e-23	12512.0	0.827980743590765	0.827980743590765	0.004715345539212875	6141.0	34.583755773346844	0.3333333333333333	1.4968414773080623	2.0090223083809624	24	-0.3329284751727426
SCARF1	SCARF1	0.000681543345919388	12511.0	0.8275869474844859	-0.8275869474844859	1.501833051154735e-08	14349.0	80.81559085276557	0.5416666666666666	1.2956528066874027	1.326778132694065	24	-0.3527838209486421
DLEC1	DLEC1	0.00261803223143698	12510.0	0.8271651985208829	-0.8271651985208829	0.00563150879993992	2012.0	11.327024895798129	0.04	0.34043055162381264	0.34288251097920175	25	1.4195376880175559
LYPD5	LYPD5	4.87317413977315e-05	12509.0	0.827089291916375	-0.827089291916375	0.008667695050961464	12301.0	69.28016221696518	0.25	0.8579541551348869	0.6870640018830877	24	-0.044922835622181134
SPC25	SPC25	0.0158473119113423	12508.0	0.827049380168687	0.827049380168687	0.00206571713486698	10211.0	57.50816717359468	0.24	1.2479780954491464	1.6635564589330698	25	-0.2530294135916638
ADCY3	ADCY3	1.97624462095145e-05	12507.0	0.827043601299201	-0.827043601299201	5.23436727650812e-08	6977.0	39.29255379069505	0.16	0.6010535143839527	0.5069590537277673	25	0.44577581809319655
LINC01118	LINC01118	0.11777792283142499	12506.0	0.82691224114646	-0.82691224114646	0.01696729180100255	15103.0	85.06252112200067	0.5833333333333334	1.7536748998519673	1.9371206124885993	24	-0.4784227955299617
ASCC3	ASCC3	6.51817643657323e-07	12505.0	0.826767182238812	0.826767182238812	0.00127692784183669	6854.0	38.5997521685254	0.08	0.509332233378321	0.4532740802274116	25	0.7003156869266185
FAM181A	FAM181A	0.13697325311205302	12504.0	0.8266882616423009	-0.8266882616423009	0.00119557050439241	16693.0	94.01824940858397	0.6086956521739131	2.3418603328628462	1.9908073896877068	23	-0.7610842108930622
CYP27B1	CYP27B1	0.0387839165588434	12503.0	0.8264035411459499	0.8264035411459499	0.00521622395465129	5243.0	29.525740678157035	0.2	0.584512278862815	0.6261659518114745	25	0.3863053581616066
SMUG1	SMUG1	1.8017044361892702e-10	12502.0	0.826310461151077	0.826310461151077	3.22408321343314e-06	7095.0	39.95719274529683	0.08	0.5160803873335128	0.6079495028363981	25	0.5102892137754547
C1orf21	C1orf21	5.76845453517914e-07	12501.0	0.8262836080875792	-0.8262836080875792	0.00023299688424846098	2594.0	14.605159400698433	0.04	0.5218084829381734	0.7428194327356396	25	0.4098911683396479
ITGAD	ITGAD	0.18903349768623398	12500.0	0.826012281507456	0.826012281507456	2.28570157423254e-05	15119.0	85.15264165821786	0.625	1.6421462245249032	1.5793754787694876	24	-0.5167447221944386
PRRT3	PRRT3	0.000149783008910329	12499.0	0.8257244915429731	0.8257244915429731	7.73336120037563e-06	5064.0	28.517517179227216	0.2	0.6469969622752996	0.919408583739577	25	0.1943940185338733
CLEC4F	CLEC4F	0.00201815622102484	12498.0	0.8255301578343689	-0.8255301578343689	0.005346742865324525	13018.0	73.31868874619803	0.3333333333333333	1.2788951216244142	1.4788113824861064	24	-0.3065738938443049
MARVELD2	MARVELD2	0.000593900518833732	12497.0	0.8251743097732029	0.8251743097732029	0.000629100240983108	11995.0	67.55660696181141	0.28	0.9216807919915698	0.978302777623233	25	-0.0986468447455781
CNDP1	CNDP1	0.153761653992955	12496.0	0.824676491870475	0.824676491870475	8.802266868945531e-07	17117.0	96.40644361833952	0.7272727272727273	3.1758677837434535	2.7595029662468256	22	-0.8520343411954406
STRBP	STRBP	1.6476435831568802e-07	12495.0	0.824573538517461	0.824573538517461	3.22478430196243e-06	6170.0	34.747099245240506	0.08	0.5193784435176098	0.4469849921384425	25	0.6827860003526127
PBX1	PBX1	4.29766283375457e-06	12494.0	0.8245596835046859	-0.8245596835046859	0.0085490870411931	8492.0	47.82584206376028	0.24	1.05164544435655	1.6248722466328032	25	-0.13975607086800224
SEC22C	SEC22C	1.30110990271726e-22	12493.0	0.824172579624682	-0.824172579624682	0.0005484932228758231	1035.0	5.8240396530359355	0.16	0.4208579569591172	0.46323377331198556	25	0.8706502977578332
HLTF	HLTF	9.95244269468927e-06	12492.0	0.8240943572439741	0.8240943572439741	2.3143165102848602e-07	10991.0	61.90154331418272	0.12	0.6082298113867526	0.3554246283672016	25	0.6073426786683006
TLE4	TLE4	5.1567967151476896e-14	12491.0	0.823331386231205	-0.823331386231205	0.0008150580763490269	5993.0	33.750140813337836	0.16	0.4284031537097466	0.38493916946399337	25	1.0259497184227169
TEX26.AS1	TEX26.AS1	0.05771967027207799	12490.0	0.8233251544744229	-0.8233251544744229	0.00126206622724486	15817.0	89.0841500506928	0.5652173913043478	2.3830507769748817	2.5028803059932403	23	-0.623172278261025
ATP8B4	ATP8B4	4.7014920800167296e-05	12489.0	0.823075870651249	0.823075870651249	0.0053081602428435804	10115.0	56.96744395629153	0.25	1.2718300310891972	2.4233775032738984	24	-0.1851771586687163
SCRIB	SCRIB	5.0196440310423794e-05	12488.0	0.8230502025335419	0.8230502025335419	1.08996660260539e-06	10665.0	60.065337388757456	0.24	0.8474756461179628	0.9449601640160212	25	-0.02584811986212656
UTRN	UTRN	4.27132246617899e-08	12487.0	0.823013131209539	-0.823013131209539	0.0026468567745857	4253.0	23.949532499718373	0.12	0.49748526655866804	0.5197841833269616	25	0.6262750485543402
UQCRQ	UQCRQ	2.8112952745602798e-06	12486.0	0.822906743921175	0.822906743921175	1.2555024234846302e-11	10139.0	57.102624760617324	0.16	0.6015266449602619	0.39928747251685237	25	0.5544378779666561
ZFP57	ZFP57	0.29807982672689004	12485.0	0.8226921285039301	0.8226921285039301	0.003570370012178685	10538.0	59.35000563253351	0.2916666666666667	1.1295943341595664	1.5754281873719427	24	-0.19480558245412413
NMU	NMU	0.216046388347958	12484.0	0.822128040964314	0.822128040964314	3.2184624742203404e-07	14037.0	79.05824039653035	0.5	1.9050159472881694	2.1622914718817516	24	-0.5008057056163032
INAFM1	INAFM1	8.168560281942669e-06	12483.0	0.8218152445674028	-0.8218152445674028	0.0004062806401228346	11358.0	63.96868311366452	0.3333333333333333	1.112211335744276	1.3819465172278564	24	-0.21013554978914745
POU6F1	POU6F1	3.5021120589228305e-14	12482.0	0.8213837960289201	-0.8213837960289201	2.35389492457865e-14	11966.0	67.39326348991776	0.24	1.0365280652221054	1.0445069597203165	25	-0.2059768651525248
CCDC15	CCDC15	5.68087571718916e-05	12481.0	0.8213464436925709	0.8213464436925709	2.75043355967062e-05	8854.0	49.86481919567421	0.24	1.1032085066266015	1.8413529928634917	25	-0.15307334553800372
SHISA8	SHISA8	0.351914651242664	12480.0	0.8213375862256109	0.8213375862256109	0.00017027001241749995	15974.0	89.96845781232398	0.625	1.570672832365247	1.2036328084740195	24	-0.62256133337679
IL15	IL15	0.00180910638507476	12479.0	0.8213328084710859	-0.8213328084710859	0.0007935534128148531	5154.0	29.024445195448912	0.08333333333333333	0.672648927438558	1.2339319874221089	24	0.12049600994877646
TMEM52	TMEM52	0.0515900659733467	12478.0	0.821159888640833	0.821159888640833	0.000665879792333259	11956.0	67.33693815478202	0.32	0.8785688378638106	0.7672732494830279	25	-0.07482203929520347
KCNJ3	KCNJ3	0.4705865686025179	12477.0	0.8211251043744542	0.8211251043744542	3.2319954958426944e-06	12215.0	68.79576433479778	0.375	1.5850256268325251	1.7597328589433063	24	-0.4341002775368882
RASGEF1A	RASGEF1A	0.000529824827751731	12476.0	0.821079080533827	0.821079080533827	0.0012822856421679401	7230.0	40.717584769629376	0.12	0.7444911743801157	1.0653375810636758	25	0.07189073915635541
REXO1	REXO1	1.75275813965799e-11	12475.0	0.821013321422538	-0.821013321422538	4.09932536677928e-13	13395.0	75.44215388081558	0.44	1.2580601043690562	0.8999239023870083	25	-0.4856485996063345
GCSAML	GCSAML	0.0476279552133222	12474.0	0.820878925174395	-0.820878925174395	0.000704157354798445	14897.0	83.90221921820434	0.5	1.7872430022887478	2.17174998133724	24	-0.44497022466615643
ZNF436.AS1	ZNF436.AS1	0.000548172811698979	12473.0	0.820774598049241	0.820774598049241	3.5050560616474e-05	8836.0	49.76343359242987	0.2916666666666667	0.8533992205127574	0.8679613792571677	24	-0.03758764300254661
CFAP74	CFAP74	0.0313905262524561	12472.0	0.820760432272667	-0.820760432272667	0.00829602861543597	10797.0	60.80883181254928	0.24	0.7967251574565123	0.7498330975850527	25	0.0320541663118951
CD6	CD6	0.0574927985710341	12471.0	0.8205737876595829	-0.8205737876595829	2.014404100651825e-05	15372.0	86.57767263715219	0.5416666666666666	1.9537859589335742	2.514700732901321	24	-0.4506350025859954
FSCN2	FSCN2	0.000761145355453869	12470.0	0.8199695924423431	0.8199695924423431	0.026541471031800202	5956.0	33.54173707333558	0.3333333333333333	0.7847911593664669	0.8707948909659082	24	0.04039807013205529
IL2RB	IL2RB	0.0223989817722576	12469.0	0.819689327073134	-0.819689327073134	5.5300899284755673e-05	15415.0	86.81987157823589	0.6666666666666666	1.838829513151221	1.7657000707963673	24	-0.5771875999407043
HTRA4	HTRA4	0.24393906501466397	12468.0	0.81962058669315	0.81962058669315	3.6818011595266755e-06	16105.0	90.70631970260223	0.625	2.224485173894098	1.9205958160700347	24	-0.7314733143986601
GSTZ1	GSTZ1	2.5468167379734e-05	12467.0	0.819523391741015	0.819523391741015	1.3252798803991798e-08	5960.0	33.56426720738988	0.16	0.6505973663411204	0.8252262187765748	25	0.20470268825235943
CRMP1	CRMP1	9.718548276942789e-08	12466.0	0.8193408420193979	-0.8193408420193979	5.767664780048409e-07	13693.0	77.12064886786077	0.4583333333333333	1.2668259098514774	1.3815059456454024	24	-0.3239110691072896
LINC01215	LINC01215	0.0580761884544555	12465.0	0.8190207398361	0.8190207398361	4.343379287142161e-05	14021.0	78.96811986031317	0.4583333333333333	1.6715800680969837	1.8228638633659255	24	-0.46770323631663274
LST1	LST1	0.00353621306512843	12464.0	0.8189996313781992	-0.8189996313781992	0.0044536848332118305	13087.0	73.70733355863467	0.3333333333333333	1.7020582697109001	2.5666279304505135	24	-0.3440540126038837
DCAF12	DCAF12	2.2505843514366898e-07	12463.0	0.818812100637183	0.818812100637183	0.000354933837545098	5306.0	29.880590289512224	0.04	0.36036082480875675	0.3377214667886124	25	1.357483372874788
HEXA.AS1	HEXA.AS1	0.0357231479750319	12462.0	0.8187514676724928	0.8187514676724928	0.002900324338201375	8682.0	48.896023431339415	0.041666666666666664	0.6164556125289147	0.9596144140389948	24	0.21080952118270047
MOCOS	MOCOS	3.2519662870333895e-11	12461.0	0.8185985554108259	0.8185985554108259	1.4822208453781783e-08	11484.0	64.6783823363749	0.16666666666666666	0.7720066284353247	0.4247717476886931	24	0.10968697242465264
ETV5	ETV5	0.000936723172295703	12460.0	0.818335584534753	-0.818335584534753	0.0056187124311091	3979.0	22.406218316998988	0.08	0.5760944765924465	1.1082017731355007	25	0.218589352421734
SLC2A11	SLC2A11	1.34794409403297e-12	12459.0	0.818320029829446	0.818320029829446	0.0321485385395489	306.0	1.7179227216401936	0.08	0.450010137860411	0.818662110151506	25	0.4498924371873929
BAIAP2L1	BAIAP2L1	1.4289063925207301e-06	12458.0	0.818048319631882	0.818048319631882	5.7902483649784205e-05	11204.0	63.101272952574064	0.28	0.9858367727713793	1.4319504226139663	25	-0.11717476421649181
KCNC4	KCNC4	0.00081065754398151	12457.0	0.8179483177932142	-0.8179483177932142	0.0020240608155888103	2615.0	14.723442604483495	0.12	0.4449315819620792	0.6353809805141875	25	0.5870757030361029
MGME1	MGME1	1.0682423528867999e-16	12456.0	0.8179227542747108	0.8179227542747108	3.06082689356755e-08	7536.0	42.441140024783145	0.08	0.4790321692565985	0.4149809243487944	25	0.8166413565874474
LOXL2	LOXL2	0.063309884216802	12455.0	0.8179180210185981	0.8179180210185981	2.516082918953844e-05	13244.0	74.59164132026585	0.375	1.1937216227919698	1.387891431058089	24	-0.2707730542632356
PTGFR	PTGFR	0.00589074022911189	12454.0	0.8176562866392891	-0.8176562866392891	0.00070158095882542	11755.0	66.20479891855356	0.375	1.3459405325604943	1.793861380287024	24	-0.29449557904896634
TRAIP	TRAIP	3.05214886987428e-09	12453.0	0.8174600302046829	0.8174600302046829	0.0022817297516865	3871.0	21.79790469753295	0.12	0.6871368873952588	1.2653782641471902	25	0.10299145046343613
FRY.AS1	FRY.AS1	0.0413739187586067	12452.0	0.817189105473675	0.817189105473675	0.0011230582348866177	13899.0	78.28095077165709	0.5	1.5854812634118514	1.5215193634537896	24	-0.5049506279001164
DNAJC27	DNAJC27	4.06765292673806e-12	12451.0	0.817009182699371	-0.817009182699371	0.00037705333761580296	1410.0	7.936239720626338	0.24	0.4989095002481796	0.5314814291045552	25	0.5985151409469351
TSPAN3	TSPAN3	9.331492575983391e-05	12450.0	0.8169580625173171	0.8169580625173171	1.1703240957613401e-07	6840.0	38.52089669933536	0.12	0.5725061573047953	0.5217476467922113	25	0.46852517057901755
CBX6	CBX6	1.2801278670869199e-05	12449.0	0.8169193729691508	-0.8169193729691508	0.00622173541670845	3791.0	21.347302016447	0.12	0.540402611698744	0.8847253068186711	25	0.3125453280687949
IFITM10	IFITM10	0.0129081145684386	12448.0	0.8163197593037959	0.8163197593037959	0.005299116797432354	9527.0	53.655514250309785	0.125	0.9049493143545467	1.4097239805725905	24	-0.06287014782479051
SLC6A14	SLC6A14	0.0933248039501635	12447.0	0.8157678565312171	-0.8157678565312171	8.52370831240459e-07	16408.0	92.41297735721527	0.7391304347826086	2.4576889740718926	2.229761061801417	23	-0.7363663962335822
SPR	SPR	5.155969026729141e-07	12446.0	0.815753823082602	0.815753823082602	3.9897478252948604e-05	7163.0	40.34020502421989	0.12	0.5956846734413517	0.694020340138356	25	0.31709322755206076
MIDN	MIDN	2.3933281539139498e-05	12445.0	0.815511102739061	-0.815511102739061	4.64014509073397e-09	11875.0	66.88070294018249	0.28	0.8498850373015094	0.6131886704630036	25	-0.056057680479473807
NME7	NME7	4.14774920520128e-05	12444.0	0.8154755851408442	0.8154755851408442	1.3032503431860702e-14	12708.0	71.57260335698997	0.32	0.9482454995844659	0.5679404451336837	25	-0.23377436064158086
SPSB4	SPSB4	0.024884933589972	12443.0	0.8153132957441049	-0.8153132957441049	2.416576270635915e-07	15347.0	86.43685929931283	0.625	1.4248131458121325	1.0166107395447035	24	-0.5995410301695184
C11orf65	C11orf65	2.83882309675831e-05	12442.0	0.814942313612881	0.814942313612881	0.00082342048458651	11175.0	62.9379294806804	0.3333333333333333	1.4424188403001954	1.840445903736733	24	-0.34093722907765067
MIR4458HG	MIR4458HG	0.00106771208290631	12441.0	0.8149336063154291	-0.8149336063154291	2.3870318064809504e-10	11817.0	66.55401599639518	0.28	0.7770787393012561	0.6896245341711871	25	0.054891995772262
PELI3	PELI3	8.63393175133076e-05	12440.0	0.814857034120152	-0.814857034120152	0.000313336179270917	5186.0	29.204686267883293	0.04	0.38928590058591944	0.30782168064608223	25	1.382524884670267
HSD17B6	HSD17B6	0.0658746913734863	12439.0	0.8147800429309692	-0.8147800429309692	0.000535752114103581	10219.0	57.55322744170327	0.16	0.6271307448304999	0.5531880729830823	25	0.3392142876265664
GRM2	GRM2	0.0237754417681641	12438.0	0.814680204841902	-0.814680204841902	3.65137973690292e-08	14080.0	79.30043933761405	0.5	1.510060231319886	1.8446101936252808	24	-0.37697939048646806
FANCD2	FANCD2	1.68683508999319e-07	12437.0	0.814672144130448	0.814672144130448	0.0017827102546777898	5333.0	30.03266869437873	0.12	0.5866709038650586	0.7839329095449475	25	0.2908427972461803
SPNS2	SPNS2	0.0344883119660168	12436.0	0.814661369173871	-0.814661369173871	0.002673386555452715	11070.0	62.346513461755094	0.16666666666666666	0.8918291912900557	1.1854863513492717	24	-0.0650938089910149
FRMD4A	FRMD4A	5.222514578803339e-08	12435.0	0.814352791060876	-0.814352791060876	0.005520025566333821	3311.0	18.643685929931284	0.16	0.49479502477863874	0.6003050013712036	25	0.5323256770346914
PKN1	PKN1	6.989442579847881e-06	12434.0	0.814243196656456	-0.814243196656456	1.1378972104340301e-07	8609.0	48.48484848484848	0.32	0.800278810069983	0.7083830236726034	25	0.019713045230918613
ATCAY	ATCAY	0.16979662563423303	12433.0	0.814231056600958	0.814231056600958	2.1348591171408797e-06	17329.0	97.60054072321729	0.6956521739130435	2.8284800260309537	2.1149583319809104	23	-0.9523823419931926
FAM3C	FAM3C	2.2730423031907796e-08	12432.0	0.814085320843533	0.814085320843533	1.41820820184965e-09	12845.0	72.34426044834966	0.28	0.7723997610813523	0.4940622612843217	25	0.0843730902534804
IPP	IPP	1.21502412731965e-05	12431.0	0.8140028172512801	0.8140028172512801	4.30271295606884e-07	6158.0	34.67950884307761	0.04	0.44973278346353235	0.3060253000978894	25	1.190326530751632
GAB1	GAB1	1.3455749466841e-05	12430.0	0.813847779194725	-0.813847779194725	0.0614431994821355	49.0	0.2703616086515715	0.08	0.37100006777564026	0.5525850850344877	25	0.8014109019816303
PDLIM4	PDLIM4	0.0217968624186813	12429.0	0.813689246650473	0.813689246650473	0.001713541626751705	8963.0	50.47876534865382	0.3333333333333333	1.184654226301585	1.7452590388120472	24	-0.21255582776045562
SCNN1G	SCNN1G	0.0074801143823907705	12428.0	0.8135218369000891	-0.8135218369000891	0.102372879784284	7094.0	39.95156021178325	0.2608695652173913	0.9597611917276277	1.3182359924729987	23	-0.11093564101007058
CDC14A	CDC14A	6.850443070016359e-14	12427.0	0.812872373442328	-0.812872373442328	0.00349813464307075	4954.0	27.89793849273403	0.08	0.5400793239573307	0.7293794311363555	25	0.3740070501576831
SCPEP1	SCPEP1	0.000286809066282011	12426.0	0.812814709701775	0.812814709701775	4.00043379506819e-06	10454.0	58.876872817393256	0.12	0.6384011406002099	0.5683832968913722	25	0.30685906861703316
PHF6	PHF6	1.81795481865397e-07	12425.0	0.812760166184294	0.812760166184294	0.00019675565505263798	7240.0	40.77391010476512	0.04	0.5342918838992533	0.6558091112235143	25	0.42461789188246357
AHSP	AHSP	0.407746899447915	12424.0	0.812747564480926	-0.812747564480926	2.270997400670584e-06	17644.0	99.37478877999324	0.8333333333333334	4.245109473372642	2.7184653804716894	24	-1.2626101231777158
PRR11	PRR11	0.00011571321614543602	12423.0	0.8125331391504341	0.8125331391504341	0.00010138519515789301	6697.0	37.715444406894214	0.2	0.7508181364119022	1.0497294579999592	25	0.058791341205301606
TWF1	TWF1	3.56119789649401e-07	12422.0	0.8124432353577129	0.8124432353577129	2.6835186565863498e-11	13040.0	73.44260448349667	0.2	0.8575194632629496	0.42789181627078265	25	-0.10534491708229145
RPP40	RPP40	0.00047639143142395	12421.0	0.8123947591787851	0.8123947591787851	6.97456188724252e-10	10638.0	59.91325898389095	0.16	0.7385346794349178	0.610130751400146	25	0.12105614997174136
GPR31	GPR31	0.36905585139332703	12420.0	0.8122559252991809	-0.8122559252991809	0.00521087003267278	17243.0	97.11614284104989	0.5416666666666666	2.3191472337235925	1.4968596557490959	24	-1.0067017990877012
CNMD	CNMD	0.24827529068464604	12419.0	0.812001661077337	-0.812001661077337	0.0215523335427782	13946.0	78.54567984679508	0.4782608695652174	1.9020796148729278	2.1799165841855066	23	-0.5000548927898002
ARHGAP20	ARHGAP20	0.0025611471456054	12418.0	0.811840391086915	-0.811840391086915	0.004745454587728675	9788.0	55.1256054973527	0.16666666666666666	0.741488148014679	0.6645790738325044	24	0.1058598530142209
STARD10	STARD10	0.00153314239852925	12417.0	0.811602247348129	0.811602247348129	0.00646851307409893	11282.0	63.540610566632864	0.16	0.8056673210379443	1.0218350793968602	25	0.005808105857637882
STOM	STOM	2.85992440048604e-13	12416.0	0.8114553507358659	-0.8114553507358659	0.000525472917304269	7688.0	43.29728511884645	0.2	0.6234460003201389	0.6666204191546181	25	0.28203359065141326
MTERF3	MTERF3	1.90638294474416e-06	12415.0	0.8114206465751651	0.8114206465751651	2.10706697404086e-09	10127.0	57.035034358454425	0.16	0.6250805667712832	0.3669481817945876	25	0.5078103368507558
EXOSC4	EXOSC4	3.5737868360078796e-06	12414.0	0.81126156764356	0.81126156764356	0.0118309401596195	1245.0	7.006871690886561	0.12	0.49154236521966527	0.8143519359660533	25	0.3926056884049975
SERPINF1	SERPINF1	0.0012627176238887302	12413.0	0.8112350717075871	0.8112350717075871	3.485145518417182e-08	14244.0	80.22417483384025	0.5416666666666666	1.303832435438866	1.268735532690117	24	-0.38825850702456327
TMED2	TMED2	2.0735733636403797e-21	12412.0	0.8109290034655909	0.8109290034655909	1.81019676974959e-07	9158.0	51.57710938380083	0.08	0.598805778535783	0.47761024717243505	25	0.44413457664618233
SPRYD4	SPRYD4	3.23306397988272e-11	12411.0	0.810737755002116	0.810737755002116	1.8261619417404897e-09	3971.0	22.361158048890392	0.04	0.3950133609634801	0.2935994079794893	25	1.4159578757314053
TFAP2E	TFAP2E	0.0015630160995398	12410.0	0.810591104294792	0.810591104294792	4.844570143297304e-06	13370.0	75.30134054297622	0.4583333333333333	1.5204990671110226	1.9780172623919259	24	-0.35889877015419536
DCAF13	DCAF13	3.2264059989328495e-05	12409.0	0.810571661409968	0.810571661409968	1.23212446696235e-10	11125.0	62.65630280500169	0.24	0.7746698107410029	0.641791968473723	25	0.05594001239115685
ETNK2	ETNK2	7.00097945826262e-06	12408.0	0.8103557391865441	0.8103557391865441	0.000154655290103008	10862.0	61.17494649093162	0.2	0.9885395693161142	1.1264913921340214	25	-0.15817593580721398
HOXA3	HOXA3	0.00658474318120839	12407.0	0.810248778475278	-0.810248778475278	0.0006859147898346765	10293.0	57.97003492170778	0.20833333333333334	1.0799824481321714	1.7889898681301564	24	-0.15077428579224864
LRRC25	LRRC25	0.00314930277618291	12406.0	0.810245581921666	-0.810245581921666	2.0207933275239e-05	15080.0	84.93297285118845	0.5833333333333334	1.6166962040923796	1.7718305174557993	24	-0.45515110741444353
GSN	GSN	3.5356140709959103e-07	12405.0	0.8101428729511378	-0.8101428729511378	9.482962433326029e-07	9973.0	56.16762419736397	0.16	0.6795960538948129	0.6408959641211496	25	0.20369424425279647
TYROBP	TYROBP	0.0036266081345209603	12404.0	0.8100634942216409	-0.8100634942216409	0.003362941267397855	13731.0	77.33468514137658	0.4583333333333333	1.7707840065605067	2.5828914981975486	24	-0.37195542786419694
BPI	BPI	0.204791319986644	12403.0	0.8093787285972659	-0.8093787285972659	8.481057806616686e-05	16500.0	92.93117044046411	0.7083333333333334	2.489705363206112	2.10562479887823	24	-0.7980180683206425
ZSCAN18	ZSCAN18	5.52379947478181e-06	12402.0	0.809370626883543	-0.809370626883543	2.3890743931763598e-08	10101.0	56.888588487101494	0.16	0.8795971588197521	1.2865875794959707	25	-0.05458356124013012
S1PR2	S1PR2	4.83751437887722e-16	12401.0	0.8093159481246149	-0.8093159481246149	0.0145811512675575	4128.0	23.245465810521573	0.08	0.5516459759725977	1.0098759460038982	25	0.2551501233113068
FAM78A	FAM78A	0.00590842406789369	12400.0	0.808712551700048	-0.808712551700048	5.534056193588609e-10	15471.0	87.13529345499605	0.625	1.2377300867172678	0.734822653523987	24	-0.5838381995434975
MYCL	MYCL	0.0013005533456515801	12399.0	0.8085848657326801	0.8085848657326801	0.0021478617741272697	6714.0	37.81119747662498	0.2	0.7236617587210923	1.0628028921011408	25	0.079904851259575
DLG5	DLG5	3.0027599284343103e-05	12398.0	0.808460839055706	0.808460839055706	0.00105369507546235	5341.0	30.077728962487328	0.12	0.6128216727825128	0.9353207039293683	25	0.20916800563838167
C1QTNF4	C1QTNF4	0.00423575160704682	12397.0	0.808288346135447	-0.808288346135447	9.267168413288975e-15	17363.0	97.79204686267883	0.8333333333333334	2.7482000452993627	1.923799686767341	24	-1.0083750987732243
UTS2B	UTS2B	8.337965714098459e-05	12396.0	0.8082183115718029	-0.8082183115718029	9.766659143370121e-08	11611.0	65.39371409259884	0.25	0.974019472966034	1.2040083458711672	24	-0.13770765124909884
UBXN10	UBXN10	0.0180491355066765	12395.0	0.8081345318547121	0.8081345318547121	7.990004822806979e-06	11569.0	65.15714768502872	0.36	1.0551070582974453	1.162656825849415	25	-0.2124208287017967
ECHDC3	ECHDC3	0.000539043355456324	12394.0	0.808055163402808	-0.808055163402808	0.00573645638089074	8594.0	48.40036048214486	0.16	0.6606718382279214	0.7083009511081381	25	0.2080800893240439
THRB	THRB	3.74040676544529e-05	12393.0	0.80798370894484	-0.80798370894484	0.005809817609325855	2853.0	16.063985580714206	0.08333333333333333	0.43551353801812936	0.34648118131805133	24	1.0750083727774027
MAGI1	MAGI1	1.50838816883047e-08	12392.0	0.8079052687560999	-0.8079052687560999	0.05281045792523735	2321.0	13.06747775149262	0.08333333333333333	0.48779679002854354	0.6297037691664713	24	0.5083477253936066
LAX1	LAX1	0.0549164849913082	12391.0	0.807894520397442	0.807894520397442	0.009094653481622904	12020.0	67.69742029965077	0.3333333333333333	1.4914222683773106	2.0301117141734566	24	-0.33669464749537753
ERC2	ERC2	0.034632225776387	12390.0	0.80775863610798	0.80775863610798	0.05602368577005295	9883.0	55.66069618114227	0.25	0.8674707093925066	0.9807323356605472	24	-0.0608851886629281
NPPB	NPPB	0.8251732954498551	12389.0	0.807665258219964	0.807665258219964	2.31300040434145e-09	17714.0	99.76906612594344	0.5652173913043478	3.761891135041129	2.8755351975934897	23	-1.027365576778031
NID1	NID1	0.0032002345030320897	12388.0	0.806502876889538	-0.806502876889538	8.896957410061035e-06	12586.0	70.8854342683339	0.375	1.106637104892395	0.9367202709489556	24	-0.32040966477516547
PI15	PI15	0.150104854792297	12387.0	0.806287511638704	0.806287511638704	5.3568878403839e-07	14641.0	82.46029063872929	0.5416666666666666	2.637386476321335	4.679874297778046	24	-0.39127097186179066
DCBLD2	DCBLD2	0.0165477128823542	12386.0	0.805910938661533	0.805910938661533	5.802016432342779e-10	14664.0	82.58983890954151	0.56	1.2926253898910098	0.9997032295797662	25	-0.4868589365606746
SLC22A9	SLC22A9	0.5132256109598711	12385.0	0.805886372262465	0.805886372262465	0.000416026067909138	15059.0	84.8146896474034	0.5652173913043478	2.435719183693318	2.3149195909009808	23	-0.7040559066660766
MSTN	MSTN	0.17279900507621698	12384.0	0.8058043932000709	0.8058043932000709	0.000241472324057555	16966.0	95.55593105778979	0.6818181818181818	2.868101803979776	2.681422020098182	22	-0.7691058682005574
PARN	PARN	1.19830697745936e-11	12383.0	0.8056876138060459	0.8056876138060459	8.07163936063354e-08	5163.0	29.07513799707108	0.12	0.5197571043690875	0.6542908684473331	25	0.4370082530961905
SND1.IT1	SND1.IT1	0.0108651066510391	12382.0	0.805359914538533	0.805359914538533	6.897486313698512e-05	13023.0	73.3468514137659	0.4166666666666667	1.3476120853392082	1.6101466887651041	24	-0.33677190692268755
FLRT3	FLRT3	0.0025668912966606	12381.0	0.8052425740764999	-0.8052425740764999	0.031939731190763196	7158.0	40.31204235665202	0.2916666666666667	0.9669991705948323	1.4611454854802146	24	-0.11070533230657048
EPHA5.AS1	EPHA5.AS1	0.541182019496616	12380.0	0.805196427296198	-0.805196427296198	0.0038596274467714	11422.0	64.32916525853328	0.391304347826087	1.3014793863261742	1.588559496027065	23	-0.3124106841897729
SUN2	SUN2	8.48294001534144e-14	12379.0	0.805138660973663	-0.805138660973663	1.69581481144188e-05	7453.0	41.97363974315647	0.36	0.7954305047557425	0.9778969290509132	25	0.009927586363669921
C1GALT1	C1GALT1	6.706910819000079e-08	12378.0	0.8050068969634799	0.8050068969634799	9.44479957775824e-09	11519.0	64.87552100935	0.2	0.7925215815653428	0.6723544365394807	25	0.01856954415649787
RAI14	RAI14	0.0006027245723066111	12377.0	0.8049678227918141	0.8049678227918141	0.00410496110423481	8291.0	46.69370282753182	0.08	0.5644710567247354	0.8074092928425813	25	0.29786227158766154
FXYD7	FXYD7	0.0419010690727263	12376.0	0.804839472524871	-0.804839472524871	3.699651567214425e-05	16662.0	93.84364086966316	0.6666666666666666	2.227653880015105	1.9161697630378614	24	-0.7425304557747165
PTPN1	PTPN1	8.658815863723171e-06	12375.0	0.8047173872224659	-0.8047173872224659	0.00545683931185313	4115.0	23.172242874845107	0.0	0.3203608636591113	0.2103533670874579	25	2.3025850751510686
ARHGAP25	ARHGAP25	0.00211179178602087	12374.0	0.804684430883351	-0.804684430883351	0.00527813611283192	12418.0	69.93916863805339	0.375	1.152076952785628	1.6238660512352197	24	-0.2139292964700059
SNORA25	SNORA25	0.0034630917308492697	12373.0	0.804494057587868	0.804494057587868	0.000124927112170529	17100.0	96.31069054860876	0.6666666666666666	2.347250444075155	1.84517899147289	24	-0.8361012094852663
PDE4C	PDE4C	0.025651549876807997	12372.0	0.804424792446855	-0.804424792446855	0.05247797439173485	3765.0	21.200856145094065	0.25	0.6337248450306442	0.7971644796837478	24	0.21413391058760067
MYOM1	MYOM1	7.610974963268559e-06	12371.0	0.804376164609266	-0.804376164609266	1.6126426236965185e-10	17026.0	95.89388306860425	0.7083333333333334	2.6655116759040127	2.250844579496544	24	-0.8268609606581698
IP6K1	IP6K1	2.4304586743919e-17	12370.0	0.8039574493228309	-0.8039574493228309	3.5016998388705603e-09	7967.0	44.868761969133715	0.08	0.5673847899115674	0.5914606593457132	25	0.39998038022167925
SLC26A3	SLC26A3	0.42622263511677794	12369.0	0.803936243572277	0.803936243572277	6.885308387021751e-07	17463.0	98.35530021403626	0.7391304347826086	3.58231982227154	2.9500901450244394	23	-0.9417961628681847
IL11	IL11	0.030300718812295	12368.0	0.803450551391614	0.803450551391614	3.616293331994905e-05	15734.0	88.61664976906611	0.5416666666666666	1.9609755394374702	1.8894356059033481	24	-0.6126300279455346
OR2A9P	OR2A9P	9.82447952836611e-06	12367.0	0.8033015298487641	-0.8033015298487641	0.0282359246284245	1232.0	6.933648755210093	0.04	0.533015895899724	1.1774719143634678	25	0.229547414806199
GRM1	GRM1	0.25032632251853	12366.0	0.803190361719295	-0.803190361719295	0.0003634514369772501	15147.0	85.31035259659794	0.5	1.5941153227487546	1.384354094527174	24	-0.5713313986329487
CEP128	CEP128	0.00104479910311189	12365.0	0.80310818351863	0.80310818351863	0.0272238240707785	626.0	3.5203334459840034	0.04	0.40078937908516465	0.5340122626947413	25	0.7533887001082665
DCLK2	DCLK2	0.000740807571671987	12364.0	0.8028971416541301	-0.8028971416541301	1.18214607490292e-08	12616.0	71.05441027374113	0.3333333333333333	1.1685754032173412	1.335243523918387	24	-0.27386634348923616
LCA5L	LCA5L	0.000765457027920498	12363.0	0.802591183791866	0.802591183791866	0.000304257739029021	10935.0	61.58612143742255	0.12	0.8709308323716515	1.2060509449346803	25	-0.05666398162267245
ROR1	ROR1	0.000515925058982764	12362.0	0.802462092149169	-0.802462092149169	0.000510968547456698	9848.0	55.46355750816717	0.24	1.0191952330831233	1.4813334319886	25	-0.14630949133646656
LUZP2	LUZP2	0.14951618434945	12361.0	0.802456689222015	0.802456689222015	2.3041016949838897e-05	14772.0	83.19815252900754	0.6086956521739131	2.1312318600252724	2.3117501558397135	23	-0.5747918595124295
NLGN3	NLGN3	0.000187582728965813	12360.0	0.802379573565207	-0.802379573565207	2.2445919334341207e-12	14012.0	78.91742705869099	0.5	1.556728038001312	1.9140447310311883	24	-0.3941122441948894
EPN2	EPN2	2.11481904148819e-08	12359.0	0.802192970470473	-0.802192970470473	0.000100968284665547	2567.0	14.453080995831924	0.16	0.5292752363630148	0.6775818729196745	25	0.4027819294094544
TTC41P	TTC41P	0.0112368965108217	12358.0	0.8021910728163392	0.8021910728163392	6.48296156171624e-05	8473.0	47.71882392700236	0.04	0.5068917277367287	0.30911854172757164	25	0.9552948310032461
GAPDH	GAPDH	1.69694534005704e-14	12357.0	0.802077670915763	0.802077670915763	8.68594118875112e-05	3556.0	20.023656640757014	0.04	0.41875569851703337	0.31274935199687626	25	1.2256523313357919
TRIT1	TRIT1	1.83503197759719e-05	12356.0	0.8019720113045891	0.8019720113045891	2.08216722789649e-07	4542.0	25.577334685141377	0.08	0.49627371834379674	0.5427585195434702	25	0.5632307590821862
FOXD2	FOXD2	0.000489987351640046	12355.0	0.801894576369994	0.801894576369994	0.017280008427044764	3201.0	18.0241072434381	0.125	0.5516779020107688	0.9082649190745502	24	0.27548864775508014
HAGLR	HAGLR	0.0111767549029201	12354.0	0.801736924097745	0.801736924097745	0.04336077162723245	7934.0	44.682888363185754	0.25	0.6998451778527494	0.640764109813522	24	0.1590160008722221
SLC23A1	SLC23A1	0.005357503565540721	12353.0	0.801691024653687	0.801691024653687	0.009212778592452446	8929.0	50.28725920919229	0.16666666666666666	0.6283496195342687	0.5389008753091941	24	0.3216573085355703
HMOX2	HMOX2	0.00109292561720151	12352.0	0.801602961403912	0.801602961403912	0.00107674830750164	5002.0	28.168300101385604	0.04	0.3848968889232545	0.424444267824583	25	0.98176864212683
MICALL2	MICALL2	1.20793621753509e-06	12351.0	0.801394238642389	0.801394238642389	0.000239850955233705	6586.0	37.09023318688746	0.08	0.6083046230531595	0.7695822491573326	25	0.25090185720974767
GPR39	GPR39	1.32039710317859e-07	12350.0	0.801385638924459	0.801385638924459	0.000702837206753584	9393.0	52.900754759490816	0.28	0.8665608538156774	0.8520423947779167	25	-0.07649292487166225
KLF7	KLF7	1.02077244543744e-06	12349.0	0.8012327370975929	-0.8012327370975929	0.0007589504601288009	2266.0	12.757688408246029	0.16	0.6669250515100978	1.030231284154416	25	0.1303665377408248
SLCO3A1	SLCO3A1	5.4151504176176804e-06	12348.0	0.801173130358861	-0.801173130358861	0.00169029599413979	5185.0	29.19905373436972	0.24	0.7316105266432342	0.8447893316553732	25	0.0823431370508883
GFAP	GFAP	0.0183815864029019	12347.0	0.8010305298031241	0.8010305298031241	2.0037628170872202e-09	17670.0	99.52123465134616	0.7391304347826086	3.7749170877369633	3.1906587254860943	23	-0.9320603717907092
DYRK2	DYRK2	2.0922027460057398e-08	12346.0	0.8005349538700621	0.8005349538700621	0.00011103731152578	6171.0	34.75273177875408	0.16	0.5530642424076434	0.5934426277261	25	0.41700865408111093
SLC5A5	SLC5A5	0.23958851564248398	12345.0	0.800504931097702	-0.800504931097702	0.07572744384212285	9894.0	55.72265404979159	0.3333333333333333	1.3072599017356805	1.6227197495540122	24	-0.31228742410835564
ALDH8A1	ALDH8A1	0.0527046026027698	12344.0	0.800490475174373	-0.800490475174373	9.89862951033943e-05	15819.0	89.09541511771994	0.6521739130434783	1.8047211423592429	1.498110025447791	23	-0.6703317180490139
CD226	CD226	0.00680365782193643	12343.0	0.8003546648990331	-0.8003546648990331	0.01092973339392781	11718.0	65.99639517855131	0.3333333333333333	1.4253430955785131	2.273237213737449	24	-0.2749332216200751
NLRP4	NLRP4	0.487173684068247	12342.0	0.800261260169699	0.800261260169699	0.0013545000814073498	17403.0	98.0173482032218	0.6818181818181818	2.9695611485532254	2.337385759058892	22	-0.9280880915681448
SPACA3	SPACA3	0.267464341324068	12341.0	0.8002216322429	0.8002216322429	8.635562221097679e-05	16289.0	91.74270586909992	0.5652173913043478	2.0143383422968086	1.6919980086051718	23	-0.7175639119426548
SGO2	SGO2	0.0013066491132559099	12340.0	0.800132344130809	0.800132344130809	0.014851136519942649	12889.0	72.59209192294693	0.375	1.51498251037886	2.0232507127787493	24	-0.3533176396445054
AKAP1	AKAP1	0.00018068722661461101	12339.0	0.7999086623620251	0.7999086623620251	0.0119864227592924	3159.0	17.787540835867976	0.04	0.3544653644560524	0.3088337097251641	25	1.4423402752969536
CPNE6	CPNE6	0.0841512230652374	12338.0	0.798923732686862	0.798923732686862	8.73820959373553e-05	16066.0	90.48665089557282	0.7083333333333334	2.0115820127180233	1.3860724537810363	24	-0.8748880888031341
ST8SIA4	ST8SIA4	0.00865777804854033	12337.0	0.798784792100749	0.798784792100749	0.000360152983983121	11216.0	63.168863354736956	0.25	0.8519307432248139	0.870762827906965	24	-0.06103378488469781
BTN1A1	BTN1A1	0.133935119107142	12336.0	0.7987269313245731	0.7987269313245731	0.0114051994359923	17490.0	98.50737861890278	0.6086956521739131	2.9817351445308056	2.46944912675485	23	-0.8840061492074407
HOPX	HOPX	0.007569494120970109	12335.0	0.7986979557174	-0.7986979557174	0.01307282912659121	11668.0	65.71476850287259	0.20833333333333334	1.2477265863702929	1.9491921143698892	24	-0.23036653357180717
NLRP14	NLRP14	0.0597766886278956	12334.0	0.7986383254949491	-0.7986383254949491	0.0026011116660981347	13036.0	73.42007434944237	0.3333333333333333	0.9668702235470197	0.6508387760521029	24	-0.25848474959119955
CREB3L2	CREB3L2	1.4409370083687199e-11	12333.0	0.798612297705653	0.798612297705653	3.1444014310427896e-05	5479.0	30.855018587360593	0.08	0.5908926515485311	0.8502498283247867	25	0.24430424945381482
BIN2	BIN2	0.00166070120538667	12332.0	0.7981611339197808	-0.7981611339197808	0.0014228734960675552	13509.0	76.08426270136307	0.4583333333333333	1.4793002978482397	1.7293279530791563	24	-0.39387506731482363
RALA	RALA	5.44996462892292e-07	12331.0	0.7978581876508531	-0.7978581876508531	0.00896345060041967	1904.0	10.718711276332094	0.04	0.37687101669456724	0.4734153660503393	25	0.8892554005345095
DPY19L1	DPY19L1	0.0007541048354712849	12330.0	0.7977559159305442	0.7977559159305442	2.44678205015786e-06	7897.0	44.47448462318351	0.12	0.5997575868582882	0.6251410507561654	25	0.31672584744316323
TP53INP1	TP53INP1	5.46067097675318e-06	12329.0	0.7976041683097941	0.7976041683097941	3.13666942278335e-06	7899.0	44.48574969021065	0.16	0.6586987449993947	0.7567322519263223	25	0.18355953900049127
SEC11C	SEC11C	9.14157943745065e-06	12328.0	0.79759118780432	0.79759118780432	4.60978007307185e-12	12392.0	69.79272276670045	0.16	0.8108108228682559	0.544781861520456	25	-0.02426592366170304
PLCE1	PLCE1	0.00490684356206025	12327.0	0.797481568625239	-0.797481568625239	0.0031847701950528102	3109.0	17.505914160189253	0.16	0.652305542154612	1.002232355054506	25	0.14485266389422405
C1orf87	C1orf87	0.0972536714823503	12326.0	0.7972699492683899	-0.7972699492683899	0.0241104090611247	15374.0	86.58893770417933	0.5217391304347826	1.9284098868090773	1.710136461705322	23	-0.6614325598395416
AK2	AK2	4.0497946326415005e-05	12325.0	0.797172013226075	0.797172013226075	6.17881649409072e-05	1388.0	7.812323983327701	0.04	0.3690040934159134	0.5313136501611171	25	0.8058665906293255
CRY1	CRY1	2.38128978210998e-08	12324.0	0.7970633644560621	-0.7970633644560621	0.00449412217629568	1520.0	8.55581840711952	0.04	0.5496281396554417	1.188056973268918	25	0.2082688207450243
RPPH1	RPPH1	0.15779468318431197	12323.0	0.796959096312486	0.796959096312486	0.00046079402106273385	14296.0	80.51706657654613	0.5	2.040491201429128	2.532909506429969	24	-0.49095007222320736
CCDC189	CCDC189	0.000233309367939527	12322.0	0.796789467204181	0.796789467204181	4.59856228732877e-05	3368.0	18.964740340205026	0.12	0.4624502492295475	0.6397840856847518	25	0.5225813293195547
POLG2	POLG2	8.214214355986079e-33	12321.0	0.7965806935919879	0.7965806935919879	0.000606622817264266	4051.0	22.811760729976342	0.04	0.4130020125444742	0.37909810887515333	25	1.0118190306610997
TMEM69	TMEM69	1.4245580094599602e-09	12320.0	0.7965367214484449	0.7965367214484449	1.450162992024088e-06	12872.0	72.49633885321617	0.375	1.8431123577708926	2.384479136329456	24	-0.43891163498855024
SFN	SFN	0.064464600796466	12319.0	0.796178390302292	0.796178390302292	0.00962446348803287	12184.0	68.62115579587699	0.34782608695652173	1.2225481070083613	1.838347328299344	23	-0.23193099048399307
KLK11	KLK11	0.13636777898156402	12318.0	0.795699104640466	-0.795699104640466	0.01054584357418374	14273.0	80.38751830573392	0.5	1.4077698518984973	1.4415173586554495	24	-0.42460171817072656
ODF3B	ODF3B	0.00140090032506885	12317.0	0.795491593815472	-0.795491593815472	0.0001131419391142695	12740.0	71.75284442942436	0.375	1.1791665688039723	1.4676515274515778	24	-0.2614210306820663
CRTAM	CRTAM	0.0698053069188321	12316.0	0.795223692632284	-0.795223692632284	2.256385454458925e-05	15245.0	85.86234088092823	0.625	2.070584395745023	2.1246702972093434	24	-0.6002628759802717
SLITRK6	SLITRK6	0.0962245102931946	12315.0	0.7951142601090601	0.7951142601090601	6.822953004592215e-11	16036.0	90.31767489016559	0.75	1.7717564232845346	1.337187982558325	24	-0.7303701318844867
DLG5.AS1	DLG5.AS1	0.0007439013500377219	12314.0	0.7950875537175809	0.7950875537175809	0.05035217387673655	4177.0	23.52145995268672	0.20833333333333334	0.6539425585611659	0.8255699312526937	24	0.17096673438947327
SOX13	SOX13	0.000269830111724472	12313.0	0.7945864956596659	-0.7945864956596659	0.0020873135558337	9457.0	53.26123690435958	0.08	0.5690044805252241	0.36753287997595935	25	0.6137736986938346
GNB3	GNB3	0.000513713194529965	12312.0	0.794421300484354	0.794421300484354	8.801814662705328e-06	10700.0	60.26247606173256	0.2916666666666667	0.9132070752707163	1.121290706424925	24	-0.10593664435612223
EDN2	EDN2	0.20585734736950098	12311.0	0.7943125304942991	0.7943125304942991	0.0002780717853958595	12994.0	73.18350794187225	0.4166666666666667	1.2312825998759749	1.1838203289009017	24	-0.3691185720618376
ADGRL4	ADGRL4	7.17325182786491e-05	12310.0	0.794167048552725	-0.794167048552725	0.0010563893915028135	10582.0	59.597837107130786	0.375	1.451280835328068	2.0987739678002533	24	-0.3130941191652337
SLC6A18	SLC6A18	0.42766616183448003	12309.0	0.7941134130773342	0.7941134130773342	0.001674374556729855	17257.0	97.19499831023994	0.5909090909090909	2.5053172022342207	1.9893654877969544	22	-0.8601756689022955
CYB561D1	CYB561D1	6.34364018001076e-08	12308.0	0.794101052914136	-0.794101052914136	0.0017880894092276	493.0	2.7712064886786076	0.12	0.3941294102481819	0.488208780363459	25	0.8192635174815689
SIL1	SIL1	2.2573896390182298e-05	12307.0	0.794089723103793	0.794089723103793	0.0039167498305532795	2841.0	15.996395178551312	0.16	0.46549975977282665	0.5770941051755111	25	0.5693871422079985
VDR	VDR	0.000240684032747475	12306.0	0.7940802273078249	0.7940802273078249	4.956411716779972e-06	11058.0	62.2789230595922	0.25	0.7939487550881793	0.8322815287811441	24	0.0001579660428582846
ZNF251	ZNF251	0.00036503556630269304	12305.0	0.7939563489736371	0.7939563489736371	0.0147661190095284	1766.0	9.941421651458825	0.04	0.31960649535807956	0.3013907500672191	25	1.5738699794527982
PLEKHG4	PLEKHG4	0.0157070630658181	12304.0	0.7939054836725141	0.7939054836725141	0.0318661628675394	3188.0	17.950884307761633	0.04	0.5110765246412169	0.9939366025680408	25	0.2845543249947231
CXCL8	CXCL8	0.134129941549756	12303.0	0.7938474214295891	-0.7938474214295891	0.003672446623706565	13730.0	77.329052607863	0.5	1.8330430642795725	2.276884894993226	24	-0.4564111453921675
CD40LG	CD40LG	0.033325028341041	12302.0	0.7937032270683649	-0.7937032270683649	0.000255912031246561	15830.0	89.15737298636927	0.625	2.0205258506339008	1.8399808858409197	24	-0.6667583522232329
GALR3	GALR3	0.37426002718522994	12301.0	0.793585920425831	0.793585920425831	0.03176980212478585	14403.0	81.11974766249858	0.375	1.1436211399994562	0.7684037306741417	24	-0.4555355545535024
CHSY1	CHSY1	4.07250623595318e-06	12300.0	0.793278266225075	-0.793278266225075	0.0050242165253663795	5920.0	33.338965866846905	0.16	0.43912013072479306	0.4535543785377549	25	0.7808504387987096
MAP4	MAP4	5.36575470856553e-15	12299.0	0.793079435615855	-0.793079435615855	4.63258865455105e-07	4118.0	23.18914047538583	0.04	0.4673490026299308	0.4649841076684764	25	0.7005194965032289
SYT6	SYT6	0.17813440835660602	12298.0	0.7927175394207241	0.7927175394207241	0.000613613801540049	14025.0	78.99064999436746	0.5416666666666666	1.6125960628644291	1.779065994796534	24	-0.4608477290003353
CMKLR1	CMKLR1	0.008414744874432759	12297.0	0.7922425634134929	-0.7922425634134929	0.024384333843306502	9971.0	56.156359130336824	0.2916666666666667	1.135642197264718	1.5996837814843676	24	-0.21466719724605823
SLC43A2	SLC43A2	7.08243348714586e-06	12296.0	0.792232896654001	-0.792232896654001	2.35603462751638e-08	12509.0	70.45172918778866	0.36	0.8660417173200976	0.5749931388803929	25	-0.12836469807242334
ADRA2A	ADRA2A	0.0820318746306881	12295.0	0.7922225279342758	0.7922225279342758	7.869667889894236e-07	13565.0	76.39968457812323	0.5	1.5957298952022168	2.275924488070037	24	-0.35304658457684934
AGA	AGA	6.13900526624227e-10	12294.0	0.792157223447976	0.792157223447976	3.6044920341721005e-09	9911.0	55.818407119522355	0.12	0.7011275200619	0.7553281030631127	25	0.12051677015183139
COL18A1.AS1	COL18A1.AS1	0.0915794341979759	12293.0	0.7920993774905759	-0.7920993774905759	0.0008051210320520039	14505.0	81.69426608088318	0.5416666666666666	1.1533601674752758	0.887540892257002	24	-0.4070356567639601
SYNGR1	SYNGR1	4.05441834598064e-05	12292.0	0.792084258418675	-0.792084258418675	7.680784125786428e-06	8569.0	48.25954714430551	0.08333333333333333	0.6369968798281221	0.7105406566787994	24	0.21826672004310133
HESX1	HESX1	0.0498559075492012	12291.0	0.7920563100757049	0.7920563100757049	0.0003340844615089875	11744.0	66.14284104990425	0.375	1.0656576455878737	1.037831134530337	24	-0.26362798957268235
EXOC3L2	EXOC3L2	0.0163303595335714	12290.0	0.79194013491503	-0.79194013491503	8.221313589062146e-12	15128.0	85.20333445984004	0.625	1.524657024556643	1.6088179575786605	24	-0.4554380352295316
LY96	LY96	9.6949501491454e-05	12289.0	0.791852180952727	0.791852180952727	1.0031018217731944e-07	14487.0	81.59288047763884	0.5833333333333334	1.5924949801209805	1.330084382972398	24	-0.6019488758893791
SRRM4	SRRM4	0.15428716972721399	12288.0	0.7918100165563159	-0.7918100165563159	0.00297811005594495	14649.0	82.50535090683789	0.5833333333333334	1.6549636103825718	1.5746344313826819	24	-0.5481612599238816
ALOX5AP	ALOX5AP	0.006020132464757371	12287.0	0.7917226399498171	-0.7917226399498171	0.07203868599039855	10503.0	59.1528669595584	0.2916666666666667	1.4595376533102238	2.3677714906509384	24	-0.28204369213720604
ZFAND5	ZFAND5	8.881079543609809e-13	12286.0	0.79163828989217	-0.79163828989217	6.51642572272808e-05	3179.0	17.90019150613946	0.08	0.4368426276337741	0.4986704175950098	25	0.7114832758067066
UQCC3	UQCC3	1.79252935174663e-11	12285.0	0.791606445844685	0.791606445844685	0.00012604875383038502	2221.0	12.504224400135179	0.08	0.3867391863328432	0.5515216403431854	25	0.7340913391175591
CTDSPL	CTDSPL	1.68231950812462e-08	12284.0	0.7911734210022192	-0.7911734210022192	0.0013620617924198699	3237.0	18.226878449926776	0.04	0.40245336310281515	0.44782711145025267	25	0.8680136775117632
PDCD1LG2	PDCD1LG2	0.000993396466079967	12283.0	0.791160069544605	-0.791160069544605	0.0026312485293495	11394.0	64.1714543201532	0.4166666666666667	1.2526159785763373	1.579901995226331	24	-0.292078819082462
SLC6A15	SLC6A15	0.19750190334156195	12282.0	0.791009226942017	0.791009226942017	3.46078500222765e-05	13258.0	74.6704967894559	0.43478260869565216	1.7678423551188913	2.2194728456728954	23	-0.4401194319999531
TMEM63A	TMEM63A	4.3230729975405596e-08	12281.0	0.7909555946170519	0.7909555946170519	0.00025750797423820896	3736.0	21.037512673200407	0.12	0.6036424413153345	0.8323618598743433	25	0.2250381262423472
ADIPOR2	ADIPOR2	7.07664348222823e-07	12280.0	0.7909203126459351	-0.7909203126459351	0.000883889971110855	1651.0	9.293680297397769	0.08	0.3513122752165738	0.4391287037706085	25	1.0010915561989844
EIF1	EIF1	4.17850722699821e-11	12279.0	0.79090701946734	-0.79090701946734	3.1073931288658304e-05	3970.0	22.35552551537682	0.12	0.5734756801924243	0.8105894278821177	25	0.26823855801205465
STT3A	STT3A	2.7327775105854397e-31	12278.0	0.790748083168211	0.790748083168211	3.56790197669519e-08	9010.0	50.743494423791816	0.12	0.5669823781047837	0.4920886423645942	25	0.4547264167451292
LMBRD2	LMBRD2	1.3332177784864e-05	12277.0	0.790747375468726	0.790747375468726	2.49933741592666e-07	12752.0	71.82043483158725	0.12	0.8159889197951212	0.501419417087073	25	-0.05034018122599344
ZCCHC24	ZCCHC24	0.00031144783668330897	12276.0	0.790680242977564	-0.790680242977564	1.82945837994062e-11	11739.0	66.11467838233636	0.28	0.8967869342322543	0.7211661200467091	25	-0.14713210771440274
CFAP52	CFAP52	0.05967037688203201	12275.0	0.7906028704497671	-0.7906028704497671	0.01231684624133299	13528.0	76.19128083812099	0.4166666666666667	0.8948936403353356	0.7029540550276695	24	-0.14836072022013366
ZNF675	ZNF675	0.000246676908658594	12274.0	0.790169578538833	0.790169578538833	0.000359447716862105	8875.0	49.98310239945927	0.04	0.5352491146715721	0.37152298106008086	25	0.6861499203626286
SLC45A1	SLC45A1	0.0070998735092386595	12273.0	0.7900735343449229	-0.7900735343449229	1.185522429899643e-08	14996.0	84.4598400360482	0.5833333333333334	1.3914153924058332	1.1212315043364423	24	-0.5363226557006097
MMP8	MMP8	0.4537213767423379	12272.0	0.7900318181350279	0.7900318181350279	0.003037916615530785	16688.0	93.9900867410161	0.5833333333333334	2.4429745208177627	2.6313748973919613	24	-0.6281669344497504
ANKRD34C	ANKRD34C	0.547509526579926	12271.0	0.790000266780525	0.790000266780525	0.00392909068611953	16003.0	90.13180128421763	0.5217391304347826	1.947064273836279	1.7908661731444826	23	-0.6460918322133079
PRMT8	PRMT8	0.23273628371265198	12270.0	0.7897637538234499	0.7897637538234499	0.00392732186576398	15403.0	86.752281176073	0.5416666666666666	1.6289073990164402	1.6263248655586657	24	-0.5159754136236074
PCDH8	PCDH8	0.35063764760852395	12269.0	0.789682742613884	0.789682742613884	5.50684872430649e-05	15687.0	88.35192069392812	0.5833333333333334	1.7185948381131186	1.6790242848347263	24	-0.5532451816744696
EPOR	EPOR	0.000267462327917715	12268.0	0.7895463147473121	-0.7895463147473121	7.53802781970993e-06	9972.0	56.161991663850394	0.12	0.6502330713066337	0.5676563648334575	25	0.2454182707553204
ZNF793	ZNF793	0.00519659689717119	12267.0	0.789265419841121	0.789265419841121	0.001368098273740575	5743.0	32.342007434944236	0.125	0.67138785220099	0.8949398716881537	24	0.13171562846761403
TMEM35A	TMEM35A	0.0306515735862029	12266.0	0.7891229450727559	-0.7891229450727559	0.00023519159455718597	14125.0	79.5539033457249	0.4782608695652174	1.3611816038906053	1.5751881764948374	23	-0.36316845654010294
PRKG1	PRKG1	4.64116519795038e-05	12265.0	0.78894050531514	-0.78894050531514	0.000820277422332333	7629.0	42.96496564154556	0.16	0.7175515155456738	0.8988917351000454	25	0.07941889660551922
MBOAT1	MBOAT1	2.06326480481199e-06	12264.0	0.788871671762995	0.788871671762995	0.0003521825248059595	4165.0	23.453869550523827	0.041666666666666664	0.542068886263719	0.8384945596395809	24	0.2943403539855547
IFFO1	IFFO1	0.000931897314636581	12263.0	0.7888009739511891	-0.7888009739511891	6.107322719894785e-07	13748.0	77.43043821110736	0.4583333333333333	1.4751992658141804	2.001940458821516	24	-0.3428664867820564
MAT1A	MAT1A	0.0209332671739616	12262.0	0.788789920303241	0.788789920303241	7.43326748477613e-07	17251.0	97.16120310915849	0.7391304347826086	2.6080975514831066	2.1679222878239983	23	-0.839194117518831
SLC22A3	SLC22A3	0.0223904564872583	12261.0	0.788605591472625	0.788605591472625	0.0311954351597847	6226.0	35.062521122000675	0.2916666666666667	1.0692271177903263	1.9017307079691848	24	-0.1475611268944438
DSC2	DSC2	0.00475069487041849	12260.0	0.788556968266996	0.788556968266996	3.8866874068970053e-07	13047.0	73.48203221809169	0.375	0.938720659567489	0.6733561150794225	24	-0.2230078378107269
EBF1	EBF1	0.00363918803782496	12259.0	0.7885171936207901	-0.7885171936207901	1.9888080761833524e-10	13311.0	74.96902106567534	0.4583333333333333	1.3214359266275923	1.5031429599478148	24	-0.3545362930917122
C12orf66	C12orf66	1.04865961066653e-06	12258.0	0.7884474771625529	0.7884474771625529	1.1839423847510099e-07	6372.0	35.88487101498254	0.12	0.6106614480350409	0.7559038575602842	25	0.23519661574598252
ZSCAN31	ZSCAN31	0.00225202915834379	12257.0	0.7883595416035191	0.7883595416035191	9.75748237665893e-08	11908.0	67.06657654613045	0.28	0.8557727076334164	0.7731785362771174	25	-0.08718965008327076
TCF4	TCF4	0.000213694629890797	12256.0	0.788332136630374	-0.788332136630374	0.007866062439330624	6668.0	37.55210093500056	0.20833333333333334	1.0908892777852415	2.215580104124974	24	-0.13655888161821167
SIRPA	SIRPA	0.000674974835176367	12255.0	0.7882616970577379	-0.7882616970577379	1.3112026415113919e-06	12294.0	69.24073448237017	0.25	0.8553572594468583	0.7635643672806801	24	-0.08787152107172205
HYLS1	HYLS1	2.48039694196516e-08	12254.0	0.78780493539703	0.78780493539703	3.0568419746247704e-09	11366.0	64.01374338177311	0.25	0.8352286904752408	0.8756717730823703	24	-0.05415699870201241
CHRNA3	CHRNA3	0.0812008898884046	12253.0	0.7870385349314809	0.7870385349314809	2.01051636758978e-07	15840.0	89.213698321505	0.6666666666666666	1.571122069198552	1.2162755955933404	24	-0.6446594317175035
EML2.AS1	EML2.AS1	0.0134528199571468	12252.0	0.7869232212548821	0.7869232212548821	8.162717177267799e-08	12106.0	68.18181818181817	0.2916666666666667	0.9287815176445925	1.0704503024662806	24	-0.1325220760486253
CBS	CBS	0.00721301677570393	12251.0	0.786865086485662	-0.786865086485662	3.7604205532669098e-06	10730.0	60.431452067139794	0.28	0.9699656774442221	1.2145113037928543	25	-0.15076071370167302
HCN4	HCN4	0.0783930873821871	12250.0	0.786766329123871	0.786766329123871	1.0675880762482529e-07	14882.0	83.81773121550073	0.6666666666666666	1.4850478504971527	1.3002180409644408	24	-0.5370495558232135
IMPG1	IMPG1	0.018234203727416	12249.0	0.7862658472303121	0.7862658472303121	0.007778516467797526	15863.0	89.34324659231721	0.625	1.8097679918955085	1.4148097651736604	24	-0.7234203282019098
TTL	TTL	1.90110860664236e-08	12248.0	0.786154065198225	-0.786154065198225	0.0532740446167678	268.0	1.5038864481243661	0.08	0.4147155626454829	0.6494324600849259	25	0.5719432356432711
MAPRE2	MAPRE2	1.71527633643345e-09	12247.0	0.7860492562918331	-0.7860492562918331	0.000942346586201109	2547.0	14.340430325560437	0.2	0.49417225465154613	0.635039087525593	25	0.45962052946626514
MYLPF	MYLPF	0.12298089385589801	12246.0	0.785686820510654	0.785686820510654	0.00012655798826501498	17382.0	97.89906499943675	0.6521739130434783	3.4656740010569105	2.9342993798606476	23	-0.9133312023102195
LMNTD1	LMNTD1	0.156034830492157	12245.0	0.785501184712843	-0.785501184712843	0.0008256443497535186	6093.0	34.313394164695275	0.20833333333333334	0.7350936530339404	0.9511602301555654	24	0.0529958361175996
CISD1	CISD1	1.7762731382748704e-08	12244.0	0.7854330325304592	0.7854330325304592	6.1421592810867395e-09	8745.0	49.2508730426946	0.12	0.6629550530593137	0.726262253179319	25	0.16864153263505055
PCYOX1	PCYOX1	6.492011691685339e-05	12243.0	0.785204577600093	-0.785204577600093	8.18665665736271e-05	4950.0	27.875408358679735	0.04	0.347971091666242	0.23057164224522406	25	1.896302085010229
TDP1	TDP1	0.000213964644426349	12242.0	0.7851356236696729	0.7851356236696729	0.000135936102324713	2527.0	14.227779655288948	0.04	0.38600268974953617	0.26845817058002375	25	1.4867602392498636
GRAPL	GRAPL	0.0143482411026595	12241.0	0.7846576260071341	-0.7846576260071341	1.458759262425215e-06	14339.0	80.75926551762983	0.5833333333333334	1.2084556984566266	0.7894535288977051	24	-0.5368245969350869
FSD1	FSD1	0.19422075694961605	12240.0	0.7846402969749491	-0.7846402969749491	8.785970952759025e-06	13915.0	78.37107130787427	0.5	1.4438448686163572	1.4447709343685406	24	-0.4562692645319056
PDE1A	PDE1A	0.00829886904386928	12239.0	0.784588260555634	0.784588260555634	0.004488343838249986	11917.0	67.11726934775261	0.25	1.0716628532171364	1.2313559982111144	24	-0.23313695883120536
PAMR1	PAMR1	0.0160691888747019	12238.0	0.7845091934343509	-0.7845091934343509	0.03090262410795465	11838.0	66.67229920018023	0.4166666666666667	1.1347588278200862	1.2333663250341111	24	-0.2839785936072549
RAB37	RAB37	0.0167259261328324	12237.0	0.784505837879083	-0.784505837879083	0.0014613246533905673	12506.0	70.43483158724794	0.4583333333333333	1.519609274509527	2.312892306494306	24	-0.31782864881618894
EVPLL	EVPLL	0.0136476877494534	12236.0	0.7844217115162541	0.7844217115162541	0.021349087862781953	11432.0	64.38549059366903	0.3333333333333333	0.8765717930493825	0.8432547145827509	24	-0.10927905879390785
CCDC120	CCDC120	9.58062997477777e-06	12235.0	0.784351012082279	0.784351012082279	0.00316118218469602	6765.0	38.098456685817276	0.12	0.49178461327924466	0.512463457199579	25	0.570901972994914
CKAP2	CKAP2	0.00028715253625325696	12234.0	0.784338939288895	0.784338939288895	0.00141084020463176	7760.0	43.70282753182381	0.16	0.5878355194263114	0.8007391262041299	25	0.24540254551329316
CHIT1	CHIT1	0.31516205511420503	12233.0	0.7838777305056579	0.7838777305056579	0.009061583390435671	12372.0	69.68007209642897	0.375	1.9159177308519653	2.398826128471509	24	-0.4719141528892817
NDUFS6	NDUFS6	0.00185393475666711	12232.0	0.783853148080952	0.783853148080952	0.000390599673563679	3870.0	21.792272164019376	0.12	0.6018698763526974	0.7220126564515963	25	0.2520499746121206
PNPLA7	PNPLA7	1.41955630247381e-07	12231.0	0.7838377065538271	-0.7838377065538271	4.6821152704043154e-07	12083.0	68.05226991100596	0.2916666666666667	0.8951998154941795	0.9260422542347576	24	-0.12025596934815608
RRN3	RRN3	9.78806535222199e-12	12230.0	0.7837538030180891	0.7837538030180891	0.000861127187869642	5727.0	32.251886898727044	0.08	0.5019719191122806	0.5453144814115857	25	0.516732809252371
ZNF738	ZNF738	0.000113179955643408	12229.0	0.783722886429784	0.783722886429784	2.18460262348696e-05	6496.0	36.58330517066576	0.12	0.6811373716679853	0.9027186030045816	25	0.11364063443508998
MAP3K11	MAP3K11	1.5145800766302e-14	12228.0	0.7836524733719209	-0.7836524733719209	4.50336310287934e-08	11801.0	66.46389546017798	0.28	0.9087588967657626	0.8372967399569746	25	-0.14941706735926194
CMTM1	CMTM1	0.000289220096659548	12227.0	0.7834887896503979	0.7834887896503979	0.00021890144502020902	10026.0	56.46614847358342	0.24	0.9384060858859046	1.1600395151848109	25	-0.1335448441261297
FKBP14	FKBP14	1.25107040385624e-07	12226.0	0.7833864660592851	0.7833864660592851	3.65399796773514e-10	11168.0	62.89850174608539	0.16	0.6713577741276748	0.40272655998150847	25	0.2781755738602245
GPR162	GPR162	0.0005389606323644281	12225.0	0.783329402082803	-0.783329402082803	3.9473226485089216e-08	13314.0	74.98591866621607	0.4166666666666667	1.217783033960907	1.413016104556348	24	-0.30746544959904165
TYMS	TYMS	4.0247147044058203e-07	12224.0	0.7832922583757059	0.7832922583757059	0.00710391044527543	3258.0	18.34516165371184	0.08	0.5112167814365236	0.8192059694302566	25	0.3321209648025466
FGF13.AS1	FGF13.AS1	0.0169818633142372	12223.0	0.7832186159280521	-0.7832186159280521	0.0009233160767702515	13029.0	73.38064661484735	0.2916666666666667	0.8662667562898719	0.6463069849319678	24	-0.12849643017638396
FBXL19.AS1	FBXL19.AS1	0.0177361042981229	12222.0	0.7828722213474691	0.7828722213474691	0.00019982096707565902	1831.0	10.307536329841161	0.04	0.38870959402608735	0.4368096285468021	25	0.9023670760937659
NSF	NSF	6.77023200838174e-13	12221.0	0.782855734309943	0.782855734309943	4.451999960202751e-09	9780.0	55.08054522924411	0.12	0.5986255510160863	0.3840835335398334	25	0.479661758982308
TSHZ3	TSHZ3	0.000340870164165319	12220.0	0.7826262779977029	-0.7826262779977029	7.057798699300539e-06	9368.0	52.759941421651455	0.3333333333333333	1.1910031236681478	1.7212154475693606	24	-0.2372607370257687
PHF2	PHF2	3.3619281449216996e-25	12219.0	0.782532932695397	-0.782532932695397	4.09772162165214e-07	8506.0	47.904697532950316	0.2	0.7701592543752471	0.9800561780251228	25	0.012625478618056034
BEX1	BEX1	0.0220751492619648	12218.0	0.7823097371659301	-0.7823097371659301	1.0053187330167675e-05	12832.0	72.27103751267319	0.4583333333333333	1.8442196019069694	2.286578256389899	24	-0.4644100247929438
PTGR2	PTGR2	0.00135942374390728	12217.0	0.7818152898836379	0.7818152898836379	1.0179618891968701e-10	8561.0	48.21448687619691	0.12	0.6116249922721678	0.5918288934764182	25	0.28756672661209204
ARL17A	ARL17A	2.1800919689001797e-08	12216.0	0.781800842778568	0.781800842778568	0.0129398336918608	1635.0	9.203559761180578	0.0	0.31445132245707463	0.2663908178702512	25	1.7543754850781736
LTB	LTB	0.0435909051086965	12215.0	0.7817450712861401	0.7817450712861401	0.0017978211991202101	15948.0	89.82201194097104	0.625	2.3331404222817462	2.658553408656862	24	-0.5835486870205073
PNPO	PNPO	1.3114065459101398e-20	12214.0	0.78146081247532	0.78146081247532	2.0527214933002e-11	11600.0	65.33175622394953	0.28	0.9473425579067128	1.1119250422669915	25	-0.14918428772248296
SIGLEC8	SIGLEC8	0.108195823754293	12213.0	0.7805466700194108	0.7805466700194108	0.014588175880727175	12367.0	69.6519094288611	0.4166666666666667	1.5063842783737191	1.9604427576360823	24	-0.3702416739928327
SMG1	SMG1	4.1121068244650204e-08	12212.0	0.7803235884953491	0.7803235884953491	0.0239304510393153	1181.0	6.646389546017799	0.08	0.40597557916515725	0.5080260587978387	25	0.7368677311869114
NEK6	NEK6	1.67392609720337e-07	12211.0	0.780258975984719	0.780258975984719	0.0038557357087077	949.0	5.339641770868536	0.12	0.3880855381025771	0.5580903751221109	25	0.7027059690759474
DAP	DAP	1.8353221569616599e-10	12210.0	0.7802268590671441	0.7802268590671441	2.3609543404832697e-07	7125.0	40.12616875070406	0.16	0.5046690049701792	0.451905920186621	25	0.6097681879962301
CEP295	CEP295	2.5730590785887e-14	12209.0	0.7798732171261379	0.7798732171261379	1.10577223773998e-05	8360.0	47.082347639968454	0.12	0.6483337844189871	0.7528705410941494	25	0.17471719974058755
GP2	GP2	0.49456379309600107	12208.0	0.779834097467119	0.779834097467119	0.00397490342843543	17294.0	97.40340205024219	0.6363636363636364	3.821351939707782	3.432505102278069	22	-0.8860927374068819
CCNL1	CCNL1	0.00022052818141085699	12207.0	0.779776858834476	-0.779776858834476	0.00011010589700515699	12057.0	67.90582403965303	0.375	1.2838405088473548	1.7170020834562147	24	-0.2935719501273004
MAP1B	MAP1B	0.00038124869956802205	12206.0	0.7796589913897399	0.7796589913897399	0.000684353604504118	8171.0	46.01779880590289	0.2916666666666667	0.9328177684169471	1.3609119432876842	24	-0.11254128364632245
LINC00910	LINC00910	8.587097298063299e-13	12205.0	0.779558233041685	0.779558233041685	0.0229151630373132	9008.0	50.73222935676467	0.25	0.7883176692433226	0.7670755545190373	24	-0.011419261310093225
FREM1	FREM1	0.0184831986022278	12204.0	0.7795571785594109	-0.7795571785594109	1.424181205592675e-05	14375.0	80.9620367241185	0.5416666666666666	1.4212428201852545	1.3153256238640607	24	-0.4878530684597703
MYO7A	MYO7A	0.0196048784004964	12203.0	0.779396636460675	0.779396636460675	0.002806092773023965	7344.0	41.35969359017686	0.08333333333333333	0.626881429221722	0.8380211690592899	24	0.18199445654834362
PTRH2	PTRH2	3.1835536184587496e-14	12202.0	0.7793642268378621	0.7793642268378621	1.0861877387675e-09	9340.0	52.60223048327137	0.16	0.6933024130156399	0.7291277863292397	25	0.11803392414311416
MAP3K13	MAP3K13	2.18826225463732e-06	12201.0	0.7790070033976941	0.7790070033976941	4.8845173569582206e-09	11308.0	63.6870564379858	0.28	0.8760555076850455	0.8072897993701359	25	-0.12021519950217453
KLK2	KLK2	0.46260939582858895	12200.0	0.7787864879806741	0.7787864879806741	0.00026773900537703125	17550.0	98.84533062971724	0.7272727272727273	3.582953483312735	2.5775624026968	22	-1.0879142993388535
MAP7D3	MAP7D3	6.46813836971856e-05	12199.0	0.778512167524369	-0.778512167524369	0.00421277969758041	2549.0	14.351695392587585	0.04	0.5067850210153338	0.9034949528180537	25	0.3007511504757191
MYOZ3	MYOZ3	0.00036908153329197595	12198.0	0.7782686465687959	-0.7782686465687959	4.2231875977119654e-14	15550.0	87.58026360256844	0.6666666666666666	1.8285523081916308	1.564101441612322	24	-0.671493314743174
ABCB6	ABCB6	1.6843692808033e-07	12197.0	0.77782960824084	0.77782960824084	0.0970915656013134	296.0	1.6615973865044495	0.0	0.2373862106184339	0.19984242309265604	25	2.7043477018482305
KCNJ2	KCNJ2	6.66743702846325e-05	12196.0	0.7773064261966031	-0.7773064261966031	0.007606769890942385	8428.0	47.465359918891515	0.2916666666666667	0.9761941723808235	1.4482491974122538	24	-0.13732978173894042
C17orf78	C17orf78	0.136373050724134	12195.0	0.7772604637252609	0.7772604637252609	0.000938407645659744	15876.0	89.41646952799368	0.5833333333333334	1.8896504032602002	1.761681968318721	24	-0.6314362975495287
LYSMD1	LYSMD1	5.281826002862531e-08	12194.0	0.7768148456284921	0.7768148456284921	0.00039254142908293704	9074.0	51.10397656866058	0.12	0.7195109203889868	1.2687708694093962	25	0.045164912452774
PPP1R15B	PPP1R15B	2.9932492018898498e-05	12193.0	0.776416304073987	-0.776416304073987	1.3790153611988e-05	8446.0	47.566745522135854	0.12	0.5267440878349133	0.49397859095573976	25	0.5054312490669138
IL12RB1	IL12RB1	0.009707539345161071	12192.0	0.7763352941053471	-0.7763352941053471	0.00207828657131242	12716.0	71.61766362509856	0.375	1.5504363266192716	2.2880592489049687	24	-0.3383221098336495
RDX	RDX	7.877613444315571e-09	12191.0	0.776157046502453	-0.776157046502453	0.00819678642000492	4829.0	27.19387180353723	0.08	0.45985206803993933	0.3517159318979495	25	0.8993194500904488
ANPEP	ANPEP	0.0021234650262094	12190.0	0.7760755823006229	-0.7760755823006229	4.412372334686225e-06	13515.0	76.11805790244452	0.4583333333333333	1.4943685427477742	2.198492779837674	24	-0.326720636535448
ZKSCAN4	ZKSCAN4	3.87456115451494e-08	12189.0	0.776054787955548	0.776054787955548	0.0010248868132708099	3767.0	21.21212121212121	0.08	0.4316308196594872	0.4928388996738936	25	0.6988571083247743
MTBP	MTBP	8.59655810405444e-06	12188.0	0.775785963485583	0.775785963485583	1.6997179465222402e-06	10692.0	60.21741579362397	0.12	0.6689032461378293	0.5275981348419413	25	0.20258357694872042
MAEL	MAEL	0.128085013798207	12187.0	0.7757814019831991	0.7757814019831991	7.943855376317386e-05	16601.0	93.50005632533512	0.6666666666666666	2.5988473007365185	2.5914991415378785	24	-0.7034792601441704
TMEM116	TMEM116	5.7467911839193606e-05	12186.0	0.7753696420295281	0.7753696420295281	1.55919195910478e-06	6882.0	38.75746310690548	0.08	0.6969767598949764	0.9636116354497016	25	0.08135319173264961
FOXD2.AS1	FOXD2.AS1	0.00022477070610546498	12185.0	0.7753562909825641	0.7753562909825641	0.02137109480406	1583.0	8.91066801847471	0.125	0.4193311617251716	0.47079054146026045	24	0.756228296671174
METTL18	METTL18	2.81205402740236e-06	12184.0	0.7749438508989929	0.7749438508989929	1.2874090627301701e-06	9460.0	53.2781345049003	0.12	0.5718329133927916	0.46496790530772436	25	0.4368278652948716
PRRT1	PRRT1	3.92937197285749e-06	12183.0	0.7748918971817	-0.7748918971817	4.58462932428185e-10	12546.0	70.66013292779091	0.32	1.0478674134234023	1.105201426278664	25	-0.24699164310784608
MTX3	MTX3	3.4716864252253995e-05	12182.0	0.774875846430125	0.774875846430125	3.73153853313583e-05	6905.0	38.88701137771769	0.08	0.5541676643910506	0.6706379633807322	25	0.32910183152541683
CADM2	CADM2	0.229539293570817	12181.0	0.774848420273231	-0.774848420273231	1.8418589283087244e-05	14676.0	82.6574293117044	0.625	1.7237446282872064	1.5525242318237393	24	-0.6111957472633542
SLC18B1	SLC18B1	0.00017537711329065602	12180.0	0.7745388696989399	0.7745388696989399	2.7975801980727e-09	10754.0	60.56663287146558	0.08	0.6778212136541057	0.572914626859553	25	0.1688168734231741
XIST	XIST	0.000656067994316	12179.0	0.774531526286744	0.774531526286744	2.2458124637779614e-05	9678.0	54.50602681085952	0.3333333333333333	1.3517673861660542	1.7496413315926485	24	-0.3299166803254864
SHMT2	SHMT2	5.7421337513284e-29	12178.0	0.773793163816379	0.773793163816379	0.000297709102783761	1045.0	5.88036498817168	0.12	0.5262495328195247	0.7699903014262012	25	0.32148928439533053
SPESP1	SPESP1	0.22565060377194301	12177.0	0.7737490197577758	0.7737490197577758	0.0005448709549453005	9760.0	54.967894558972624	0.3333333333333333	1.2519904489350624	1.6001934108483482	24	-0.2988647659308541
CPA6	CPA6	0.275604815396486	12176.0	0.773722075055726	-0.773722075055726	0.0041425236292629095	12718.0	71.62892869212571	0.375	1.6917977394576484	1.8467367267757846	24	-0.49713402624790465
ALDH5A1	ALDH5A1	0.0009129695036716439	12175.0	0.7735855026807759	0.7735855026807759	0.0066181535590514205	1299.0	7.311028500619579	0.12	0.5169563465684336	0.7455323812543878	25	0.3442226824280302
MIP	MIP	9.261454769942701e-05	12174.0	0.7735452096460681	0.7735452096460681	0.031865283798707005	1418.0	7.981299988734933	0.04	0.449567572938952	0.6366734597213176	25	0.5088599685762406
PDZK1IP1	PDZK1IP1	0.0021973057545183897	12173.0	0.7734595935558249	0.7734595935558249	2.146082984514847e-06	15848.0	89.2587585896136	0.6666666666666666	2.0124712782133303	1.891639602192014	24	-0.6549935216104328
COX6C	COX6C	6.7531704136215106e-06	12172.0	0.773209359603523	0.773209359603523	8.97894254381795e-11	10366.0	58.38120986819871	0.2	0.7053094342535463	0.4979713569653351	25	0.1363530741281237
KCNJ14	KCNJ14	0.0010952002318671	12171.0	0.7731537072542048	-0.7731537072542048	0.018087512319492252	2925.0	16.469527993691564	0.125	0.5568531445224116	0.9199197003197283	24	0.23512982998039456
ATF4	ATF4	1.4117427920625697e-13	12170.0	0.772829439058463	-0.772829439058463	3.88378943875722e-07	4058.0	22.851188464571365	0.08	0.44913354513566417	0.5167977005265425	25	0.6263493308755037
ULK2	ULK2	1.1171439402201198e-10	12169.0	0.772631763463198	-0.772631763463198	0.0253569074968804	2596.0	14.616424467725581	0.12	0.5486635640331383	1.0690796662265352	25	0.2094962672151332
GART	GART	1.61870950757144e-15	12168.0	0.772591906196251	0.772591906196251	6.6581839715822e-08	7703.0	43.38177312155007	0.08	0.5735697252970546	0.743062084836825	25	0.2678405815079385
DTWD2	DTWD2	0.000988876655973168	12167.0	0.7720767815486841	0.7720767815486841	0.00017755244811258101	6899.0	38.853216176636245	0.12	0.5661659445853244	0.6900352909179439	25	0.29840624048291714
CCT6B	CCT6B	0.0018243965996608898	12166.0	0.7720417588286019	0.7720417588286019	1.24293304273193e-06	11073.0	62.36341106229582	0.32	1.01747984711314	1.2342459127311778	25	-0.19885671546719982
ACOT6	ACOT6	0.18336434707284197	12165.0	0.7719945360666322	0.7719945360666322	0.009509467855498764	11902.0	67.032781345049	0.20833333333333334	0.8683264696344021	0.8498726310719532	24	-0.11334867137239783
PUDP	PUDP	0.000134932287815973	12164.0	0.7717466802276629	0.7717466802276629	3.8908269411523705e-07	4366.0	24.58600878675228	0.04	0.46743342335782706	0.3639150815935824	25	0.8362205147894657
TWIST1	TWIST1	0.165463503292183	12163.0	0.771645868358773	0.771645868358773	0.0026775508923297573	10990.0	61.89591078066914	0.2916666666666667	1.1490325299947932	1.501785388866198	24	-0.25129200512526995
FCER1G	FCER1G	0.00164385467940827	12162.0	0.7714963947119291	-0.7714963947119291	0.07501995061664984	9906.0	55.790244451954486	0.2916666666666667	1.5475414727829	2.744566745403655	24	-0.28275686112229514
ADAMTSL2	ADAMTSL2	0.000209174065964989	12161.0	0.771447171882209	-0.771447171882209	3.22620114895061e-07	14809.0	83.4065562690098	0.5416666666666666	1.6858518670607603	1.5819070557598647	24	-0.578039456774102
NFXL1	NFXL1	5.0395106179659696e-06	12160.0	0.7713851357759259	0.7713851357759259	3.42109718845385e-06	6680.0	37.61969133716345	0.08	0.4784178957240789	0.4526910974973342	25	0.6471681057380906
MOBP	MOBP	0.0781528052032546	12159.0	0.7712825435308629	-0.7712825435308629	4.432366848704311e-07	17458.0	98.32713754646839	0.6666666666666666	2.916717896238149	2.00218082848451	24	-1.0715492437969294
ZFYVE9	ZFYVE9	1.1319099401638501e-07	12158.0	0.7711082782519358	-0.7711082782519358	0.0394610561154059	1381.0	7.77289624873268	0.04	0.28284352906981214	0.3109624116277603	25	1.5701728920426705
MRPS33	MRPS33	8.06664081762778e-12	12157.0	0.7710713360780871	0.7710713360780871	3.72309392545052e-13	10746.0	60.52157260335699	0.16	0.8340661712708051	0.8607312461565072	25	-0.07318757797397725
CATIP.AS1	CATIP.AS1	0.0152828101743342	12156.0	0.77089380553198	-0.77089380553198	0.303416734101181	2619.0	14.745972738537793	0.08333333333333333	0.41312473312132614	0.5903659806996517	24	0.6060123450654392
MVP	MVP	2.46835308387657e-05	12155.0	0.770806730806088	0.770806730806088	0.00441346712004015	6821.0	38.413878562577445	0.08	0.4575388593588694	0.39868305383553204	25	0.785756676722082
SLC25A41	SLC25A41	0.29399931172317	12154.0	0.7706252296381328	0.7706252296381328	4.440967673859275e-05	13615.0	76.68131125380195	0.4166666666666667	1.0406151248825624	0.9434113254243744	24	-0.28618470858719025
VWA3A	VWA3A	0.0116461628326275	12153.0	0.770497996443145	-0.770497996443145	0.017449552131964502	11316.0	63.732116706094395	0.20833333333333334	0.8463217879116107	0.8554433380292117	24	-0.08863683671106748
DCT	DCT	0.0264580008641457	12152.0	0.770384895793124	-0.770384895793124	9.43713156760427e-07	17323.0	97.56674552213585	0.6521739130434783	3.300934279543087	3.2340670108803447	23	-0.7824665893552784
DBH	DBH	0.0274879163272375	12151.0	0.7700994163862801	-0.7700994163862801	1.882041709739957e-08	17652.0	99.41984904810182	0.75	3.5217594427709016	2.456281781868456	24	-1.1202542178574788
DNAI2	DNAI2	0.0430058291213107	12150.0	0.7700168011931491	-0.7700168011931491	0.004562553758268825	12836.0	72.2935676467275	0.4583333333333333	1.3090296352526714	1.3775469383115717	24	-0.39128455014402497
MTFR2	MTFR2	0.000128602061597017	12149.0	0.7693836634241059	0.7693836634241059	1.70264313693715e-05	6881.0	38.751830573391906	0.12	0.7559254810969275	1.2704120712576012	25	0.010593556714126595
C1orf210	C1orf210	0.0072074020001825405	12148.0	0.769317033489915	0.769317033489915	0.00242947326670149	13042.0	73.45386955052382	0.43478260869565216	1.1146502276522738	0.764704131659974	23	-0.45159059545386554
TFB2M	TFB2M	9.9242763142778e-08	12147.0	0.769259693553569	0.769259693553569	1.08240559016277e-07	8086.0	45.53903345724907	0.12	0.734742989076875	0.8359935857540107	25	0.041288240800989286
CHPF	CHPF	4.83201849161306e-07	12146.0	0.769254654192947	0.769254654192947	0.00209978381472573	6940.0	39.0841500506928	0.16	0.7012643068612769	0.8787790576160524	25	0.0773691028961409
IL5RA	IL5RA	0.0520859147858145	12145.0	0.769145203314748	-0.769145203314748	0.0036156174400117256	11621.0	65.4500394277346	0.3333333333333333	1.1788675562329658	1.3865536317906302	24	-0.29549693825336715
RIN3	RIN3	3.24616982626704e-06	12144.0	0.7687875323511691	-0.7687875323511691	4.2470833004831154e-11	14265.0	80.34245803762532	0.5833333333333334	1.1979467412674378	1.2466848027074322	24	-0.3442403468657525
KDM4D	KDM4D	0.000434983518464465	12143.0	0.7687534253583579	0.7687534253583579	0.005487599881445621	1612.0	9.074011490368367	0.08	0.4361594617754795	0.520631810025574	25	0.6388275882845903
PRKAR1B	PRKAR1B	3.04307083252102e-07	12142.0	0.768648316042611	-0.768648316042611	2.0409651395901e-12	13811.0	77.78528782246254	0.44	1.263135719178546	1.167842963855872	25	-0.42341943089958245
NME8	NME8	0.00191982519546897	12141.0	0.7686107302246942	-0.7686107302246942	0.0010654633597695857	14154.0	79.71724681761856	0.5	1.4803106888348634	1.5482344867665419	24	-0.4596848634321155
CACNG6	CACNG6	0.10614918912081098	12140.0	0.768587636830607	-0.768587636830607	0.00108186150657626	12632.0	71.14453080995831	0.5	1.261493983196136	1.4148163277073194	24	-0.3483889298650331
COL24A1	COL24A1	1.05731272230562e-08	12139.0	0.7685388247343291	0.7685388247343291	1.8734674697554503e-05	11294.0	63.60820096879576	0.32	1.1972711674814598	1.8884086280943182	25	-0.22703367076848438
CPNE2	CPNE2	1.68908117311318e-07	12138.0	0.768491267362066	-0.768491267362066	2.646927608434e-08	9100.0	51.250422440013516	0.24	0.7962163604043389	1.064413130019377	25	-0.02604730462294106
PAPPA	PAPPA	0.013861689933912	12137.0	0.7684064880004	0.7684064880004	0.0017166888720453748	13814.0	77.80218542300327	0.4583333333333333	1.5360497130475208	1.77812199011917	24	-0.43171572553111115
ENPP1	ENPP1	6.55062118469821e-05	12136.0	0.7683834225131569	-0.7683834225131569	7.344812874548804e-05	11953.0	67.32004055424129	0.3333333333333333	0.9353052514118102	0.8083779154765508	24	-0.20648984305842938
BEX5	BEX5	0.0455633580131949	12135.0	0.7683613385073459	-0.7683613385073459	0.00444187600385727	7715.0	43.44936352371296	0.2916666666666667	1.0396367419215424	1.3994859340595742	24	-0.19383932114793853
KCNJ9	KCNJ9	0.18998027927498698	12134.0	0.7680854170836701	-0.7680854170836701	1.8387357286501128e-08	17163.0	96.66554015996394	0.7083333333333334	2.481995542454649	1.7987364086274729	24	-0.9528411818153942
TREML3P	TREML3P	0.15565809639905404	12133.0	0.7678362275514008	-0.7678362275514008	0.01842752104871918	13431.0	75.64492508730426	0.2916666666666667	1.0643907384520253	0.9458464662380248	24	-0.31353345546675193
HIPK2	HIPK2	3.11099224500224e-05	12132.0	0.767653599382461	-0.767653599382461	0.00152348653427688	1783.0	10.03717472118959	0.2	0.838054974213599	1.5917577388691613	25	-0.044228699576578455
SMIM15	SMIM15	2.0604202292983e-08	12131.0	0.767617271574248	0.767617271574248	2.2857866890470096e-08	10658.0	60.02590965416244	0.12	0.6092807376615739	0.3640744137144021	25	0.4349015694271806
USP49	USP49	7.73793494715561e-07	12130.0	0.7674895996740121	0.7674895996740121	0.00475644976252477	1493.0	8.403740002253013	0.08	0.31494800120026634	0.30941319293827974	25	1.4625801640074751
VNN2	VNN2	0.0482354781690263	12129.0	0.7671360835071641	-0.7671360835071641	0.000976109923952565	14550.0	81.94773008899402	0.5416666666666666	1.8840860326522098	2.34453600114845	24	-0.47640554403852947
FAM13A	FAM13A	0.000947464628630078	12128.0	0.7670641552652121	0.7670641552652121	0.000451109530861038	5120.0	28.832939055987385	0.12	0.6181499256420299	0.9896729061849014	25	0.15046812809823498
SRGAP2	SRGAP2	1.1483593528325e-09	12127.0	0.7667320428037959	-0.7667320428037959	0.0154432884351191	244.0	1.3687056437985805	0.04	0.24898460936982617	0.26732161456188364	25	1.9367959986419796
EGFEM1P	EGFEM1P	0.0186987427984548	12126.0	0.76608190784724	-0.76608190784724	0.003982892320642329	10703.0	60.27937366227329	0.2916666666666667	1.0305408023270777	1.084357945414297	24	-0.24388523697200076
DCLK1	DCLK1	0.0140919966872894	12125.0	0.7656125514447699	0.7656125514447699	0.0001532386092865445	11342.0	63.87856257744733	0.2916666666666667	1.1285374398277526	1.8156322360034733	24	-0.19988898698000884
ZNF135	ZNF135	6.44677651678591e-05	12124.0	0.7649268365204692	-0.7649268365204692	0.000164614664867325	5424.0	30.545229244114	0.08	0.7468848972168132	1.171347980578815	25	0.015402715164746115
NFKB2	NFKB2	0.00138072890159421	12123.0	0.7649055381464241	-0.7649055381464241	0.00136834892887837	2801.0	15.771093838008335	0.36	0.7688082839713882	0.8512204862579988	25	-0.004584882398825618
PIGM	PIGM	2.62470707315637e-08	12122.0	0.7647809310963559	0.7647809310963559	1.4702311133200501e-06	5507.0	31.012729525740678	0.12	0.5804109501165429	0.7580663269205922	25	0.24321088331249133
LINC00943	LINC00943	0.115865126194145	12121.0	0.7646435552980051	0.7646435552980051	2.51458846250721e-08	16998.0	95.73617213022416	0.6956521739130435	2.3629389088373594	1.9022281230724658	23	-0.8402227546493207
OTOGL	OTOGL	0.0355272926122494	12120.0	0.764635212353723	-0.764635212353723	0.01824435427910935	10421.0	58.6909992114453	0.2916666666666667	0.8373041117353178	1.0089184979867276	24	-0.07202653091067697
DENND1B	DENND1B	0.000229140067094972	12119.0	0.7646297622142672	0.7646297622142672	2.03553985803116e-08	12806.0	72.12459164132027	0.4	1.060796237013025	1.1559232670822173	25	-0.2562163797830124
MGP	MGP	9.873470108262011e-06	12118.0	0.7644628833230759	-0.7644628833230759	0.01783712288302685	9889.0	55.69449138222372	0.375	1.5358754521495162	2.4388312442276785	24	-0.3163042013063634
SAMD14	SAMD14	1.21002698022284e-07	12117.0	0.7644607814453779	-0.7644607814453779	2.87271069024723e-08	9483.0	53.40768277571251	0.16	0.9344728740902797	1.398163738673541	25	-0.1215966971123102
NTF4	NTF4	0.0669599167108442	12116.0	0.76445167742091	0.76445167742091	0.000265179779037993	17442.0	98.23701701025121	0.782608695652174	2.72053590698568	1.3961365629415479	23	-1.401069409315846
ZNF91	ZNF91	0.000213436481869071	12115.0	0.764407034612914	0.764407034612914	3.50007430116198e-06	10045.0	56.573166610341325	0.28	0.776515201088911	0.6075069404379838	25	-0.019930910529627168
DHTKD1	DHTKD1	5.96473522811713e-13	12114.0	0.764149005176647	0.764149005176647	0.000493475494981218	3642.0	20.50805452292441	0.04	0.44838984580106617	0.6038836154260326	25	0.5228808189353117
DPAGT1	DPAGT1	5.83215233198452e-26	12113.0	0.7641229708435799	0.7641229708435799	3.1890957093212e-09	7010.0	39.478427396643006	0.16	0.5659897945166379	0.5741999709270325	25	0.345059537371729
PHOX2B	PHOX2B	0.32333884724061895	12112.0	0.7641058260889191	0.7641058260889191	1.15412599430221e-06	17608.0	99.17201757350456	0.7619047619047619	3.488996988828165	2.2841342540156764	21	-1.1929645369788076
FBXO22	FBXO22	3.7910378171349497e-13	12111.0	0.763983813636249	0.763983813636249	1.47507416197017e-06	8148.0	45.88825053509068	0.04	0.4968656211858912	0.4286053119214355	25	0.6232265093796161
ALG6	ALG6	1.9384542902190496e-06	12110.0	0.7639769902996411	0.7639769902996411	2.5151922447221797e-07	10089.0	56.8209980849386	0.08	0.5413604664165225	0.30689070206588204	25	0.725393511059609
DTNB	DTNB	1.6168755345359e-23	12109.0	0.7639552832035309	0.7639552832035309	0.0604499613432294	919.0	5.170665765461305	0.12	0.4484052252005947	0.7299132892999741	25	0.432311704182788
NMNAT3	NMNAT3	6.866735064775401e-05	12108.0	0.7638891221787589	-0.7638891221787589	0.00302911126286959	2482.0	13.9743156471781	0.041666666666666664	0.43339232138433276	0.5362558702362897	24	0.6163043038555452
ROPN1L	ROPN1L	0.0561471830726841	12107.0	0.7638390169066278	-0.7638390169066278	0.0015033254870519962	12689.0	71.46558522023206	0.375	1.1825353717785674	1.1800972433112311	24	-0.35479818061189666
SC5D	SC5D	1.03407502575654e-05	12106.0	0.763356042532722	0.763356042532722	5.17103894530448e-06	10656.0	60.01464458713529	0.16	0.6228107130748414	0.38347059687886814	25	0.36650875087113016
MBD3	MBD3	6.88256448308398e-11	12105.0	0.762836558246518	-0.762836558246518	2.98165599267922e-09	10715.0	60.34696406443618	0.24	0.7422993253131367	0.48620816424682006	25	0.04223958880903468
LINC00242	LINC00242	0.0429512837870242	12104.0	0.7627059694020291	0.7627059694020291	0.00343755762300458	10466.0	58.944463219556155	0.16666666666666666	0.7584540529313842	0.9613395349494446	24	0.004422908156865124
LZTS1	LZTS1	0.00624343568625983	12103.0	0.762677621110129	-0.762677621110129	1.8238603628550217e-07	13049.0	73.49329728511884	0.4583333333333333	1.3568220693683293	1.5201072096704307	24	-0.39085693724656084
CALCOCO1	CALCOCO1	3.5350880842630297e-10	12102.0	0.76238806285409	-0.76238806285409	8.941369020445809e-05	3321.0	18.700011265067026	0.12	0.5119627227821718	0.6134259027264581	25	0.4082405698208494
MRAP	MRAP	0.000202774981183366	12101.0	0.7623353555459179	0.7623353555459179	0.000676423523680522	3386.0	19.066125943449364	0.16	0.4560100610793102	0.46510846940204026	25	0.6586104416899358
PCBD2	PCBD2	5.72803944332514e-07	12100.0	0.7622219123120841	0.7622219123120841	0.000117355455057102	5672.0	31.942097555480455	0.16	0.5321079794228176	0.46387174843287143	25	0.49607231668381535
WWC3	WWC3	2.48920453574039e-06	12099.0	0.7619512838988559	-0.7619512838988559	1.793789840402175e-08	13082.0	73.6791708910668	0.4583333333333333	1.5598266389854845	2.025223319859851	24	-0.3939690735646096
CSF1	CSF1	0.00386225545475445	12098.0	0.761924410027338	-0.761924410027338	0.0005062258362702849	11417.0	64.30100259096541	0.08	0.8914632637205863	1.24866278772763	25	-0.10374206308253056
CD1E	CD1E	0.0113645509192774	12097.0	0.761888786062835	0.761888786062835	1.20258174812504e-07	17113.0	96.38391348428523	0.782608695652174	2.6942919420213207	2.1173326115926465	23	-0.9126592323654534
HRC	HRC	0.0013717348074463599	12096.0	0.7616273303163341	-0.7616273303163341	1.4554672700684846e-08	17584.0	99.03683676917878	0.75	3.120956448700437	2.1463203109740734	24	-1.0992437178742247
TGM2	TGM2	0.00703168668773273	12095.0	0.7616082358488271	-0.7616082358488271	0.00012042199673714209	12965.0	73.0201644699786	0.4166666666666667	1.060406473719724	0.9801237874561465	24	-0.3048576533852017
CLTC	CLTC	1.17263552488995e-16	12094.0	0.76157767616381	0.76157767616381	3.54051414241003e-05	6524.0	36.741016109045844	0.08	0.44560110114368373	0.41730838519317476	25	0.7571776322535639
PGBD2	PGBD2	2.85990157729063e-14	12093.0	0.761347703191372	0.761347703191372	2.93453335962687e-05	5572.0	31.378844204123016	0.12	0.5609883040195315	0.5657626705683505	25	0.3541403659074302
WDR89	WDR89	9.113915222529139e-10	12092.0	0.7613210027490601	0.7613210027490601	5.03006310032612e-07	10016.0	56.40982313844767	0.12	0.6291105265867857	0.5050986878424485	25	0.2617517711776631
LRFN5	LRFN5	0.0523167897856695	12091.0	0.7612280230450469	-0.7612280230450469	0.000259705363975247	14404.0	81.12538019601216	0.5	1.2709981884320813	1.3305529261636073	24	-0.3831265599158527
FASLG	FASLG	0.0657290854631567	12090.0	0.760914014497434	-0.760914014497434	0.0475097580775685	15063.0	84.83721978145769	0.5217391304347826	1.7039938109404524	1.6835801178790868	23	-0.5601633010676534
LINC00299	LINC00299	0.0534457527189897	12089.0	0.760570089036397	-0.760570089036397	6.0887814373365904e-05	16669.0	93.88306860425818	0.7083333333333334	2.415994666697329	2.0047758738392085	24	-0.8257404726697664
AKNA	AKNA	0.00483179067617853	12088.0	0.7601187926776971	-0.7601187926776971	1.7663747371147e-09	12971.0	73.05395967106004	0.36	1.1139249161152867	1.222105245407352	25	-0.2895054454329414
KRTCAP3	KRTCAP3	3.46125067513138e-05	12087.0	0.760025402901615	0.760025402901615	0.004177599069251026	11228.0	63.23645375689985	0.375	0.9342656313788256	0.8184287325843954	24	-0.21289603057678952
PPT2	PPT2	3.0539578661887804e-07	12086.0	0.7597788050567171	-0.7597788050567171	0.000127727768048699	3136.0	17.657992565055764	0.04	0.3757519782191113	0.3575952274132885	25	1.0739148551156954
TRIM40	TRIM40	0.6176685633807729	12085.0	0.7596743558288531	-0.7596743558288531	0.0139952273390755	15998.0	90.10363861664976	0.5217391304347826	2.2938881308348527	2.382738894913168	23	-0.6438866542537846
SCTR	SCTR	0.0134066186954669	12084.0	0.7596680940910601	0.7596680940910601	0.0554017820162811	12365.0	69.64064436183395	0.4166666666666667	0.987013273455459	0.9707590860560368	24	-0.23419320264932908
PRSS21	PRSS21	0.153293631786971	12083.0	0.7596273588260121	-0.7596273588260121	0.0017770095191466993	8751.0	49.284668243776046	0.3333333333333333	1.4710587173337775	2.07079360392855	24	-0.3435549333154655
IFITM1	IFITM1	0.00411488721093116	12082.0	0.759239477724016	0.759239477724016	0.005681735795771015	5924.0	33.361496000901205	0.25	0.8580022818888734	1.4033135360830118	24	-0.07037828797727436
SCGB2B2	SCGB2B2	0.0515367163936458	12081.0	0.759016889019129	0.759016889019129	0.204360406662625	1617.0	9.102174157936238	0.08	0.3145386098252047	0.4418318559072245	25	1.00598966156767
ARHGEF25	ARHGEF25	0.00422447085120135	12080.0	0.758825883774488	-0.758825883774488	1.0567889629904947e-06	13106.0	73.81435169539259	0.4166666666666667	1.327144211077587	1.5397429926339445	24	-0.36909947310811364
TMEM123	TMEM123	2.33944916180481e-07	12079.0	0.7587430593848579	0.7587430593848579	5.01653610336723e-11	11077.0	62.38594119635011	0.12	0.6581520119327638	0.4110348113360836	25	0.24472634598787182
KIF21B	KIF21B	0.0112141556922661	12078.0	0.758563940288353	-0.758563940288353	2.27845436406937e-08	11471.0	64.60515940069843	0.28	1.0819439032461609	1.2213869002531454	25	-0.26476455813533284
PTAFR	PTAFR	0.0025678729513203603	12077.0	0.7582124771989809	-0.7582124771989809	0.009275684249377365	9133.0	51.43629604596147	0.25	1.247182294473372	1.7171672113446967	24	-0.2847537584248907
LINC01393	LINC01393	0.24061325029615302	12076.0	0.758172502586067	0.758172502586067	0.00605213157407885	11878.0	66.89760054072322	0.25	0.9255321897301992	0.8557554008875545	24	-0.1955695365411116
GUCY2D	GUCY2D	0.00987020533548573	12075.0	0.757465351772891	0.757465351772891	0.0030673480961256753	11662.0	65.68097330179114	0.2916666666666667	0.9028840235473656	1.0221062971720312	24	-0.14227353082240052
TNFRSF11A	TNFRSF11A	0.00157778156486286	12074.0	0.7573980073096039	0.7573980073096039	0.01521184671227815	4683.0	26.37152191055537	0.16666666666666666	0.7733589216203751	1.250869624033183	24	-0.012759854427760706
CPM	CPM	0.000174575570584009	12073.0	0.757196271676649	-0.757196271676649	9.384852047816558e-05	4930.0	27.762757688408247	0.08	0.5146573799789868	0.6402749915188558	25	0.3788042558437481
SLC2A4	SLC2A4	0.00583808802888867	12072.0	0.757057565987104	-0.757057565987104	3.321452223982415e-09	14879.0	83.80083361496	0.625	1.4482512676123571	1.2141188138118344	24	-0.5692965908790991
TTC16	TTC16	0.00380141449978773	12071.0	0.7568835939200941	-0.7568835939200941	7.414901648065061e-06	12150.0	68.42964965641545	0.4	1.0187346629919511	1.0331584518015116	25	-0.2534471538371187
PLPP7	PLPP7	0.0209998028996692	12070.0	0.7568631927573121	-0.7568631927573121	6.27296853224327e-09	15592.0	87.81683001013856	0.75	1.532061441378489	0.8292975323836548	24	-0.934764928569147
LINC00313	LINC00313	0.147435840069905	12069.0	0.756564974409221	-0.756564974409221	0.004401031580307238	11426.0	64.35169539258759	0.25	0.8625860025571072	0.7038903608427959	24	-0.15062150875449265
ARHGEF3	ARHGEF3	8.50408208271149e-06	12068.0	0.756439828649482	-0.756439828649482	0.00028264514039975296	1966.0	11.067928354173706	0.08	0.5322390113790678	1.0612470896709854	25	0.21126165569973188
HAR1A	HAR1A	0.00636047942350203	12067.0	0.756330462341475	-0.756330462341475	0.0001308746791451443	12113.0	68.2212459164132	0.3333333333333333	1.0558885588494051	1.1159721018473259	24	-0.26842794368430556
PABPC4L	PABPC4L	0.0499300034343187	12066.0	0.7562976638685199	0.7562976638685199	0.00346316398797307	7569.0	42.6270136307311	0.24	0.9227704916028426	1.2765686083480179	25	-0.13040648708239183
C15orf65	C15orf65	0.00396216325124449	12065.0	0.7561138627855121	0.7561138627855121	0.00013120978248716848	13703.0	77.1769742029965	0.4166666666666667	1.0773671863202445	0.7735101099921302	24	-0.41531884248804574
DYSF	DYSF	0.049177712202837995	12064.0	0.756062726602338	-0.756062726602338	3.356817787887225e-08	14813.0	83.42908640306409	0.5416666666666666	1.1989420880963213	0.777575887034388	24	-0.5695641658630769
ANKRD49	ANKRD49	1.52994679520284e-10	12063.0	0.755987013849611	0.755987013849611	3.42738528997881e-06	8348.0	47.01475723780556	0.04	0.5469183920501336	0.5058187171126316	25	0.41332717577733225
IQSEC1	IQSEC1	6.711678196906071e-07	12062.0	0.75594544147842	-0.75594544147842	4.708887341774259e-10	11225.0	63.219556156359126	0.24	0.7762227005156028	0.5439727590035358	25	-0.03727623985128822
CABLES1	CABLES1	0.000943999393412345	12061.0	0.7556619538515942	-0.7556619538515942	9.83803438991479e-05	4274.0	24.067815703503435	0.08	0.5209612208886433	0.5840820908484544	25	0.4018283331064267
PTGER1	PTGER1	0.0289705783683816	12060.0	0.755403003276882	-0.755403003276882	0.0014196638645122953	13173.0	74.19173144080207	0.375	1.2712483856606653	1.1739068477268713	24	-0.43942616348363206
ASGR1	ASGR1	2.43680972657957e-05	12059.0	0.755092299024984	-0.755092299024984	2.01087608524194e-09	16886.0	95.10532837670384	0.7083333333333334	2.333730216776171	2.015106059307356	24	-0.7834019010859435
ADGRA3	ADGRA3	0.0012150995402538099	12058.0	0.7550426126567971	0.7550426126567971	0.0323347781980166	3165.0	17.821336036949422	0.12	0.5109715472196392	0.7632590639221657	25	0.3197748667181859
SNHG9	SNHG9	0.00513236595170798	12057.0	0.7550354097761459	-0.7550354097761459	0.060769325700143054	2381.0	13.405429762307085	0.125	0.4567397667992341	0.460720182091962	24	0.6474551247624106
RGS16	RGS16	0.0364142622173888	12056.0	0.7549883659787099	-0.7549883659787099	0.001636825242932924	12130.0	68.31699898614396	0.4166666666666667	1.1187637572031603	1.4623784601138958	24	-0.24875598290480713
SAMSN1	SAMSN1	0.0259582249468484	12055.0	0.7549606081886491	-0.7549606081886491	0.1259591089422734	5646.0	31.79565168412752	0.4166666666666667	1.6000137838190112	2.663084908606045	24	-0.31732115371142766
ADHFE1	ADHFE1	3.63554354241527e-07	12054.0	0.75475069573118	-0.75475069573118	8.059993468210941e-05	3451.0	19.4322406218317	0.04	0.4159259247933668	0.5082615430821629	25	0.6666346796240702
GALNT12	GALNT12	0.000710191451282547	12053.0	0.75448833687004	0.75448833687004	1.00011524254634e-07	12148.0	68.4183845893883	0.24	0.8504550386173474	0.7879512906869961	25	-0.12179268297617264
IFT81	IFT81	0.00031727346374985	12052.0	0.7542666082802099	0.7542666082802099	3.55347933666389e-05	7890.0	44.435056888588484	0.12	0.5936566740394291	0.5311850445357774	25	0.3023615515778382
ISG15	ISG15	0.0184926019085059	12051.0	0.753824499087979	0.753824499087979	0.0220408178867876	6921.0	38.97713191393488	0.25	0.8484450232343749	1.2752782745440117	24	-0.07419598219081117
FOXK1	FOXK1	2.5989179346889303e-17	12050.0	0.753656622673933	-0.753656622673933	1.0008969949146198e-05	7061.0	39.7656866058353	0.08	0.4668751786781282	0.3147225215546109	25	0.911219961568725
IQCC	IQCC	0.00335139674665806	12049.0	0.7536392377121759	0.7536392377121759	0.0535311107251855	1058.0	5.953587923848147	0.0	0.2631021236445121	0.23913075157407102	25	2.0513343049303274
UBAC2.AS1	UBAC2.AS1	0.00599451346891185	12048.0	0.753591008067511	0.753591008067511	0.0005655965984010695	5879.0	33.10803199279035	0.125	0.5295116926500015	0.5986615564624922	24	0.3743004924879432
ADK	ADK	1.22080458844296e-08	12047.0	0.7530818558260679	0.7530818558260679	1.3906246433277697e-13	9215.0	51.89816379407457	0.16	0.6731151224143533	0.5493538625930586	25	0.14556506990640933
SREK1	SREK1	0.000239882836213106	12046.0	0.7529722000586079	0.7529722000586079	0.000189028033626201	7589.0	42.739664301002584	0.08	0.5014235609613827	0.41459302133915055	25	0.606736308017713
SERINC1	SERINC1	9.57237615196505e-16	12045.0	0.752597912441393	-0.752597912441393	6.869615121432071e-07	8376.0	47.172468176185646	0.12	0.5338468257770129	0.4195836437358424	25	0.5213527503519639
CLDN11	CLDN11	0.0216009783828492	12044.0	0.7525911847974879	-0.7525911847974879	4.018096403281975e-06	15954.0	89.85580714205248	0.625	1.7506648816783679	1.4403752444125493	24	-0.6929261668114408
ARHGAP18	ARHGAP18	1.9187872357949896e-09	12043.0	0.7525555450416659	-0.7525555450416659	2.23005126308717e-08	9958.0	56.083136194660355	0.16	0.6668726105392788	0.48418135171451787	25	0.1769645489215522
RHCE	RHCE	0.0397385027415541	12042.0	0.7524806561585741	0.7524806561585741	0.00048808523348030353	8085.0	45.53340092373549	0.20833333333333334	0.9896904204939125	1.5415709483278952	24	-0.1538753468289177
TRIM29	TRIM29	0.201388650656966	12041.0	0.7524547217860301	0.7524547217860301	0.0040110067150516	14203.0	79.9932409597837	0.5	1.4957514612521547	1.5800319674379284	24	-0.4704314563150287
FAM169A	FAM169A	0.0133697353852369	12040.0	0.75216875431612	0.75216875431612	0.000563951463426139	5605.0	31.56471781007097	0.2	0.8233936448499096	1.1856688341985497	25	-0.060071487484052805
BPIFC	BPIFC	0.7618756593879391	12039.0	0.75204810582636	0.75204810582636	0.001031660477854753	16170.0	91.07243438098456	0.5833333333333334	1.9982825767940406	1.7036123879123661	24	-0.731524658901334
FAM166B	FAM166B	0.0565440614340475	12038.0	0.7517319061064089	-0.7517319061064089	0.00715673854325023	12009.0	67.63546243100146	0.375	1.0457521359314312	1.0317066692109285	24	-0.2849843260680822
TSC22D2	TSC22D2	0.000631813161545669	12037.0	0.7516765263788671	-0.7516765263788671	3.1321342277635605e-07	4857.0	27.351582741917316	0.16	0.510010891668824	0.4674526724246703	25	0.5169841760803867
NDST4	NDST4	0.596619447338576	12036.0	0.7516118432835351	0.7516118432835351	0.0003139141699422805	14914.0	83.99797228793511	0.625	2.1097010900410393	2.209729912491859	24	-0.6145951317760912
ENTPD7	ENTPD7	0.00127586817601068	12035.0	0.751259002619223	0.751259002619223	0.0037535014684701397	4703.0	26.484172580826858	0.08	0.4263889147261719	0.3394107274521021	25	0.9571591632703977
TMEM65	TMEM65	0.000138563982893522	12034.0	0.7512452258806741	0.7512452258806741	0.0068777955454451395	3608.0	20.316548383462884	0.0	0.34300502347127676	0.26374838505464504	25	1.5478396287613878
AVPR1A	AVPR1A	0.23731565387941897	12033.0	0.751242752539068	0.751242752539068	4.3462657588495156e-05	14843.0	83.59806240847132	0.5416666666666666	1.436335914494717	1.380564770464437	24	-0.49624123156871236
TAF1D	TAF1D	3.5791401166656e-07	12032.0	0.7510133891433309	0.7510133891433309	0.008526178070883659	8517.0	47.96665540159964	0.24	0.6591923466894347	0.6454886929413164	25	0.14225042740174534
KCNA10	KCNA10	0.37868207899195905	12031.0	0.7510094564103441	-0.7510094564103441	0.00114669228396509	15617.0	87.95764334797792	0.5909090909090909	1.9270580886641375	1.8193993749934756	22	-0.6463938860361601
BAIAP2	BAIAP2	0.000144676991926403	12030.0	0.7509929971827991	-0.7509929971827991	0.0227456450972621	7377.0	41.545567196124814	0.04	0.5146960912462538	0.5415641801751143	25	0.436322996583967
SCRN1	SCRN1	1.0085458433796301e-06	12029.0	0.7509737054202449	0.7509737054202449	0.0225114198245239	1127.0	6.342232736284781	0.12	0.9047106914068407	2.139737375901511	25	-0.07184853044024786
NFIC	NFIC	4.6467401379969396e-11	12028.0	0.75079798379841	-0.75079798379841	1.7403845431147198e-05	8613.0	48.50737861890278	0.32	0.765645196307741	0.6692915821389855	25	-0.02218347414721822
GNAQ	GNAQ	7.9969759268264e-10	12027.0	0.750697440594663	-0.750697440594663	0.00429119328189222	3963.0	22.316097780781796	0.08	0.38988462874481783	0.4145446067634987	25	0.8703835629821426
MAST3	MAST3	0.000200558815247622	12026.0	0.750694676199833	-0.750694676199833	7.23722697171321e-08	7162.0	40.334572490706314	0.08	0.4864670531606274	0.47139364399616435	25	0.5605243651553257
ZNRF3	ZNRF3	0.00015384104006586102	12025.0	0.750650894846397	-0.750650894846397	8.27798974263033e-07	7558.0	42.56505576208178	0.16	0.5906427409485435	0.5909174505331437	25	0.27077919894477526
TMEM64	TMEM64	0.00033784531770171804	12024.0	0.7503888151445609	-0.7503888151445609	0.00688217193032101	1889.0	10.634223273628477	0.12	0.6449833475727531	1.2285513139305313	25	0.08579655271751065
LDLRAD4.AS1	LDLRAD4.AS1	0.0671174120734963	12023.0	0.7503612427698628	-0.7503612427698628	0.00408045397603692	13903.0	78.30348090571138	0.34782608695652173	1.1116985902886702	0.9622653532837497	23	-0.3755069703858052
METTL9	METTL9	8.90351111257985e-14	12022.0	0.750228911599635	0.750228911599635	0.00157445072874814	1561.0	8.786752281176073	0.04	0.3368043946473399	0.2955273424021424	25	1.3989382965103876
SGCD	SGCD	0.0118751979530943	12021.0	0.7500574964379542	-0.7500574964379542	5.011980371567335e-05	10792.0	60.78066914498141	0.2916666666666667	0.9731608383389068	1.0529054686718977	24	-0.21189304124554337
SNORA28	SNORA28	0.190954039879096	12020.0	0.749955949154544	0.749955949154544	0.0021853893574268054	15355.0	86.48191956742141	0.5833333333333334	1.9812782009338026	2.2259236917175507	24	-0.5531736134355778
LINC00173	LINC00173	0.00572974657257862	12019.0	0.7499490569315269	0.7499490569315269	0.0207300642926465	8184.0	46.09102174157936	0.2916666666666667	0.9445770420957106	1.2330098331883532	24	-0.15784787754766633
REC114	REC114	0.409130518379438	12018.0	0.7499198648094609	0.7499198648094609	0.0023916793388170277	15322.0	86.29604596147347	0.5833333333333334	1.7865132359742653	1.6790188475767858	24	-0.6173804258724369
IGDCC4	IGDCC4	0.135140114445979	12017.0	0.7498907396848961	0.7498907396848961	0.0006396998823874094	8826.0	49.707108257294124	0.20833333333333334	1.1101988983637372	1.5353476710637233	24	-0.23467528916705332
COL4A2	COL4A2	0.00835951718742015	12016.0	0.749736217251471	-0.749736217251471	5.20591618758384e-06	13829.0	77.88667342570687	0.48	1.4554749503438353	1.6821254054038404	25	-0.41955179490493005
CSTF2	CSTF2	2.711902988688e-11	12015.0	0.749516929270833	0.749516929270833	5.43702967831455e-07	5905.0	33.25447786414329	0.12	0.5284224577812906	0.7533711584565685	25	0.293473501086103
RASA3	RASA3	0.00043939116430290697	12014.0	0.7492664625819008	-0.7492664625819008	3.6278775695457e-05	10367.0	58.386842401712286	0.24	0.8912599819597448	1.082225980922034	25	-0.13120505502637117
GABRE	GABRE	9.4888649518792e-05	12013.0	0.7490761785390219	0.7490761785390219	3.411508042582625e-05	14118.0	79.51447561112988	0.5	1.8969071964982183	2.297892607598364	24	-0.49951464840597953
ABHD5	ABHD5	6.28289594860139e-10	12012.0	0.748887042398009	-0.748887042398009	8.857869856077401e-07	4663.0	26.25887124028388	0.08	0.4198219581338183	0.5430509344060229	25	0.6059562067122024
RIMS3	RIMS3	0.000541058929596684	12011.0	0.748819089981706	-0.748819089981706	6.102251440872295e-08	13894.0	78.25278810408922	0.4166666666666667	1.5401457608019111	2.234331317443555	24	-0.3541671123894078
ZDHHC11	ZDHHC11	0.00211071991332912	12010.0	0.748316102918851	-0.748316102918851	0.00468304773309579	2831.0	15.940069843415568	0.12	0.6077679506371371	0.8044180179162995	25	0.17472029361771219
IL17RE	IL17RE	0.00147326168760449	12009.0	0.748300700430152	-0.748300700430152	0.002478102775433055	8238.0	46.39517855131238	0.08333333333333333	0.5987000911415393	0.7618819660553208	24	0.19635667459511705
TPSD1	TPSD1	0.0577453089173314	12008.0	0.7480739212375129	-0.7480739212375129	5.797509293829785e-06	15611.0	87.92384814689647	0.5833333333333334	2.1382457191780366	2.3506491674061305	24	-0.5913990982646449
PDGFA	PDGFA	4.36273803194784e-05	12007.0	0.748043312034738	-0.748043312034738	0.025733736493637104	3975.0	22.383688182944688	0.125	0.4971304336660947	0.7299066266609902	24	0.34376024165784336
SCN10A	SCN10A	0.32867739546752	12006.0	0.7479414546287991	0.7479414546287991	0.000410086188667202	14667.0	82.60673651008223	0.5416666666666666	1.506204166512395	1.2178851096397145	24	-0.6226061111034619
SLC6A16	SLC6A16	9.035902741087179e-06	12005.0	0.7479135521896949	-0.7479135521896949	0.000176679505271707	7455.0	41.984904810183615	0.16	0.8063579637483842	1.3394279373591338	25	-0.04363386034333469
LRRFIP1	LRRFIP1	2.2401021017790098e-13	12004.0	0.747837034007944	-0.747837034007944	0.000216640915930579	6841.0	38.52652923284893	0.08	0.4616295240264474	0.3618071553710983	25	0.7910498886843167
KLK7	KLK7	0.28912083501228003	12003.0	0.7477958128929009	0.7477958128929009	0.0204114390312742	12527.0	70.553114791033	0.43478260869565216	1.8921104314425334	2.1546612156454183	23	-0.5310879549139973
CLCA4	CLCA4	0.30797619190107	12002.0	0.74772052878021	-0.74772052878021	0.0005114019020120016	16202.0	91.25267545341895	0.6818181818181818	2.8008654504967216	2.8885301826612793	22	-0.7107922686910942
PCBP4	PCBP4	9.489103258660691e-06	12001.0	0.747656903845788	-0.747656903845788	5.90447854040234e-05	7082.0	39.88396980962036	0.2	0.6281794263182605	0.5552994627632095	25	0.21515864058826756
PTPRF	PTPRF	0.000290272157466573	12000.0	0.747647190865875	0.747647190865875	0.101160866027363	4397.0	24.76061732567309	0.12	0.4618327813936439	0.4994630924234665	25	0.5722433024738999
FAM185A	FAM185A	1.02030884158559e-07	11999.0	0.7472024675194789	0.7472024675194789	1.13945047218532e-05	4791.0	26.979835530021404	0.08	0.47764006352069216	0.604672725421109	25	0.4457988473203532
RAD50	RAD50	9.920037069352581e-08	11998.0	0.7470359386216779	0.7470359386216779	1.34210247113676e-06	8259.0	46.51346175509744	0.08	0.47512404469341113	0.30849106795508774	25	0.8814255003579345
DNAH1	DNAH1	8.20490934912061e-05	11997.0	0.7469985024800742	-0.7469985024800742	2.11220390990971e-08	11300.0	63.6419961698772	0.16	0.7526857432562738	0.8308205311687199	25	-0.006845330083741875
ZNF626	ZNF626	0.0087910211809916	11996.0	0.7465075443325441	0.7465075443325441	5.90740062378401e-05	10595.0	59.67106004280725	0.2	0.8752077890748331	0.8943584547158714	25	-0.14390230680289795
PRDM5	PRDM5	0.000164527446338479	11995.0	0.7464233903099989	-0.7464233903099989	0.000354263293784871	6528.0	36.763546243100144	0.16	0.7964209091725095	1.318392962167091	25	-0.03792307779034851
FLT3LG	FLT3LG	3.98700863093838e-06	11994.0	0.746293928995475	-0.746293928995475	4.965253670172545e-08	14930.0	84.0880928241523	0.5416666666666666	1.5022257567930908	1.8203739227092237	24	-0.4152618417388547
CHTF18	CHTF18	1.6492756497877898e-05	11993.0	0.7461722609078559	0.7461722609078559	1.8261291015278803e-07	8984.0	50.597048552438885	0.2	0.77966297774055	0.8613241563761508	25	-0.03888282545516848
LTBP2	LTBP2	8.774062894841071e-05	11992.0	0.7458733351227661	-0.7458733351227661	0.00129084152043712	9927.0	55.90852765573955	0.25	0.9753734666100443	1.3245865287118255	24	-0.17326171338196344
GAS7	GAS7	0.000432649750811093	11991.0	0.7458684896354091	-0.7458684896354091	3.393553565604021e-10	15048.0	84.75273177875408	0.5833333333333334	1.4515464628127444	2.019441737126085	24	-0.349442105807718
PNPLA3	PNPLA3	0.0240310658908701	11990.0	0.745430106282482	0.745430106282482	0.0331207032907584	3224.0	18.15365551425031	0.2	0.5623164808326724	0.6749256563304961	25	0.2713093267862719
LINC00967	LINC00967	0.734657229250681	11989.0	0.745362879528573	0.745362879528573	0.001805931791402445	17135.0	96.50782922158386	0.6818181818181818	2.455451265451054	1.5487967562192506	22	-1.1041399583615847
PHF20L1	PHF20L1	0.000509086644475496	11988.0	0.7452903470826792	0.7452903470826792	1.11459134291893e-05	10401.0	58.57834854117382	0.12	0.6305371625694773	0.5193185082177708	25	0.220968794097131
SLN	SLN	0.21505594698845004	11987.0	0.745255791789267	-0.745255791789267	3.376895813389465e-09	17613.0	99.20018024107243	0.7272727272727273	3.5498859885431546	2.6512011900274457	22	-1.0578715064339774
MUC12	MUC12	0.0283849946424502	11986.0	0.7452213853165629	-0.7452213853165629	0.011417045134338295	15978.0	89.99098794637827	0.5416666666666666	2.4269720958606613	2.627885606680457	24	-0.6399634391500338
TRAPPC9	TRAPPC9	0.00236611127121503	11985.0	0.745202034505827	0.745202034505827	0.000131480798549176	7576.0	42.66644136532612	0.12	0.6400928896336257	0.9319301435602676	25	0.1127865061544755
SYNE1	SYNE1	7.480009835060509e-05	11984.0	0.745027827077152	-0.745027827077152	0.00133902239961421	6234.0	35.10758139010927	0.12	0.6088475417827823	0.7096589803087678	25	0.19189538788774085
VPS37B	VPS37B	4.42520702488563e-05	11983.0	0.7449917550197059	-0.7449917550197059	0.00164798428054226	2462.0	13.861664976906612	0.12	0.5767668975667922	0.8843214966143036	25	0.19023042874901966
ALDH2	ALDH2	4.0990226812719704e-07	11982.0	0.7449871167634929	-0.7449871167634929	0.000145897165749208	4781.0	26.923510194885658	0.2	0.8814871388631951	1.4781936879899271	25	-0.09234244687197737
CTTNBP2	CTTNBP2	3.0847567697975e-05	11981.0	0.7448997831112351	-0.7448997831112351	0.0033119880492485866	9176.0	51.67849498704517	0.16666666666666666	0.7408704365103387	1.1988799116792093	24	0.0033609259456626305
ARL6IP1	ARL6IP1	2.08613789979416e-17	11980.0	0.7448593144144889	0.7448593144144889	5.030487341925511e-07	9262.0	52.16289286921257	0.12	0.6596771431772259	0.6572836009111497	25	0.12959728664944703
CALU	CALU	1.76486812356177e-06	11979.0	0.744689545338783	0.744689545338783	9.37797241196068e-08	7392.0	41.63005519882843	0.16	0.6927649611651041	0.7161992797382738	25	0.07250019043952968
EME1	EME1	1.0850444549005401e-09	11978.0	0.7441541197032919	0.7441541197032919	2.52735838279338e-10	7139.0	40.205024219894106	0.16	0.5809374902424626	0.585624786717648	25	0.278705125129074
OTULIN	OTULIN	1.55165802062087e-05	11977.0	0.7439202196275579	0.7439202196275579	0.00911985307564148	1174.0	6.606961811422778	0.04	0.3294406190680187	0.33085195792258576	25	1.2527645390465576
CDYL2	CDYL2	0.00151320585282827	11976.0	0.7435023911925459	0.7435023911925459	0.00920912546733588	1782.0	10.031542187676015	0.16	0.774056991560804	1.3147652133004863	25	-0.023239586854869806
HNMT	HNMT	2.9176906883042e-06	11975.0	0.743496392281774	0.743496392281774	4.325864177008038e-05	10670.0	60.09350005632533	0.20833333333333334	1.102954889063507	1.8494025618968595	24	-0.1943646581807752
BTLA	BTLA	0.0663481164029566	11974.0	0.7433224653213572	0.7433224653213572	0.0036250314038816503	13140.0	74.00585783485411	0.4583333333333333	1.6818677730875287	2.063256252014924	24	-0.45488547864552054
ACVR1C	ACVR1C	0.013861689933912	11973.0	0.7432127264242071	0.7432127264242071	0.0001814875786097351	12397.0	69.82088543426833	0.4583333333333333	1.4584513465580953	1.5749512898837528	24	-0.4541338038376285
NFATC4	NFATC4	1.10862092629391e-06	11972.0	0.7431451566168399	0.7431451566168399	1.0446122654517294e-08	13144.0	74.0283879689084	0.375	1.462509138128297	2.1006776471297663	24	-0.34244377403375087
KAT2B	KAT2B	1.90386574095312e-07	11971.0	0.742819048455386	-0.742819048455386	0.0708354452194259	939.0	5.283316435732793	0.08	0.3994494302742391	0.4420668319742665	25	0.7767368943914233
TJP3	TJP3	0.0058538138205471895	11970.0	0.7426746690811971	0.7426746690811971	0.0172932553868527	10815.0	60.91021741579362	0.24	0.8356183522910381	0.8734767121960835	25	-0.10640659551891575
SPRY2	SPRY2	0.00034841068573752596	11969.0	0.742601351606806	-0.742601351606806	0.00010039626214825699	9087.0	51.17719950433705	0.12	0.63199670528264	0.7995100738091048	25	0.13834052871555755
P2RY12	P2RY12	0.0170107476098937	11968.0	0.7425189630060101	-0.7425189630060101	0.06625336462218176	13199.0	74.338177312155	0.375	1.532992062328099	1.5304107000456848	24	-0.5165104369033047
NEXN.AS1	NEXN.AS1	0.000290455102835802	11967.0	0.7424271755795879	-0.7424271755795879	0.000954176024051593	12859.0	72.4231159175397	0.4583333333333333	1.0754982245137223	0.8988547740840616	24	-0.37055045880302057
HHEX	HHEX	0.00306260764006867	11966.0	0.742235181238908	-0.742235181238908	0.000416717004129686	10676.0	60.12729525740678	0.16	0.9616270383297167	1.6536288805071548	25	-0.13267297135226802
ZNF391	ZNF391	0.0019122879958056	11965.0	0.7421551394534449	0.7421551394534449	0.0366959342251932	3755.0	21.14453080995832	0.16	0.6556115304424815	0.7760656301393459	25	0.11151583790075084
CEP85	CEP85	1.09740798160081e-08	11964.0	0.742126904675232	0.742126904675232	0.0142388564551379	1206.0	6.787202883857159	0.08	0.33197321632316634	0.47933747216752964	25	0.8556679003153668
LIPC.AS1	LIPC.AS1	0.5715611110126421	11963.0	0.742107218768047	0.742107218768047	0.0178737789631922	14803.0	83.37276106792835	0.43478260869565216	1.6153774833968806	1.2885975359512463	23	-0.6776904660027796
RASSF1.AS1	RASSF1.AS1	0.0177062954995503	11962.0	0.7418901659006841	-0.7418901659006841	8.713063842011426e-08	14051.0	79.1370958657204	0.5	1.3685950459095846	1.191903801921039	24	-0.5258015613330665
KLC3	KLC3	0.007360772540013001	11961.0	0.7418603141271821	0.7418603141271821	0.000506325915706609	8108.0	45.66294919454771	0.2	0.8240408466266333	1.1212411109968803	25	-0.07329425552937997
RSU1P2	RSU1P2	0.727278066530494	11960.0	0.741679827108205	0.741679827108205	0.0046586318876322905	12790.0	72.03447110510307	0.4166666666666667	1.345909818731796	1.3351671249018109	24	-0.4525500818244206
GPR32	GPR32	0.7664923500769331	11959.0	0.7416761895434829	0.7416761895434829	0.001635637518389451	16650.0	93.77605046750027	0.6666666666666666	2.2102422411820397	1.5599770900443473	24	-0.9414023199512553
SOX3	SOX3	0.766504076627218	11958.0	0.741676184335533	0.741676184335533	5.5445278437578e-08	16511.0	92.99312830911343	0.6956521739130435	2.516266346046316	2.2133549822560292	23	-0.8017648212497653
ACTL8	ACTL8	0.805832621148468	11957.0	0.741670455251411	0.741670455251411	0.0004992347665006855	16328.0	91.96237467612931	0.625	2.274550310961434	2.143315085524163	24	-0.7151910916239114
OTX2.AS1	OTX2.AS1	0.806590543904002	11956.0	0.741670315208401	0.741670315208401	0.011222902386432206	14871.0	83.75577334685141	0.4583333333333333	1.7325917434915254	1.4885251688056613	24	-0.6657068681466797
PHKA1.AS1	PHKA1.AS1	0.8106677018720959	11955.0	0.741667827479434	0.741667827479434	0.08471532501710319	11960.0	67.35946828883631	0.22727272727272727	1.0281497496910508	0.9217306554311218	22	-0.310808716758607
LINC00700	LINC00700	0.811364329842486	11954.0	0.741667654321741	0.741667654321741	0.02233542651739615	14946.0	84.17821336036948	0.5	1.6939049002666466	1.6672916371506317	24	-0.5711281846121775
LSAMP.AS1	LSAMP.AS1	0.8117830956654408	11953.0	0.741667578739004	0.741667578739004	0.00635309093502069	13613.0	76.67004618677481	0.43478260869565216	1.5343956064667066	1.5441310693669985	23	-0.5133813077491367
TBC1D21	TBC1D21	0.8125581635027529	11952.0	0.7416674198727808	0.7416674198727808	0.002562689297025085	15510.0	87.35496226202545	0.5454545454545454	1.6783944477073427	1.2154737764250698	22	-0.7706682332461725
ANKRD30BP3	ANKRD30BP3	0.8130315859751509	11951.0	0.741667325783595	0.741667325783595	0.0320847060432274	10236.0	57.64898051143404	0.34782608695652173	1.0747456649838174	1.1060050175164875	23	-0.3011544558343355
TRPC7	TRPC7	0.81396999252737	11950.0	0.7416671287653199	0.7416671287653199	0.000857253191726156	15345.0	86.42559423228568	0.4782608695652174	1.6080707424656453	1.5966909682346981	23	-0.5426244845978063
CLEC3A	CLEC3A	0.8427245209117671	11949.0	0.741660869466233	0.741660869466233	1.85941675507396e-05	17695.0	99.66204798918552	0.6956521739130435	3.879666891690129	2.963216277608866	23	-1.0589864958342072
CACNG3	CACNG3	0.8434303600575699	11948.0	0.741660630920524	0.741660630920524	3.060065190042446e-05	17159.0	96.64301002590965	0.7272727272727273	2.680419726930322	2.152860971888543	22	-0.9005500686414832
TEX43	TEX43	0.8481016858392321	11947.0	0.7416565276377809	0.7416565276377809	0.13891490632551276	13407.0	75.50974428297847	0.2727272727272727	1.1160653560027798	1.1790975103228714	22	-0.3175384775958647
SULT2A1	SULT2A1	0.848144242694833	11946.0	0.7416564331935981	0.7416564331935981	1.77066744170076e-05	17393.0	97.96102286808606	0.6956521739130435	2.720039143164145	2.0838317159402338	23	-0.949396582668813
TERB2	TERB2	0.848613765466951	11945.0	0.741656189947398	0.741656189947398	4.7449736884150594e-06	15349.0	86.44812436633997	0.5652173913043478	1.7787546809526247	1.3134872912598936	23	-0.7895763422350622
RIT2	RIT2	0.870492421030213	11944.0	0.741647726874609	0.741647726874609	0.000306377367819177	16017.0	90.21065675340768	0.5652173913043478	2.1238041392408062	1.9530373614452028	23	-0.7076958381090228
FGF4	FGF4	0.870492421030213	11943.0	0.7416444739648621	0.7416444739648621	0.006658676034944471	15320.0	86.28478089444631	0.5217391304347826	1.682911020425352	1.7287367397820952	23	-0.5444822943828539
SPATA16	SPATA16	0.870492421030213	11936.5	0.7416412210551159	0.7416412210551159	0.0024550083315045303	17039.0	95.96710600428072	0.6086956521739131	2.3483496564145	2.10065141213128	23	-0.7648619976073274
ATP6V1G3	ATP6V1G3	0.870492421030213	11936.5	0.7416412210551159	0.7416412210551159	0.019836945432616472	15323.0	86.30167849498704	0.5	1.6152100541071617	1.4436681317086009	22	-0.6051036341836854
CLYBL.AS2	CLYBL.AS2	0.870492421030213	11936.5	0.7416412210551159	0.7416412210551159	0.08136700451094	9046.0	50.94626563028049	0.30434782608695654	1.2517744879708363	1.4854321312347367	23	-0.34342414990827086
NPHS2	NPHS2	0.870492421030213	11936.5	0.7416412210551159	0.7416412210551159	0.00403865328512588	16839.0	94.84059930156585	0.5217391304347826	2.201268572091954	1.7293063566936195	23	-0.8440536550317207
SPINT3	SPINT3	0.870492421030213	11936.5	0.7416412210551159	0.7416412210551159	0.018637695505072348	17015.0	95.83192519995494	0.5	2.328551213167172	1.9398557463177948	22	-0.8180556699250987
FER1L6.AS1	FER1L6.AS1	0.870492421030213	11936.5	0.7416412210551159	0.7416412210551159	0.136944759380268	12884.0	72.56392925537907	0.34782608695652173	1.2022441302779219	1.3020601966720045	23	-0.35374932003918264
ATOH1	ATOH1	0.870492421030213	11936.5	0.7416412210551159	0.7416412210551159	7.746352580952251e-06	16454.0	92.6720738988397	0.625	2.332147305496734	2.2474404045505088	24	-0.7076966673826982
PABPC1L2B	PABPC1L2B	0.870492421030213	11936.5	0.7416412210551159	0.7416412210551159	0.00163309678492534	14105.0	79.44125267545341	0.4583333333333333	1.5671994367353161	1.6473690374423253	24	-0.5011373875048342
CLCA1	CLCA1	0.870492421030213	11936.5	0.7416412210551159	0.7416412210551159	1.1165957970939698e-07	17633.0	99.31283091134392	0.8260869565217391	4.23203931912876	2.8330594659423585	23	-1.2320242974189162
TAS2R7	TAS2R7	0.870492421030213	11936.5	0.7416412210551159	0.7416412210551159	0.023118966710252452	16322.0	91.92857947504787	0.5	1.746583154534366	1.3806239919271022	22	-0.7278896639167716
GAB4	GAB4	0.870492421030213	11936.5	0.7416412210551159	0.7416412210551159	0.0276126766487753	13544.0	76.28140137433817	0.375	1.5761965908739388	1.4154341091792337	24	-0.5896108935107941
LALBA	LALBA	0.870492421030213	11936.5	0.7416412210551159	0.7416412210551159	2.469984716084852e-05	17707.0	99.72963839134842	0.6363636363636364	4.417016652917071	3.493174380516753	22	-1.0521591628409483
FGF6	FGF6	0.870492421030213	11921.0	0.741641221055115	0.741641221055115	3.65818480716235e-05	17082.0	96.20930494536442	0.6521739130434783	1.9696481031256203	1.1608998713642384	23	-1.0578060282041426
CSN1S1	CSN1S1	0.870492421030213	11921.0	0.741641221055115	0.741641221055115	0.05284527715990325	17407.0	98.03987833727611	0.5	3.582355197853859	3.1223988443620327	22	-0.9097857507627785
EGFLAM.AS2	EGFLAM.AS2	0.870492421030213	11921.0	0.741641221055115	0.741641221055115	0.0063356828727474	14895.0	83.8909541511772	0.5714285714285714	1.6305519204937582	1.409861626777759	21	-0.6304949950799427
HMGB3P1	HMGB3P1	0.870492421030213	11921.0	0.741641221055115	0.741641221055115	0.258077616460422	5913.0	33.29953813225188	0.21739130434782608	0.8545660420116789	1.1385160918254467	23	-0.09918596826813855
DEPDC1.AS1	DEPDC1.AS1	0.870492421030213	11921.0	0.741641221055115	0.741641221055115	0.00548694182491119	12248.0	68.98163794074574	0.4166666666666667	1.2485951559640778	1.2551874241953025	24	-0.40388704119942065
GC	GC	0.870492421030213	11921.0	0.741641221055115	0.741641221055115	8.67732482462623e-06	17656.0	99.44237918215613	0.782608695652174	3.757901109359107	2.7029432784801553	23	-1.115916827525886
SLC13A1	SLC13A1	0.870492421030213	11921.0	0.741641221055115	0.741641221055115	0.0033025629868798	16749.0	94.33367128534414	0.6956521739130435	2.313743701268152	1.646167329567166	23	-0.9550077030300418
GFRA4	GFRA4	0.870492421030213	11921.0	0.741641221055115	0.741641221055115	0.00408241146274397	15836.0	89.19116818745071	0.45454545454545453	1.4517392761390693	1.196873652208023	22	-0.5932940822733856
LINC01056	LINC01056	0.870492421030213	11921.0	0.741641221055115	0.741641221055115	0.2281576426479475	13250.0	74.6254365213473	0.4	1.1875854093641893	1.103356330128057	20	-0.40417059850222414
PDILT	PDILT	0.870492421030213	11921.0	0.741641221055115	0.741641221055115	0.0251584680861718	14681.0	82.68559197927227	0.4782608695652174	1.5319259090619533	1.7848517678995746	23	-0.4427732891997247
TEX13A	TEX13A	0.870492421030213	11921.0	0.741641221055115	0.741641221055115	0.0006306106236141269	16439.0	92.58758589613608	0.6086956521739131	1.8500738608111835	1.3869903613107457	23	-0.7991639096241216
SPO11	SPO11	0.870492421030213	11921.0	0.741641221055115	0.741641221055115	4.2971944025979306e-08	17698.0	99.67894558972625	0.7894736842105263	4.08471831500895	2.868371141338921	19	-1.165496698029575
HMGB4	HMGB4	0.870492421030213	11921.0	0.741641221055115	0.741641221055115	0.0024262908653385398	16997.0	95.7305395967106	0.6363636363636364	2.7292824646147005	2.3136728430216786	22	-0.8590848310963909
TMEM225	TMEM225	0.870492421030213	11921.0	0.741641221055115	0.741641221055115	0.000360771079615774	16168.0	91.06116931395741	0.6190476190476191	1.9781978083827176	1.3921041670159489	21	-0.8882644105420855
PACRG.AS2	PACRG.AS2	0.870492421030213	11921.0	0.741641221055115	0.741641221055115	0.13710987628862142	14788.0	83.28827306522473	0.45454545454545453	1.6258424608298534	1.7117123658364082	22	-0.5165594742564612
NLRP13	NLRP13	0.870492421030213	11921.0	0.741641221055115	0.741641221055115	0.008678595044771075	17419.0	98.107468739439	0.6	3.1677109783679485	2.76103430326253	20	-0.878681497888711
OR10H2	OR10H2	0.870492421030213	11921.0	0.741641221055115	0.741641221055115	0.028027014943466655	16064.0	90.47538582854567	0.5	1.711315146783538	1.451198422155319	24	-0.6681883820465184
LYZL1	LYZL1	0.870492421030213	11921.0	0.741641221055115	0.741641221055115	0.00306016399359385	15248.0	85.87923848146896	0.5217391304347826	1.5156736148948464	1.252204454690411	23	-0.6181357931928931
NEUROD4	NEUROD4	0.870492421030213	11921.0	0.741641221055115	0.741641221055115	2.95016748030906e-07	17024.0	95.8826180015771	0.7619047619047619	2.888087913683487	2.0493240637881507	21	-1.0473925186144994
MROH1	MROH1	3.6718566873515397e-05	11911.0	0.7415718995233779	0.7415718995233779	0.018790550786909	1294.0	7.282865833051707	0.12	0.4334234293452446	0.5854203067963224	25	0.526371337995529
ARRB2	ARRB2	1.04125490867487e-05	11910.0	0.741531130899668	-0.741531130899668	7.99789857131172e-12	9221.0	51.931958995156016	0.32	0.8316904268205115	0.9378331395937278	25	-0.0961357539144978
UGDH	UGDH	0.00114919719927948	11909.0	0.741358106501487	0.741358106501487	4.5396076487125204e-07	11989.0	67.52281176072997	0.24	0.9294474469814511	0.9586821698384579	25	-0.1961957219999804
KLHDC7B	KLHDC7B	0.11029493909166999	11908.0	0.7411837915577391	0.7411837915577391	0.0002894788490839405	13794.0	77.68953475273177	0.5	1.4356073492146562	1.4829716769382455	24	-0.46826488223337426
EGFR	EGFR	0.0040151910196487796	11907.0	0.7411506845096999	0.7411506845096999	0.0419054735248802	9321.0	52.495212346513455	0.2	0.7573587887945956	0.902810816538779	25	-0.0179529354190004
CCT6P3	CCT6P3	2.69547140456229e-05	11906.0	0.7411406407674581	0.7411406407674581	2.5605031619334602e-05	6800.0	38.29559535879238	0.12	0.5428884437683011	0.4317156087268393	25	0.4592194328665047
PMEL	PMEL	1.9378427573623199e-07	11905.0	0.741081903175032	0.741081903175032	2.6836463723582698e-05	17103.0	96.32758814914948	0.6956521739130435	3.096101605319333	3.149951292936815	23	-0.7476368626476855
OAT	OAT	3.7296999614181106e-05	11904.0	0.741032814755297	0.741032814755297	1.4230965786283e-10	12755.0	71.83733243212797	0.32	0.8366462687248907	0.41641415563377476	25	-0.22961144013961704
ELFN2	ELFN2	0.0172336365579479	11903.0	0.740939725804168	0.740939725804168	6.642492535831076e-05	14227.0	80.12842176410949	0.5416666666666666	1.5459060438844154	1.8143068951492403	24	-0.44367704285995835
RNPEPL1	RNPEPL1	5.5343215963297106e-05	11902.0	0.7407514790795559	-0.7407514790795559	9.057041716726199e-06	9536.0	53.706207051931955	0.24	0.8186515557708559	1.0767219431842077	25	-0.07234929796352517
KIF6	KIF6	0.0109420839331417	11901.0	0.740735968988187	-0.740735968988187	0.0003259691201049814	10668.0	60.08223498929818	0.25	0.9105152824068626	0.9772153483900445	24	-0.1737378702640987
POU4F3	POU4F3	0.236747671463673	11900.0	0.740641931632377	-0.740641931632377	0.005266784367141035	15897.0	89.53475273177875	0.5833333333333334	1.5017356356268297	1.1222160837842396	24	-0.6782060202059825
CNTN3	CNTN3	0.0323509876445296	11899.0	0.740518441695655	0.740518441695655	2.5092294324923304e-06	12952.0	72.94694153430213	0.391304347826087	1.4888725465148844	1.8248193942088384	23	-0.4100976278497319
MYBL1	MYBL1	0.00133082372629701	11898.0	0.740493122232694	-0.740493122232694	0.000357055734217458	6884.0	38.76872817393263	0.12	0.7741321686394673	1.2526222862930312	25	-0.026854900136196336
SLC12A4	SLC12A4	0.00158448685374674	11897.0	0.7403611771702309	-0.7403611771702309	7.44822254823694e-10	11787.0	66.38503999098795	0.44	1.003799822408326	0.8684230926478974	25	-0.30335287887710105
TTLL11	TTLL11	2.5187270337599103e-05	11896.0	0.740314810366141	-0.740314810366141	0.0037308385347549896	3555.0	20.018024107243438	0.12	0.5194628311499843	0.7903734354641847	25	0.27942738116755
MYD88	MYD88	3.7963573232564703e-11	11895.0	0.7402959427341109	-0.7402959427341109	4.5680958025579104e-05	5282.0	29.745409485186435	0.12	0.7282088577771633	1.2378946278540963	25	0.009764227653124846
GZMA	GZMA	0.0845843547515234	11894.0	0.7402643726063409	-0.7402643726063409	0.0109008668594056	14795.0	83.32770079981975	0.5416666666666666	1.8053804639058362	2.193293310760474	24	-0.4856241005587122
MCM2	MCM2	4.9354277609114295e-08	11893.0	0.7401273153287959	0.7401273153287959	2.03367485307946e-06	8429.0	47.470992452405085	0.12	0.6038793679499351	0.5397464780046989	25	0.252429525584926
LINC00488	LINC00488	0.7285828430776771	11892.0	0.740081179925629	0.740081179925629	0.000683989520849542	15095.0	85.01746085389208	0.5	1.6710269724559668	1.5394091201121696	24	-0.6047422873930381
WNT10A	WNT10A	0.0388145763569855	11891.0	0.739841818225243	0.739841818225243	0.00020240237395037145	13924.0	78.42176410949645	0.5	1.5808165136760384	1.7051711754425876	24	-0.49319077612985995
GJA1	GJA1	0.00950002224720459	11890.0	0.7398083309500341	-0.7398083309500341	0.002171464940798445	10916.0	61.47910330066463	0.375	1.0519197621528094	1.5257484847243878	24	-0.2045628321624421
GPR1.AS	GPR1.AS	0.5272824209802249	11889.0	0.739776972341578	0.739776972341578	0.0004967013517507935	14546.0	81.92519995493973	0.5833333333333334	1.7656533525328795	1.8160754698857102	24	-0.5648864252628566
TRMT5	TRMT5	5.21569252096717e-08	11888.0	0.739270290233767	0.739270290233767	5.1648198105839e-09	8612.0	48.5017460853892	0.04	0.5023870020612056	0.32192751555401095	25	0.7358280256501364
FAM167A.AS1	FAM167A.AS1	0.17813440835660602	11887.0	0.7392499356443251	-0.7392499356443251	0.0061644490616526	16695.0	94.02951447561112	0.6521739130434783	2.3955572119712407	2.053609249141647	23	-0.8065347762819081
MCF2L2	MCF2L2	0.000268184410112361	11886.0	0.739164893748192	-0.739164893748192	4.99131261428224e-05	8707.0	49.03683676917877	0.12	0.6398913549296115	0.6077945294103534	25	0.16333404467277773
H19	H19	0.23627357879193697	11885.0	0.739122472560928	0.739122472560928	4.945215733181506e-06	16482.0	92.82978483721978	0.7083333333333334	2.0315853480974524	1.7601133714437254	24	-0.7343066057593707
KIT	KIT	0.0216360860599129	11884.0	0.73910405470196	-0.73910405470196	0.028810308672768497	6787.0	38.222372423115914	0.2916666666666667	1.1910459221148848	2.141425901344217	24	-0.21104716587635916
CYP7B1	CYP7B1	0.0036031613778138797	11883.0	0.73886947375506	0.73886947375506	0.0030160093439870897	7460.0	42.01306747775149	0.25	1.1164612389553534	1.8991479919073815	24	-0.19882166466714618
SNHG3	SNHG3	0.000377823630764984	11882.0	0.7387581146585558	0.7387581146585558	0.00036559200042223303	10599.0	59.69359017686155	0.16	0.6745516396184007	0.47920071950257653	25	0.13398659982564962
MCF2	MCF2	0.13802425338259197	11881.0	0.7386429066666099	0.7386429066666099	0.042217277547706	8417.0	47.40340205024219	0.25	1.143709108413046	1.4824587834786214	24	-0.27323943590252103
LIMK1	LIMK1	5.69868957928273e-07	11880.0	0.738630425072194	0.738630425072194	6.215022885741321e-09	8007.0	45.09406330967669	0.4	0.8079584811811796	0.789771936962534	25	-0.08778237471392261
GOLT1A	GOLT1A	0.00683295301596935	11879.0	0.7384700600528019	0.7384700600528019	0.0013693168552068348	12728.0	71.68525402726145	0.375	1.1152638468358893	1.0365108071941604	24	-0.36352132960684697
DNAJC28	DNAJC28	0.00343523975369152	11878.0	0.738146480802764	0.738146480802764	5.98028056451686e-05	10184.0	57.35608876872817	0.12	0.5988848147652714	0.5226271614634139	25	0.26646465454942003
FES	FES	1.89478995586257e-05	11877.0	0.7381274730505881	-0.7381274730505881	1.1725890845171516e-05	13674.0	77.01363073110285	0.5	1.1231110964905031	1.0122981468443166	24	-0.3803065575493169
ARHGEF40	ARHGEF40	9.49035945339106e-09	11876.0	0.7379569990261509	-0.7379569990261509	5.65148721810717e-08	10491.0	59.08527655739551	0.04	0.8612588751203981	1.2997426761571567	25	-0.09486637498031832
ARHGEF2	ARHGEF2	1.67858722767789e-08	11875.0	0.7377704954351909	-0.7377704954351909	2.47884400849754e-06	8104.0	45.64041906049341	0.28	0.7990348190806017	1.0101120249114712	25	-0.06065101903007258
MEOX2	MEOX2	0.0680436107489174	11874.0	0.73765156051966	-0.73765156051966	0.000152321691117969	12809.0	72.14148924186098	0.43478260869565216	1.4813007872587312	2.1169324814519794	23	-0.3512862281885395
HAP1	HAP1	0.014088591639675	11873.0	0.7375487566108629	-0.7375487566108629	0.000715349184195311	11670.0	65.72603356989974	0.25	0.8020606801538724	0.519731919874996	24	-0.12412538286762465
C1QTNF1	C1QTNF1	0.0154977379151994	11872.0	0.737526027457138	-0.737526027457138	4.478164185172702e-10	14698.0	82.78134504900304	0.5833333333333334	1.5140559495114054	1.614178024732799	24	-0.4810683271337493
PRR26	PRR26	0.053645217711280994	11871.0	0.737302626099111	0.737302626099111	0.00813086257503458	9954.0	56.060606060606055	0.125	0.6183616378174034	0.6241087958909086	24	0.19057733053084222
PGK1	PGK1	0.000134963237513835	11870.0	0.737145656366355	0.737145656366355	2.16511999203445e-08	8308.0	46.789455897262584	0.04	0.5131058179300484	0.5239487570260208	25	0.4275987592908444
PHTF2	PHTF2	1.63515637672943e-05	11869.0	0.737113406103736	0.737113406103736	0.000268202520869296	7797.0	43.91123127182606	0.08	0.5449398517595134	0.5479157491060196	25	0.3507355914805758
SCAI	SCAI	9.590453727725659e-05	11868.0	0.737080583142679	-0.737080583142679	0.0241323297090149	1598.0	8.995156021178325	0.16	0.7033030580373578	1.2945887173100141	25	0.026091317384185495
ZBED6	ZBED6	0.0004949352451549349	11867.0	0.737012039001178	0.737012039001178	8.22541093942891e-05	11224.0	63.21392362284555	0.12	0.623151655677227	0.3673151431437011	25	0.3099800959728102
THNSL2	THNSL2	0.19346486906205398	11866.0	0.7369899771657109	0.7369899771657109	0.175550526078803	3590.0	20.21516278021854	0.08	0.538597310026256	0.7097652685502418	25	0.2795187027743545
ABCG1	ABCG1	2.2214214418649602e-05	11865.0	0.73696248816348	-0.73696248816348	0.0187837187433538	5372.0	30.25233750140813	0.16666666666666666	0.6089653706579733	0.7675348831893392	24	0.1667639091185537
SLPI	SLPI	0.135140114445979	11864.0	0.736943313803878	-0.736943313803878	9.191398917284644e-10	16932.0	95.36442491832825	0.9166666666666666	2.7496762882404124	2.122462085365451	24	-0.9483010265834628
LDHB	LDHB	0.0161300694598035	11863.0	0.736390266101246	0.736390266101246	2.94933438418788e-07	9651.0	54.35394840599301	0.12	0.6815323152284839	1.0038866226128225	25	0.05464556418730132
FTCDNL1	FTCDNL1	0.0109575322378919	11862.0	0.7360914161423209	0.7360914161423209	4.947073033930289e-07	9727.0	54.78202095302466	0.16666666666666666	0.8036469465997439	0.9478239554859554	24	-0.07127434379181402
EML4	EML4	4.39379923987512e-06	11861.0	0.73607615646133	0.73607615646133	0.000162243759292829	6640.0	37.394389996620475	0.12	0.4850142328121979	0.36598348814825626	25	0.6859924881294901
TEX101	TEX101	0.51660755125339	11860.0	0.735992464195173	0.735992464195173	1.3880769163915732e-05	14523.0	81.79565168412752	0.5833333333333334	2.029492828466981	2.0019928562678055	24	-0.6461063835578329
HS3ST3B1	HS3ST3B1	0.000867523895236693	11859.0	0.7359647424716379	-0.7359647424716379	0.09129389521616915	7387.0	41.60189253126056	0.20833333333333334	0.6438909035766178	0.7073511834581604	24	0.1301670811447313
OSM	OSM	0.12344560693211	11858.0	0.7359548956554208	-0.7359548956554208	0.0007794973536348904	14690.0	82.73628478089444	0.5	2.0092402881078204	2.3794744636928247	24	-0.5351120223733457
MS4A14	MS4A14	0.0154904634887758	11857.0	0.735922081454155	-0.735922081454155	0.002734073965705055	13958.0	78.61327024895797	0.4583333333333333	1.6146977917437122	2.1688685315443097	24	-0.40517703010050055
TNFSF15	TNFSF15	0.0167182687465112	11856.0	0.735846773423201	0.735846773423201	1.5797664143277255e-06	14150.0	79.69471668356427	0.5416666666666666	1.5770952141735497	1.636086643389193	24	-0.5141833069474134
ADAM23	ADAM23	0.0791027473786855	11855.0	0.735544571024165	-0.735544571024165	0.0224422197612057	3911.0	22.023206038075926	0.2	0.6992775227487275	0.9546438167464382	25	0.037990135838349474
LINC00963	LINC00963	3.93981376331986e-19	11854.0	0.734722912194369	-0.734722912194369	0.0394991530818547	982.0	5.525515376816492	0.2	0.6336586918395549	1.063541405925597	25	0.09502612666674524
GDF5	GDF5	0.10574388742039802	11853.0	0.734514864810227	-0.734514864810227	8.770396329260975e-05	13589.0	76.53486538244903	0.4166666666666667	1.1782857234748085	1.1175242649775183	24	-0.39710176554735394
MNS1	MNS1	0.0077672306758862905	11852.0	0.734503525688257	0.734503525688257	8.932858443709111e-07	12688.0	71.45995268671848	0.24	0.7944713568386517	0.49949069646391975	25	-0.12005795418198811
TMCO1	TMCO1	9.962260875426491e-13	11851.0	0.7345006294017471	0.7345006294017471	3.59934507444346e-10	11069.0	62.34088092824152	0.16	0.7614190144528572	0.6806535476564177	25	-0.03954785094971406
ITGBL1	ITGBL1	0.0256955191226838	11850.0	0.7343886051021931	0.7343886051021931	0.0684447217201747	8868.0	49.943674664864254	0.2916666666666667	0.9173570648788046	1.2052833601237372	24	-0.15180534787921374
SLX4IP	SLX4IP	1.52522659544846e-08	11849.0	0.7343822058181589	0.7343822058181589	2.59474662009668e-06	6809.0	38.34628816041455	0.28	0.6358912559754093	0.6687294256766969	25	0.14728071782258606
NNAT	NNAT	0.0637241435212258	11848.0	0.734376380141798	0.734376380141798	0.0001277533244309867	17032.0	95.9276782696857	0.7083333333333334	2.2102835374958643	1.8299553332895628	24	-0.8065263290885616
LZTS3	LZTS3	0.0016035647773889599	11847.0	0.734212736587331	0.734212736587331	0.000536074104042262	10158.0	57.20964289737523	0.08	0.6939962500328976	0.6725208673194762	25	0.05979961144511057
PSPH	PSPH	0.0013522620811851	11846.0	0.7340989410543058	0.7340989410543058	5.22972769015262e-16	11549.0	65.04449701475723	0.24	0.7407807398459504	0.7337432399866618	25	-0.009106453630517956
NISCH	NISCH	1.87485244168199e-08	11845.0	0.7340624533815451	-0.7340624533815451	1.14358710776412e-14	10680.0	60.14982539146107	0.2	0.7553514410571533	0.49988049464632794	25	-0.04258815437611846
WWTR1	WWTR1	5.27490238070127e-07	11844.0	0.7340135304640161	-0.7340135304640161	0.0121092335673087	4532.0	25.521009350005635	0.16	0.5434392083013415	0.6049765141389353	25	0.3150111082145387
MMP25.AS1	MMP25.AS1	0.0006572887870127571	11843.0	0.7339879401564751	-0.7339879401564751	5.716662408548131e-07	11483.0	64.67274980286132	0.16666666666666666	0.9074932826549545	1.3419718604774986	24	-0.1292913417996284
PSKH1	PSKH1	2.8796835517778004e-05	11842.0	0.7338334594728809	-0.7338334594728809	8.99001117195735e-06	4590.0	25.84769629379295	0.16	0.692243661156921	0.9340373585017617	25	0.04452691098209584
ALPL	ALPL	0.248696282578055	11841.0	0.7333659759982879	0.7333659759982879	8.38984800179351e-05	11154.0	62.81964627689534	0.2916666666666667	1.2379590972644292	1.667031428657483	24	-0.3026896269571278
SLC39A7	SLC39A7	1.41217752554483e-10	11840.0	0.7332424242795409	0.7332424242795409	0.000396036350584888	3493.0	19.668807029401826	0.08	0.4237123756698306	0.5649359527754237	25	0.5479029031327314
ITPR2	ITPR2	6.20096207402019e-06	11839.0	0.7330741824608679	0.7330741824608679	0.0179328595707098	2974.0	16.74552213585671	0.08	0.3943401281855445	0.39700123580111407	25	0.8532317376589205
GPATCH1	GPATCH1	0.0015942304382052	11838.0	0.7330418508352611	0.7330418508352611	0.00351478790409221	308.0	1.7291877886673424	0.0	0.2727013623248469	0.2315291007330267	25	1.988261894737919
NEK3	NEK3	0.00241689073297861	11837.0	0.7330204430153191	-0.7330204430153191	0.0182871811529484	1548.0	8.713529345499605	0.12	0.5974912494265497	1.2707988744785432	25	0.10664881462409392
HSPA12A	HSPA12A	0.000834871571515492	11836.0	0.7327974952909989	-0.7327974952909989	6.697404303036336e-05	11494.0	64.73470767151063	0.125	0.7428780006742816	0.62938139645155	24	-0.016016528991985617
SPATS2	SPATS2	1.9421210265558898e-20	11835.0	0.7326609986307159	0.7326609986307159	0.00816551991822165	498.0	2.7993691562464793	0.04	0.3731585743198707	0.6570660623592425	25	0.5471328453946109
SIDT2	SIDT2	9.035056200967208e-09	11834.0	0.732605902871958	-0.732605902871958	0.000415237579287068	8021.0	45.17291877886673	0.2	0.5625004791287673	0.5417779281830832	25	0.31397628972014324
ZNF835	ZNF835	0.0486898471571129	11833.0	0.73245078515936	-0.73245078515936	0.00370371181343211	9705.0	54.65810521572603	0.25	1.010915495951045	1.408111609231963	24	-0.19775755626613292
AKIRIN2	AKIRIN2	3.75120192882615e-11	11832.0	0.7323939056230592	-0.7323939056230592	5.70686616660986e-06	4828.0	27.188239270023658	0.08	0.38475345835501557	0.3036527125621166	25	1.1448619850446047
PLCB4	PLCB4	0.0189730671152925	11831.0	0.7318807082273909	-0.7318807082273909	0.00918256620893662	6211.0	34.97803311929706	0.08333333333333333	0.7492944460592185	1.4428642454439229	24	-0.012068867800151142
FNBP1	FNBP1	0.00012859531801529198	11830.0	0.7316563434918519	-0.7316563434918519	0.00202185531728074	6181.0	34.80905711388982	0.08	0.6389938103406387	0.9956326648225329	25	0.09306899665423281
TRPM5	TRPM5	0.0642968644316215	11829.0	0.7316429112268141	0.7316429112268141	0.0010265420481827615	14591.0	82.17866396305058	0.5416666666666666	1.208320523339301	0.9722421925456717	24	-0.4902869015223228
RAB25	RAB25	2.36272035444741e-05	11828.0	0.7314583567955499	0.7314583567955499	0.000325866260771377	14777.0	83.22631519657541	0.5833333333333334	1.3400372725190148	1.0481074636483438	24	-0.5806455319047823
LINC00544	LINC00544	0.6578223108336321	11827.0	0.7311983679742791	0.7311983679742791	1.6052725689305001e-06	17614.0	99.20581277458601	0.6666666666666666	3.6669809333796426	2.6185940830607515	21	-1.121129305376672
RBM41	RBM41	2.23242511703303e-06	11826.0	0.7311738822784741	0.7311738822784741	1.50947553028176e-06	9573.0	53.91461079193421	0.24	0.6524793757764421	0.4699391405068919	25	0.16745680391113948
EXOC3L4	EXOC3L4	0.0843983587092672	11825.0	0.731125615008284	-0.731125615008284	1.526151656847889e-05	14515.0	81.75059141601892	0.5416666666666666	1.4432141828516594	1.2490800494841525	24	-0.5700904182541824
SGIP1	SGIP1	0.00247156342796478	11824.0	0.731065397302985	-0.731065397302985	0.00682277755857459	11776.0	66.32308212233862	0.2916666666666667	1.241007843211925	1.7145543228880054	24	-0.2974198245582501
AKR1D1	AKR1D1	0.42829537202684	11823.0	0.730971717984346	0.730971717984346	2.584424111141605e-05	16617.0	93.59017686155232	0.6666666666666666	2.202709420149413	1.7908400422550674	24	-0.8218141584056947
ARRDC3.AS1	ARRDC3.AS1	0.0744504197490775	11822.0	0.730949989373587	0.730949989373587	0.019876141727269703	2956.0	16.644136532612368	0.08333333333333333	0.41297725027141746	0.5440388590482667	24	0.5844669618975863
ZNF195	ZNF195	0.000343080289059344	11821.0	0.730915973672104	0.730915973672104	6.720928171096151e-08	9396.0	52.91765236003154	0.12	0.5217982851119913	0.3782421306629025	25	0.552867255145839
NPFF	NPFF	0.000520668918803252	11820.0	0.73079422369846	-0.73079422369846	0.004015967740661695	5039.0	28.376703841387858	0.20833333333333334	0.7247799117555159	1.053377313445585	24	0.005709551426802008
TM7SF3	TM7SF3	0.000161371826160652	11819.0	0.73066031174315	0.73066031174315	1.2523728699974699e-05	6813.0	38.368818294468845	0.04	0.4756732921010275	0.5223172761755693	25	0.48818415793011677
DIRC3	DIRC3	0.04003914525510299	11818.0	0.730652184599062	0.730652184599062	0.003422583713011005	11947.0	67.28624535315984	0.3333333333333333	1.2395066701586284	1.3102799491194084	24	-0.38835554638651765
KLRB1	KLRB1	0.0149490982114298	11817.0	0.7306179997094508	-0.7306179997094508	0.00018851385392940398	14885.0	83.83462881604144	0.5416666666666666	2.3417191348050346	2.548334327629258	24	-0.6322173341338646
SNTN	SNTN	0.0820318746306881	11816.0	0.730455103449222	-0.730455103449222	5.1661945622453495e-05	16750.0	94.33930381885772	0.6956521739130435	2.3405799145854225	1.9030170580137762	23	-0.846090582507298
TAS2R10	TAS2R10	0.12347356259647198	11815.0	0.7304320973684001	0.7304320973684001	0.007619971369448559	15613.0	87.93511321392361	0.4782608695652174	1.7609714265484728	1.8240952631821428	23	-0.5649591608402579
OAS2	OAS2	0.00938248026717604	11814.0	0.7303116167749392	0.7303116167749392	4.0900896691896933e-07	17506.0	98.59749915511996	0.75	3.2513904262756133	2.614134393163887	24	-0.964402907552665
GBP5	GBP5	0.151925444354902	11813.0	0.730293731577113	-0.730293731577113	0.011453314486310727	11771.0	66.29491945477075	0.4583333333333333	1.981679793581325	2.6663934899084745	24	-0.4693178507749682
INF2	INF2	0.00187147913973155	11812.0	0.7302327952320731	-0.7302327952320731	3.29349579397455e-08	11745.0	66.14847358341781	0.28	0.8197433271842662	0.6854723366641926	25	-0.13058226738629666
NAT14	NAT14	0.000525151799596079	11811.0	0.7302225213556289	0.7302225213556289	8.92962783200696e-06	5657.0	31.85760955277684	0.24	0.6859977798480706	0.9180418716522554	25	0.048172902427603165
CCHCR1	CCHCR1	3.08408045292874e-05	11810.0	0.730163445495272	0.730163445495272	1.18494065887761e-05	8002.0	45.065900642108815	0.08	0.6325067166825109	0.8116965557676195	25	0.1203118679250861
RASL10A	RASL10A	0.0011046273875756599	11809.0	0.7300869040015692	-0.7300869040015692	1.6235562424641102e-09	14110.0	79.46941534302128	0.5	1.175052476939706	0.8266868496242145	24	-0.5382516646302091
LINC00630	LINC00630	2.13451827130908e-05	11808.0	0.729906622082938	0.729906622082938	4.5091440776713705e-05	10343.0	58.2516615973865	0.2	0.6278806997350592	0.4869735786776849	25	0.20951018045972278
SLC26A10	SLC26A10	0.04003914525510299	11807.0	0.729878889029039	-0.729878889029039	0.00020787918800328352	10182.0	57.34482370170102	0.20833333333333334	0.8716525552775688	1.108917971432905	24	-0.12784865057722428
ZNF468	ZNF468	1.48781048555031e-05	11806.0	0.7298050450472249	0.7298050450472249	3.29743994718162e-08	11219.0	63.18576095527768	0.28	0.7814235915171064	0.5765199799784441	25	-0.08953470523573444
CTPS2	CTPS2	0.000141045111984396	11805.0	0.729548891304659	0.729548891304659	3.02720772599906e-06	3657.0	20.592542525628026	0.08	0.698905931297226	1.3433654870407628	25	0.022810590493086882
SMCO4	SMCO4	0.000507935599125409	11804.0	0.729186595259207	0.729186595259207	5.7207914454726504e-05	6949.0	39.13484285231497	0.08	0.508339161166861	0.7124141172971816	25	0.3099986773566703
SLC1A6	SLC1A6	0.6109211244082541	11803.0	0.729136444078777	0.729136444078777	0.0197710497670438	14070.0	79.24411400247831	0.4166666666666667	1.9257837417511723	2.1726436993313256	24	-0.5507793560631628
ITPK1	ITPK1	2.4288696263318598e-06	11802.0	0.7290682821647909	-0.7290682821647909	2.1267074292166798e-08	10706.0	60.29627126281401	0.2	0.6698734106726569	0.46336457921843743	25	0.12775010034642414
N4BP1	N4BP1	3.02718053593534e-08	11801.0	0.728932783870191	-0.728932783870191	0.00690312049319973	434.0	2.4388870113777177	0.08	0.402337742727088	0.5732103111168044	25	0.5697647701186449
C1orf158	C1orf158	0.21006589563684303	11800.0	0.7288895035074822	-0.7288895035074822	0.008071278053683024	14542.0	81.90266982088544	0.5	1.1568702578228416	0.8858065957819454	24	-0.48315372266737255
FAM83D	FAM83D	0.00389462312452596	11799.0	0.7287980163663299	0.7287980163663299	0.000174269247675558	4839.0	27.250197138672974	0.28	0.8507531488889954	1.2268635383951598	25	-0.09940399132098511
STIP1	STIP1	1.97921051107553e-15	11798.0	0.728640345398861	0.728640345398861	0.000127212707597941	1039.0	5.846569787090234	0.04	0.28747551908356384	0.3241755741037396	25	1.3608823784302755
ARHGAP24	ARHGAP24	2.59934611272751e-06	11797.0	0.7286196776212891	-0.7286196776212891	0.0006760943420847564	5767.0	32.47718823927002	0.20833333333333334	0.6423101904188967	0.7859882760259321	24	0.10981014581894957
TLR4	TLR4	0.00316414279166729	11796.0	0.7285976442495258	-0.7285976442495258	0.0037423231215295925	10052.0	56.61259434493635	0.25	1.0659914530068042	1.6697515334568487	24	-0.2020622841164755
FOXP4.AS1	FOXP4.AS1	0.007963682903310879	11795.0	0.7284633501281959	0.7284633501281959	0.009654504443158279	9503.0	53.520333445984	0.2916666666666667	0.9917385532576427	1.07567278819872	24	-0.2447539865448463
ALG8	ALG8	2.0144248093278998e-16	11794.0	0.7284093792127259	0.7284093792127259	3.1956428028335304e-09	7903.0	44.50827982426495	0.16	0.6260735864663522	0.629436698591545	25	0.16258313659715842
NLGN4Y	NLGN4Y	0.40582597626537303	11793.0	0.7283548733264491	-0.7283548733264491	3.677822600418185e-07	11481.0	64.66148473583418	0.3333333333333333	1.2540939031194516	1.8290380701251447	24	-0.28744017873670114
C1GALT1C1	C1GALT1C1	8.03763663311004e-05	11792.0	0.728328817494323	0.728328817494323	7.331073404993571e-12	12976.0	73.08212233862791	0.32	0.85904943462432	0.5373116111441302	25	-0.24328641782306867
ASZ1	ASZ1	0.323887577228711	11791.0	0.728115576922284	-0.728115576922284	0.0056921720659452	15869.0	89.37704179339866	0.5652173913043478	1.6659725766951894	1.4876410395537027	23	-0.6304323252968778
AK5	AK5	0.215929557159303	11790.0	0.7279896120768871	0.7279896120768871	4.90439165811918e-06	14159.0	79.74540948518643	0.5	2.011126115061462	2.4263946617119947	24	-0.5288243183321343
CRHBP	CRHBP	0.10827546986471198	11789.0	0.7276816760099349	-0.7276816760099349	4.353133527977791e-07	15838.0	89.20243325447785	0.6666666666666666	1.964629616050665	1.6668003491079555	24	-0.7421092398395073
OR2H1	OR2H1	0.666512651073258	11788.0	0.7275288813376201	0.7275288813376201	0.0236824722910692	15909.0	89.60234313394164	0.4782608695652174	2.0264065908047253	1.9990609523847052	23	-0.6497439249752027
MATN3	MATN3	0.132045588036838	11787.0	0.727383468437337	-0.727383468437337	0.01609648328531595	8703.0	49.01430663512448	0.20833333333333334	0.7024728963556375	0.7943280767359112	24	0.03136055845345818
KIF20B	KIF20B	0.0005732076707056629	11786.0	0.727190544482226	0.727190544482226	0.000416514897836051	10514.0	59.214824828207725	0.16	0.6964812308605941	0.708577925455215	25	0.043339359749180933
PDE8B	PDE8B	0.0130003145620073	11785.0	0.727081410618614	-0.727081410618614	0.0193123296828399	4735.0	26.66441365326124	0.12	0.6140665276555574	0.9124653846276596	25	0.12385662499314803
FAM222A	FAM222A	0.0283033893237919	11784.0	0.7266900090667991	-0.7266900090667991	2.30986857096193e-09	11885.0	66.93702827531823	0.32	0.8988642967398814	1.0214945634743688	25	-0.16855134998219934
ABCG5	ABCG5	0.116518299095878	11783.0	0.7261963358832758	-0.7261963358832758	0.0009681270111371876	15107.0	85.08505125605497	0.5416666666666666	1.8482725240711242	1.669557221034322	24	-0.6720801024673483
SYT5	SYT5	0.125658617123374	11782.0	0.7260323701013941	0.7260323701013941	6.51510609116151e-06	15007.0	84.52179790469752	0.5833333333333334	1.4910557237771929	1.4761001738563158	24	-0.5182733307843012
LRRC8E	LRRC8E	4.7551729982851895e-05	11781.0	0.7260113992458891	0.7260113992458891	0.0121044798538794	6472.0	36.448124366339975	0.08	0.4981829402181201	0.4127154676735141	25	0.5520230688518725
GRN	GRN	0.000190334625113902	11780.0	0.7260041893656249	-0.7260041893656249	0.0018373957784001602	7260.0	40.88656077503661	0.08	0.5547835843514703	0.7139979955356096	25	0.2398054421507339
ADGRL1	ADGRL1	4.29502832160268e-08	11779.0	0.7257239168786309	-0.7257239168786309	9.812685463845949e-12	12888.0	72.58645938943336	0.36	1.0996868199616514	0.9729727835622105	25	-0.3843508363244056
SLC35F5	SLC35F5	1.1681401846542199e-05	11778.0	0.725465641690414	0.725465641690414	1.6217849934908402e-08	10277.0	57.879914385490586	0.16	0.6557693110500667	0.3793743868938995	25	0.1837138537764265
MRC2	MRC2	0.00302884711108886	11777.0	0.725418944584697	-0.725418944584697	3.44051706556536e-11	14619.0	82.33637490143066	0.5833333333333334	1.5825819723793852	1.462697126177051	24	-0.5860153906468629
C6orf118	C6orf118	0.15846037319327	11776.0	0.7254088758812142	-0.7254088758812142	0.0053345484921076105	13602.0	76.60808831812548	0.43478260869565216	1.1881302824349849	1.0973833616664745	23	-0.42165885024089206
TMEM263	TMEM263	4.0696125870398295e-07	11775.0	0.725363893008716	0.725363893008716	9.7251993734334e-10	9220.0	51.92632646164244	0.16	0.6903557217081481	0.6236390243748817	25	0.05613531214737418
SFRP4	SFRP4	0.104895770846187	11774.0	0.725284074491723	0.725284074491723	2.727290574255855e-06	14447.0	81.36757913709586	0.4583333333333333	1.582555487015794	1.5974074451018334	24	-0.5366642149770503
PHF21B	PHF21B	0.11216642403567201	11773.0	0.725274020310749	-0.725274020310749	3.7554460037403095e-06	14749.0	83.06860425819534	0.6666666666666666	1.6066428494094565	1.5309392889069122	24	-0.5757046249221308
PARD6G	PARD6G	3.43938788663708e-05	11772.0	0.7250675643424721	-0.7250675643424721	0.0004317995282050575	6760.0	38.070294018249406	0.125	0.676785729856313	1.1108689787161683	24	0.04346312248448815
STS	STS	0.000813463464172096	11771.0	0.724998177254664	0.724998177254664	1.147456838256203e-07	12065.0	67.95088430776163	0.2916666666666667	0.7280748104052323	0.45282183778419444	24	-0.0067943568393769365
HES4	HES4	0.000208932760573418	11770.0	0.724715818853111	-0.724715818853111	0.0001154900054302655	12420.0	69.95043370508054	0.375	1.4116732855939012	1.6382974887653277	24	-0.4193117986517228
G6PC	G6PC	0.539085316789255	11769.0	0.7245743644614041	0.7245743644614041	1.8468736115156601e-07	17505.0	98.59186662160639	0.8095238095238095	3.2423787399354405	2.4692398215527533	21	-1.019667815777709
PARD6B	PARD6B	0.00219263001223841	11768.0	0.7245462315745841	-0.7245462315745841	0.0204179477658436	9537.0	53.71183958544553	0.16	0.6177484432342893	0.4386830196481631	25	0.24345092824871536
DHX29	DHX29	5.8432470419106695e-08	11767.0	0.7243100004692871	0.7243100004692871	3.46827173860516e-05	8990.0	50.63084375352033	0.08	0.5402237200545086	0.48380642012942965	25	0.3804957370460918
PPP1R32	PPP1R32	0.000518553367141848	11766.0	0.7242498251479609	-0.7242498251479609	0.00249360100819141	3980.0	22.41185085051256	0.125	0.6992486174811093	1.1871191173363287	24	0.021060403544801414
ANG	ANG	0.00021894583060211499	11765.0	0.724205062389103	-0.724205062389103	0.00267343386896243	10547.0	59.40069843415568	0.16666666666666666	0.9480421629830845	1.3211223840879776	24	-0.16942949668399196
ZNF697	ZNF697	0.00209720733716864	11764.0	0.723945916711757	-0.723945916711757	0.00249842053583035	7961.0	44.83496676805227	0.0	0.4827652568364509	0.5422791840186454	25	0.44475367482852435
SKI	SKI	1.22674061134245e-06	11763.0	0.7233867619138691	-0.7233867619138691	8.82598785810395e-13	12902.0	72.6653148586234	0.4	0.8710408014922357	0.5131268147908885	25	-0.28775350521983384
OMA1	OMA1	2.48092171186826e-10	11762.0	0.723350289160236	0.723350289160236	1.92002755455557e-09	11030.0	62.12121212121212	0.16	0.6780928262002517	0.5055288186595351	25	0.08952499103807661
LEKR1	LEKR1	0.044333822954909	11761.0	0.722936512965602	0.722936512965602	7.30768206948305e-05	11940.0	67.24681761856482	0.3333333333333333	0.9651742806964773	1.0075432794774768	24	-0.24042418094089463
KCNAB2	KCNAB2	0.0128588623158915	11760.0	0.7229259510769109	-0.7229259510769109	1.65847751969326e-07	14095.0	79.38492734031767	0.52	1.1607180841943026	1.1554748569778506	25	-0.37888503628926967
WDR63	WDR63	0.0485105273797209	11759.0	0.7224031750529359	-0.7224031750529359	2.419838943978525e-05	11814.0	66.53711839585445	0.3333333333333333	0.9521957539624052	0.7703569271079688	24	-0.29829364911683703
TIMM8A	TIMM8A	3.11094958250069e-07	11758.0	0.7221377427125999	0.7221377427125999	3.5644622888369904e-06	7592.0	42.75656190154331	0.08	0.6024037812024885	0.7660912088200902	25	0.15629204477430556
CEND1	CEND1	0.124028939565789	11757.0	0.721921133162383	-0.721921133162383	1.9037748716525603e-10	17199.0	96.86831136645263	0.75	2.762436239795123	2.1911008732254453	24	-0.9312739233356093
TTC3	TTC3	9.66009865011748e-07	11756.0	0.721847498541139	0.721847498541139	2.87918186502839e-07	8474.0	47.72445646051594	0.16	0.6388038380454244	0.5281053484414704	25	0.15724828529154414
GNG7	GNG7	5.0839994082029604e-06	11755.0	0.7218420247167769	-0.7218420247167769	3.889944717112153e-15	14720.0	82.90526078630167	0.5416666666666666	1.5457612639046	1.7394615817955614	24	-0.4736633725117006
DZIP1L	DZIP1L	0.000147558690225565	11754.0	0.721810755808255	-0.721810755808255	0.0056773222670535	2173.0	12.233862791483608	0.08	0.5589298567677925	1.0073505397040576	25	0.16169237283410218
TBC1D2B	TBC1D2B	9.53263104633953e-10	11753.0	0.721492399425578	-0.721492399425578	0.0020469905845515	7892.0	44.44632195561563	0.16	0.5377744405705551	0.5022174058193305	25	0.36581360328461854
CACNB2	CACNB2	1.93664997412666e-07	11752.0	0.7214592192443721	-0.7214592192443721	0.00866261192760575	9201.0	51.81930832488453	0.28	0.7683981477846998	0.9600693201490833	25	-0.0488911868707969
GPAM	GPAM	0.0114338466207828	11751.0	0.7212408822147409	0.7212408822147409	0.00161042235687076	2124.0	11.957868649318462	0.12	0.7083768178302975	1.168399570822604	25	0.01100998725580374
CDC42EP4	CDC42EP4	3.21811095302945e-07	11750.0	0.720688443133417	-0.720688443133417	5.72996265128029e-06	6986.0	39.34324659231722	0.2	0.6704881738033721	0.7643192032488695	25	0.06567971747492411
HEY2	HEY2	0.0249387934381429	11749.0	0.7205370189750508	-0.7205370189750508	0.0015150128794568	10850.0	61.107356088768725	0.36	0.7853906768059147	0.5725046463606238	25	-0.11328057901911272
PIAS3	PIAS3	4.37963489420634e-07	11748.0	0.7205051458571979	0.7205051458571979	0.0312813086208969	2570.0	14.469978596372647	0.24	0.6666434583007704	0.924388952378294	25	0.05826734235394163
ERGIC2	ERGIC2	7.14696555456052e-09	11747.0	0.720395966969929	0.720395966969929	9.10786483787015e-11	12381.0	69.73076489805113	0.32	0.8729487890035564	0.510236643375367	25	-0.29898444969464594
LAMA1	LAMA1	0.007871658081142109	11746.0	0.7203302686859789	0.7203302686859789	2.5456568019007818e-06	13885.0	78.20209530246704	0.5	1.2221388395219968	0.9702786882179967	24	-0.5171798339275431
PUS7	PUS7	0.000321194556675086	11745.0	0.7202742803629569	0.7202742803629569	3.6026647719950704e-05	8568.0	48.25391461079193	0.04	0.5592729374366684	0.7875954392675385	25	0.20442137536502158
ERF	ERF	7.633778875606759e-07	11744.0	0.7200834223781709	-0.7200834223781709	1.13911961465726e-12	13538.0	76.24760617325673	0.4	1.2678871203523245	1.0002938560363432	25	-0.5476427698404762
TRDN	TRDN	0.514885307532548	11743.0	0.720043774089028	0.720043774089028	4.55415058140206e-05	17402.0	98.01171566970822	0.8260869565217391	3.207734040851373	2.391585135751937	23	-1.0401846999187807
DYRK3	DYRK3	0.009090687721364859	11742.0	0.7199011321808209	-0.7199011321808209	0.00020674986292962098	8525.0	48.01171566970823	0.16	0.8316639537518791	1.1993011793324966	25	-0.0931899538640184
CDH22	CDH22	0.0299414131595057	11741.0	0.7198582205838291	-0.7198582205838291	1.26250805553144e-05	17662.0	99.47617438323758	0.7391304347826086	3.710069762230682	2.673610559184493	23	-1.1184170152884683
NR1H4	NR1H4	0.511676319917979	11740.0	0.719853670821905	0.719853670821905	3.90271257009995e-07	16172.0	91.08369944801171	0.6521739130434783	2.246998908125463	1.9294254305088177	23	-0.7915025961385962
SLC9A3R1	SLC9A3R1	0.00233732637999216	11739.0	0.7198507601431291	0.7198507601431291	1.7603956751963896e-05	8389.0	47.245691111862115	0.2	0.6949426098245484	0.7272984139237781	25	0.034247497095726026
MBTPS2	MBTPS2	7.044129435126161e-10	11738.0	0.719534358658389	0.719534358658389	1.4306071203410098e-05	5568.0	31.356314070068716	0.08	0.5361197983197693	0.5986390611077818	25	0.30638588801607936
LINC00852	LINC00852	7.03152830281617e-05	11737.0	0.719369906086162	-0.719369906086162	0.0039464459648730806	5384.0	30.319927903571028	0.125	0.4999642365786218	0.48391959465938394	24	0.453392819652143
CCDC117	CCDC117	4.41932383518167e-07	11736.0	0.719295942257097	0.719295942257097	0.0282126860478015	1236.0	6.956178889264391	0.08	0.3609146390681697	0.6126646373403647	25	0.5849550983466169
LEF1.AS1	LEF1.AS1	0.0136425015773944	11735.0	0.7191911521992959	0.7191911521992959	1.1014753528428926e-06	13579.0	76.47854004731327	0.4583333333333333	1.2338521011015868	1.323393280162218	24	-0.38889493895511185
TRIM25	TRIM25	1.97097636188645e-05	11734.0	0.7191381968426449	-0.7191381968426449	0.0326147874659064	4354.0	24.51841838458939	0.04	0.5907518379150246	1.3764898651261133	25	0.09327083488250573
HTR2A	HTR2A	0.21676147926372896	11733.0	0.718920153060033	0.718920153060033	8.31412404641539e-05	14485.0	81.58161541061169	0.5833333333333334	1.463612363041083	1.4332637941559931	24	-0.5195779123267238
DLGAP2	DLGAP2	0.0146494043135888	11732.0	0.71885759440928	-0.71885759440928	1.0981176990574447e-07	15850.0	89.27002365664075	0.6666666666666666	1.544495290735586	0.9954068489399228	24	-0.8294474738701912
ANXA6	ANXA6	0.000115414344771676	11731.0	0.7187493456297339	-0.7187493456297339	6.54374527477301e-05	10210.0	57.5025346400811	0.28	0.8914937124283924	1.0359518442514453	25	-0.16674941770433307
FAM83E	FAM83E	0.000792415032604229	11730.0	0.7187353235990259	0.7187353235990259	0.005101382976106111	11497.0	64.75160527205136	0.25	1.0723033465815985	1.4388197950751986	24	-0.24573475023958347
TNFAIP8	TNFAIP8	0.0142661676872011	11729.0	0.718678990917217	0.718678990917217	0.0007335100133665071	7289.0	41.04990424693027	0.12	0.6747084819168968	0.657548299726849	25	0.06687038658389945
KLHDC9	KLHDC9	0.0024156337453993	11728.0	0.71853535777219	0.71853535777219	0.283115399996717	631.0	3.5484961135518756	0.125	0.6575304076670724	1.4152320735918318	24	0.043105969150549456
MAP3K14	MAP3K14	4.56553403538626e-06	11727.0	0.7184260926976441	-0.7184260926976441	2.39157935788063e-06	6216.0	35.00619578686493	0.16	0.6521906873476903	0.6804909401014888	25	0.09733473503714168
MIR3682	MIR3682	0.349341848352968	11726.0	0.718414815310278	-0.718414815310278	0.3933214855338695	2568.0	14.458713529345498	0.125	0.5157398735332198	0.607188806606905	24	0.3337922892710211
ZNF691	ZNF691	6.47459231599283e-09	11725.0	0.7184111315600029	0.7184111315600029	0.00011446213223614799	5775.0	32.52224850737861	0.16	0.5458592149291648	0.6633492281995077	25	0.26012228445518254
RILP	RILP	0.00031721672789911804	11724.0	0.7183753630629341	-0.7183753630629341	0.00102445824342622	6420.0	36.155232623634106	0.16	0.5568425529002043	0.561221982428344	25	0.28782338400893637
NXPE3	NXPE3	0.00148828873059931	11723.0	0.7183450122775409	-0.7183450122775409	0.023277231134203998	2983.0	16.79621493747888	0.12	0.4630744680272389	0.578742800494644	25	0.4410777015837183
FAM66C	FAM66C	0.00011272249069628799	11722.0	0.718311391565453	-0.718311391565453	0.08273182615707869	422.0	2.3712966092148244	0.125	0.6386196903543956	1.1889006928396637	24	0.06702973737925536
KLHL31	KLHL31	0.0420947323602796	11721.0	0.7180362996588481	-0.7180362996588481	0.008497736619634075	12441.0	70.0687169088656	0.4166666666666667	1.1631358665835492	1.351275435390714	24	-0.3293921840560973
AMMECR1	AMMECR1	4.56877212492058e-07	11720.0	0.7180265870673109	0.7180265870673109	4.8315291190007e-06	9323.0	52.50647741354061	0.04	0.5022822983681184	0.3072150880977162	25	0.7022581151045892
NANOG	NANOG	0.305219378595573	11719.0	0.7179445533907479	0.7179445533907479	1.1822040451759819e-05	16834.0	94.81243663399796	0.625	2.2057415639515177	1.949756647688883	24	-0.7630680538129254
EIF1B	EIF1B	9.25337094273478e-12	11718.0	0.717834645895645	-0.717834645895645	0.0009702813564867	3669.0	20.660132927790922	0.08	0.5474833433577433	0.8413427546986793	25	0.20247550904376876
DLX1	DLX1	0.46898198510706796	11717.0	0.71772951824285	-0.71772951824285	3.63965992891633e-05	12443.0	70.07998197589275	0.375	1.6088314637670516	2.0537091835645893	24	-0.4338987976756916
CLEC10A	CLEC10A	0.0548839108676939	11716.0	0.7176635114026322	-0.7176635114026322	0.0009413168176766085	15725.0	88.56595696744395	0.5416666666666666	1.9711179956315472	2.254065851127873	24	-0.5560860094667246
SIRPG	SIRPG	0.19640492655614897	11715.0	0.717506711039779	0.717506711039779	0.0014762958920299708	14064.0	79.21031880139687	0.4166666666666667	1.5326550625450153	1.8013425898779325	24	-0.45252266619670306
ASPN	ASPN	0.0437987045034369	11714.0	0.717505496527583	0.717505496527583	0.00142701294805727	10944.0	61.63681423904472	0.2916666666666667	1.3457252624757317	1.9295510990956752	24	-0.3255781960076502
CHDH	CHDH	0.000521152592826817	11713.0	0.7174094420600892	0.7174094420600892	0.0617630740733817	2586.0	14.560099132589837	0.2	0.7784152495026808	1.1809798549830444	25	-0.05165694163637324
PURG	PURG	0.13261842847817698	11712.0	0.717358011579884	-0.717358011579884	3.712507478258265e-09	16330.0	91.97363974315647	0.75	1.9603961544891553	1.5275035275271864	24	-0.8137710457019863
FAM135B	FAM135B	0.17547252299318303	11711.0	0.716873490442169	0.716873490442169	1.8446520714897002e-05	13416.0	75.56043708460065	0.375	1.3767538132185162	1.3867958096627813	24	-0.47583091770143604
NLRC5	NLRC5	0.0150594660514196	11710.0	0.716861702013906	-0.716861702013906	0.00243288483734964	6290.0	35.423003266869436	0.08	0.7468176115678027	1.4446533913875448	25	-0.020735707078585117
ATP7A	ATP7A	0.00221306626961981	11709.0	0.71683682587686	0.71683682587686	2.1752537440439602e-05	10051.0	56.60696181142277	0.04	0.5349310451151971	0.3255013225465057	25	0.5588480542522937
IPO7	IPO7	2.51762912417778e-08	11708.0	0.7166075828478041	0.7166075828478041	0.00123638773816421	2707.0	15.241635687732341	0.04	0.3812018984972848	0.35577635413446373	25	0.9427430475712688
PPP1R1C	PPP1R1C	0.0445911156704688	11707.0	0.7164764059764129	0.7164764059764129	0.043369105810092845	7399.0	41.66948293342345	0.16666666666666666	0.6026781664306063	0.6336520761445597	24	0.17959104661695288
S100A1	S100A1	0.00119134085862639	11706.0	0.716388216061088	0.716388216061088	0.0007905185332475644	14499.0	81.66047087980174	0.5833333333333334	1.7551574734530353	1.9573802727187737	24	-0.5306936377513968
CLINT1	CLINT1	3.967813423012751e-09	11705.0	0.716345770954946	0.716345770954946	4.2286453985060104e-05	9868.0	55.576208178438655	0.08	0.5128881118423054	0.4094003120696292	25	0.4969650806666637
PDGFRL	PDGFRL	0.00126128717378203	11704.0	0.716225878235395	0.716225878235395	0.0190947726155676	3017.0	16.98772107694041	0.04	0.47967981920065783	0.5496091673580984	25	0.4303895806028565
WASHC5	WASHC5	0.000197963086884131	11703.0	0.7161798968380501	0.7161798968380501	0.000119082644431896	6759.0	38.06466148473583	0.04	0.46066719120187977	0.44359817057539797	25	0.576000359299816
SHBG	SHBG	0.066908887610043	11702.0	0.715923742566994	-0.715923742566994	1.308910259809685e-05	13963.0	78.64143291652584	0.4583333333333333	1.3738030511243693	1.0917187746887937	24	-0.6026087705095214
NDC1	NDC1	0.00022483497591150697	11701.0	0.71560791354452	0.71560791354452	2.28517258525682e-06	8288.0	46.6768052269911	0.08	0.5526912712556927	0.5728764978397863	25	0.28438353275646056
GLI1	GLI1	0.000651641918437638	11700.0	0.715529287204376	-0.715529287204376	1.6780562456123296e-09	16161.0	91.0217415793624	0.6666666666666666	2.311600914250389	2.224031121288474	24	-0.7176480633604364
ULBP2	ULBP2	0.0346907485904329	11699.0	0.7154652056679329	-0.7154652056679329	2.84101468185251e-07	14075.0	79.27227667004618	0.5	1.1685411484387085	0.9110774703573362	24	-0.4972968353537196
ARFGEF3	ARFGEF3	0.0199052904256406	11698.0	0.715442766791892	0.715442766791892	0.00080225294961327	12356.0	69.58995156021177	0.32	0.9798238306595843	1.1046928006479257	25	-0.23932541581933658
NAPRT	NAPRT	0.0184165409271813	11697.0	0.7152845365198509	0.7152845365198509	0.000818434556852588	9265.0	52.17979046975329	0.12	0.7884932460364689	1.112791194958374	25	-0.06578836159766385
KRBOX1	KRBOX1	0.0309946831773858	11696.0	0.7152804086699809	0.7152804086699809	0.0016427788158389699	11166.0	62.88723667905823	0.2916666666666667	1.1162841288759442	1.5804585172425463	24	-0.2537261913748939
BFSP1	BFSP1	0.0028028723709355	11695.0	0.7151464385016991	-0.7151464385016991	0.454572118398427	40.0	0.21966880702940184	0.08	0.4176597325352002	0.8269281793003194	25	0.35974914558868754
FAM184A	FAM184A	0.0118628801976779	11694.0	0.714908142622991	-0.714908142622991	0.09644268322156674	8448.0	47.578010589163	0.125	0.5701826499809642	0.6123043709891952	24	0.23636201127915935
CHST4	CHST4	0.23438474442328897	11693.0	0.714897019925001	0.714897019925001	0.042954731670357404	10116.0	56.97307648980511	0.25	1.295964484378628	1.7878057349627219	24	-0.3250171162840257
NF1	NF1	1.2627369588475101e-08	11692.0	0.714814807694835	0.714814807694835	0.00267181705089535	3766.0	21.206488678607638	0.04	0.37614617302598563	0.3444058877072921	25	0.9833415941967902
CD68	CD68	0.0075278900364945	11691.0	0.714627393471763	-0.714627393471763	0.0147666486541084	9042.0	50.9237354962262	0.16666666666666666	0.572873826107905	0.45003933128079593	24	0.3149803972920151
COL18A1	COL18A1	0.0357475528121799	11690.0	0.7145438669183899	0.7145438669183899	1.16163839831158e-11	13817.0	77.81908302354398	0.48	1.248819044301033	1.3788152187922755	25	-0.38748859898037863
TSPAN14	TSPAN14	5.91665388505651e-15	11689.0	0.7145385078165641	-0.7145385078165641	0.000358691231278368	2962.0	16.677931733693818	0.08	0.39082121154047433	0.4180274701781316	25	0.774392400906443
LINC00639	LINC00639	0.0269179638946595	11688.0	0.7142659319837611	-0.7142659319837611	0.001246278058287555	13801.0	77.7289624873268	0.4583333333333333	1.474982722546893	1.5569171932327577	24	-0.48860452814680005
PTPRG	PTPRG	1.80503434605728e-06	11687.0	0.714030530444357	-0.714030530444357	0.0070990678334466595	6142.0	34.58938830686042	0.2	0.7117196673477197	1.1187320522619415	25	0.002065609090188324
ODF3	ODF3	0.166982226688949	11686.0	0.7140249972392121	-0.7140249972392121	0.003106114110597525	13425.0	75.61112988622281	0.375	0.9933233803701859	0.7257910991342703	24	-0.38481924546074375
P3H3	P3H3	0.0010292717997444699	11685.0	0.713844738511965	0.713844738511965	1.48877755808903e-06	11737.0	66.10341331530923	0.32	1.023737131378201	1.067998015040304	25	-0.2901619558296103
CASP6	CASP6	2.0839349930326e-08	11684.0	0.7136701942815541	0.7136701942815541	9.44691002870524e-12	10135.0	57.080094626563024	0.28	0.8107750014174997	0.8056385094360431	25	-0.12053148651486405
PGLYRP2	PGLYRP2	0.15696885289406798	11683.0	0.713358249581088	0.713358249581088	2.70577855283839e-05	17394.0	97.96665540159964	0.7391304347826086	2.801702543378699	2.1635854688320637	23	-0.965223848968135
VAT1L	VAT1L	0.11325485616947399	11682.0	0.7133114723189731	-0.7133114723189731	4.25136427737234e-06	16248.0	91.51177199504336	0.5833333333333334	2.0961322681080037	2.124597235981852	24	-0.650862559910081
HOXA.AS2	HOXA.AS2	0.0161070817649596	11681.0	0.713309907716399	-0.713309907716399	0.0800016657140018	4974.0	28.01058916300552	0.16666666666666666	0.9024352906425038	1.6082648559957093	24	-0.11759591849628118
MIER2	MIER2	0.00011610020707376498	11680.0	0.71316541963072	-0.71316541963072	2.4633590777616503e-07	17658.0	99.45364424918327	0.8695652173913043	3.7984724512722305	2.602744907022414	23	-1.1854050788139496
NEAT1	NEAT1	0.00111802141133925	11679.0	0.712950311773875	0.712950311773875	0.0017530036288620728	7641.0	43.03255604370845	0.25	0.7843806624187111	0.8754722302874353	24	-0.0815906526485529
CASZ1	CASZ1	0.0167037216232986	11678.0	0.7127831344352479	-0.7127831344352479	0.00106734012921961	8714.0	49.07626450377379	0.12	0.6953417299448245	1.0047056842261752	25	0.017359715152658658
CDH4	CDH4	0.0292757439910639	11677.0	0.712767361893603	-0.712767361893603	1.12719767208726e-08	15356.0	86.48755210093499	0.5833333333333334	1.8792286014486745	1.7832757750262156	24	-0.6541115266021732
CEBPA	CEBPA	0.022192724762325998	11676.0	0.712711487826896	0.712711487826896	4.0866831013333604e-07	13216.0	74.43393038188577	0.4166666666666667	0.9791240289432811	1.0523906609190088	24	-0.2531498530058583
HTATIP2	HTATIP2	1.25362835083519e-05	11675.0	0.712629888320394	0.712629888320394	1.88497136084778e-07	9787.0	55.11997296383913	0.08	0.806020656942838	0.9728437650142941	25	-0.09599770485353504
LCP1	LCP1	0.000698068346385041	11674.0	0.712610694874622	-0.712610694874622	0.018443557032492102	9783.0	55.09744282978483	0.2916666666666667	0.834067063283607	0.954864293360231	24	-0.1271975182793483
PPM1D	PPM1D	2.5144581434729e-10	11673.0	0.7124082997644641	-0.7124082997644641	0.00302401230951842	3681.0	20.727723329953815	0.08	0.4284774499654217	0.455775213022877	25	0.6229624641408282
KLHL35	KLHL35	0.00458467329050022	11672.0	0.7123409364798949	0.7123409364798949	0.003598360884319085	9804.0	55.215726033569894	0.3333333333333333	1.0488889035758637	1.4084936268435326	24	-0.23894177487347296
PRRT2	PRRT2	0.0257981648917588	11671.0	0.7122682373644179	0.7122682373644179	1.6559100447783334e-08	13655.0	76.90661259434494	0.5	1.1966598029566344	1.0105268562565912	24	-0.47934556374543363
SYT17	SYT17	0.00447654900271421	11670.0	0.7120935105377059	0.7120935105377059	0.001045797272396856	10505.0	59.164132026585555	0.16666666666666666	0.6208481964069671	0.401964738946049	24	0.22699830430396423
KLK12	KLK12	0.314036166322081	11669.0	0.71202261065354	0.71202261065354	0.00194150903503453	15741.0	88.65607750366114	0.6521739130434783	2.335114737811097	2.149562317894884	23	-0.7550802847842479
BHLHE22	BHLHE22	0.156709837562538	11668.0	0.7114763597811441	0.7114763597811441	0.00043719231862733614	14792.0	83.31080319927904	0.5833333333333334	1.4374745875784836	1.234495449141876	24	-0.5880930774609143
AP3B2	AP3B2	0.0983975455760309	11667.0	0.7113218500649691	0.7113218500649691	0.0010113456634464235	11504.0	64.79103300664639	0.3333333333333333	1.0253333769444843	1.2704648322602181	24	-0.2471627068345321
HGF	HGF	0.0009119385651468289	11666.0	0.7112746120061691	-0.7112746120061691	0.00716063895965674	11140.0	62.7407908077053	0.3333333333333333	1.4235788961707352	2.2738458360534413	24	-0.31325970867086744
TLCD2	TLCD2	0.00040290096277879704	11665.0	0.711259586080056	-0.711259586080056	0.115204492144709	1539.0	8.662836543877436	0.08	0.3254356320725861	0.42521289658376876	25	0.9073665382852775
CFAP46	CFAP46	0.151704768158728	11664.0	0.71116582298367	-0.71116582298367	0.0013886342590085075	7721.0	43.48315872479441	0.25	0.8878663302562275	1.2612204290412212	24	-0.1401027950418509
LINC01732	LINC01732	0.338957538752661	11663.0	0.711126139430882	0.711126139430882	0.00999849691256712	14573.0	82.07727835980623	0.4583333333333333	1.559511878554967	1.5767415861888845	24	-0.5380626391511014
GDAP1L1	GDAP1L1	0.0467317294994433	11662.0	0.711114259423083	0.711114259423083	0.000161258821860199	16995.0	95.71927452968345	0.7083333333333334	2.403689029866486	1.9637789277352178	24	-0.8618967983302538
QSER1	QSER1	1.2990807864261801e-06	11661.0	0.710674700213552	0.710674700213552	0.00048294433984981	7546.0	42.497465359918884	0.12	0.582934688913413	0.6202120662272623	25	0.20596182863254958
TEX12	TEX12	0.22584753538589605	11660.0	0.71064387928387	0.71064387928387	0.0010159825764483495	13815.0	77.80781795651684	0.4583333333333333	1.4832002266641178	1.3930953617833313	24	-0.5545609931478646
GEMIN2	GEMIN2	4.210699685189099e-09	11659.0	0.7104928716304809	0.7104928716304809	2.1041306994800698e-07	8251.0	46.468401486988846	0.08	0.6068214157227516	0.7125252747737558	25	0.14549863643875302
TRPV3	TRPV3	0.0988691868861128	11658.0	0.71046649152785	0.71046649152785	0.0009743410528318861	8329.0	46.907739101047646	0.20833333333333334	0.689352929352811	0.7465082199392924	24	0.028283094025081213
CD55	CD55	0.0036152024764507704	11657.0	0.710466318063532	-0.710466318063532	2.70513775147951e-07	8893.0	50.08448800270361	0.16	0.6509994975048314	0.5538800630024066	25	0.10736407487994776
PLEKHO1	PLEKHO1	0.0039550485882998	11656.0	0.710384259372963	-0.710384259372963	2.7865617009924895e-05	12285.0	69.190041680748	0.28	0.943615341015782	1.2578745130167728	25	-0.18541681163684495
SREBF2	SREBF2	0.000792856086805995	11655.0	0.710344136380603	-0.710344136380603	2.20863360047237e-05	7036.0	39.62487326799594	0.16	0.6309220121089695	0.7970084247883663	25	0.09965029452822019
CHST15	CHST15	0.000234625152508956	11654.0	0.7103436675385191	0.7103436675385191	0.007092977731542429	3708.0	20.879801734820322	0.16	0.4999442440166089	0.7237759723079743	25	0.2906968890539281
LINC00608	LINC00608	0.740766939686746	11653.0	0.7102918030611929	-0.7102918030611929	0.007808709870452341	15329.0	86.33547369606849	0.4782608695652174	2.0598092089343116	2.06543993342544	23	-0.6533801269325727
SRPRB	SRPRB	4.27515865170209e-11	11652.0	0.7102372073802471	0.7102372073802471	6.36672644345941e-11	10823.0	60.95527768390222	0.24	0.727162838790538	0.5177982239722863	25	-0.03268769691878435
ATP6V1B1	ATP6V1B1	0.0316228351379799	11651.0	0.7102119671097129	-0.7102119671097129	0.00204624731303424	13667.0	76.97420299650783	0.4583333333333333	1.2778299993704298	1.2776060605972686	24	-0.4442825138097427
BRWD3	BRWD3	9.696886780680009e-07	11650.0	0.7099952646548221	0.7099952646548221	0.00572155610921103	4788.0	26.96293792948068	0.04	0.3656775007630855	0.2698352948830917	25	1.276029379480972
CSNK1G2.AS1	CSNK1G2.AS1	0.0730281725205787	11649.0	0.7099396310443321	-0.7099396310443321	0.0051660065939274705	12055.0	67.89455897262589	0.28	0.7611899623807552	0.5086628209060924	25	-0.10075501733177537
HOXA1	HOXA1	0.0500681617406888	11648.0	0.709728972211798	0.709728972211798	0.00029385060189895604	6850.0	38.5772220344711	0.3333333333333333	0.8943702307147547	1.0549780846825125	24	-0.17501904654116404
BOLA3.AS1	BOLA3.AS1	0.000635156538698142	11647.0	0.709683896870657	-0.709683896870657	0.0191127004401468	991.0	5.5762081784386615	0.2	0.5687837001572256	0.873058451967111	25	0.16138689957810445
TJP2	TJP2	0.000310744029063101	11646.0	0.7096310494774191	-0.7096310494774191	0.0304037593712895	2667.0	15.016334347189364	0.04	0.3622891533795814	0.3810689825847083	25	0.9114934879818686
IGFBP7.AS1	IGFBP7.AS1	0.0036031613778138797	11645.0	0.709581156443668	-0.709581156443668	1.249075209311658e-08	15026.0	84.62881604145544	0.5416666666666666	1.8408368579897294	2.283029048787301	24	-0.49550648606375014
CKMT2.AS1	CKMT2.AS1	0.0037656377348813897	11644.0	0.709530794431933	0.709530794431933	2.62753893254228e-06	5560.0	31.31125380196012	0.0	0.3895137408812592	0.2753941281546707	25	1.1620329587090594
SAT2	SAT2	3.4716864252253995e-05	11643.0	0.709519800390327	-0.709519800390327	0.0108036610119162	116.0	0.6477413540610566	0.04	0.2760999054273515	0.4003379455905661	25	1.0826350580472903
MED14	MED14	2.4624996204295997e-07	11642.0	0.7092175569371401	0.7092175569371401	0.00168871516913309	3899.0	21.955615635913034	0.04	0.3642346526838392	0.2658581460765451	25	1.297620213427556
PSPN	PSPN	6.17572879020901e-09	11641.0	0.7092066875403051	-0.7092066875403051	0.0656203205937278	271.0	1.5207840486650894	0.08	0.3919381881706589	0.7482766963754212	25	0.4239989042909711
RANBP10	RANBP10	2.59345268738919e-09	11640.0	0.7091888354344241	-0.7091888354344241	4.64761132330118e-07	3025.0	17.032781345049003	0.08	0.38502339542235847	0.3479927640562443	25	0.9315292543257377
PECR	PECR	1.1482087142542098e-12	11639.0	0.709166823818434	-0.709166823818434	1.85941675507396e-05	6508.0	36.65089557282865	0.12	0.44151379041878924	0.3874637269119745	25	0.6907821682633306
LINC01116	LINC01116	0.21322046233913702	11638.0	0.709039593493668	0.709039593493668	5.1484784758641497e-05	10378.0	58.4488002703616	0.391304347826087	1.2633094636948945	1.6540906900075811	23	-0.33509037536429526
MYOF	MYOF	3.4438932391717705e-08	11637.0	0.7088509486606971	0.7088509486606971	5.184031154745e-08	9206.0	51.8474709924524	0.2916666666666667	0.969188608932845	1.1496325442918465	24	-0.2264529319083528
LRRC8C	LRRC8C	7.40034468429454e-05	11636.0	0.708488602228293	-0.708488602228293	0.000708903540446661	9600.0	54.066689196800716	0.24	0.6678865830427335	0.5644498940529975	25	0.07193201666496776
ZNF843	ZNF843	0.0126235057796791	11635.0	0.708370266487039	0.708370266487039	0.0308387073254223	2745.0	15.455671961248168	0.08333333333333333	0.39958451092435726	0.5083702271877272	24	0.6074033038300957
BPNT1	BPNT1	6.3067256074408e-05	11634.0	0.7081380132514559	0.7081380132514559	6.990370412705371e-10	10790.0	60.769404077954256	0.16	0.6854739922017292	0.44059610100923274	25	0.05143944986760498
IL1RN	IL1RN	0.0113165903597311	11633.0	0.707884092349011	-0.707884092349011	0.0032336144983873757	14388.0	81.03525965979497	0.5416666666666666	1.898253787103023	2.341478181806017	24	-0.5083838508526534
TMEM117	TMEM117	0.000312783512189486	11632.0	0.707665354192386	0.707665354192386	2.74967583171606e-06	7651.0	43.0888813788442	0.12	0.5207116064181594	0.3596030057261808	25	0.5198892801151452
REG4	REG4	0.8156368872584351	11631.0	0.7074218948177321	0.7074218948177321	1.5647595867198458e-06	17672.0	99.53249971837332	0.75	4.1275300994656705	3.448819304757376	24	-0.9916750929601232
DERL1	DERL1	0.00014297756342693501	11630.0	0.707212789948346	0.707212789948346	5.82257063785942e-06	4122.0	23.211670609440127	0.12	0.4526950498225449	0.41518842661776684	25	0.6130174248814424
KLK5	KLK5	0.454562283381572	11629.0	0.707001065866368	0.707001065866368	0.0004997545433367969	15406.0	86.76917877661371	0.6086956521739131	2.2577209197255166	2.4085184598035863	23	-0.6438480251405709
UNC5B.AS1	UNC5B.AS1	0.168256460661928	11628.0	0.706943012081102	0.706943012081102	0.01762037258887979	12591.0	70.91359693590177	0.2916666666666667	1.0293981782643558	0.930432023337653	24	-0.3465649914182232
PRKCZ	PRKCZ	0.012801605545373	11627.0	0.7067966609274441	-0.7067966609274441	0.00373235033396619	8299.0	46.738763095640415	0.2	0.6690137087567894	0.8587200440881486	25	0.043999150166309814
MPZL1	MPZL1	1.94885127021508e-08	11626.0	0.7067726986255101	0.7067726986255101	0.0005219581738508441	5970.0	33.62059254252562	0.0	0.3557882583179374	0.250696525214866	25	1.400037116616404
ZNF358	ZNF358	3.24435696016719e-05	11625.0	0.7064433381572092	-0.7064433381572092	2.10616167757648e-10	13375.0	75.3295032105441	0.36	1.3460865976677103	1.3556684809268678	25	-0.47182867235592757
OARD1	OARD1	1.65698395888361e-10	11624.0	0.706345077567857	0.706345077567857	1.9744788172842102e-05	7097.0	39.968457812323976	0.08	0.47159648328655096	0.420159048744187	25	0.5587136466129813
PLPPR1	PLPPR1	0.0258482361639767	11623.0	0.7060984215572851	0.7060984215572851	0.00610118857425522	14344.0	80.7874281851977	0.4782608695652174	1.5174043767403258	1.176221280143302	23	-0.6897562294436616
FKBP2	FKBP2	2.0205012563745102e-05	11622.0	0.705956308365856	0.705956308365856	0.0029434841001009697	2699.0	15.196575419623745	0.04	0.4333603013515556	0.5982625407429399	25	0.45564612264672744
CSTA	CSTA	0.00015661040346953	11621.0	0.7058825868672751	-0.7058825868672751	0.00024139241039228151	14559.0	81.9984228906162	0.5416666666666666	2.3537865956535415	2.722025045540627	24	-0.6053963432430405
FCRL1	FCRL1	0.184047242712189	11620.0	0.705808678679104	0.705808678679104	5.9972588727168195e-06	16872.0	95.02647290751379	0.6521739130434783	2.1512642836629303	1.9526762608797643	23	-0.7402433439389419
UBL3	UBL3	1.82060473337663e-06	11619.0	0.705787680915854	-0.705787680915854	0.00248757016795838	3532.0	19.888475836431226	0.08	0.3625153569295117	0.3288022059562838	25	1.044008579528759
TGM3	TGM3	0.216046388347958	11618.0	0.705633762462033	-0.705633762462033	0.0013521131942080334	17187.0	96.80072096428974	0.75	3.4505768298665465	3.0702495051402674	24	-0.8940456020948394
MMACHC	MMACHC	4.1846337214219e-06	11617.0	0.705601817765322	0.705601817765322	3.05885052671156e-09	7849.0	44.20412301453193	0.2	0.6386068272578429	0.47345222561789424	25	0.1415031694487129
ESRP2	ESRP2	0.0014726215607468302	11616.0	0.705468144889853	0.705468144889853	0.0405871141381942	8805.0	49.58882505350906	0.12	0.5871347673758336	0.5276900437519081	25	0.22424788740121368
TLR2	TLR2	0.0459239928239265	11615.0	0.705439062376836	0.705439062376836	0.011776980108146675	10831.0	61.00033795201081	0.20833333333333334	1.2259884232603544	1.9089985489834687	24	-0.27268190494995825
MICALL1	MICALL1	3.0517878306954e-11	11614.0	0.7053245087309531	-0.7053245087309531	4.16096125552845e-07	6538.0	36.81987157823589	0.04	0.4948862297607923	0.507593530929866	25	0.41458030125927076
FRAT1	FRAT1	8.61280286906063e-09	11613.0	0.704936023022971	-0.704936023022971	3.3908289264828897e-10	12954.0	72.95820660132927	0.24	0.9243894527990555	0.5882101253248726	25	-0.3730867938644865
CHMP1B	CHMP1B	1.63838549421088e-07	11612.0	0.704851105852144	-0.704851105852144	2.1957747344657001e-07	7562.0	42.587585896136076	0.2	0.5579283847071378	0.522154811995363	25	0.28137770211013785
PRKDC	PRKDC	2.5382178661021298e-08	11611.0	0.7046184206072059	0.7046184206072059	0.12900172383650998	1396.0	7.857384251436296	0.0	0.28000770809594167	0.22654881403209323	25	1.8742570528359213
DDX3Y	DDX3Y	0.641181166093458	11610.0	0.704420599280705	-0.704420599280705	0.0017309347648272854	8817.0	49.656415455671954	0.25	0.8563433020547245	1.063692047414901	24	-0.14282583304372581
LINC01816	LINC01816	0.0312069558542184	11609.0	0.7043669443817521	0.7043669443817521	0.0005080922213040925	9751.0	54.917201757350455	0.25	0.8686952359273833	1.1186338903709112	24	-0.14690086985577028
TEFM	TEFM	9.49085054418098e-15	11608.0	0.7043314346271441	0.7043314346271441	1.2978576024265601e-06	7560.0	42.57632082910893	0.12	0.6075090014201183	0.6673643855706701	25	0.14508181032799933
NDUFB9	NDUFB9	0.00366741719303298	11607.0	0.704114081401896	0.704114081401896	1.54372711475443e-11	10300.0	58.0094626563028	0.2	0.7239761414591726	0.7219316412916625	25	-0.027512383335546585
DRAM1	DRAM1	0.0315702640664215	11606.0	0.7040798323555211	0.7040798323555211	0.000165238493165283	5477.0	30.843753520333447	0.08	0.45708733138527974	0.373885523092754	25	0.6606099613783846
MYCNOS	MYCNOS	0.46776112100128203	11605.0	0.703956861610139	0.703956861610139	7.5375855303416e-06	15215.0	85.693364875521	0.625	1.7260255729560496	1.4400599426303329	24	-0.7097403941943258
CES4A	CES4A	0.0102615291130148	11604.0	0.7036909138567958	0.7036909138567958	0.01838103996916982	4405.0	24.805677593781684	0.125	0.9271231725901816	1.855418458362657	24	-0.12042149183454663
C1orf122	C1orf122	2.6829041779927395e-07	11603.0	0.7036510279026771	0.7036510279026771	0.10243120331063099	614.0	3.4527430438211106	0.08	0.34280114439041026	0.5030008795149801	25	0.7173941402651568
HRH1	HRH1	0.000279153400856071	11602.0	0.7035840207083979	-0.7035840207083979	0.0142431656375196	8039.0	45.27430438211107	0.08333333333333333	0.6813392273493708	1.0690389725018479	24	0.020808215538642226
RIPPLY1	RIPPLY1	0.406102221892905	11601.0	0.703494950700407	-0.703494950700407	0.001273988391736714	14725.0	82.93342345386955	0.5833333333333334	1.42661379660695	0.9522089985601688	24	-0.7594119011687224
ZMAT3	ZMAT3	0.00179376422527398	11600.0	0.7033264589848951	0.7033264589848951	0.0194377483816646	2470.0	13.906725245015206	0.16	0.5753209297608791	0.788417342711228	25	0.16235757674206858
CYP2B7P	CYP2B7P	0.06573602423252099	11599.0	0.703320744041695	0.703320744041695	0.03121587606464475	13405.0	75.49847921595133	0.5	1.5462397924678635	1.8607405223731255	24	-0.4530019303019951
PAGR1	PAGR1	1.98396810069996e-05	11598.0	0.703309027456	0.703309027456	0.000741380616933722	4661.0	26.24760617325673	0.0	0.35773028159338083	0.23383908184298619	25	1.477848540709982
MAGI2.AS3	MAGI2.AS3	0.00132201444225655	11597.0	0.703284437781586	-0.703284437781586	0.000884614491119112	10649.0	59.97521685254027	0.2916666666666667	1.065390418386373	1.4043982702443811	24	-0.25783710239245483
EIF4E3	EIF4E3	6.51817643657323e-07	11596.0	0.7032754018948001	-0.7032754018948001	0.034258364332802	1433.0	8.065787991438548	0.16	0.6778947133904524	1.2215581933806823	25	0.020777306101239634
ZBTB33	ZBTB33	9.152209477728349e-06	11595.0	0.7031916456153691	0.7031916456153691	8.11575732360167e-06	8664.0	48.79463782809507	0.04	0.4973411677592577	0.41339949015102184	25	0.4979456500561012
PRDM1	PRDM1	0.0117893694690759	11594.0	0.702961946667621	-0.702961946667621	0.0143782627311752	7404.0	41.69764560099132	0.16666666666666666	0.7646393708504772	1.1619692696122375	24	-0.05308008206055107
MBOAT2	MBOAT2	0.00239061906079067	11593.0	0.702942519992913	0.702942519992913	1.36194211218886e-09	13237.0	74.55221358567083	0.36	0.9006875708139346	0.6423067223302593	25	-0.30786701111209236
LINC00926	LINC00926	0.0328357441259454	11592.0	0.7029405112768011	0.7029405112768011	5.481807809285495e-07	13732.0	77.34031767489016	0.4583333333333333	1.5705321904696994	1.9085213002927823	24	-0.4545884183004941
BMPR1B	BMPR1B	0.0294809660916161	11591.0	0.702912159194726	0.702912159194726	7.75994953063631e-06	11634.0	65.52326236341106	0.4	1.1061919370417521	1.0847694411633952	25	-0.3717654300940815
BCL6	BCL6	3.2647355987996004e-06	11590.0	0.702739991871416	-0.702739991871416	0.00996792096530687	2339.0	13.16886335473696	0.04	0.5004457688084181	0.9063689963345014	25	0.2231919051524352
FLVCR2	FLVCR2	0.000490464309878057	11589.0	0.702662949068565	-0.702662949068565	0.007507528091350109	1332.0	7.496902106567534	0.04	0.3674070352061785	0.3869131431404157	25	0.8664888226366553
KIFC3	KIFC3	6.371476894001669e-07	11588.0	0.7026447167035329	-0.7026447167035329	1.27263362186621e-06	11304.0	63.6645263039315	0.32	0.8753346453825058	0.8059766943245388	25	-0.21426169006499424
MTX2	MTX2	1.39634504065868e-15	11587.0	0.702573227259053	0.702573227259053	1.05839639422387e-10	10925.0	61.5297961022868	0.08	0.6319368538347381	0.5259882355021595	25	0.13429268690178708
IFNW1	IFNW1	0.743879462965718	11586.0	0.7024216457825029	-0.7024216457825029	0.0335232091555123	14827.0	83.50794187225414	0.5217391304347826	1.576733630632084	1.336325829919253	23	-0.6542655730170321
PHKG2	PHKG2	0.00012076065684120101	11585.0	0.702218219772134	0.702218219772134	0.00033861361459499	3151.0	17.74248056775938	0.04	0.36350105395811605	0.2816563340795443	25	1.2025902663291737
SGPL1	SGPL1	6.175152334312869e-05	11584.0	0.702105505055926	0.702105505055926	0.000194430664833372	8229.0	46.34448574969021	0.12	0.4681097554014291	0.40528242616747984	25	0.5773646586832264
IL16	IL16	0.00297548429576718	11583.0	0.702012973715333	-0.702012973715333	3.512945316220966e-05	12283.0	69.17877661372084	0.375	0.912484964872485	0.7828816980041653	24	-0.2688426510591798
CAMK2D	CAMK2D	0.0005512946291227799	11582.0	0.7019032422604069	0.7019032422604069	3.02389794398513e-08	9062.0	51.036386166497685	0.2	0.8494730199453765	1.0308172165341876	25	-0.14315804520720804
VSIG2	VSIG2	0.0724216626935492	11581.0	0.701869209235471	-0.701869209235471	0.0279355133945526	13262.0	74.69302692351019	0.3333333333333333	1.4215175437994556	1.7179614235052239	24	-0.4188966787715512
GLRX3	GLRX3	6.85802091699193e-08	11580.0	0.701654345242977	0.701654345242977	6.37758103174403e-05	5487.0	30.90007885546919	0.12	0.5989427128136786	0.8632169438341742	25	0.11898704394411133
CSDC2	CSDC2	9.47353080566402e-06	11579.0	0.701568221309551	-0.701568221309551	6.52093972064442e-10	14409.0	81.15354286358003	0.52	1.1300847722056147	1.2214165359939262	25	-0.35083572087662857
GALR2	GALR2	0.107330599333116	11578.0	0.701264499717769	-0.701264499717769	9.284758496665415e-05	12568.0	70.78404866508956	0.375	1.1097183410441789	1.0370511844468653	24	-0.3938608310295387
RHOD	RHOD	0.0012162680012147802	11577.0	0.701108492008183	0.701108492008183	0.0838188689141338	7950.0	44.773008899402946	0.12	0.7576812011618381	0.9992334506820049	25	-0.0566161081927778
SPPL2C	SPPL2C	0.8790745599657079	11572.5	0.7010115319778021	-0.7010115319778021	1.720920106030115e-05	16539.0	93.15083924749352	0.6818181818181818	2.065916423772924	1.487801900892104	22	-0.9173969269542595
FAM99B	FAM99B	0.8790745599657079	11572.5	0.7010115319778021	-0.7010115319778021	2.74058215793698e-05	16453.0	92.66644136532612	0.6190476190476191	2.2415034941560656	1.7622918103875294	21	-0.8741412478331316
LINC01676	LINC01676	0.8790745599657079	11572.5	0.7010115319778021	-0.7010115319778021	0.00584773071872439	16546.0	93.19026698208853	0.5714285714285714	2.1728322617431033	1.8486131749083117	21	-0.7961756140996351
DLGAP2.AS1	DLGAP2.AS1	0.8790745599657079	11572.5	0.7010115319778021	-0.7010115319778021	0.00789658026874541	16113.0	90.75137997071081	0.5454545454545454	1.5505094148613403	0.8028326101218991	22	-1.0581257813562825
PSKH2	PSKH2	0.8790745599657079	11572.5	0.7010115319778021	-0.7010115319778021	0.0140873583326721	14015.0	78.93432465923172	0.391304347826087	1.4039485165249197	1.3604168264991952	23	-0.5167070642282544
IQCF5.AS1	IQCF5.AS1	0.8790745599657079	11572.5	0.7010115319778021	-0.7010115319778021	0.00049535356424407	16266.0	91.6131575982877	0.7272727272727273	1.9140465507644242	1.2317184729893436	22	-0.9848313923900344
DEFA6	DEFA6	0.8790745599657079	11572.5	0.7010115319778021	-0.7010115319778021	0.0007314647736885355	17549.0	98.83969809620366	0.6363636363636364	3.9462585069347202	3.091274465931926	22	-1.0498087474023676
TDRG1	TDRG1	0.8790745599657079	11572.5	0.7010115319778021	-0.7010115319778021	2.9550074156630904e-06	17733.0	99.87608426270135	0.8	4.494149591661345	3.272680477019282	20	-1.1590309797485294
USP9Y	USP9Y	0.8593620032183521	11568.0	0.701007251167621	-0.701007251167621	0.0386284316947594	3722.0	20.958657204010365	0.20833333333333334	0.6696198997304249	0.8102098617182383	24	0.03873977955616573
PRLHR	PRLHR	0.857765744992879	11567.0	0.701007184193719	-0.701007184193719	0.0075142540190300195	14860.0	83.69381547820208	0.5	1.5521567820761384	1.4589611037408412	24	-0.5833943041387697
LINC01351	LINC01351	0.824786788287698	11566.0	0.701006193412624	-0.701006193412624	0.000287346164736719	14966.0	84.29086403064098	0.5652173913043478	1.6652483614052551	1.4697951472458823	23	-0.6560384757014869
C1orf94	C1orf94	0.823991950022818	11565.0	0.701006165845402	-0.701006165845402	7.64032668415511e-05	16958.0	95.51087078968119	0.6956521739130435	2.6594285424561517	2.329252642068882	23	-0.8407943136950767
GAD2	GAD2	0.823991950022818	11564.0	0.701006164497188	-0.701006164497188	0.000128956501738429	15499.0	87.29300439337614	0.6521739130434783	2.3838197011343683	2.5659323849504316	23	-0.6558292597681559
DMRTB1	DMRTB1	0.8522724167854041	11563.0	0.7010047135015941	-0.7010047135015941	0.00950873604406535	17126.0	96.4571364199617	0.6086956521739131	2.5066447481849683	1.9163744197764205	23	-0.9422167276131951
LGALS14	LGALS14	0.8508710647109151	11562.0	0.7010047009949139	-0.7010047009949139	0.0003109096554075655	17413.0	98.07367353835755	0.6666666666666666	3.01955822698482	1.8766942600812917	24	-1.2354455253086747
KRTAP3.3	KRTAP3.3	0.7812931697874409	11561.0	0.70100434423165	-0.70100434423165	0.00422612808244991	14789.0	83.2939055987383	0.6666666666666666	1.5788817165293323	1.4911624687146257	21	-0.5887201366155681
GPR101	GPR101	0.7440099007346541	11560.0	0.701004260571341	-0.701004260571341	0.0165993940981735	15050.0	84.76399684578122	0.4782608695652174	1.2953453795694405	0.9088509687638604	23	-0.6539478301997854
DGAT1	DGAT1	0.0022030139830035	11559.0	0.7009960638667281	0.7009960638667281	0.0184782213453663	1611.0	9.068378956854792	0.08	0.3957777836212925	0.5273045856595406	25	0.5788272822692704
TEKT1	TEKT1	0.220202589726714	11558.0	0.7009013941282212	-0.7009013941282212	0.006053317873463625	15368.0	86.55514250309788	0.5	1.6207922576517504	1.3885868499235552	24	-0.6624654868178906
OCLN	OCLN	0.00929685283083425	11557.0	0.700638788541135	0.700638788541135	7.82184507371424e-06	12748.0	71.79790469753294	0.375	0.9164744400531927	0.628005445069622	24	-0.3436843632591906
RECQL5	RECQL5	6.65229790762971e-06	11556.0	0.700637661282701	0.700637661282701	0.0158673519968206	1525.0	8.583981074687394	0.04	0.3247979236361567	0.4160205428302106	25	0.9034162954783095
PLA2G4C	PLA2G4C	0.0230869998041554	11555.0	0.70057005401048	-0.70057005401048	0.009013198166582767	3809.0	21.448687619691338	0.125	0.7419121291596845	1.4080927374354233	24	-0.029360335473714146
GGN	GGN	0.00420519440270454	11554.0	0.700523037855714	0.700523037855714	3.6877250886654602e-06	11982.0	67.48338402613496	0.48	1.2478633541028181	1.2383284446081593	25	-0.44199930852779323
ETV3	ETV3	5.92474738693914e-09	11553.0	0.7004904588830779	-0.7004904588830779	0.00295755891736587	1639.0	9.226089895234876	0.04	0.3378202179187648	0.2963825317750162	25	1.2236559246332905
MCM8	MCM8	5.59845892112531e-10	11552.0	0.7004304332808571	0.7004304332808571	0.00743676068439963	5276.0	29.71161428410499	0.04	0.5056457357313942	0.6528119260077773	25	0.2983779704219778
METTL1	METTL1	2.6880828613483604e-05	11551.0	0.7000604112622221	0.7000604112622221	3.3027384666526e-05	4559.0	25.673087754872142	0.16	0.5326802759342533	0.5223680388511006	25	0.3204256824290124
LINC00929	LINC00929	0.710955853135428	11550.0	0.70002882186683	-0.70002882186683	0.0018478863663479598	16471.0	92.76782696857046	0.5	1.642185921803122	1.1511259463954855	22	-0.8184656969000339
BEND3	BEND3	0.017840703941973	11549.0	0.699890771052968	0.699890771052968	6.65341081802962e-05	7078.0	39.86143967556607	0.08	0.4819794770305073	0.3855429717372766	25	0.5652062415780559
EPPK1	EPPK1	0.0316451761449456	11548.0	0.6996634301457461	0.6996634301457461	0.002590814895201065	6544.0	36.85366677931734	0.125	0.750695911488144	1.0931807642549596	24	-0.046682564321535884
TLL1	TLL1	0.0503026101818528	11547.0	0.699587458717995	-0.699587458717995	0.0156579874011683	7952.0	44.7842739664301	0.16	0.796440579027931	1.2644203253827515	25	-0.07659883218076051
MLLT1	MLLT1	1.8353221569616599e-10	11546.0	0.6994567542340401	-0.6994567542340401	4.86047241733237e-10	12491.0	70.35034358454432	0.28	0.902584660199748	0.5973416755285187	25	-0.3400531292011118
EPB41L5	EPB41L5	0.00201068170547038	11545.0	0.6993627943005111	-0.6993627943005111	0.00167699556002261	3431.0	19.31958995156021	0.08	0.49900224619717903	0.5191717135666424	25	0.38592346783857123
PAEP	PAEP	0.610001357276112	11544.0	0.699355702157663	0.699355702157663	0.01026267780304218	16835.0	94.81806916751154	0.6363636363636364	3.1968942149048316	3.0104329013623814	22	-0.8296276962748114
LMNB1	LMNB1	0.00589074022911189	11543.0	0.6992897392776899	0.6992897392776899	0.00162404360145122	6066.0	34.16131575982877	0.24	0.570689571613518	0.5561208549061862	25	0.23124500102745812
PROSER2	PROSER2	0.0019135833532769	11542.0	0.69927912839395	-0.69927912839395	0.00722611185802568	5038.0	28.37107130787428	0.08333333333333333	0.45112348665439556	0.39955458288590856	24	0.6210807042861887
PYGB	PYGB	0.0149846026077431	11541.0	0.699135760212035	0.699135760212035	0.0180439214416393	880.0	4.950996958431903	0.08	0.5176073735044603	1.1889428094578318	25	0.15268050343847345
ZC4H2	ZC4H2	0.00038658038123791003	11540.0	0.699090665152629	-0.699090665152629	0.0007628113415033844	2930.0	16.497690661259433	0.125	0.5905790680854296	0.9753905223146117	24	0.11124938635829704
IRX1	IRX1	0.136079755699985	11539.0	0.6990761718461789	-0.6990761718461789	2.7769921577578647e-11	15844.0	89.2362284555593	0.75	2.082100706131141	1.7961991182918162	24	-0.7699728388688986
PKLR	PKLR	0.53961098776631	11538.0	0.699025436335956	0.699025436335956	3.23577604999173e-07	17150.0	96.59231722428748	0.7916666666666666	2.676053210555087	1.960131346692186	24	-1.0086200486286079
LCMT1	LCMT1	1.1889420203668801e-07	11537.0	0.6984039951907169	0.6984039951907169	2.44201421462485e-11	8105.0	45.64605159400698	0.12	0.5699300970268282	0.58937070491706	25	0.21798487283477797
C8A	C8A	0.34741906214347695	11536.0	0.6982872128170531	-0.6982872128170531	1.93092668823695e-05	17625.0	99.26777064323532	0.6666666666666666	3.4159994128373135	2.6031451833825376	21	-1.0440109976842913
TNN	TNN	0.00343738252066801	11535.0	0.6981722616432039	-0.6981722616432039	1.7969974430168355e-08	15526.0	87.44508279824264	0.7083333333333334	1.7019774237876788	1.5654261270070224	24	-0.6412344503689071
ZNF324	ZNF324	1.27697552459311e-12	11534.0	0.698040816464286	-0.698040816464286	0.000353616418966408	2466.0	13.88419511096091	0.08	0.5135182524698833	0.844211010279467	25	0.21857398416696613
ZNF146	ZNF146	8.539426198480341e-07	11533.0	0.697804802115861	0.697804802115861	9.32635506773727e-07	9065.0	51.05328376703841	0.08	0.46849822293987103	0.31610731808907355	25	0.7254073729206592
KCNE3	KCNE3	0.0130003145620073	11532.0	0.697679573794918	-0.697679573794918	0.00267111233568085	10672.0	60.10476512335248	0.2916666666666667	1.010088599722069	1.4137953978712008	24	-0.22097187923907222
EPHA5	EPHA5	0.19863265476927303	11531.0	0.697635357347431	-0.697635357347431	0.0151544603382459	10288.0	57.94187225413991	0.391304347826087	1.2125861902120918	1.5339191471755282	23	-0.3357092411375541
SOX21.AS1	SOX21.AS1	0.27612124533767307	11530.0	0.697592901901331	0.697592901901331	0.06558692212704034	12931.0	72.82865833051706	0.4166666666666667	1.6253557620534556	1.9265992427620355	24	-0.4815546687447325
DENND5A	DENND5A	1.0035205126985301e-14	11529.0	0.697464583717713	-0.697464583717713	0.00871804805400455	5227.0	29.435620141939843	0.04	0.37905809400298673	0.26191576718764487	25	1.2156827866212792
PPP1R12C	PPP1R12C	0.000365185355516315	11528.0	0.697195294464754	-0.697195294464754	1.4320455501001998e-10	11602.0	65.34302129097668	0.48	1.2094000806092178	1.2321319034168916	25	-0.4157061307511322
NME4	NME4	7.52083296824647e-11	11527.0	0.6969984640946479	0.6969984640946479	4.310853336621e-06	4329.0	24.377605046750027	0.16	0.7208089279367017	0.935661626150759	25	-0.025447729367729023
NFE2L3	NFE2L3	0.0011645142972632901	11526.0	0.696877405277631	0.696877405277631	0.000251255102461548	6591.0	37.11839585445533	0.2	0.679296010665908	0.7905923751395336	25	0.02223825471200636
SLC25A44	SLC25A44	0.000196723724112046	11525.0	0.6967214160531321	-0.6967214160531321	0.000495956384182776	3562.0	20.05745184183846	0.08	0.474925072149146	0.7256597014604672	25	0.3056478724911931
FGF13	FGF13	0.00190330787695123	11524.0	0.6966972859124071	0.6966972859124071	0.0003712269198100285	12798.0	72.07953137321167	0.3333333333333333	1.3662514411889148	1.6216295838392472	24	-0.4128897017846222
SARS2	SARS2	0.0023166273448819302	11523.0	0.6960347379735319	0.6960347379735319	0.00433037798692531	126.0	0.7040666891968007	0.12	0.4838528995571225	0.6993996255590992	25	0.3033771118290083
ADGRG6	ADGRG6	0.07133153872789301	11522.0	0.6958168197217549	-0.6958168197217549	0.00560955051314105	5906.0	33.26011039765686	0.16	0.5886604423332522	0.6201818355833149	25	0.17278219264147954
LEFTY2	LEFTY2	0.11615278789931402	11521.0	0.695520409424908	-0.695520409424908	0.000168695729956349	17105.0	96.33885321617663	0.7391304347826086	3.0808750251562818	2.6643636182509147	23	-0.8952811843667559
SLC17A7	SLC17A7	0.288438899073481	11520.0	0.6954829462963061	0.6954829462963061	8.17845380295922e-09	17176.0	96.73876309564041	0.7916666666666666	2.253058330808656	1.1859345568862962	24	-1.3133738075748518
TUBB4B	TUBB4B	4.02477254416539e-05	11519.0	0.6954826324860028	-0.6954826324860028	0.00736050222143803	2646.0	14.898051143404302	0.08	0.3843674225548942	0.5478959601509868	25	0.5678362911187971
GCNT7	GCNT7	0.0225765302647181	11518.0	0.695433580891928	0.695433580891928	0.06077648290158295	6116.0	34.44294243550749	0.125	0.5320412585962021	0.5964411125625498	24	0.2739454387939943
LINC01482	LINC01482	0.135797726570349	11517.0	0.695274500136607	0.695274500136607	0.032113362895204806	9412.0	53.00777289624873	0.2916666666666667	0.8846134111344298	0.8984828527641132	24	-0.2107318024104036
FCGR2B	FCGR2B	0.00541341605756767	11516.0	0.695245374671251	0.695245374671251	0.01075303613253095	11456.0	64.52067139799482	0.4166666666666667	1.455397794466702	2.0020295391800396	24	-0.3796909111075267
FEM1A	FEM1A	1.28866032678187e-17	11515.0	0.695203696998131	-0.695203696998131	0.000132039070631728	2499.0	14.070068716908864	0.08	0.34467104586555214	0.3465531638121622	25	1.0114830500366565
TMEM220	TMEM220	3.09883888847062e-10	11514.0	0.6948646285081109	-0.6948646285081109	2.647170798318845e-05	5446.0	30.66914498141264	0.16666666666666666	0.8212246716009662	1.4139045081178017	24	-0.08936957366453734
PBOV1	PBOV1	0.274507925575727	11513.0	0.6944197680747559	0.6944197680747559	0.0013986811043750099	15333.0	86.35800383012278	0.5652173913043478	1.735518115531505	1.498798525097066	23	-0.6946219455275517
KIAA0319L	KIAA0319L	0.0009129695036716439	11512.0	0.6943872224600489	0.6943872224600489	1.5157875324161698e-07	7411.0	41.737073335586345	0.16	0.503150040036859	0.5433671320243667	25	0.3519483810342324
MPHOSPH9	MPHOSPH9	3.0412596522969404e-08	11511.0	0.694375077491349	0.694375077491349	0.0141494800561624	2953.0	16.627238932071645	0.08	0.4498126659734957	0.6666336071547593	25	0.36686180968532844
FZD5	FZD5	0.000157948209025006	11510.0	0.6942118709309661	-0.6942118709309661	0.0436389293564764	5263.0	29.638391348428524	0.12	0.5835972873702476	0.8741543850668521	25	0.12653895633350754
KLK1	KLK1	0.26204404878438	11509.0	0.6941663144179119	-0.6941663144179119	0.0047103879543316345	14900.0	83.91911681874507	0.625	2.3712869304909447	2.5367797682792776	24	-0.6611218825710835
AWAT1	AWAT1	0.5592391852657429	11508.0	0.69401566796893	-0.69401566796893	0.000240902194713236	14446.0	81.36194660358228	0.5217391304347826	1.6890798396284519	1.6520541877152486	23	-0.602319330115722
COX8C	COX8C	0.631969963805918	11507.0	0.6939571138685929	0.6939571138685929	0.05958177812199525	12171.0	68.54793286020052	0.4166666666666667	1.2692423237635577	1.3144584796715924	24	-0.43765947634853825
TMTC4	TMTC4	1.4511255320355802e-05	11506.0	0.69380844461225	0.69380844461225	4.3852892285171294e-05	2157.0	12.143742255266417	0.08	0.5476655056484586	0.9615434117210058	25	0.1519878740599131
SLC38A9	SLC38A9	2.6310495170523996e-09	11505.0	0.6937689766775981	0.6937689766775981	4.21851441797438e-06	9785.0	55.10870789681198	0.12	0.613578021197614	0.49837276451005263	25	0.16090557347936013
SLC26A4.AS1	SLC26A4.AS1	0.37578161822794603	11504.0	0.693667273968551	0.693667273968551	0.00020204653556635748	16094.0	90.6443618339529	0.625	2.0843992757277205	2.041617451988069	24	-0.6811912782215465
SIRPB2	SIRPB2	0.035048735228490994	11503.0	0.6935311402623461	-0.6935311402623461	0.0004639707699150375	13552.0	76.32646164244677	0.4583333333333333	1.299643605632999	1.3762821428855823	24	-0.4403984084977278
MEST	MEST	0.0071583267063511	11502.0	0.6934012618997621	0.6934012618997621	0.00499871868420406	4843.0	27.272727272727273	0.2	0.8442235754761965	1.4475472223238486	25	-0.10419163620397047
HAS3	HAS3	0.0528895698957207	11501.0	0.6932400473906819	0.6932400473906819	7.68313064909913e-08	8278.0	46.620479891855354	0.12	0.5493353440499902	0.4191119222532625	25	0.34335626284983717
MPPED2	MPPED2	0.144395129346786	11500.0	0.6931929396246441	0.6931929396246441	0.001723798817345379	11652.0	65.6246479666554	0.375	1.2068737835002574	1.368039072560625	24	-0.3754869683028365
CATSPER3	CATSPER3	0.0103288386031598	11499.0	0.69304124424258	0.69304124424258	0.0249047569602097	4462.0	25.126732004055423	0.08	0.5094404812432966	0.5308749226142767	25	0.34584561292733
OR7E2P	OR7E2P	0.425948601909673	11498.0	0.693002849869724	0.693002849869724	0.016853236885952902	10306.0	58.04325785738425	0.36363636363636365	1.1742969321213228	1.3441771001582898	22	-0.3580585342474007
PARP1	PARP1	5.341477878278169e-10	11497.0	0.692974884559314	0.692974884559314	0.10526551306631801	20.0	0.10701813675791372	0.12	0.31990750919888067	0.42808619136099496	25	0.8714772466132514
CYP2B6	CYP2B6	0.09211991809756899	11496.0	0.6928008303385329	0.6928008303385329	0.00019010260354328644	16717.0	94.15343021290975	0.625	2.164650838317329	2.0387658929010843	24	-0.7219318378356874
RPAP3	RPAP3	2.26886212604001e-07	11495.0	0.6925601404362729	0.6925601404362729	0.00023726847123109503	5945.0	33.47977920468627	0.04	0.45984896250748053	0.5817500339847805	25	0.40001919094839355
BCKDK	BCKDK	1.44125774117816e-06	11494.0	0.692446237043165	0.692446237043165	0.0183830118576239	636.0	3.576658781119747	0.08	0.3158524026109158	0.3807215435282192	25	0.9891581940498619
RHOG	RHOG	7.82018402286501e-06	11493.0	0.691945117808802	-0.691945117808802	1.2836376369956474e-06	14193.0	79.93691562464797	0.5833333333333334	1.2831243902320784	1.2616386377515245	24	-0.46858050691667796
SNX25	SNX25	0.00622721002127111	11492.0	0.691724347029991	-0.691724347029991	0.00139100503928986	2172.0	12.228230257970035	0.0	0.3452152007081078	0.2602849150039325	25	1.3312686458093352
SELENOI	SELENOI	8.51012532277865e-06	11491.0	0.69165271653162	0.69165271653162	7.27810239839455e-06	9966.0	56.12819646276895	0.08	0.5142592018175624	0.35825172805207467	25	0.4951644355732796
URI1	URI1	0.0017346291448235801	11490.0	0.691594798663407	0.691594798663407	0.000137245701140408	4297.0	24.197363974315646	0.08	0.4487552984794462	0.47950481296647424	25	0.5064380869956764
APC2	APC2	6.58104304417415e-06	11489.0	0.691428959880534	-0.691428959880534	1.64354387278366e-11	15277.0	86.04258195336261	0.64	1.6877810212718571	1.6298559127256829	25	-0.6113129716632913
SCYL2	SCYL2	0.00013591161198208898	11488.0	0.6910759945024829	0.6910759945024829	1.19503619869053e-05	8037.0	45.26303931508392	0.12	0.6128456543654848	0.6035767958221383	25	0.1296112452938814
MATN2	MATN2	0.0818211069042668	11487.0	0.690745033380483	-0.690745033380483	0.000988892651155777	5563.0	31.328151402500843	0.08	0.6304666639630938	0.9191138991872528	25	0.0655831333534306
MYO1D	MYO1D	2.36812781061969e-10	11486.0	0.6906899692669979	0.6906899692669979	0.00146087657913891	2244.0	12.63377267094739	0.16	0.7414836069873014	1.2304298465501287	25	-0.0412812139291959
PLEKHA2	PLEKHA2	9.77151411354189e-09	11485.0	0.690649220658925	-0.690649220658925	0.0253091095050122	1768.0	9.952686718485975	0.12	0.69645072998461	1.3020805257926866	25	-0.004455568769184339
CASP3	CASP3	1.16448015192785e-05	11484.0	0.690552199209463	0.690552199209463	5.726507115021e-06	9666.0	54.438436408696624	0.16	0.6512997558401636	0.5523719895360967	25	0.07106161085804705
ASTN2	ASTN2	0.00010279718269334	11483.0	0.690529213029203	0.690529213029203	0.0010374270187894401	9016.0	50.77728962487326	0.2	0.7569497174525124	0.9015832614170067	25	-0.07367096003858493
DAPK3	DAPK3	0.0009129695036716439	11482.0	0.690508179153541	-0.690508179153541	1.40277781098139e-08	12090.0	68.09169764560099	0.48	1.1330760332584977	0.8532214259819141	25	-0.5187022273797633
SULF2	SULF2	0.0363430670599797	11481.0	0.6904812619672162	0.6904812619672162	0.00520929482829969	4518.0	25.442153880815592	0.12	0.6900320301837991	1.0050007856389427	25	0.00044699644998928305
SLC38A1	SLC38A1	0.0016894398241015301	11480.0	0.6904764210440261	0.6904764210440261	1.25790345899544e-07	11155.0	62.82527881040892	0.2	0.8126578592378582	0.8876770163972612	25	-0.13764177278095974
TRIM69	TRIM69	1.1065001357524299e-07	11479.0	0.690410427770945	-0.690410427770945	4.50954921928095e-06	5027.0	28.309113439224962	0.16	0.7140685392603072	1.142870275660156	25	-0.02070060967829146
RORA	RORA	4.9276481856165e-05	11478.0	0.690409379245597	-0.690409379245597	0.0047980442720523	5484.0	30.883181254928466	0.24	0.64905705084528	0.687494271395647	25	0.06014934250487607
PCDHB17P	PCDHB17P	0.137243977522473	11477.0	0.69036923968694	0.69036923968694	0.03331159364622295	8134.0	45.80939506590064	0.2916666666666667	0.79353318940404	0.9215809282996222	24	-0.11194236615491207
C8orf37	C8orf37	0.000305283749373419	11476.0	0.6903601734394631	0.6903601734394631	2.53512868326305e-06	9184.0	51.72355525515376	0.04	0.51222300175292	0.32746174833241093	25	0.5439938331536469
ATP13A4	ATP13A4	0.10963710451390199	11475.0	0.6902959219568039	0.6902959219568039	3.02121032723008e-06	14045.0	79.10330066463895	0.5	1.606743481118758	1.5611194999875093	24	-0.587045103958593
LRRFIP2	LRRFIP2	9.56618557463039e-10	11474.0	0.69021299588008	-0.69021299588008	0.00173551250189931	1945.0	10.949645150388644	0.04	0.3392785150032757	0.3473440721527531	25	1.0103367496724465
GPR158	GPR158	0.181914223024375	11473.0	0.6901712471221121	0.6901712471221121	0.0046295066278165264	11950.0	67.30314295370057	0.3333333333333333	1.1188305414692195	1.207614828027473	24	-0.3549635897128579
MAGOHB	MAGOHB	1.4773516304625698e-05	11472.0	0.6900969719903629	0.6900969719903629	4.62834777769743e-05	8237.0	46.3895460177988	0.12	0.575673531679708	0.6993593373372672	25	0.16361180040336545
RAB40C	RAB40C	0.00320014112993081	11471.0	0.690027765745406	0.690027765745406	0.000517506328057883	6113.0	34.42604483496677	0.16	0.5537123635797397	0.493517650110857	25	0.2762118074906668
FSTL5	FSTL5	0.85275136521336	11470.0	0.6898609880900239	-0.6898609880900239	0.00018026411814745617	12805.0	72.11895910780669	0.4583333333333333	1.6843156615434702	1.9692116077717239	24	-0.5050014277433236
TCEA1	TCEA1	1.5208599774153099e-06	11469.0	0.6897321955668231	0.6897321955668231	2.23240811652081e-06	9102.0	51.26168750704066	0.12	0.6508066459367028	0.6055107162038267	25	0.06428548428367896
SNHG21	SNHG21	6.4703969832805e-05	11468.0	0.689600287188032	0.689600287188032	0.000115708973264128	8083.0	45.522135856708346	0.04	0.5089161010549728	0.49492416706972037	25	0.36507448646694624
F2R	F2R	0.000124336436248442	11467.0	0.689429728492513	-0.689429728492513	0.000149368281923363	9647.0	54.331418271938716	0.125	0.8303914329746228	1.1124203342719308	24	-0.1267162241998821
DTNA	DTNA	1.42539234177642e-05	11466.0	0.6893653209417321	-0.6893653209417321	0.00410006401004692	5985.0	33.705080545229244	0.2	1.0418283448894674	1.7885875929284385	25	-0.19706221005964308
OLFM2	OLFM2	0.0027806314908509103	11465.0	0.689154524139947	-0.689154524139947	2.13114522843246e-12	14849.0	83.63185760955277	0.6	1.6169650298497793	1.4898954708931877	25	-0.6227353017951069
RSPRY1	RSPRY1	3.37945880456138e-08	11464.0	0.688906492191442	0.688906492191442	7.70271892854107e-06	5356.0	30.162216965190943	0.12	0.49389965148318055	0.5072521537191563	25	0.3844376791275849
TRIAP1	TRIAP1	1.5264498485471599e-06	11463.0	0.6888319774663051	0.6888319774663051	7.15477677171571e-07	6894.0	38.825053509068375	0.16	0.6438791317473931	0.7200025878547257	25	0.062434283538967086
POC1A	POC1A	8.043773399059559e-08	11462.0	0.68877563854278	0.68877563854278	2.55562457353306e-06	7048.0	39.69246367015884	0.24	0.6709042095008	0.7221949233232058	25	0.024745990957322165
FBN1	FBN1	0.0852022502271647	11461.0	0.688682006668355	0.688682006668355	0.0002325335895234255	12078.0	68.0241072434381	0.3333333333333333	1.3711745629479293	2.148575994526962	24	-0.3176487859950396
NCOA7	NCOA7	0.0528210008867123	11460.0	0.688420912808442	-0.688420912808442	2.9021786926768604e-09	13634.0	76.78832939055987	0.44	1.0072637599283536	0.6743601748047219	25	-0.47280794304355334
BAMBI	BAMBI	0.125658617123374	11459.0	0.6884115395667011	0.6884115395667011	0.00883266893344075	5142.0	28.95685479328602	0.24	0.6515683384078406	0.7750090179333607	25	0.04753906123196685
P2RX1	P2RX1	0.0327493702470173	11458.0	0.688184558188114	-0.688184558188114	2.5339072195438413e-06	15401.0	86.74101610904584	0.5833333333333334	1.9370122347008223	2.0245289101043116	24	-0.6168485272202727
POLR2K	POLR2K	0.00547041044328619	11457.0	0.6881842251576279	0.6881842251576279	1.02795003297374e-09	11534.0	64.96000901205362	0.2	0.7067207519088167	0.42164329942528816	25	-0.04396257874002644
SERPINB6	SERPINB6	1.1497190304466099e-11	11456.0	0.688072270560804	-0.688072270560804	0.000493161060983591	6147.0	34.6175509744283	0.04	0.4087466229170036	0.3181055204740742	25	0.8780911668163446
EMX2OS	EMX2OS	0.324305108580573	11455.0	0.687956668426147	0.687956668426147	0.00051463180426694	14016.0	78.9399571927453	0.5	2.236666589078839	2.7551853948785796	24	-0.5621073353290417
PRKCB	PRKCB	0.0140915883338012	11454.0	0.6878462702273279	-0.6878462702273279	2.1112303506023963e-06	13549.0	76.30956404190604	0.5	1.5455043951350762	2.2374714019085724	24	-0.38331579307613156
GLI3	GLI3	0.0170509002116782	11453.0	0.6878350682205	-0.6878350682205	0.0007646597502581249	7649.0	43.07761631181705	0.20833333333333334	0.6377482882624791	0.6869150245056432	24	0.07291554001758398
SERPINB8	SERPINB8	0.00155871764122679	11452.0	0.6877927928838621	-0.6877927928838621	0.0055447182817524795	4664.0	26.264503773797454	0.08	0.4135898828863139	0.3623583938682848	25	0.7567174229644571
NLRP7	NLRP7	0.0779005749636306	11451.0	0.687615047491375	0.687615047491375	0.00144683294727965	15529.0	87.46198039878337	0.5416666666666666	2.1023160578623634	2.1187471921930072	24	-0.6677063764774614
MOB3C	MOB3C	4.55821784786472e-09	11450.0	0.687607314054127	-0.687607314054127	0.00145718421628747	1430.0	8.048890390897824	0.08	0.6704482692178609	1.430788995971506	25	0.011992715127512616
HERC6	HERC6	0.000639390122215467	11449.0	0.687425882570275	0.687425882570275	7.40575500349597e-10	12550.0	70.68266306184522	0.28	0.9763534658861662	1.012070522575786	25	-0.2854816703687323
SLC6A2	SLC6A2	0.34516479439664305	11448.0	0.687380184727692	0.687380184727692	6.39119062422894e-05	16295.0	91.77650107018137	0.6666666666666666	2.0685674129618272	1.8269695481559747	24	-0.755999042035603
GRB7	GRB7	2.1095620288626e-06	11447.0	0.687294993498052	0.687294993498052	0.011545858943004845	13604.0	76.61935338515264	0.375	1.290446926887749	1.2832420605572517	24	-0.4700219482579744
PRRT3.AS1	PRRT3.AS1	0.0129081145684386	11446.0	0.687277616367697	0.687277616367697	0.00473991749188246	7800.0	43.928128872366784	0.20833333333333334	0.9156067478189919	1.296742107014349	24	-0.17607906014327357
MTFR1	MTFR1	5.29500135976803e-06	11445.0	0.686963100439571	0.686963100439571	9.478641757110091e-06	7068.0	39.80511434043032	0.08	0.5285535596640943	0.47153607722435176	25	0.33594362855104953
P3H1	P3H1	1.41955630247381e-07	11444.0	0.6868320761549699	0.6868320761549699	4.06608918605729e-05	8231.0	46.355750816717354	0.12	0.6068035546914889	0.5331343148821319	25	0.15010949254161976
CDKL5	CDKL5	6.34183079546137e-06	11443.0	0.6867745421236371	-0.6867745421236371	0.010822276232671998	2584.0	14.548834065562689	0.12	0.44345653728206147	0.5291361332505641	25	0.459840085663468
PTPRU	PTPRU	0.0103536046349496	11442.0	0.686640075914109	0.686640075914109	0.0184137849355304	8030.0	45.2236115804889	0.12	0.7742028403880268	1.0380003089588097	25	-0.08435716609925638
FBLIM1	FBLIM1	0.0015035883203909901	11441.0	0.686005436036015	0.686005436036015	0.001396754625740312	7316.0	41.201982651796776	0.041666666666666664	0.5511106078778236	0.6767921369868866	24	0.1993150049862431
THUMPD1	THUMPD1	1.3997304981380899e-06	11440.0	0.685999860063082	0.685999860063082	0.00022635269561284101	8357.0	47.06545003942773	0.16	0.5512338004600774	0.43854774560360726	25	0.3073007693096577
DNAAF1	DNAAF1	0.0164865334880493	11439.0	0.6859460659295121	-0.6859460659295121	0.0071705182908669	5574.0	31.390109271150163	0.12	0.502180727973034	0.4527894561058371	25	0.4058516281207837
UBE2E2	UBE2E2	0.00021659695966030201	11438.0	0.685881699161237	-0.685881699161237	0.0007159771368899571	2872.0	16.171003717472118	0.08	0.4758613387335315	0.598352562401183	25	0.35099767866773374
PRRG4	PRRG4	0.0177308068402444	11437.0	0.685808574202352	0.685808574202352	4.8020135267994584e-05	12644.0	71.2121212121212	0.375	1.0476165693280297	0.8393604638759289	24	-0.43105198624075153
ARMCX1	ARMCX1	1.6406478398408702e-05	11436.0	0.6857241479616291	-0.6857241479616291	0.0001133828924393726	8936.0	50.32668694378731	0.25	1.029313709728259	1.4458530717683478	24	-0.23763795123829795
ARFGEF1	ARFGEF1	0.00126593754339911	11435.0	0.6856731965941921	0.6856731965941921	1.22038405925161e-05	7725.0	43.50568885884871	0.04	0.5246399035124075	0.4438624368776633	25	0.36280000221367764
AIF1L	AIF1L	0.0194690065856188	11434.0	0.685457756222062	-0.685457756222062	0.0009833477597912619	9968.0	56.1394615297961	0.25	0.8438343873630467	1.0487228697238533	24	-0.15101857288826748
RCC2	RCC2	6.44427744560217e-06	11433.0	0.685454258445505	0.685454258445505	0.00348740403449121	2728.0	15.359918891517403	0.08	0.3483850967921419	0.3216176802243074	25	1.048043010005791
ARHGEF28	ARHGEF28	0.0130909560477623	11432.0	0.685346104355318	0.685346104355318	2.0034300880866777e-07	11347.0	63.9067252450152	0.16666666666666666	0.7967956970315243	0.760862411886732	24	-0.1464779846330451
ABTB2	ABTB2	0.0142661676872011	11431.0	0.685275078910619	0.685275078910619	0.000853010338756563	6124.0	34.48800270361608	0.0	0.42095509474653686	0.24128993689651534	25	1.0954455356231618
SLC38A4	SLC38A4	0.18173935549997103	11430.0	0.685264779375793	0.685264779375793	5.3273760017778444e-06	14182.0	79.87495775599864	0.5416666666666666	1.7112018855701228	1.7082674748251814	24	-0.6005717028004182
PTPRD	PTPRD	0.000321109780560605	11429.0	0.6852107049926079	-0.6852107049926079	7.706358979081455e-07	12762.0	71.87676016672299	0.4166666666666667	1.37557015708017	1.6337620881766226	24	-0.4225581295365012
FAM131B	FAM131B	0.0147735867732583	11428.0	0.685063612563936	-0.685063612563936	8.293198363990573e-10	14971.0	84.31902669820884	0.5416666666666666	1.7529579183738153	2.0822098976224837	24	-0.5128658292467182
LAMB1	LAMB1	0.0038236053187315796	11427.0	0.684865032049385	-0.684865032049385	0.0195196482155714	8041.0	45.285569449138215	0.08	0.5741837843591596	0.4961461222564657	25	0.2230819565551547
ACSL5	ACSL5	0.000454230411788079	11426.0	0.684768109478083	0.684768109478083	0.0002441591338579424	9950.0	56.038075926551755	0.2916666666666667	0.9944300332660306	1.2872917578051555	24	-0.2405530229727596
PEG3	PEG3	0.020332612268416	11425.0	0.6846436724248279	-0.6846436724248279	0.00048775931067730153	14603.0	82.24625436521347	0.5	1.2651352955136017	1.0089342732816469	24	-0.5753512775422666
CCDC148	CCDC148	0.0991741517038802	11424.0	0.684388019459219	0.684388019459219	0.00436349867968915	10907.0	61.428410499042464	0.2916666666666667	0.8227446916529968	0.7325278644262622	24	-0.18887564407142776
LRFN1	LRFN1	0.0016280398208353198	11423.0	0.6842241787650479	-0.6842241787650479	4.90381583694228e-13	14024.0	78.98501746085388	0.52	1.5464293255430062	1.5973003909817216	25	-0.5397889787330709
UFSP1	UFSP1	0.000172024086358892	11422.0	0.684187980776505	0.684187980776505	0.026912427020463998	5611.0	31.598513011152416	0.12	0.5957278690925547	0.7556446595967302	25	0.11706575380438654
SLC23A2	SLC23A2	4.80355513638063e-09	11421.0	0.684015385284275	-0.684015385284275	0.0227942301032385	355.0	1.9939168638053395	0.0	0.28044359717557166	0.26488923745751203	25	1.5235492086515436
FOXP2	FOXP2	0.000305306409269655	11420.0	0.6839999019479319	-0.6839999019479319	0.0101380818276864	6636.0	37.371859862566176	0.16	0.8250946900351643	1.2109774615447157	25	-0.11651314129930439
LINC01399	LINC01399	0.631544135302118	11419.0	0.683993730174966	0.683993730174966	0.01108509161330886	15312.0	86.23972062633771	0.5	1.8192437709104812	1.6071056793841718	24	-0.7063941440182904
CCDC38	CCDC38	0.19614822118595002	11418.0	0.683666705265818	-0.683666705265818	0.07151162311076145	5363.0	30.201644699785962	0.16666666666666666	0.5828437338751119	0.6401856332848631	24	0.15749021244568123
SPDL1	SPDL1	4.3331566228430096e-08	11417.0	0.683579423698366	0.683579423698366	0.00124642386084225	7999.0	45.04900304156809	0.12	0.5605089792230857	0.7037772889124457	25	0.1748712929703405
ZNF480	ZNF480	7.74006995166061e-06	11416.0	0.683551262819602	0.683551262819602	1.4562923296835298e-10	11048.0	62.222597724456456	0.16	0.7123058087925904	0.5505191287538762	25	-0.05223169272623748
SPATA45	SPATA45	0.39098145419961206	11415.0	0.683067623487158	0.683067623487158	0.00694634322460983	12160.0	68.48597499155119	0.375	1.0341837031334025	0.8712067787809527	24	-0.40302266717615326
NDUFAF3	NDUFAF3	5.56802884669504e-09	11414.0	0.682893523269126	-0.682893523269126	0.000331617908974687	6872.0	38.70113777176974	0.2	0.6020311966034015	0.6649327688265594	25	0.12160977839673372
TRAFD1	TRAFD1	9.206831204392131e-12	11413.0	0.6828670103949911	0.6828670103949911	0.0332099125566076	3362.0	18.93094513912358	0.12	0.4268361252224935	0.4464165848766273	25	0.5735245818505038
STX19	STX19	0.0592570367650517	11412.0	0.682683796552528	0.682683796552528	6.508529267717313e-08	16059.0	90.4472231609778	0.8333333333333334	1.809182417589281	0.9913173056165557	24	-1.1363653339392883
SNTB1	SNTB1	0.00138678310018634	11411.0	0.682681899966913	0.682681899966913	0.000638244726534743	5915.0	33.31080319927903	0.08	0.9328323964028864	1.9246293049086982	25	-0.12997333865694216
VPS37D	VPS37D	0.0050996978004689605	11410.0	0.68267750817912	0.68267750817912	0.000623807715925952	10564.0	59.49645150388644	0.12	0.8048249120412987	0.9440165675860462	25	-0.12939116542681342
GSTM3	GSTM3	0.0034706386138363	11409.0	0.6826436036500559	-0.6826436036500559	4.57451792945916e-07	11821.0	66.57654613044947	0.16	0.8528231543625222	0.8977800583660972	25	-0.1895559487277789
LINC00705	LINC00705	0.7521186885221429	11408.0	0.6825789930772221	-0.6825789930772221	0.010365553609598566	12892.0	72.60898952348766	0.2916666666666667	1.2250293195348796	1.2398954487780416	24	-0.4374968284561899
SORT1	SORT1	4.92408078606496e-09	11407.0	0.682517645253496	-0.682517645253496	9.69362920291578e-05	4409.0	24.82820772783598	0.16	0.6083466290229522	0.7952621092221395	25	0.09326612618711562
IFT122	IFT122	2.93772588343226e-14	11406.0	0.682414112231739	-0.682414112231739	6.073792569472011e-05	3901.0	21.966880702940184	0.12	0.38401466223396596	0.3748994364467507	25	0.7959453148982167
CFLAR	CFLAR	5.09743479727695e-06	11405.0	0.6824028269584139	-0.6824028269584139	0.00725233800872286	1834.0	10.324433930381884	0.12	0.38305205710569984	0.3919029285953017	25	0.7638390734299372
SOAT1	SOAT1	5.0586673431583704e-05	11404.0	0.6824024594504119	0.6824024594504119	3.48402016178278e-08	8847.0	49.82539146107919	0.16	0.7435613576609071	0.7578561106634938	25	-0.08069988134944427
RUNX1	RUNX1	0.000195739789956888	11403.0	0.681958346119434	0.681958346119434	0.0310948983863859	786.0	4.421538808155908	0.08333333333333333	0.4493350551884832	0.7340940345058223	24	0.3168848676008492
DDX25	DDX25	0.0149213901767381	11402.0	0.6818224634927701	-0.6818224634927701	3.712850114371985e-05	15803.0	89.00529458150275	0.6666666666666666	1.447450142603607	0.8585155172706502	24	-0.891804124338815
KRT12	KRT12	0.44490474513962397	11401.0	0.681740924040593	0.681740924040593	0.00013701671775915656	17540.0	98.7890052945815	0.6363636363636364	3.1755945759200865	2.119632678730327	22	-1.1765499168343299
OSGIN1	OSGIN1	0.0161414900966736	11400.0	0.681700183858648	-0.681700183858648	0.031833266791773174	5644.0	31.78438661710037	0.20833333333333334	0.8969534978473743	1.535601300827627	24	-0.14017526155566132
TCAF2	TCAF2	0.000230709876422317	11399.0	0.6816068369394951	-0.6816068369394951	0.000526627532693809	3481.0	19.601216627238934	0.16666666666666666	0.7104105177867847	1.1335112465137422	24	-0.025411023433493888
C20orf85	C20orf85	0.231497053289553	11398.0	0.681591360712661	-0.681591360712661	0.011107927284572095	16359.0	92.13698321505012	0.5454545454545454	1.9857996488283653	1.6630546951700984	22	-0.78422453086085
RCL1	RCL1	5.58230702815162e-09	11397.0	0.681530890214389	-0.681530890214389	4.51291841290169e-05	666.0	3.7456347865269795	0.04	0.328773987168719	0.43848170271230524	25	0.8044962899560699
TCEAL8	TCEAL8	0.00020219393509914298	11396.0	0.680947280917659	0.680947280917659	2.1236928979880802e-05	8956.0	50.4393376140588	0.12	0.5754784468453275	0.4820563603859109	25	0.21878942534416168
KCNA6	KCNA6	0.0324843608738796	11395.0	0.680945389959954	-0.680945389959954	5.427819013699035e-09	16212.0	91.30900078855468	0.6666666666666666	1.8921154204539539	1.7211169888159763	24	-0.7037116235353711
WDR90	WDR90	0.0013519188274400801	11394.0	0.680819389321121	0.680819389321121	0.000357019524742303	7571.0	42.638278697758246	0.16	0.6717006130705468	1.0521356862826332	25	0.008666920407188387
ARHGAP30	ARHGAP30	0.0108320831750137	11393.0	0.6804892543035871	-0.6804892543035871	0.0004696540005330915	12665.0	71.33040441590627	0.4166666666666667	1.022353992570601	1.4072428407674866	24	-0.242932298792557
IL1F10	IL1F10	0.793562953379481	11392.0	0.680486263469094	-0.680486263469094	0.01685566370425275	13954.0	78.59074011490368	0.4090909090909091	1.49314362843998	1.345517972836397	22	-0.6039736230782388
GNMT	GNMT	0.0189113739454408	11391.0	0.6804185552364461	-0.6804185552364461	0.00201935141298665	12925.0	72.79486312943561	0.4583333333333333	1.3195666562102453	1.5279549366897647	24	-0.4183029784624934
HOGA1	HOGA1	0.0963643430692851	11390.0	0.680400938577823	-0.680400938577823	0.058141452072007604	8306.0	46.77819083023544	0.125	0.7386482067036594	1.0414205273287265	24	-0.0559305934512759
LYZ	LYZ	0.0900299244137867	11389.0	0.6803305595459379	-0.6803305595459379	8.75940274055919e-07	16211.0	91.30336825504111	0.75	2.60198712395898	2.508535807080408	24	-0.7660470936827435
HHAT	HHAT	1.26133324247054e-05	11388.0	0.6802727245165541	0.6802727245165541	6.831617519479149e-06	6246.0	35.17517179227216	0.16	0.5992119804968794	0.5328301031963166	25	0.1521324405911213
KAT6B	KAT6B	3.16090970661933e-10	11387.0	0.6801719456993289	-0.6801719456993289	0.00130398027376721	4295.0	24.1860989072885	0.08	0.3626537723655707	0.30767080525370094	25	1.0320061829458835
PCAT7	PCAT7	0.20663207565971697	11386.0	0.680081961218972	0.680081961218972	0.105586887039943	4912.0	27.661372085163908	0.2608695652173913	1.022118067955221	1.6247864608176965	23	-0.21051142102951462
GAL3ST1	GAL3ST1	0.0671174120734963	11385.0	0.679948021962548	0.679948021962548	9.74248761977893e-07	15835.0	89.18553565393714	0.625	1.567318096318746	0.8414093355249961	24	-1.0546235190063882
APOB	APOB	0.384175505101913	11384.0	0.6798147535699549	0.6798147535699549	1.4134856429589099e-07	17539.0	98.78337276106792	0.6956521739130435	3.4435361045735817	2.8464513455400167	23	-0.9709357426164983
GAL3ST4	GAL3ST4	0.00565633676292299	11383.0	0.6797979462934549	0.6797979462934549	1.3286768015797524e-06	10192.0	57.40114903683676	0.125	0.9722068174443174	1.7725759128324736	24	-0.16496267890925473
LRP1	LRP1	0.0111325280478473	11382.0	0.679734611835057	-0.679734611835057	2.0872375657015e-10	13500.0	76.0335698997409	0.4	1.1798812189194283	1.0771610872887403	25	-0.46431923041637285
IER5	IER5	0.00846439721778198	11381.0	0.6797144898572328	-0.6797144898572328	0.00151945867637452	6277.0	35.34978033119297	0.2	0.6582496223618357	0.7115854126400023	25	0.030164850366678875
MIR3671	MIR3671	0.300553352471686	11380.0	0.679648781775624	-0.679648781775624	0.238579025492977	12030.0	67.75374563478653	0.125	0.6841585587484428	0.5470763340709338	24	-0.008243414477940109
LINC00482	LINC00482	0.000686133264617471	11379.0	0.679591767764097	0.679591767764097	0.008701685076257706	5472.0	30.815590852765574	0.125	0.7681297522060652	1.1792147734280816	24	-0.07508215334224519
SUGT1P1	SUGT1P1	0.0347250669005424	11378.0	0.6793442960084539	-0.6793442960084539	0.014769734499348949	6948.0	39.12921031880139	0.125	0.5670526764439672	0.7334583383422478	24	0.1530988383311405
RRBP1	RRBP1	2.8422671056378996e-05	11377.0	0.6793153007630239	0.6793153007630239	0.00368873203163441	3565.0	20.074349442379184	0.04	0.4502774805505256	0.5708537065046201	25	0.4012198179721282
AMDHD1	AMDHD1	0.00952876500672163	11376.0	0.679176774753479	-0.679176774753479	0.000198361176572743	13947.0	78.55131238030866	0.5	1.3654596824293608	1.3537342760132476	24	-0.5069554046433599
IL32	IL32	0.0188084488341213	11375.0	0.679153640406422	-0.679153640406422	0.007754667115087115	11072.0	62.35777852878224	0.25	1.3582446736114324	2.5677545653666636	24	-0.26446882516127057
IFIT1	IFIT1	0.0641727659438024	11374.0	0.67903472169109	0.67903472169109	1.65954647446917e-06	13089.0	73.71859862566181	0.4166666666666667	1.2923232552421007	1.6532125490751077	24	-0.37096774633976487
GMPPA	GMPPA	3.99535478981492e-08	11373.0	0.678909487645546	0.678909487645546	4.92083628152302e-05	3484.0	19.618114227779657	0.08	0.4407438649432985	0.5371549123493197	25	0.4433834955741129
BAK1	BAK1	8.2757010598436e-05	11372.0	0.67863092506185	0.67863092506185	0.000868688600052975	1892.0	10.6511208741692	0.08	0.44446370130420226	0.5775684550766017	25	0.4054363109678325
PRICKLE1	PRICKLE1	0.058905623615698	11371.0	0.678319600408434	-0.678319600408434	0.004435097146165	3781.0	21.290976681311253	0.24	0.8688041373670005	1.4520329627994868	25	-0.13118471951994573
TMEM140	TMEM140	6.72264898513426e-07	11370.0	0.6782991142671171	-0.6782991142671171	0.00902316697812019	2809.0	15.81615410611693	0.04	0.39532824623044127	0.5155324079076992	25	0.5488905521674573
TRAF4	TRAF4	3.5429873414219596e-06	11369.0	0.678130004525871	0.678130004525871	0.0024730586452261396	6866.0	38.66734257068829	0.16	0.4852355268765994	0.45201291501321267	25	0.4267455004988811
COASY	COASY	1.0173011227616999e-09	11368.0	0.678054619234537	0.678054619234537	0.000730689820818788	555.0	3.1204235665202207	0.0	0.27215073305909454	0.22522731964344012	25	1.8021964956029022
ZNF7	ZNF7	0.000131409582005521	11367.0	0.678020334275587	0.678020334275587	3.1211988969857004e-08	8940.0	50.34921707784161	0.04	0.47056105033383305	0.36471761526774943	25	0.5688216725958035
DAPK1	DAPK1	5.94438569341548e-09	11366.0	0.6779643314492639	-0.6779643314492639	5.514112780048891e-05	5028.0	28.31474597273854	0.16	1.2404893208113315	3.525607672731215	25	-0.15955405183421645
C10orf62	C10orf62	0.638283129607586	11365.0	0.6779635452877321	0.6779635452877321	0.0133123245631747	15684.0	88.3350230933874	0.5652173913043478	1.7451506012906273	1.6049351284386975	23	-0.664940929444961
TENM1	TENM1	0.00312736501672825	11364.0	0.6778937055273571	-0.6778937055273571	0.00013974633216443889	8324.0	46.87957643347978	0.375	1.1011835181269387	1.5628023584356991	24	-0.2708530674494741
KATNAL1	KATNAL1	0.000140297884468834	11363.0	0.6777958300902359	-0.6777958300902359	0.00310040979792817	7855.0	44.23791821561338	0.04	0.5215779503129004	0.5688088501877816	25	0.274640381783376
CTNNA2	CTNNA2	0.43296264452672995	11362.0	0.677737936673607	-0.677737936673607	5.85083611645573e-07	13888.0	78.21899290300777	0.4583333333333333	1.9734099664068907	2.3233158113090964	24	-0.5576822674844294
PTH2R	PTH2R	0.151626475689557	11361.0	0.677368920062718	0.677368920062718	0.00028895753364612474	13896.0	78.26405317111636	0.5	2.3077368468550588	2.6172080885986793	24	-0.6229416506447074
ZBTB12	ZBTB12	0.000406473277117139	11360.0	0.677213172520631	0.677213172520631	7.7553278747566e-09	11866.0	66.83001013856033	0.4	1.4574854754572129	1.577961696869186	25	-0.4944811426568277
OLFML3	OLFML3	0.0389562660347318	11359.0	0.6771899149951128	-0.6771899149951128	0.01590094551652435	8697.0	48.98051143404303	0.2916666666666667	1.1077927263532248	1.4345231111770012	24	-0.3001714005184691
TRIOBP	TRIOBP	2.4692528204181e-18	11358.0	0.677182460269513	-0.677182460269513	2.17357406691921e-05	6026.0	33.93601441928579	0.08	0.5389552131061602	0.808600674192024	25	0.1709462427810529
STX6	STX6	1.7126745810960598e-09	11357.0	0.6771594042264649	0.6771594042264649	0.00101412452103036	1642.0	9.2429874957756	0.04	0.3343407262700704	0.3137093946745606	25	1.0927906010339017
CASC18	CASC18	0.20585352049389	11356.0	0.6770522109666159	0.6770522109666159	0.00444752846052645	13300.0	74.90706319702602	0.391304347826087	1.1049524447742844	1.1552736190186255	23	-0.37038864799073185
CHSY3	CHSY3	0.026989964301497	11355.0	0.6769523394479521	0.6769523394479521	0.0146029929237535	3277.0	18.452179790469753	0.08	0.449725355031423	0.5189653237441457	25	0.43784617973541884
RDH13	RDH13	0.008497178535577509	11354.0	0.676870727270202	0.676870727270202	0.00119843496891999	5031.0	28.331643573279262	0.04	0.48604574531201483	0.7004582999396555	25	0.2724287541094549
MAFG	MAFG	1.9002923541472e-07	11353.0	0.6767298859388161	-0.6767298859388161	1.55391464472327e-06	3835.0	21.595133491044272	0.04	0.4230800124768372	0.4381010529718377	25	0.5789757220197419
NETO2	NETO2	0.0047346543237326896	11352.0	0.676675710048423	0.676675710048423	3.1012931137960896e-07	8782.0	49.459276782696854	0.12	0.6881800421740835	0.8091511193748351	25	-0.014217779411278508
CCR3	CCR3	0.12449315648760699	11351.0	0.6766731550871301	-0.6766731550871301	9.222342130725319e-05	13937.0	78.49498704517292	0.4583333333333333	1.5806696063298287	1.7128352869621792	24	-0.5277778068467943
KCNE4	KCNE4	0.08982733446665199	11350.0	0.6764802069354001	0.6764802069354001	0.001060970259510491	12412.0	69.90537343697194	0.2916666666666667	0.9336852112074657	0.9122171536624133	24	-0.2819558953034665
CXorf65	CXorf65	0.12048496319900301	11349.0	0.6763910389840371	-0.6763910389840371	0.006028186864900715	12885.0	72.56956178889264	0.375	1.2166950006037174	1.467385140944785	24	-0.3682086907816187
MORF4L2.AS1	MORF4L2.AS1	0.0168930979726735	11348.0	0.6762729146482679	0.6762729146482679	0.00231709536686506	4362.0	24.563478652697984	0.08	0.4396546086999058	0.45297773060897367	25	0.5223618954297321
SLFN12	SLFN12	5.72477486868265e-05	11347.0	0.6762143047238709	0.6762143047238709	0.0475881732421406	2118.0	11.924073448237015	0.08	0.5403075816510899	0.8547678957234102	25	0.15899839447966152
CFAP100	CFAP100	0.150022526937137	11346.0	0.676210324681579	-0.676210324681579	0.0506944811490509	14072.0	79.25537906950545	0.43478260869565216	1.5913231213740728	1.5632555284784622	23	-0.58538913186073
CERS3	CERS3	0.37466056739336995	11345.0	0.675974609102471	0.675974609102471	0.0311727456434878	13132.0	73.96079756674551	0.4166666666666667	1.5566737324513686	1.764907200293258	24	-0.49900590988725085
PER2	PER2	0.00840043717519983	11344.0	0.675953145821662	-0.675953145821662	0.000435112173184487	1899.0	10.690548608764221	0.12	0.5158059187140737	0.5230391375864042	25	0.3061859344725089
TECPR1	TECPR1	6.60476463529528e-07	11343.0	0.6759169867328491	-0.6759169867328491	0.000467693575760889	4279.0	24.095978371071308	0.16	0.5771285613492144	0.7175314925067766	25	0.13767817359278017
SORL1	SORL1	0.0032819011344099	11342.0	0.675890183446176	0.675890183446176	0.000590333319679826	7472.0	42.080657879914384	0.24	0.735449530562166	1.0687438731345644	25	-0.05572836356133283
ARHGAP21	ARHGAP21	3.4025981903271096e-10	11341.0	0.675628510109485	-0.675628510109485	0.0346060734837023	2039.0	11.479103300664638	0.0	0.2996892922492054	0.24316875951322958	25	1.5460012980813296
TM4SF1	TM4SF1	0.00233452801310363	11340.0	0.6756031907254979	-0.6756031907254979	4.25618419077128e-07	10307.0	58.048890390897824	0.2916666666666667	1.1976187920495025	1.6951811682062259	24	-0.30794089216811027
TXNIP	TXNIP	0.002682357895206	11339.0	0.675575295566759	-0.675575295566759	0.00145089556615677	4395.0	24.74935225864594	0.28	0.8105301229082207	1.3163800737971412	25	-0.10251965220969966
ME1	ME1	0.000883227521409953	11338.0	0.6754958657782559	0.6754958657782559	8.59646296872845e-09	11291.0	63.59130336825503	0.24	1.228084971504973	1.7797245333489347	25	-0.310491368395592
EPDR1	EPDR1	0.004668846066028179	11337.0	0.6751413965497839	-0.6751413965497839	0.000654725292464732	5859.0	32.99538132251887	0.12	1.1698372017843903	2.3029337514549124	25	-0.21481113163679807
CLDN8	CLDN8	0.154948393535935	11336.0	0.674864300056402	0.674864300056402	6.741159393038424e-06	16916.0	95.27430438211107	0.7272727272727273	2.4178554722597765	1.903592148402452	22	-0.9156326756580404
PTPRS	PTPRS	5.4657984666851e-07	11335.0	0.6747948077182471	-0.6747948077182471	6.57560593283372e-11	14814.0	83.43471893657767	0.52	1.436323564921122	1.1370565665386372	25	-0.6697369151308604
REEP2	REEP2	0.00422447085120135	11334.0	0.674709104416423	0.674709104416423	3.3347985864872214e-09	15232.0	85.78911794525177	0.5833333333333334	1.596944793379327	1.3869764135135927	24	-0.6649252863836577
PI4K2B	PI4K2B	0.000205424884597335	11333.0	0.6746156665265429	0.6746156665265429	7.19934735249092e-06	7940.0	44.71668356426721	0.08	0.5181348787059303	0.43699115284662626	25	0.35808685553763075
CDKN2B.AS1	CDKN2B.AS1	0.0730595985821853	11332.0	0.674598046154397	0.674598046154397	7.68636919527495e-05	9300.0	52.37692914272839	0.16666666666666666	0.7093211369414706	0.7551284021925996	24	-0.04598302843099427
RGMB	RGMB	0.007197720480612591	11331.0	0.6745152857941191	0.6745152857941191	1.907891188561883e-05	13624.0	76.73200405542413	0.4166666666666667	1.464342403022651	1.8183529694826654	24	-0.4343640263932054
ZNF563	ZNF563	1.60659156587841e-05	11330.0	0.6744145469471049	0.6744145469471049	8.27221089333187e-08	9819.0	55.30021403627351	0.2	1.0414202855903951	1.435088228094198	25	-0.2557374044735041
CPPED1	CPPED1	7.74040972680929e-05	11329.0	0.674263129982037	-0.674263129982037	0.00106908441842818	903.0	5.080545229244114	0.04	0.4298902131643439	0.5589605306043689	25	0.43719172184388044
YIPF1	YIPF1	8.52523063919072e-05	11328.0	0.6739195808442029	0.6739195808442029	7.581160560537041e-07	8247.0	46.445871352934546	0.04	0.5030863546682525	0.46123020876826093	25	0.37038603050777913
CSRP2	CSRP2	0.00280732523587906	11327.0	0.6738999236669541	-0.6738999236669541	0.0138085711922339	1489.0	8.381209868198715	0.08	0.5847812114594327	1.1790846849004208	25	0.07558296138419253
RGMA	RGMA	0.0352469827420254	11326.0	0.673885995629527	0.673885995629527	2.43829639154782e-08	14884.0	83.82899628252788	0.56	1.3927920070184485	1.0403824894703226	25	-0.6910016447459909
PLIN2	PLIN2	0.000152276932104401	11325.0	0.673812319610786	-0.673812319610786	0.0125278145176533	4091.0	23.03706207051932	0.12	0.6156351540333391	0.9622712297455992	25	0.06045817829639104
COA3	COA3	2.7799367563936603e-05	11324.0	0.6737716219622361	0.6737716219622361	2.67488389967612e-06	6436.0	36.2453531598513	0.12	0.5480161884950526	0.48078858150481135	25	0.2615607739135231
ZNF483	ZNF483	0.0138873298182675	11323.0	0.6736651428582281	0.6736651428582281	0.00225547870588285	8074.0	45.471443055086176	0.28	0.8498831123400921	0.7535297828697919	25	-0.233856674928951
CCL19	CCL19	0.395036056476531	11322.0	0.673663370481984	0.673663370481984	4.76754754820217e-06	16952.0	95.47707558859975	0.6086956521739131	2.193151476290642	1.9091601341168654	23	-0.7958934814609142
CPSF1	CPSF1	0.000256044712906183	11321.0	0.672966921421835	0.672966921421835	4.1261299177291295e-06	8767.0	49.37478877999324	0.08	0.5154844309855505	0.3712457613883078	25	0.42420010358465554
LRRC19	LRRC19	0.34671990017160104	11320.0	0.672946737305938	0.672946737305938	7.945861592294024e-06	15253.0	85.90740114903683	0.5416666666666666	1.5243633940082464	1.3693748085172963	24	-0.6217557467879725
CDHR1	CDHR1	0.179072402618352	11319.0	0.6729461489457521	0.6729461489457521	9.067751627202111e-12	16436.0	92.57068829559535	0.7083333333333334	2.0888161138167245	1.9508672642122906	24	-0.7257643771282736
ZNF334	ZNF334	0.0161782571254577	11318.0	0.6728838014426259	0.6728838014426259	0.00696107571887515	9169.0	51.63906725245015	0.3333333333333333	1.028102657286079	1.5525042986491084	24	-0.2288037824774734
CAMTA2	CAMTA2	6.22007488978327e-11	11317.0	0.6724269903541191	-0.6724269903541191	0.00058259287946404	7016.0	39.51222259772445	0.2	0.5709587949455721	0.48068525829827863	25	0.2110907161325575
RNASEH2A	RNASEH2A	2.77234706815048e-06	11316.0	0.6721419537895329	0.6721419537895329	0.00118168386950557	3714.0	20.91359693590177	0.12	0.515545656567114	0.8150941274551763	25	0.19212050724906052
C6orf223	C6orf223	0.0668610217930622	11315.0	0.672063063975611	0.672063063975611	0.00213295076772302	10342.0	58.246029063872925	0.25	1.1067386674054138	1.8360631226001356	24	-0.23674327863752212
LINC01649	LINC01649	0.39046136387115	11314.0	0.67191513473118	-0.67191513473118	0.1459252222757605	7406.0	41.70891066801847	0.20833333333333334	0.7544048388522809	0.8785688017848187	24	-0.09389100085675987
DENND5B	DENND5B	0.000217737600763638	11313.0	0.6718373549836729	0.6718373549836729	0.00044542362065072804	11466.0	64.57699673313056	0.36	1.3225499668875103	1.783530708401969	25	-0.36484519657464787
CDH11	CDH11	0.007978664572664341	11312.0	0.6718166131244471	0.6718166131244471	0.011209677781386216	7993.0	45.015207840486646	0.20833333333333334	1.2025323921549664	1.9927033029985102	24	-0.2663295525389693
SIPA1	SIPA1	0.00017344150430115502	11311.0	0.6717978367344191	-0.6717978367344191	1.4042312210707002e-09	12613.0	71.0375126732004	0.32	1.1824901177461993	0.969387641488948	25	-0.5268194674190125
CYHR1	CYHR1	7.647379657161959e-05	11310.0	0.6717542736862839	0.6717542736862839	3.98240356544911e-05	5050.0	28.438661710037174	0.16	0.6052403245805636	0.7450175313514809	25	0.08927836769835776
LUNAR1	LUNAR1	0.47275708100403896	11309.0	0.6716924758984459	-0.6716924758984459	0.00636005819920977	11447.0	64.46997859637264	0.4166666666666667	1.1822445309651484	1.3568954059711074	24	-0.3762648563920141
APOO	APOO	0.000771842673813443	11308.0	0.6716561826800179	0.6716561826800179	9.90002827921933e-13	10076.0	56.74777514926213	0.28	0.7669891666066846	0.5934874478094412	25	-0.16063184533816205
C5AR2	C5AR2	0.0759187877094923	11307.0	0.671475469034702	-0.671475469034702	9.128775235978875e-07	12847.0	72.35552551537681	0.3333333333333333	1.29239004959633	1.6990661022399431	24	-0.36544462851860376
TRIM52	TRIM52	0.00038687001151617	11306.0	0.671394635633849	0.671394635633849	0.000187984154257194	2647.0	14.903683676917877	0.04	0.41080567587122485	0.5519432881308335	25	0.47212995495445503
PTGDR	PTGDR	0.11984678470919401	11305.0	0.671344647019943	-0.671344647019943	6.617157082840465e-06	17173.0	96.72186549509969	0.625	2.249381103491644	1.692951904620577	24	-0.9321212564661544
ZNF768	ZNF768	8.934357648416608e-05	11304.0	0.671301181911292	0.671301181911292	2.75496482288021e-05	6027.0	33.94164695279937	0.36	0.9131857474829244	1.1223313387208653	25	-0.21551974646570163
TBL1XR1	TBL1XR1	6.77643107025765e-07	11303.0	0.6709205738457851	0.6709205738457851	7.044111114703259e-13	13072.0	73.62284555593105	0.4	0.8967225238754779	0.5185354188270849	25	-0.43546099616580025
ERBB2	ERBB2	0.00011419867643148601	11302.0	0.670877672219439	0.670877672219439	0.000954380543424736	12086.0	68.0691675115467	0.4	1.1480085823066155	1.3522183998916748	25	-0.3528504789798742
VGLL1	VGLL1	0.271433408736318	11301.0	0.670739903061886	0.670739903061886	0.0067376559660429205	13209.0	74.39450264729075	0.4782608695652174	2.0062638987998462	2.185920974126905	23	-0.6109662753345382
LILRB1	LILRB1	0.0799207715509015	11300.0	0.6707268675942131	-0.6707268675942131	0.0003832193015124495	14439.0	81.32251886898726	0.5833333333333334	1.823182570292033	2.196440005884413	24	-0.5246925477637961
STAT5B	STAT5B	2.92860776827129e-11	11299.0	0.670677192463473	-0.670677192463473	4.98929044312168e-10	8455.0	47.61743832375802	0.16	0.6794542447127487	0.6323921861545818	25	-0.013879128239466035
DKC1	DKC1	2.8283701386557595e-14	11298.0	0.6706466935927111	0.6706466935927111	5.20195190970534e-08	7885.0	44.406894221020615	0.08	0.5842025813825604	0.6385371592277631	25	0.13537835811261925
ELF3	ELF3	0.0818775995019077	11297.0	0.670593888155792	0.670593888155792	4.6203401594468554e-05	13617.0	76.6925763208291	0.4583333333333333	1.2326209363412304	0.8948428758655932	24	-0.6280734454546362
IFI30	IFI30	0.009216539791742941	11296.0	0.670428785863148	-0.670428785863148	0.0045806982723989	9628.0	54.2244001351808	0.2	0.6814375276779949	0.557570295554974	25	-0.019744132538282767
TRMT12	TRMT12	0.00266081922554989	11295.0	0.6702547565290861	0.6702547565290861	1.26539553695016e-07	4263.0	24.00585783485412	0.08	0.5060405286261587	0.618515505179493	25	0.2654973505559452
OSMR	OSMR	0.000101033798665909	11294.0	0.670239170084161	0.670239170084161	0.01141844063518829	5214.0	29.362397206263378	0.20833333333333334	0.6932937420480002	0.9453970495288178	24	-0.02438612641675739
MYO1H	MYO1H	0.133940042987897	11293.0	0.670110641281833	0.670110641281833	0.00142837245326535	17373.0	97.84837219781457	0.6521739130434783	2.6208187533809135	1.7417817627907373	23	-1.1199497857720102
MYH15	MYH15	0.0388197777198545	11292.0	0.670097204355196	-0.670097204355196	9.57300593038732e-07	13197.0	74.32691224512786	0.4166666666666667	1.3206121685223395	1.3328311321589348	24	-0.48807005514151824
FAM161A	FAM161A	0.000139853515258992	11291.0	0.669978234085314	0.669978234085314	0.0247564225010352	5676.0	31.96462768953475	0.04	0.5573889978119291	0.7448559247947549	25	0.1511557235775615
CLNS1A	CLNS1A	1.4134411615526302e-13	11290.0	0.669748411890712	0.669748411890712	3.0184722378559e-08	7781.0	43.821110735608876	0.12	0.519419139574457	0.3390548588220861	25	0.44337743112874267
POM121L10P	POM121L10P	0.28912083501228003	11289.0	0.669733686137903	0.669733686137903	0.002467906264480535	15586.0	87.78303480905711	0.5833333333333334	1.6131512944615967	1.147487887744764	24	-0.8221590993677994
LGALS8.AS1	LGALS8.AS1	0.00537601091891742	11288.0	0.669671162350026	0.669671162350026	0.05713321176508225	8800.0	49.56066238594119	0.20833333333333334	0.9513716546381904	1.3848925308547209	24	-0.2034096408291739
PPP2R5B	PPP2R5B	6.1019565233449e-08	11287.0	0.669526886830867	-0.669526886830867	0.00297361591059353	4963.0	27.9486312943562	0.08	0.4553094685682141	0.36879403032319186	25	0.5808592348279715
GSTA4	GSTA4	0.0014726215607468302	11286.0	0.6694866733411079	-0.6694866733411079	0.0010536985920395	6126.0	34.49926777064323	0.16	0.6395310979010818	0.9587683236468714	25	0.03124381010637062
SCYL3	SCYL3	1.20364157080423e-11	11285.0	0.669312964933321	0.669312964933321	6.20906524011036e-05	6006.0	33.823363749014305	0.08	0.4971056175134172	0.379440779752706	25	0.4538451231629268
ABCG4	ABCG4	0.166348056545038	11284.0	0.669301207550188	0.669301207550188	3.87192620534192e-06	13480.0	75.9209192294694	0.4583333333333333	1.1355450765909871	0.8386009464989886	24	-0.5559782289625181
C1orf226	C1orf226	0.00378402338998396	11283.0	0.669239736708464	0.669239736708464	0.00254625276128066	3360.0	18.91968007209643	0.12	0.5778228435918812	0.8678337711833117	25	0.10533917456557812
RNF166	RNF166	0.00243331703276448	11282.0	0.668859105468759	-0.668859105468759	1.07354428353569e-08	11916.0	67.11163681423903	0.32	1.0468087001264814	0.9180108665585732	25	-0.41170492466453557
DPYSL4	DPYSL4	0.026989964301497	11281.0	0.6688569574684511	0.6688569574684511	4.51764250081878e-09	14126.0	79.55953587923848	0.52	1.5156692471018003	1.5249361665477623	25	-0.5553099914669946
GIPR	GIPR	0.00334841535880961	11280.0	0.668705877716387	0.668705877716387	0.0006693066322680075	9766.0	55.00168976005407	0.2916666666666667	0.9231969432601406	1.1599351088114602	24	-0.21940112305465131
MXRA7	MXRA7	5.15921540801895e-05	11279.0	0.6686335221665071	-0.6686335221665071	0.000194618379398589	7449.0	41.95110960910217	0.12	0.7298505766128598	0.8791510906512165	25	-0.0696320064859468
SLC15A3	SLC15A3	0.00514190765791995	11278.0	0.6686249627311299	-0.6686249627311299	8.55393842884429e-05	10809.0	60.87642221471217	0.25	0.7564736833193703	0.661499038179506	24	-0.1328024917919858
FADS2	FADS2	0.00394629856725856	11277.0	0.668600342197888	0.668600342197888	6.725961391574681e-09	10010.0	56.376027937366224	0.32	1.1281104053997766	1.5361060113509029	25	-0.29913955144136184
NUDT4	NUDT4	0.0227377832127361	11276.0	0.668350745028458	0.668350745028458	8.962319507138291e-06	7998.0	45.04337050805452	0.08	0.5501534046019796	0.5461678492853997	25	0.21641211686320716
TSIX	TSIX	0.00499845302997079	11275.0	0.668206354690675	0.668206354690675	1.4815005255848658e-05	11721.0	66.01329277909203	0.4166666666666667	1.4042472330190447	1.631382163155101	24	-0.4511762448749979
ADAM32	ADAM32	0.0187710724701429	11274.0	0.6680660881127379	0.6680660881127379	0.0026248304609125107	11213.0	63.15196575419623	0.16666666666666666	0.7221211544257349	0.5172200063569735	24	-0.10451078003291575
CYP2E1	CYP2E1	0.0346395123920915	11273.0	0.6677370309839399	0.6677370309839399	2.5930108379600836e-09	17518.0	98.66508955728285	0.75	3.275181895391652	2.3393899883979854	24	-1.1145832363732096
AADACL2	AADACL2	0.466353132226117	11272.0	0.6676859673782989	-0.6676859673782989	9.33334890733637e-06	15227.0	85.76095527768389	0.5652173913043478	1.471891383292954	1.1016637404217076	23	-0.7299917265197565
OSBPL3	OSBPL3	0.000141798897376158	11271.0	0.667627070839694	0.667627070839694	0.000662470224938313	7145.0	40.23881942097555	0.12	0.5824295304420468	0.7305733642990322	25	0.11661736460840202
RRM1	RRM1	5.592510353418851e-11	11270.0	0.667401487054813	0.667401487054813	0.00222095573899563	3605.0	20.299650782922157	0.0	0.3583095369971781	0.2581872789451287	25	1.1971618095224772
NXPH2	NXPH2	0.673067206345927	11269.0	0.667319568576414	-0.667319568576414	2.04088159920833e-06	16816.0	94.71105103075362	0.5652173913043478	2.1276003288013943	1.7949703622377196	23	-0.813540318517853
CCDC83	CCDC83	0.646056012374424	11268.0	0.6672597581143741	0.6672597581143741	0.00036248283464539703	13989.0	78.78787878787878	0.5217391304347826	1.6437802243460478	1.7076276488353814	23	-0.5718579614810465
GLIS3.AS1	GLIS3.AS1	0.0369980870051714	11267.0	0.667001466909116	0.667001466909116	0.000677727911618791	11116.0	62.60561000337952	0.3333333333333333	0.9916090092670817	0.8583169630938406	24	-0.37819075739561736
PLIN5	PLIN5	0.0137407087505956	11266.0	0.6669408508508791	-0.6669408508508791	0.013407487346267524	11387.0	64.13202658555818	0.2916666666666667	0.9789007374598081	1.0730029375029417	24	-0.29073535188534727
ETNK1	ETNK1	2.8490893417579802e-05	11265.0	0.66685423112846	0.66685423112846	1.36039334570451e-06	11944.0	67.26934775261913	0.2	0.725893677030506	0.4875233488468332	25	-0.12110075556728798
RFC4	RFC4	3.5356140709959103e-07	11264.0	0.6667935721339681	0.6667935721339681	2.3356242763256e-06	9908.0	55.80150951898163	0.16	0.6309105138724027	0.5849721853518262	25	0.061341477697753805
LAPTM5	LAPTM5	0.020332612268416	11263.0	0.666626776124711	-0.666626776124711	0.02044791751494705	11967.0	67.39889602343133	0.2916666666666667	1.280450247844324	1.954061721288385	24	-0.3141269618212963
CCPG1	CCPG1	2.41215024958569e-12	11262.0	0.6665513189752379	0.6665513189752379	4.01170409269164e-11	12359.0	69.6068491607525	0.2	0.7674180940645908	0.47874087452937175	25	-0.21069179686925718
SNX10	SNX10	0.0203384961381841	11261.0	0.66637109608989	-0.66637109608989	0.0035765601530380296	9022.0	50.81108482595471	0.12	0.5899154398092621	0.44664222954523447	25	0.1711787449173225
GLS	GLS	0.00851464601941126	11260.0	0.666362685309038	0.666362685309038	0.0027776455112833	3400.0	19.144981412639407	0.04	0.41839442180947795	0.39688536075631486	25	0.6247856132234895
SATB1	SATB1	2.9417537560197897e-07	11259.0	0.6661861584657951	-0.6661861584657951	0.0133137644306614	2028.0	11.41714543201532	0.2	0.9284086174413647	1.5717676100043587	25	-0.16683284304022683
AKAP5	AKAP5	2.8671177541271896e-07	11258.0	0.666140965879088	-0.666140965879088	0.0024395847773779	5640.0	31.761856483046074	0.08	0.5590931252595489	0.707855967627838	25	0.1512282802082987
HSPA9	HSPA9	4.4981375974685e-07	11257.0	0.666093806712685	0.666093806712685	5.08011314886155e-08	7116.0	40.07547594908189	0.12	0.48995000512960174	0.4406663576502877	25	0.3997214639263903
LINC01128	LINC01128	0.00164806202008025	11256.0	0.666082521604049	-0.666082521604049	0.00578120379176811	772.0	4.342683338965867	0.08	0.38620917737239024	0.5800141219924533	25	0.48252849994452424
ZSWIM5	ZSWIM5	0.0331481241402094	11255.0	0.665994662453449	0.665994662453449	0.00165832808620274	3111.0	17.517179227216403	0.12	0.6034930192618062	0.9969085246959597	25	0.06269546467235267
TMEM267	TMEM267	2.45052340153698e-07	11254.0	0.6659768755951291	0.6659768755951291	3.92732606083168e-10	12200.0	68.71127633209417	0.24	0.8464777619466696	0.49051883208900254	25	-0.36797952401303397
OTUD7A	OTUD7A	2.1144711825940497e-06	11253.0	0.665942853727035	-0.665942853727035	4.6488493924487647e-10	11700.0	65.89500957530697	0.25	0.9917368424464844	1.3195507804116855	24	-0.2468976515006154
LINC01119	LINC01119	0.00325633332221264	11252.0	0.66591762200766	-0.66591762200766	0.017518493949067206	12069.0	67.97341444181592	0.16666666666666666	0.7654600551086376	0.6100049392175024	24	-0.1631829952535595
ALOX12	ALOX12	0.000317667089232525	11251.0	0.6658747546149151	-0.6658747546149151	0.0006415863124231139	3149.0	17.73121550073223	0.16666666666666666	0.6638062373674815	1.0785405691075143	24	0.0019178854339668525
DPPA4	DPPA4	0.259773823354988	11250.0	0.6658462337515	0.6658462337515	2.3292195329887413e-05	16921.0	95.30246704967894	0.6666666666666666	2.4473149374935166	2.243895711646195	24	-0.7939177808023319
TCFL5	TCFL5	0.011887205290040002	11249.0	0.665818486221425	0.665818486221425	0.00128690153805506	3186.0	17.939619240734483	0.08	0.4423949876475227	0.6649744913082952	25	0.33598807397007174
YY2	YY2	0.00833649773437807	11248.0	0.665626442727952	0.665626442727952	0.00231087402615061	4571.0	25.740678157035035	0.08	0.447081797708204	0.5407083823887695	25	0.4041820917483287
CYB5A	CYB5A	0.011037735098231001	11247.0	0.665624556164479	-0.665624556164479	6.307783775014979e-07	9148.0	51.520784048665085	0.28	0.6541916578008301	0.6471787846053799	25	0.01766574961294532
OR51B5	OR51B5	0.32884400458348	11246.0	0.6655037716608759	0.6655037716608759	5.1130806618897905e-08	17313.0	97.51042018700011	0.6521739130434783	2.6993692307243675	2.3218083715933986	23	-0.8759833429611166
EBF2	EBF2	0.26632028571197097	11245.0	0.665309924437595	0.665309924437595	9.301150981555659e-05	13863.0	78.07817956516841	0.4782608695652174	1.1539721970755823	0.8098613901572952	23	-0.6033900104103951
TBC1D13	TBC1D13	4.79464099521371e-06	11244.0	0.66517272996222	-0.66517272996222	1.00214771029642e-08	6074.0	34.20637602793736	0.12	0.5066667568082979	0.4791644869242244	25	0.33079657921098904
CRYBB3	CRYBB3	0.15056941508361	11243.0	0.665010629597084	0.665010629597084	0.00665472559330842	15196.0	85.58634673876308	0.5652173913043478	1.8518208105312568	1.6115196264933596	23	-0.736454065729657
CCNB3	CCNB3	0.0706932570856172	11242.0	0.6649741063698871	-0.6649741063698871	1.55657695166755e-05	12868.0	72.47380871916188	0.4583333333333333	1.305412811490634	1.2770022527991258	24	-0.5015172868465478
DLG2	DLG2	0.0225259910617027	11241.0	0.6649286055862641	0.6649286055862641	0.04760636543159165	7631.0	42.976230708572714	0.16666666666666666	0.7443296109920706	1.0993319669284383	24	-0.0722265956002853
EFS	EFS	0.0025797647570930103	11240.0	0.664863459056071	-0.664863459056071	0.000924639090861574	11165.0	62.881604145544664	0.25	0.906258507436957	0.8474475006843452	24	-0.2848495608116734
RFX6	RFX6	0.45350264636971993	11239.0	0.664836866088154	-0.664836866088154	4.29282083238648e-05	16475.0	92.79035710262475	0.6086956521739131	2.1818861863663765	2.1814143620092334	23	-0.6954429872190423
HTRA1	HTRA1	0.0465024916976743	11238.0	0.6646969894465129	0.6646969894465129	0.0031192494468603	10354.0	58.31361946603582	0.24	0.9981450691122569	1.5847367066465226	25	-0.2104122901092869
HIC2	HIC2	6.26704488822055e-12	11237.0	0.664682069873808	-0.664682069873808	4.4844290398964294e-12	12449.0	70.1137771769742	0.2	0.8603820155029213	0.7033320419647034	25	-0.2782468790735606
CHST10	CHST10	6.2370022612511e-05	11236.0	0.6646525006083411	-0.6646525006083411	6.929854278419285e-08	7974.0	44.90818970372873	0.20833333333333334	0.8283026722806947	1.048725371751311	24	-0.15604673642925904
PRSS33	PRSS33	0.503228120010875	11235.0	0.664554867110125	-0.664554867110125	0.001659744393185565	14079.0	79.29480680410047	0.5	1.3749266096717152	1.28766749085682	24	-0.551673275597651
SPICE1	SPICE1	2.26084060372124e-08	11234.0	0.664451315382696	0.664451315382696	2.34831759763356e-08	10345.0	58.26292666441365	0.04	0.5470592767487598	0.27520547578539545	25	0.42656142033117916
GPRASP1	GPRASP1	1.00090419677168e-15	11233.0	0.663822845759445	-0.663822845759445	6.462232656533009e-08	10689.0	60.20051819308325	0.20833333333333334	1.0526995717094751	1.6140977572107893	24	-0.24092513864960768
ZFYVE19	ZFYVE19	0.000850564855119517	11232.0	0.663820335900763	0.663820335900763	0.000236867725600831	2333.0	13.135068153655514	0.08	0.4312887382055649	0.507509122264888	25	0.4581821045057612
ADRA2B	ADRA2B	0.0177093052672337	11231.0	0.663819846909538	-0.663819846909538	0.000286206136641993	12005.0	67.61293229694716	0.32	1.0397866275550514	1.1114473427416132	25	-0.3382677398986029
CBX3	CBX3	4.64963812994213e-08	11230.0	0.663773459889234	0.663773459889234	1.03197600895873e-06	9632.0	54.2469302692351	0.08	0.5111491327264931	0.3417549254173162	25	0.44658998542997336
MTNR1A	MTNR1A	0.403433424950885	11229.0	0.663644237649213	0.663644237649213	0.006887203278526	11542.0	65.00506928016222	0.2916666666666667	1.198008116455055	1.29626509692604	24	-0.4122334853210436
AACS	AACS	1.36763689888541e-06	11228.0	0.66360282548255	0.66360282548255	6.75859984303302e-06	2815.0	15.849949307198377	0.08	0.3431408034204752	0.38285350963398357	25	0.837035612833858
CAMKK2	CAMKK2	9.149340534871259e-09	11227.0	0.663396196253133	-0.663396196253133	1.14824070412775e-07	3303.0	18.598625661822688	0.12	0.39737907286388	0.3953716228619064	25	0.6728280635410351
SLC25A20	SLC25A20	5.726981075319929e-09	11226.0	0.6632966798152099	-0.6632966798152099	0.0326345206743319	340.0	1.9094288611017234	0.08	0.34470321902027234	0.5331792101408029	25	0.5975354153640065
MAPK8IP3	MAPK8IP3	0.00103575008210216	11225.0	0.663284809507023	0.663284809507023	2.44483199544442e-08	9643.0	54.308888137884416	0.32	0.914736109309817	1.004204137549886	25	-0.2503985896894421
ST3GAL2	ST3GAL2	5.546231698094789e-07	11224.0	0.663044507313474	-0.663044507313474	4.2454480118373e-05	11474.0	64.62205700123916	0.32	0.784047652457481	0.47955277076667946	25	-0.2523249838605971
MUC17	MUC17	0.6986169955367351	11223.0	0.663020935761348	0.663020935761348	1.09128816826125e-05	17451.0	98.28770981187337	0.6956521739130435	3.579303258261746	3.4515838136144725	23	-0.8449113450461135
DOK7	DOK7	0.0501596431923533	11222.0	0.6629680421686011	-0.6629680421686011	0.000317798049387224	11156.0	62.830911343922494	0.25	1.0412852450456427	1.4222032492390544	24	-0.26600783191815874
ECM1	ECM1	0.11283997686940199	11221.0	0.6629547602269871	0.6629547602269871	2.95426905853961e-05	8573.0	48.2820772783598	0.25	0.8851143109568924	0.955351968657941	24	-0.23254209759151964
ARRDC4	ARRDC4	0.000111880484008846	11220.0	0.662853171816716	-0.662853171816716	2.490239619842605e-07	9247.0	52.078404866508954	0.16666666666666666	0.8570887534062072	1.2156544347883158	24	-0.15977861473710148
GABRR2	GABRR2	0.0768622999873224	11219.0	0.662659569656037	0.662659569656037	0.0413375837753652	3601.0	20.27712064886786	0.125	0.6596099850952855	1.0334069526980676	24	0.002951000622542311
KDELR2	KDELR2	9.95109786810904e-12	11218.0	0.6622397197457779	0.6622397197457779	9.8908300060244e-07	7474.0	42.09192294694153	0.08	0.42033261616075607	0.315178464416852	25	0.76752421531275
C2orf73	C2orf73	0.13818251232808	11217.0	0.662037223487933	-0.662037223487933	0.0160963710180524	13218.0	74.44519544891291	0.391304347826087	0.9618518002441532	0.7592738144046148	23	-0.3948701655032315
PRDM6	PRDM6	0.00140250132710877	11216.0	0.661946923836361	-0.661946923836361	2.5314748097808007e-05	11895.0	66.99335361045398	0.25	0.7990870822800135	0.5965575370666693	24	-0.22988588681317113
ST6GAL2	ST6GAL2	0.0148311470831564	11215.0	0.661898798420217	-0.661898798420217	0.07071304563516774	10332.0	58.18970372873718	0.375	1.2544497860112445	1.7365954168172875	24	-0.34121418371414
PDGFD	PDGFD	0.060156727329976	11214.0	0.6618099417173	0.6618099417173	0.0187848606355575	2633.0	14.824828207727835	0.08333333333333333	0.6960808191236542	1.3842606322845163	24	-0.024757532365704254
TMEM44	TMEM44	0.000280539438824543	11213.0	0.661735066290605	-0.661735066290605	0.0003537488598165815	4210.0	23.707333558634673	0.041666666666666664	0.47093020335383357	0.6981659008436292	24	0.27329444578460826
HMCN1	HMCN1	0.000309572568070642	11212.0	0.6614627417834339	-0.6614627417834339	0.01258744512896592	11089.0	62.45353159851301	0.3333333333333333	0.9335767211000331	1.176253555065902	24	-0.23133955952324708
UQCRC2	UQCRC2	1.94263264358798e-08	11211.0	0.6614030087556351	0.6614030087556351	1.56192807834111e-06	7412.0	41.742705869099915	0.16	0.5529251303704734	0.549764417500629	25	0.197317023313968
ITFG1	ITFG1	5.61282703838055e-06	11210.0	0.660963324814367	0.660963324814367	2.11451525307075e-09	9304.0	52.39945927678269	0.08	0.5002950609473455	0.4603773705428228	25	0.34899253123058677
BBC3	BBC3	0.0178487567958854	11209.0	0.6609434243996	0.6609434243996	0.00306720046890575	9658.0	54.39337614058803	0.32	0.7925745449768732	0.8259194667050331	25	-0.15937524889976185
PXN	PXN	9.43968284256257e-21	11208.0	0.660659552634728	-0.660659552634728	9.09321103063927e-05	4294.0	24.180466373774923	0.08	0.48006173681045444	0.568043137893093	25	0.3179297552895753
HSPA4	HSPA4	3.19604970992369e-12	11207.0	0.660528298875164	0.660528298875164	0.0186195333192769	1161.0	6.533738875746311	0.04	0.2981051366062373	0.4042786008017774	25	0.8964688250878434
EPHB3	EPHB3	0.0041437049089118	11206.0	0.660486647238975	0.660486647238975	0.0053368187382439956	9093.0	51.21099470541849	0.25	0.6895784450914387	0.5979242320996654	24	-0.04865465604279867
SMAD5	SMAD5	0.000204466845750169	11205.0	0.6603744527638579	0.6603744527638579	7.630312973164091e-05	4799.0	27.02489579813	0.04	0.3671590888816749	0.2562511887472552	25	1.1442497703742796
IGF1R	IGF1R	0.00011907879712833101	11204.0	0.660231921180798	-0.660231921180798	7.56420240245983e-06	5145.0	28.973752393826743	0.12	0.6072544332233459	0.7821045436750625	25	0.06773709267627318
PDE4D	PDE4D	0.0167815458903142	11203.0	0.66000890467627	-0.66000890467627	0.0157065385248308	3836.0	21.600766024557846	0.12	0.5043778839480592	0.6056116892099283	25	0.25698153371386334
MALAT1	MALAT1	0.00607128879576209	11202.0	0.6599884376184111	0.6599884376184111	1.2809780287837e-07	12777.0	71.9612481694266	0.32	0.8712624436397843	0.5729608308832236	25	-0.3687407491637652
AASDHPPT	AASDHPPT	6.91311069602421e-06	11201.0	0.6598473838335219	0.6598473838335219	5.988956480014861e-08	9279.0	52.25864593894333	0.12	0.5787500911574353	0.29004101469512206	25	0.27960629210090326
NCOA1	NCOA1	7.01912988504542e-12	11200.0	0.659675975063805	-0.659675975063805	0.0172778565182509	1225.0	6.894221020615073	0.08	0.3797141732445143	0.5779558521277104	25	0.4843999775910701
C9orf163	C9orf163	0.0202353210647687	11199.0	0.6594556034984139	0.6594556034984139	0.004918747166792751	7199.0	40.54297623070857	0.08333333333333333	0.6730443383102389	1.0645262400377753	24	-0.012765053881004176
HAND1	HAND1	0.495805379451177	11198.0	0.659418486132768	0.659418486132768	3.23291838639125e-05	16900.0	95.18418384589388	0.6521739130434783	2.417200955690413	1.7773518881718464	23	-0.9889895643375773
PPFIA3	PPFIA3	0.0004997358056070151	11197.0	0.659307807017302	0.659307807017302	2.15624589605099e-06	11427.0	64.35732792610115	0.36	0.9077384504451942	0.769405159494209	25	-0.3228866356851641
SLC9A9	SLC9A9	5.061983104657971e-05	11196.0	0.659270380845557	-0.659270380845557	0.013257235549657617	7883.0	44.39562915399346	0.25	1.1836611511803146	1.827199709010199	24	-0.28699149181608724
RBBP4	RBBP4	2.19371355784263e-06	11195.0	0.65911474239211	0.65911474239211	2.7728798510667798e-05	7658.0	43.12830911343922	0.04	0.4987639965665307	0.35715036855034904	25	0.4489726455454405
SLC35D3	SLC35D3	0.429401374613491	11194.0	0.659070967390195	-0.659070967390195	0.005147595074737605	13525.0	76.17438323758026	0.4166666666666667	1.3763772977592605	1.3073862507790404	24	-0.548656779847302
GSTCD	GSTCD	0.000210857723775838	11193.0	0.65903033179344	0.65903033179344	0.00019039572143171498	5730.0	32.26878449926777	0.04	0.4587339033674258	0.4280751305615122	25	0.4679001748204398
UBA7	UBA7	1.73866904333321e-06	11192.0	0.658737214177035	-0.658737214177035	0.004469883668561341	5355.0	30.15658443167737	0.16666666666666666	0.8030486648009477	1.2037173570186495	24	-0.11988815296419861
LRCH1	LRCH1	0.000108105533822536	11191.0	0.658596216668909	-0.658596216668909	0.0339707464327742	746.0	4.196237467612932	0.04	0.3944782871888527	0.5648328351034717	25	0.46760371045297416
AGAP3	AGAP3	4.52660191752203e-09	11190.0	0.658382414994756	-0.658382414994756	5.40756081193658e-08	9469.0	53.32882730652247	0.12	0.6494807817853839	0.6419439684557823	25	0.013866682524933246
CDKL3	CDKL3	0.0045265922035053795	11189.0	0.65830380382669	0.65830380382669	4.600406918596129e-07	10098.0	56.87169088656077	0.04	0.6478328840840955	0.49061699914649315	25	0.021342350062901104
NBR2	NBR2	0.0067868460504932	11188.0	0.6582482534326429	0.6582482534326429	8.33807428148856e-06	4592.0	25.858961360820096	0.04	0.38456375333414433	0.24681431883089514	25	1.1088680000207507
PHKB	PHKB	4.5609058003769396e-07	11187.0	0.658109128012185	0.658109128012185	2.36406066745399e-10	8681.0	48.89039089782584	0.12	0.5659385699697922	0.45278479523393766	25	0.20356372168984077
LINC00907	LINC00907	0.256477706368046	11186.0	0.6580620988101179	0.6580620988101179	0.00017721676329737654	15123.0	85.17517179227215	0.5	1.7119192268939434	1.8203049744278548	24	-0.5789453651386447
RYBP	RYBP	4.7678871062847204e-11	11185.0	0.6580117314041171	-0.6580117314041171	0.00026155561285188503	4832.0	27.210769404077954	0.12	0.5398654526469047	0.7239351375393805	25	0.16320008883501042
DIRAS2	DIRAS2	0.20096928460684002	11184.0	0.657974640688524	0.657974640688524	7.02012235153011e-08	16550.0	93.21279711614284	0.6666666666666666	2.106634435805532	1.980456756370101	24	-0.7314776202294857
CLN8	CLN8	5.34386295309439e-06	11183.0	0.6579686753367909	-0.6579686753367909	0.00036515287072377795	7564.0	42.59885096316323	0.04	0.4144609297209142	0.3748373127016345	25	0.6496358216336527
DAPP1	DAPP1	0.00583207003658839	11182.0	0.6578997249898629	0.6578997249898629	5.073545267818685e-09	15014.0	84.56122563929254	0.625	1.911997534135452	1.894565873773997	24	-0.6619446842708149
HEATR9	HEATR9	0.11215269007941801	11181.0	0.6578791211145071	-0.6578791211145071	0.03597227661110775	6898.0	38.847583643122675	0.125	0.5967613178228061	0.6838592277235213	24	0.08937190698611214
DCLRE1A	DCLRE1A	5.348877772470201e-06	11180.0	0.657746343042505	0.657746343042505	1.2641330248431803e-07	9864.0	55.55367804438436	0.12	0.6862984716082074	0.6734011779974769	25	-0.04239987914872555
BSN	BSN	0.000423074703313359	11179.0	0.657742693317833	-0.657742693317833	6.023722247606375e-07	14281.0	80.4325785738425	0.5833333333333334	1.396596126439932	1.4511416607452996	24	-0.5091532088897699
DGKB	DGKB	0.33046478906955107	11178.0	0.657713612822597	0.657713612822597	4.38388121636679e-06	15047.0	84.7470992452405	0.6521739130434783	2.388949929371922	2.4992194673458084	23	-0.6927107999794481
TMEM86A	TMEM86A	0.00793902595319204	11177.0	0.6576495887303541	0.6576495887303541	0.000540698313699031	7646.0	43.06071871127633	0.16	0.6232100824181807	0.6314622335945337	25	0.054539297015642675
ODC1	ODC1	0.0035326497885636602	11176.0	0.6575898487373929	-0.6575898487373929	0.000174331412759916	693.0	3.8977131913934886	0.16	0.5009071591645583	0.7348208180390786	25	0.21322570853525005
LRRC4	LRRC4	0.0994770158672412	11175.0	0.6574450827793941	-0.6574450827793941	0.00228817434480302	5116.0	28.810408921933085	0.125	0.7527194000330123	1.1564984089661496	24	-0.08238171061453392
MNAT1	MNAT1	5.6262160172949405e-05	11174.0	0.6571144554984539	0.6571144554984539	3.43255895632311e-11	10923.0	61.518531035259656	0.16	0.7082649594169043	0.3534115011613348	25	-0.14473355776585145
ANXA9	ANXA9	0.0467026654437967	11173.0	0.657054747667748	0.657054747667748	0.003850407978481455	8627.0	48.58623408809282	0.3333333333333333	0.9472581768424729	1.0396529618481902	24	-0.27913490349590364
GFRA1	GFRA1	1.39402198125224e-07	11172.0	0.6569432245906149	-0.6569432245906149	3.30233658423704e-06	17275.0	97.29638391348428	0.5652173913043478	2.6566920995136654	2.6716156689450052	23	-0.7485166740741311
APOBR	APOBR	0.0627485738289753	11171.0	0.656772436642022	-0.656772436642022	0.00016959151823216044	13535.0	76.230708572716	0.4166666666666667	1.2106539898678823	1.114098818517883	24	-0.4971565753590014
DLX4	DLX4	0.0336434414776414	11170.0	0.656689107805951	0.656689107805951	0.04165669148482881	10868.0	61.208741692013064	0.16666666666666666	0.6763378353922341	0.6961298256584232	24	-0.028225665475112603
RPRML	RPRML	0.42130026188398495	11169.0	0.656662249606598	0.656662249606598	1.791107486756835e-05	16572.0	93.33671285344147	0.7083333333333334	1.8448734717329358	1.0478679555912507	24	-1.13393220566221
SEM1	SEM1	0.000281430562092938	11168.0	0.656627007254156	0.656627007254156	6.8392823552791385e-09	11078.0	62.39157372986369	0.16	0.711902453971298	0.4394571478327158	25	-0.12578119843936006
CXADR	CXADR	0.0214487723589604	11167.0	0.656105893373564	0.656105893373564	0.000104991349994709	11993.0	67.54534189478427	0.44	1.0351024185993116	1.000258021667235	25	-0.37889876113568616
ZPBP2	ZPBP2	0.624228178510195	11166.0	0.6560878192616899	0.6560878192616899	0.012123167741216002	17068.0	96.13044947617438	0.6521739130434783	2.2501176601720756	1.9613111956381282	23	-0.8127368285336053
OMG	OMG	0.0245768734010446	11165.0	0.6557449013014129	-0.6557449013014129	6.293158039862159e-05	15478.0	87.17472118959107	0.5833333333333334	1.802759134398996	1.963051718283012	24	-0.5843015863590297
APBB2	APBB2	0.000106679479880297	11164.0	0.655511003087813	-0.655511003087813	0.0120681920404186	4364.0	24.574743719725134	0.16	0.43413434703679044	0.475916282623751	25	0.4651588191741657
CPT1A	CPT1A	0.00031223048934496097	11163.0	0.6554519326258249	-0.6554519326258249	1.07785043772444e-05	5267.0	29.66092148248282	0.12	0.5934608992090877	0.8529894893150766	25	0.07267502612079546
TMEM54	TMEM54	0.0018609378689296199	11162.0	0.655362005800277	0.655362005800277	0.0330268424901827	6478.0	36.48191956742142	0.16	0.6797958535041724	0.7500844715504619	25	-0.032574794747302745
DMWD	DMWD	3.8358993591657794e-07	11161.0	0.655289269671594	-0.655289269671594	6.042624077007061e-09	11386.0	64.1263940520446	0.2	0.7006644048206624	0.3659938057394617	25	-0.12397787732333759
C6orf58	C6orf58	0.331483327850647	11160.0	0.655263697118153	-0.655263697118153	6.58859566428982e-06	17090.0	96.25436521347301	0.6521739130434783	3.2329142485955944	2.934219804366131	23	-0.8784790245236184
CXorf58	CXorf58	0.0396143138655932	11159.0	0.65522023973573	0.65522023973573	0.0714961771025516	4444.0	25.025346400811085	0.12	0.5185459310580801	0.5815758591456636	25	0.23500684653318443
HHLA3	HHLA3	3.2039039250102005e-05	11158.0	0.65502976441265	0.65502976441265	0.00166304555430928	10968.0	61.7719950433705	0.32	0.9573222688224403	1.0605184326612886	25	-0.28504219738190756
MERTK	MERTK	7.992166394400879e-10	11157.0	0.6549965549169351	0.6549965549169351	0.00361352925521966	6518.0	36.7072209079644	0.12	0.832111588688918	1.9584764363084544	25	-0.09043511093032512
CETN3	CETN3	0.00432255261775211	11156.0	0.654930983613662	0.654930983613662	1.19609774150574e-07	10398.0	58.561450940633094	0.12	0.7012400303345939	0.6022629470945567	25	-0.07689174129727976
MAGT1	MAGT1	0.000270882603796299	11155.0	0.6548541325881589	0.6548541325881589	2.57063095875883e-07	6930.0	39.02782471555705	0.04	0.4923793337374156	0.5740646039044047	25	0.2830252862581982
SLCO4C1	SLCO4C1	0.11783392225796001	11154.0	0.654782990164733	-0.654782990164733	0.004913010770230095	6609.0	37.21978145769967	0.20833333333333334	0.9864599691655528	1.853646292443726	24	-0.17893218374664058
LMAN1	LMAN1	4.8383211045026294e-08	11153.0	0.6547524801228499	0.6547524801228499	1.34406538422759e-09	11237.0	63.28714655852202	0.16	0.6523908696437267	0.35563573563107276	25	0.006640531989656609
WBP2NL	WBP2NL	0.0214166528269996	11152.0	0.654531931202989	0.654531931202989	0.010728257583336	7471.0	42.07502534640081	0.12	0.6702565939750552	0.8422444255865181	25	-0.018669951731786084
TSC22D1.AS1	TSC22D1.AS1	0.0034359822991307802	11151.0	0.654518095883756	0.654518095883756	6.89783159497193e-08	8947.0	50.38864481243663	0.2	0.659741864247337	0.5334841534163948	25	-0.009791796682485185
MTHFD1L	MTHFD1L	0.000238792597263442	11150.0	0.654399366156702	0.654399366156702	0.0035664682300345796	2780.0	15.652810634223272	0.04	0.33363598635538705	0.3022484307711554	25	1.061257386789141
VDAC1	VDAC1	4.70826865419801e-12	11149.0	0.654376805984908	0.654376805984908	5.52643380813077e-08	10555.0	59.44575870226427	0.08	0.6277927866740248	0.4572735666309146	25	0.0581359196131717
LPAR1	LPAR1	1.84417649632257e-06	11148.0	0.654051172749478	-0.654051172749478	0.0002096459786612865	8371.0	47.14430550861777	0.125	0.7492667736471758	1.0068830389527705	24	-0.09456470832672752
ZNF575	ZNF575	1.84548610465476e-08	11147.0	0.653871240035916	-0.653871240035916	0.0277860572970923	2752.0	15.495099695843189	0.04	0.3054815459495829	0.2420370591199073	25	1.4394064088910359
RABEP2	RABEP2	3.99575080228251e-08	11146.0	0.653822250961735	0.653822250961735	0.000297883408393404	3496.0	19.68570462994255	0.2	0.5858722986099731	0.6528255412432188	25	0.1040859281062445
FAM199X	FAM199X	0.000330397544770462	11145.0	0.6537852959663559	0.6537852959663559	1.71011605490258e-05	7400.0	41.67511546693702	0.08	0.5388633402124368	0.5710881700455119	25	0.20123329773187326
C1orf194	C1orf194	0.110672890224726	11144.0	0.6537160412417421	-0.6537160412417421	0.00027860524214104503	15901.0	89.55728286583305	0.6086956521739131	1.9412044413244645	1.7690758396818869	23	-0.7277745652296268
NME5	NME5	0.0569294391414519	11143.0	0.653629284151688	0.653629284151688	6.386991282312695e-07	14316.0	80.62971724681762	0.5	1.2232340729823374	0.8805657922056491	24	-0.6468622718171896
INGX	INGX	0.20365352592601102	11142.0	0.6536267134689691	0.6536267134689691	0.269054631525668	4266.0	24.022755435394842	0.125	0.46625560825378964	0.575830827225643	24	0.3253926263689888
NAA11	NAA11	0.648511382172663	11141.0	0.6533314042761961	-0.6533314042761961	9.65540538711775e-05	13792.0	77.67826968570462	0.4583333333333333	1.5361153567102726	1.769592512025455	24	-0.4988628435275487
HMBOX1	HMBOX1	1.23778060725124e-07	11140.0	0.653309871962923	-0.653309871962923	0.00602072886823501	921.0	5.181930832488454	0.08	0.34820315493517584	0.4393954923488803	25	0.6943783501208343
ICAM3	ICAM3	0.018952390532771	11139.0	0.6532205350572061	-0.6532205350572061	1.28262092144029e-07	13361.0	75.25064774135406	0.32	1.0570712708056242	1.0389257028624508	25	-0.3887195538966141
TBL2	TBL2	6.131063812763891e-16	11138.0	0.653156109327626	0.653156109327626	1.97672740367059e-05	4161.0	23.431339416469527	0.04	0.4264746853247371	0.44663149693237536	25	0.5075356878317313
VKORC1	VKORC1	3.80654168980659e-07	11137.0	0.6528739856212211	0.6528739856212211	0.00596412987922783	1350.0	7.598287709811873	0.08	0.4087705875110997	0.6092391326192248	25	0.4006692693239821
PLAC8L1	PLAC8L1	0.07317754359765899	11136.0	0.652823928224673	0.652823928224673	0.0508692252635703	4586.0	25.82516615973865	0.12	0.5883679443165972	0.6157665173490062	25	0.10467601289133287
TSKU	TSKU	0.00455556837060872	11135.0	0.652719600269949	0.652719600269949	0.0149964041751062	3533.0	19.894108369944803	0.12	0.5548253523435828	0.7130095429282225	25	0.1372972478381276
KAAG1	KAAG1	0.126047234716683	11134.0	0.6526450918343331	-0.6526450918343331	0.061513990222039495	11067.0	62.32961586121437	0.25	0.9224432345353791	1.0268964795682103	24	-0.2627315879147729
CDC37	CDC37	6.31244291009855e-06	11133.0	0.652548631395806	-0.652548631395806	2.41198798280727e-05	4583.0	25.808268559197927	0.12	0.44416773687143524	0.41206287400367836	25	0.5057016966845468
GALR1	GALR1	0.678724397724334	11132.0	0.652434758451737	-0.652434758451737	1.3816949633114001e-05	15463.0	87.09023318688746	0.6086956521739131	2.0674924593786863	2.1965582860430017	23	-0.644215867121883
SAMD13	SAMD13	0.157433206302602	11131.0	0.6523126825337671	0.6523126825337671	0.02057648931158815	9714.0	54.7087980173482	0.25	0.9364943064507582	1.2857137066697872	24	-0.22103025148037728
PCSK4	PCSK4	0.00123264202472463	11130.0	0.652199524853952	0.652199524853952	1.74913788617651e-05	13147.0	74.04528556944913	0.36	1.133842366993008	1.173149146641565	25	-0.41055550653374284
SCNN1B	SCNN1B	0.19284570067887102	11129.0	0.6520817824144879	0.6520817824144879	0.011108350510068594	12163.0	68.50287259209192	0.4166666666666667	1.1919746897321641	1.4905363776391958	24	-0.36221384155198694
C20orf27	C20orf27	2.73260590848558e-05	11128.0	0.6519409941822271	-0.6519409941822271	1.8781702577081897e-07	7668.0	43.18463444857497	0.08	0.48244198439588415	0.29290882039572586	25	0.5786749936630322
FAM214A	FAM214A	6.25734113189124e-08	11127.0	0.651788369481676	0.651788369481676	1.22249089871317e-08	9674.0	54.483496676805224	0.24	0.6385629615831037	0.5503475223305083	25	0.02403101197324887
SPCS2	SPCS2	3.3836497534374e-09	11126.0	0.651738568176561	0.651738568176561	3.21128875480445e-07	8932.0	50.304156809733016	0.16	0.5843673232217507	0.4937289646420621	25	0.13645390442841915
SLC25A28	SLC25A28	1.22097433242193e-08	11125.0	0.6517194214296421	-0.6517194214296421	0.00610779769769627	512.0	2.878224625436521	0.08	0.39808027401076884	0.5356496957310956	25	0.47351683281120366
CUEDC1	CUEDC1	0.000265665409693326	11124.0	0.6516754940260621	0.6516754940260621	0.0041418935685589705	8248.0	46.45150388644812	0.12	0.6261803688997315	0.8831083816847735	25	0.028869757840698514
HTATSF1P2	HTATSF1P2	0.0808547942801442	11123.0	0.651645596856283	0.651645596856283	0.00012137875283896649	8283.0	46.64864255942322	0.125	0.7658569189478867	1.031394683716144	24	-0.11073483691044156
NANOS2	NANOS2	0.830596765738052	11122.0	0.651445706433662	0.651445706433662	0.00302914800576529	16593.0	93.45499605722654	0.6086956521739131	2.3047269540645163	1.6801914318009559	23	-0.9839838582314057
SRRM2.AS1	SRRM2.AS1	0.00719794465315354	11121.0	0.6514366815939849	0.6514366815939849	0.0197846182865439	2685.0	15.117719950433704	0.08	0.3627597047364771	0.37516766738013657	25	0.7694612354880983
TBC1D10C	TBC1D10C	0.0358294686180621	11120.0	0.6513815107906441	-0.6513815107906441	3.0593747977538613e-08	12890.0	72.59772445646051	0.4583333333333333	1.8062526029302026	2.4059365550113796	24	-0.48000895523784765
LINC00662	LINC00662	0.000437794095569663	11119.0	0.6512990875853361	0.6512990875853361	1.86467597691459e-09	10973.0	61.80015771093838	0.08	0.7233562631707364	0.663113136048169	25	-0.10866497987783201
RASSF4	RASSF4	0.0239117848138689	11118.0	0.6510993254363979	0.6510993254363979	0.05623425476855395	2313.0	13.022417483384025	0.25	1.1268371850424126	2.2764606885096303	24	-0.20898136392483638
C5orf64	C5orf64	0.225447286670097	11117.0	0.650953428128343	-0.650953428128343	0.00015686807910777199	16275.0	91.66385039990988	0.6190476190476191	2.130595400719134	1.641712132007827	21	-0.9012797942725667
SMIM5	SMIM5	0.0196114401332043	11116.0	0.6509067462681429	0.6509067462681429	0.00408998810130635	7308.0	41.156922383688176	0.2916666666666667	0.7582817542474359	0.9742931667480741	24	-0.11020810947251289
ARMCX5	ARMCX5	1.6750023005975402e-06	11115.0	0.650886174273531	0.650886174273531	5.6322470848893095e-08	10149.0	57.15895009575306	0.08	0.7660965517142792	0.9269723479590519	25	-0.12428674673458268
LINC00475	LINC00475	0.162579339334069	11114.0	0.650872085280246	0.650872085280246	0.007351246007087935	8823.0	49.6902106567534	0.25	0.8039545734499686	0.8079191858918475	24	-0.18947747601851733
TBC1D31	TBC1D31	0.00511034808233911	11113.0	0.65079769434942	0.65079769434942	5.8016753459461795e-05	3182.0	17.917089106680184	0.0	0.35169217204351505	0.2539457541312087	25	1.1778323419078043
ZNF34	ZNF34	0.00312375037361277	11112.0	0.6507499117569571	0.6507499117569571	0.00321515768115893	2603.0	14.655852202320602	0.0	0.36302991472631874	0.5207479878881194	25	0.5525129308660024
TRIM61	TRIM61	0.0423710452039037	11111.0	0.650608332076821	0.650608332076821	9.238196892439674e-05	8796.0	49.53813225188689	0.2916666666666667	0.8593708028858019	1.0839087396118825	24	-0.19260152001702002
HDAC5	HDAC5	1.01509126827529e-05	11110.0	0.650473584710326	-0.650473584710326	1.67144745647518e-11	10875.0	61.24816942660809	0.28	0.7952325775450969	0.5842772544294516	25	-0.2477573647396705
GRIN2C	GRIN2C	0.00152137417160838	11109.0	0.650461231438409	-0.650461231438409	2.675665000564325e-08	14042.0	79.08640306409822	0.5	1.2043513912977295	1.106522278795047	24	-0.5005684661518808
SCAP	SCAP	2.98859923144463e-07	11108.0	0.650267819247342	-0.650267819247342	1.39219641858431e-07	10049.0	56.595696744395624	0.08	0.5971807527311522	0.3841414387525049	25	0.1381966670625003
CORO1C	CORO1C	9.833819113574241e-11	11107.0	0.6502671991584089	-0.6502671991584089	2.93288217732971e-05	650.0	3.655514250309789	0.12	0.5089870736836591	0.7810409451844359	25	0.18088696418007602
GRAP2	GRAP2	0.0515995540636221	11106.0	0.6500957932064411	-0.6500957932064411	0.0001103294073124818	14288.0	80.47200630843753	0.5	1.9512458194564342	2.394125336913529	24	-0.5434761523084738
COL14A1	COL14A1	0.0872140795852551	11105.0	0.6500832578661939	0.6500832578661939	8.515088501497045e-07	12907.0	72.69347752619127	0.375	1.2995645847949053	1.486760698707141	24	-0.43684321726656355
HPCA	HPCA	0.00178872126445205	11104.0	0.6498213772739189	0.6498213772739189	0.00335307686838691	11326.0	63.78844204123014	0.2	0.8294558213240987	0.7597758703953291	25	-0.23643083578939117
GGPS1	GGPS1	1.5358258163085699e-06	11103.0	0.649405571035026	0.649405571035026	3.42273668497624e-10	10550.0	59.4175960346964	0.16	0.5907303295896843	0.3242565063237134	25	0.18095316609241693
HAUS5	HAUS5	0.00037418803704096	11102.0	0.6492711571754909	0.6492711571754909	0.00875469091833227	1006.0	5.660696181142278	0.04	0.340193538737506	0.47173245148825715	25	0.6551968546214776
PM20D2	PM20D2	0.00023132054278944902	11101.0	0.6489873832749461	0.6489873832749461	0.00953702129746702	4790.0	26.97420299650783	0.08	0.7351064113946099	1.503413354114317	25	-0.05728233548277729
AKR1A1	AKR1A1	1.51637246475808e-05	11100.0	0.6489666236025121	0.6489666236025121	5.43168033454314e-11	8418.0	47.40903458375577	0.12	0.5707555898577781	0.6290097424901638	25	0.1243399401654849
RAPGEF2	RAPGEF2	1.3856249010109599e-11	11099.0	0.648934444007102	-0.648934444007102	0.009390679572081291	2100.0	11.822687844992677	0.0	0.3284368977102314	0.2633808968451513	25	1.2168594994393223
EXD3	EXD3	2.08485199670457e-05	11098.0	0.648808406240231	-0.648808406240231	0.000389541337785571	7141.0	40.21628928692125	0.16	0.5909429499637402	0.5169202305442402	25	0.11194271931583531
TREM2	TREM2	0.0701091817607169	11097.0	0.6487982717663979	0.6487982717663979	0.00434391456964204	12713.0	71.60076602455784	0.4166666666666667	1.5562547776186777	1.7758075475342818	24	-0.5110106143609356
EXOSC5	EXOSC5	4.6311278257404794e-07	11096.0	0.648770119856061	0.648770119856061	3.3957229429041293e-08	11761.0	66.23859411963501	0.28	0.9646308766240652	0.9098542729836097	25	-0.34715532601965826
KLHL32	KLHL32	0.0301045305266325	11095.0	0.648706004853074	-0.648706004853074	0.00383629031802223	12533.0	70.58690999211444	0.4583333333333333	1.219493889468243	1.1054818863022284	24	-0.5163249544724978
FCRL3	FCRL3	0.23436152419879802	11094.0	0.648679929450526	0.648679929450526	0.00011474120047027216	15746.0	88.684240171229	0.6666666666666666	2.2963841507138922	2.209806921396516	24	-0.7456326637904086
FLRT2	FLRT2	0.0322304492025421	11093.0	0.6486061110686421	-0.6486061110686421	0.0006445554167437	9104.0	51.27295257406781	0.25	0.9857685092224422	1.52427762319774	24	-0.2211948748853745
FNDC3B	FNDC3B	1.9394112684291e-06	11092.0	0.648458834141488	0.648458834141488	8.02193104313202e-07	10369.0	58.39810746873943	0.08	0.6489190334979109	0.4958160356632457	25	-0.0009281655358470594
MSN	MSN	2.17090902152006e-05	11091.0	0.6484347997887651	-0.6484347997887651	5.27238992420755e-05	8821.0	49.678945589726254	0.2	0.9610463832906985	1.524626242375375	25	-0.20504145528472806
POP4	POP4	0.0030090022040812803	11090.0	0.6484057355426421	0.6484057355426421	6.99372586462848e-07	4475.0	25.199954939731892	0.08	0.5386626293776571	0.5602656727446481	25	0.19587690537485883
EAF2	EAF2	0.007123742208145891	11089.0	0.6483993469011851	0.6483993469011851	0.000509135388839194	10296.0	57.9869325222485	0.24	0.7394713846181709	0.744056637280341	25	-0.12239933514990237
LINC01094	LINC01094	0.0138022016335475	11088.0	0.64837549161616	0.64837549161616	0.01741900945367985	6730.0	37.901318012842175	0.20833333333333334	0.8730576215992394	1.386551117970525	24	-0.16204388505484266
PKIA	PKIA	0.0111668682849622	11087.0	0.6482686598973281	-0.6482686598973281	2.00588022903307e-05	8122.0	45.741804663737746	0.20833333333333334	1.03241306111938	1.7148494529293286	24	-0.2240105687212667
ARHGDIA	ARHGDIA	5.3105768985205096e-08	11086.0	0.6482418077836379	-0.6482418077836379	3.5709862677569205e-07	10753.0	60.56100033795201	0.28	0.8649778249181069	0.6820941773749274	25	-0.317750868316437
TMEM43	TMEM43	2.4918300745352106e-09	11085.0	0.648123660228744	-0.648123660228744	0.000684303594574201	1072.0	6.032443393038188	0.04	0.32666947362369086	0.31945071412302495	25	1.006271616851846
SPATA32	SPATA32	0.0181213770160393	11084.0	0.648119680989426	0.648119680989426	0.007769070808169295	8414.0	47.38650444970147	0.125	0.8168201835033589	1.2995949790792578	24	-0.129810060233885
CNN3	CNN3	0.000463058541816428	11083.0	0.647736655770933	-0.647736655770933	0.00307015513315913	4876.0	27.458600878675227	0.16	0.7909261096515491	1.6220559873825553	25	-0.08827651757672988
INCENP	INCENP	2.2517333356848804e-09	11082.0	0.6474216886807199	0.6474216886807199	1.41690708766738e-05	7887.0	44.41815928804776	0.16	0.6298962308729853	0.6388346837930997	25	0.02743347888326398
ZC3HAV1L	ZC3HAV1L	6.45770480464734e-05	11081.0	0.647349307371105	0.647349307371105	0.04761819325570299	1062.0	5.976118057902444	0.12	0.9667092013674287	1.9849385242356068	25	-0.16089157930939355
UTP14A	UTP14A	2.5198377978434505e-08	11080.0	0.6471310934768979	0.6471310934768979	1.28820807993759e-06	5933.0	33.412188802523374	0.12	0.47421673261183755	0.45906415681136525	25	0.37666709173313406
KCNJ11	KCNJ11	0.0276601124562224	11079.0	0.6469349048816221	0.6469349048816221	0.00472063054070959	10889.0	61.327024895798125	0.16666666666666666	0.8055424610749028	1.1533419749362601	24	-0.1375199720811741
PPP4R1L	PPP4R1L	0.000184657510000362	11078.0	0.646768347360644	0.646768347360644	0.0108813975469205	3727.0	20.986819871578238	0.04	0.4464670655101952	0.685623144213534	25	0.29214486637584386
RASAL2	RASAL2	3.85194644225466e-05	11077.0	0.646511081721545	-0.646511081721545	0.0219949601898229	3504.0	19.730764898051145	0.08	0.6022082232013776	1.2931734096368297	25	0.034259023724134044
KDF1	KDF1	0.00185634598916997	11076.0	0.6465012922590639	0.6465012922590639	0.0368625073493518	11336.0	63.84476737636589	0.16666666666666666	0.9572958087282196	0.9579083675408298	24	-0.32445119700440284
THUMPD3.AS1	THUMPD3.AS1	0.000596873447233705	11075.0	0.646500338464324	0.646500338464324	6.0545868573249e-06	7146.0	40.24445195448912	0.04	0.49426125566815876	0.4137559255904298	25	0.3679441752499859
RAB30	RAB30	7.11135630379561e-05	11074.0	0.6464874956388779	0.6464874956388779	0.0239882240487976	2693.0	15.162780218542299	0.04	0.46029590694657485	0.639604616392108	25	0.29110419768790213
CASK	CASK	5.26273375018292e-07	11073.0	0.646444838452736	0.646444838452736	1.42037002280757e-06	10168.0	57.26596823251098	0.08	0.6544259262523792	0.6509424350001116	25	-0.012260819652419432
EFEMP2	EFEMP2	0.000262795229037797	11072.0	0.6462196614593221	-0.6462196614593221	2.444685110543121e-07	11187.0	63.005519882843295	0.3333333333333333	1.443745282031318	2.1280042429674753	24	-0.37477633007904926
TMEM189	TMEM189	3.174071393789e-14	11071.0	0.64597896731547	-0.64597896731547	0.000562747181401931	2062.0	11.60865157147685	0.04	0.3413327838276357	0.40899608996978004	25	0.7448633152222653
FBXO27	FBXO27	0.0606480205865439	11070.0	0.645976787081134	0.645976787081134	0.034297896580667	5054.0	28.461191844091474	0.04	0.4950034474988362	0.4544739158554168	25	0.33219362941464714
ANO4	ANO4	0.10297364580736401	11069.0	0.645839555061845	-0.645839555061845	0.00291999700576942	12073.0	67.99594457587023	0.2608695652173913	1.0239937777193218	1.1440403015530916	23	-0.33054274586665666
CDHR3	CDHR3	0.15432114584058	11068.0	0.6457972114047379	-0.6457972114047379	0.0114097661086589	4735.0	26.66441365326124	0.08	0.5543115091422822	0.7276536852234773	25	0.12572698265708437
VPS35	VPS35	6.27155837938452e-05	11067.0	0.645713314414937	0.645713314414937	1.67546301016622e-07	9064.0	51.04765123352484	0.12	0.6259575106427441	0.5216373549979624	25	0.037872678371107166
CISD2	CISD2	5.15636796813669e-06	11066.0	0.645338638185137	0.645338638185137	5.6386144399170205e-11	9969.0	56.14509406330967	0.12	0.6665807753001133	0.54699787544484	25	-0.03883403952474461
LINC01267	LINC01267	0.0791027473786855	11065.0	0.645298607337046	-0.645298607337046	0.0996437133568532	10603.0	59.71612031091585	0.17391304347826086	0.7350744823517144	0.7299516206680238	23	-0.12298880154894222
C11orf97	C11orf97	0.270848385106062	11064.0	0.6450260510646011	-0.6450260510646011	0.0221229975890013	14155.0	79.72287935113214	0.4782608695652174	1.44963023439211	1.393713703950418	23	-0.5773095156106272
PDXK	PDXK	6.593226692080279e-25	11063.0	0.6449706282502901	-0.6449706282502901	2.3248904115796103e-05	2464.0	13.87293004393376	0.12	0.4612301280214457	0.44712269324127685	25	0.4109397778423519
A4GALT	A4GALT	0.00217958895730818	11062.0	0.6449205049663471	-0.6449205049663471	2.38513162774173e-08	11161.0	62.859074011490364	0.28	1.0477816824758204	1.1471157072780565	25	-0.3511948925060105
SLC25A24	SLC25A24	1.2269593723647199e-05	11061.0	0.644789425867807	-0.644789425867807	0.0007396461875756441	3521.0	19.82651796778191	0.04	0.48087389233614325	0.5463545853341889	25	0.30001676188258114
AGPAT4	AGPAT4	1.1565316913417e-07	11060.0	0.6447426859313	-0.6447426859313	0.000144252572907463	4261.0	23.99459276782697	0.125	0.5869887186040817	0.6527831178327921	24	0.08847343895620127
HUS1B	HUS1B	0.20314359473073798	11059.0	0.644544704551223	-0.644544704551223	0.0002008989461822935	13595.0	76.56866058353047	0.4166666666666667	1.034858630027508	0.9099919918441296	24	-0.42892017619330974
C9orf72	C9orf72	0.000196616158030734	11058.0	0.644466360372156	-0.644466360372156	0.003993984152842679	6310.0	35.53565393714092	0.04	0.5102662377330062	0.5835712774775486	25	0.22996354998693855
RILPL1	RILPL1	2.2938289331044296e-09	11057.0	0.6442332650884941	-0.6442332650884941	0.0275218462593895	172.0	0.9631632308212233	0.08	0.3586675572952642	0.4380174523817208	25	0.6519505244379322
PIP5K1C	PIP5K1C	5.98620426801298e-11	11056.0	0.644213698786593	-0.644213698786593	1.89389851631239e-11	13654.0	76.90098006083136	0.48	0.984119343734005	0.5553588511539119	25	-0.6120468670683178
OR2K2	OR2K2	0.6598917504235129	11055.0	0.6440909684223659	-0.6440909684223659	0.010828546897718	14319.0	80.64661484735834	0.45454545454545453	1.3898464631904766	1.1564516545255747	22	-0.6448652581798164
TNFAIP6	TNFAIP6	0.163222431972845	11054.0	0.643963416527835	-0.643963416527835	0.228532463474943	10065.0	56.68581728061282	0.2916666666666667	1.2982520635968164	2.0878533171679186	24	-0.31337864671283294
STAP1	STAP1	0.0999691498653444	11053.0	0.6438637298145601	0.6438637298145601	0.040490285905320195	13329.0	75.07040666891967	0.4583333333333333	1.7100541515926977	2.3162306901622256	24	-0.46031270818860576
ARHGAP12	ARHGAP12	0.00404546769454742	11052.0	0.643863148077861	0.643863148077861	4.78920079268308e-08	12041.0	67.81570350343584	0.08	0.6353169385942705	0.26450996852610803	25	0.03230959321197374
FOXO4	FOXO4	1.32482662232256e-05	11051.0	0.6438500009297429	-0.6438500009297429	2.19761507618092e-12	13530.0	76.20254590514813	0.44	1.2470342357915545	1.1691141168169776	25	-0.515932727340627
GABARAPL3	GABARAPL3	0.5029914504605779	11050.0	0.643511909771241	-0.643511909771241	5.0399243599635855e-05	14057.0	79.17089106680184	0.5416666666666666	1.1287765562491965	0.9397242975260804	24	-0.516390443192183
ZNF267	ZNF267	0.0077255997484257	11049.0	0.643357081479123	0.643357081479123	0.000945952105621573	7988.0	44.987045172918776	0.08	0.5150692341997091	0.35272092268187616	25	0.3637092075627123
ATF7IP2	ATF7IP2	0.000256076879148436	11048.0	0.643295127204268	0.643295127204268	0.111365267094907	303.0	1.7010251210994705	0.04	0.3906745963708507	0.7782005428013451	25	0.32462137577550476
ZNF718	ZNF718	0.0033577104318274604	11047.0	0.6432874935767641	0.6432874935767641	2.02310012184581e-05	6452.0	36.33547369606849	0.08	0.5024524600165069	0.41841889938693344	25	0.33658860478484215
RAD54L2	RAD54L2	1.52290160148119e-10	11046.0	0.643232279208391	-0.643232279208391	0.0297363381233375	2893.0	16.289286921257183	0.0	0.3334229134761815	0.30838106263270754	25	1.004631617412912
CLEC2L	CLEC2L	0.354153545107237	11045.0	0.643214684097431	0.643214684097431	5.392632921555595e-05	15969.0	89.9402951447561	0.6666666666666666	1.520024869882232	0.9976949806076082	24	-0.8788359196222608
C10orf53	C10orf53	0.576340839139042	11044.0	0.643209174319944	0.643209174319944	2.1925466440226898e-05	15881.0	89.44463219556155	0.6521739130434783	1.8062689522821984	1.4193475570885392	23	-0.8194326838086089
ENPEP	ENPEP	0.008680093920499909	11043.0	0.64303633503736	-0.64303633503736	0.00010120728862028144	12794.0	72.05700123915737	0.375	1.2628816667353584	1.4693887768439462	24	-0.42183889074567765
CDS2	CDS2	5.01817585359986e-14	11042.0	0.6428532196827541	-0.6428532196827541	0.000588713349253595	3428.0	19.302692351019488	0.08	0.44003878438600014	0.5665502869195487	25	0.35798134778026164
ZNF260	ZNF260	0.0019020903999268602	11041.0	0.642720382709973	0.642720382709973	5.15186586071322e-06	9659.0	54.39900867410161	0.04	0.5465443236852828	0.41535109378460006	25	0.23155364332462025
BEX2	BEX2	0.0267680509252499	11040.0	0.6420862718176	0.6420862718176	0.000460561530185718	11998.0	67.57350456235214	0.24	0.9387647213493376	1.0403952095823494	25	-0.28515937674379965
SNRPE	SNRPE	3.10051834887886e-07	11039.0	0.6419897344090489	0.6419897344090489	0.000155087460233846	6973.0	39.27002365664075	0.08	0.5512511166538793	0.38028734657976715	25	0.23860540870280258
MICU3	MICU3	0.00913271563381838	11038.0	0.6416312067493879	-0.6416312067493879	0.009394290626711245	5797.0	32.64616424467725	0.25	0.9189134939201842	1.2247687597123242	24	-0.22639562364076368
NOL3	NOL3	0.0108949107780778	11037.0	0.641600327528828	0.641600327528828	0.000137469175274833	6722.0	37.856257744733576	0.12	0.5562995410538941	0.6336951391965717	25	0.13460855417493373
PRKCQ.AS1	PRKCQ.AS1	0.0173564899109094	11036.0	0.641503404418084	-0.641503404418084	0.000845766875959996	8375.0	47.16683564267207	0.16666666666666666	0.7209244360894433	0.7593300444536659	24	-0.10459355882395305
FKBP8	FKBP8	2.7928982662912004e-06	11035.0	0.6414854668380999	-0.6414854668380999	1.56400660338899e-09	11834.0	66.64976906612594	0.32	1.3847222937050703	1.7105915425548917	25	-0.4344911151360497
CSRNP3	CSRNP3	0.0872354480612492	11034.0	0.641379995376729	0.641379995376729	0.002424880571530145	9653.0	54.36521347302016	0.2916666666666667	1.0640067390777819	1.2602624714902935	24	-0.3353481939371611
GORASP2	GORASP2	6.6699410755296695e-22	11033.0	0.641353745354542	0.641353745354542	1.9886114579623102e-05	3779.0	21.279711614284107	0.08	0.37247770319403195	0.33151952311116856	25	0.8110413517648184
SLC12A7	SLC12A7	0.0156348954672723	11032.0	0.641344389424495	0.641344389424495	7.09155060849836e-05	9376.0	52.80500168976005	0.16	0.6642855019909153	0.7037823804676934	25	-0.03259688392763533
SLC30A1	SLC30A1	0.00851034313644579	11031.0	0.641289849109303	0.641289849109303	0.000733661272309587	5260.0	29.6214937478878	0.12	0.5006421880597671	0.5578287790167623	25	0.252134106987889
CRTAP	CRTAP	9.05945846265663e-08	11030.0	0.6411229949487	-0.6411229949487	3.2961502775100603e-09	9458.0	53.266869437873154	0.16	0.7456946681292821	0.9274761911065975	25	-0.11274863353183738
METTL26	METTL26	0.000673627697109309	11029.0	0.641093786672172	0.641093786672172	0.0182192386876339	1532.0	8.623408809282415	0.08	0.4638645230473314	0.8131623706511092	25	0.2179506455554884
LRIF1	LRIF1	6.35792236276921e-05	11028.0	0.641065371580171	0.641065371580171	5.2046058636386395e-08	12221.0	68.82955953587923	0.2	0.7411174903044572	0.30613133546379373	25	-0.32682743363303757
CMPK1	CMPK1	2.10200239511792e-06	11027.0	0.640827224953788	0.640827224953788	7.1611266435072e-07	10562.0	59.485186436859294	0.12	0.605273705005478	0.3853975239361837	25	0.09225155259221948
CPXM1	CPXM1	0.231388604672191	11026.0	0.640748032204869	0.640748032204869	7.418299002616243e-07	14844.0	83.6036949419849	0.5833333333333334	1.7948748579559741	2.0349057989852986	24	-0.5671647436095607
HID1	HID1	0.000410969750492866	11025.0	0.640745413632771	0.640745413632771	0.00148758127102558	11299.0	63.63636363636363	0.24	0.9135292787622434	1.0155269210749116	25	-0.2686131302562979
ZNF605	ZNF605	0.00015683780493277	11024.0	0.640467072102546	0.640467072102546	1.26780619746703e-05	8221.0	46.299425481581615	0.04	0.5169084672191004	0.4229670860534541	25	0.29212345110898397
NHLRC4	NHLRC4	0.0108620258056414	11023.0	0.640450502126757	-0.640450502126757	2.9301823062502153e-07	13558.0	76.36025684352822	0.4583333333333333	1.426377420187822	1.4251717435467022	24	-0.5514611987080212
NAA25	NAA25	1.1006335298295001e-08	11022.0	0.640448465173036	0.640448465173036	1.34268917750806e-05	9728.0	54.78765348653824	0.08	0.5808797186461581	0.47974269950298143	25	0.12416811467603737
IARS2	IARS2	4.01159539912944e-14	11021.0	0.6403917687078511	0.6403917687078511	2.88265544297113e-06	7727.0	43.51695392587585	0.08	0.5139223349509998	0.46265848319546415	25	0.27335375520050803
DARS2	DARS2	2.3862823210739395e-09	11020.0	0.6401629952895269	0.6401629952895269	4.76402891930851e-06	8093.0	45.578461191844085	0.04	0.5076278093212955	0.6514253841265188	25	0.20345413181272448
BFAR	BFAR	0.000108203229031699	11019.0	0.6401625059258339	0.6401625059258339	1.1952891598392e-05	7384.0	41.58499493071984	0.12	0.49676216971693044	0.49141675080893626	25	0.29181002880517964
FAM81B	FAM81B	0.187306630186428	11018.0	0.639962456806207	0.639962456806207	0.00011787899775524949	16533.0	93.11704404641208	0.6666666666666666	1.925735068818221	1.4030889540650267	24	-0.9163870959762573
EMILIN2	EMILIN2	0.0019020903999268602	11017.0	0.639915142937879	-0.639915142937879	0.000278624534753242	11364.0	64.00247831474597	0.4	0.781974454801391	0.6504923672077872	25	-0.21838736167389025
NEURL1B	NEURL1B	0.00160353797716722	11016.0	0.639603094916687	-0.639603094916687	2.9559160533979003e-07	10965.0	61.75509744282978	0.12	0.9008230678825406	1.0611416621104186	25	-0.24616880317971346
C20orf194	C20orf194	1.0694867496657001e-09	11015.0	0.6395393800041379	-0.6395393800041379	0.12280060547533501	5.0	0.022530134054297622	0.08	0.2603020223345899	0.39193731506149737	25	0.9675969679234123
MYO1E	MYO1E	2.9123129598484998e-05	11014.0	0.6395355090114301	0.6395355090114301	0.0171463957728372	289.0	1.6221696519094286	0.08	0.3633474493598544	0.3749046073394958	25	0.7366888916397681
ENTPD5	ENTPD5	1.87630483577918e-05	11013.0	0.6394712301372459	0.6394712301372459	5.26876577710217e-08	5547.0	31.238030866283655	0.08	0.4549201413510764	0.3790750833498298	25	0.48684573819866817
VN1R1	VN1R1	0.00867875160945372	11012.0	0.639410989845234	0.639410989845234	6.72095854101361e-05	16865.0	94.98704517291877	0.5652173913043478	3.3595601288037686	3.441750565108457	23	-0.7903388370251686
GPR65	GPR65	0.00045394592222800195	11011.0	0.639340670252619	-0.639340670252619	0.12694098161477618	12140.0	68.37332432127971	0.4166666666666667	1.4974521106919587	2.20477790934607	24	-0.38920538744596406
DPY19L1P1	DPY19L1P1	0.000178475242867715	11010.0	0.6393259130801949	0.6393259130801949	1.0199414025204901e-06	7129.0	40.14869888475836	0.16	0.6227984557353433	0.5556882110280135	25	0.029742321353688803
CDK7	CDK7	1.85016735967157e-05	11009.0	0.639280082791963	0.639280082791963	2.37769482381599e-08	9584.0	53.976568660583524	0.08	0.6533194057421542	0.5797143112001316	25	-0.024217658041125106
ZNF667.AS1	ZNF667.AS1	0.0475619449206504	11008.0	0.6391429042188829	-0.6391429042188829	0.003327145538578866	3135.0	17.652360031542187	0.25	0.9547954178937127	1.768666002278083	24	-0.17846926059994483
INPP5E	INPP5E	6.56830828966356e-10	11007.0	0.639090720173749	-0.639090720173749	5.1230661632719505e-11	11098.0	62.50422440013518	0.28	0.7349749220122355	0.45082372268144205	25	-0.21268668220957726
ZIM2	ZIM2	0.0472232315241361	11006.0	0.638897896460969	-0.638897896460969	0.0001150628012716285	13891.0	78.23589050354849	0.4583333333333333	1.3722811332816065	1.2120112405251289	24	-0.6050960686659013
RBMS1	RBMS1	2.64386491925133e-13	11005.0	0.638849506883447	-0.638849506883447	0.00360261239418778	1708.0	9.61473470767151	0.08	0.41033659565147895	0.5378850972049048	25	0.4248359220573778
PLEKHA1	PLEKHA1	0.00017080211184059598	11004.0	0.6388439696806779	-0.6388439696806779	0.00011623042767921399	5416.0	30.50016897600541	0.08	0.4318387118201747	0.3705499816937027	25	0.5586432818437276
HAGHL	HAGHL	0.00420065856220842	11003.0	0.6387882984463371	0.6387882984463371	4.8541456610688396e-05	7372.0	41.51740452855694	0.2	0.7533557453438823	0.9353308268355222	25	-0.12248868914666045
JAG1	JAG1	2.6767578882669603e-06	11002.0	0.638549963438437	-0.638549963438437	0.0315071870341433	165.0	0.9237354962262025	0.12	0.47563798603208796	0.8902051579239795	25	0.18300498031967272
ZNF546	ZNF546	6.44641327060764e-05	11001.0	0.638267373107755	0.638267373107755	7.81348580193712e-05	6651.0	37.4563478652698	0.08	0.5909775623714071	0.766312393127981	25	0.06171087817504492
CYP3A5	CYP3A5	0.152062654687513	11000.0	0.6382236764642739	-0.6382236764642739	0.00013149969692592895	13724.0	77.29525740678156	0.5	1.3941271673316538	1.5279929041175533	24	-0.4947035348334483
SPAG6	SPAG6	0.191253222887429	10999.0	0.638223472362777	-0.638223472362777	0.00010027188693407714	14019.0	78.95685479328601	0.4583333333333333	1.707115973277025	1.9228919215496316	24	-0.555877576339726
DCAF4	DCAF4	0.000129604317306834	10998.0	0.638183437641495	0.638183437641495	1.7043285909096598e-07	3772.0	21.240283879689084	0.12	0.6204493935253101	1.0000985157542708	25	0.017732297205550685
TBC1D32	TBC1D32	0.000117772380862276	10997.0	0.638144212733597	0.638144212733597	2.346107279887175e-06	10733.0	60.44834966768052	0.375	0.9371683422617995	0.8966190510474497	24	-0.3335018692485689
ZNF300	ZNF300	0.0152236225680763	10996.0	0.63791733904081	0.63791733904081	0.0607406115884803	2687.0	15.128985017460852	0.04	0.58705503912282	1.1136348905696953	25	0.04567232972735863
DRD2	DRD2	0.239211749053776	10995.0	0.637765882276099	0.637765882276099	1.7539979185439865e-07	16377.0	92.23836881829446	0.625	1.8026915874369942	1.4577868041929394	24	-0.7991056729353658
LMAN2	LMAN2	4.1766229111835796e-10	10994.0	0.637467216187689	0.637467216187689	0.0020456084815563	2433.0	13.698321505012954	0.04	0.2843545873815972	0.2764449036308689	25	1.2773345580557192
SRP9	SRP9	6.099638988308049e-06	10993.0	0.637459514835755	0.637459514835755	2.2181862908517202e-10	12122.0	68.27193871803537	0.24	0.9311954909091285	0.9918836304281947	25	-0.2961395541396001
RAC3	RAC3	0.000355623582023104	10992.0	0.6372881482262199	0.6372881482262199	3.97592538991813e-08	11671.0	65.73166610341332	0.4	1.4442766061411398	1.8665540694782425	25	-0.4323413241066717
C1orf109	C1orf109	2.16274538517836e-08	10991.0	0.637218808611714	0.637218808611714	0.0022533411411717603	4084.0	22.9976343359243	0.04	0.346280489015452	0.290964566919277	25	0.9999097920296861
CFI	CFI	0.0129719682431622	10990.0	0.637086127582536	0.637086127582536	9.29773971763783e-06	12638.0	71.17832601103976	0.4166666666666667	1.4818959431294234	1.7716497309805237	24	-0.476849233103953
KCNIP2.AS1	KCNIP2.AS1	0.0125819449131741	10989.0	0.6369060430201079	0.6369060430201079	2.275983819054609e-08	14710.0	82.84893545116593	0.5833333333333334	1.1456661462856912	0.7789297579678937	24	-0.6531527368948634
EFCAB12	EFCAB12	0.0420062820425082	10988.0	0.636799681810431	-0.636799681810431	0.0020773538399497353	8203.0	46.19803987833727	0.08333333333333333	0.6168660861211447	0.809843875893567	24	0.024614121663008137
DARS.AS1	DARS.AS1	2.51776141865429e-05	10987.0	0.6367785025980379	0.6367785025980379	0.0151146685481755	838.0	4.714430550861778	0.04	0.326537419494909	0.42464525094565697	25	0.7305888442464445
RGS5	RGS5	0.0019133375122761898	10986.0	0.636658814737945	-0.636658814737945	6.948108232660769e-06	12685.0	71.44305508617776	0.32	1.2386703494795392	1.4579175620437768	25	-0.4129256347647438
ALG10B	ALG10B	4.3611179563999e-05	10985.0	0.636564314228944	0.636564314228944	3.2166091964427002e-06	10140.0	57.108257294130894	0.08	0.6398800519697794	0.4660037871728161	25	-0.007115259214847854
STUM	STUM	0.0598052382202199	10984.0	0.6365280013185489	-0.6365280013185489	9.090902135514731e-10	17665.0	99.4930719837783	0.7391304347826086	4.087421065160798	2.874692012757242	23	-1.20043922915149
TMEM33	TMEM33	3.82751809041401e-05	10983.0	0.6364379061947739	0.6364379061947739	8.569835471654309e-08	10888.0	61.32139236228455	0.2	0.69212106379339	0.43903955802488265	25	-0.126829477164015
THOC2	THOC2	1.52019371953953e-07	10982.0	0.6361263240742889	0.6361263240742889	5.3089067914177995e-08	9354.0	52.681085952461416	0.16	0.5941441719160759	0.41043300157069224	25	0.10228746713239642
MOSPD1	MOSPD1	3.3345721646531103e-06	10981.0	0.635774729872178	0.635774729872178	3.81047100384651e-08	10842.0	61.062295820660125	0.16	0.7309271950247254	0.41428643375068935	25	-0.22967796529347265
JAKMIP3	JAKMIP3	0.0111895215498494	10980.0	0.6357141215450439	0.6357141215450439	0.009889083011365409	4944.0	27.84161315759829	0.2	0.6861986706752896	1.0587763609210241	25	-0.047681976093921705
EIF2AK1	EIF2AK1	7.00251315853358e-15	10979.0	0.6356763728508399	0.6356763728508399	1.48962364572063e-08	7393.0	41.63568773234201	0.08	0.5107805119232885	0.535796112556128	25	0.23310333539321398
ZNF182	ZNF182	6.72460270102223e-06	10978.0	0.635580879454834	0.635580879454834	0.00182677272214335	3332.0	18.761969133716345	0.12	0.6132589288486026	1.1586183130388517	25	0.019266008792563353
PCDHAC1	PCDHAC1	0.10694350428897198	10977.0	0.6354190575109929	0.6354190575109929	0.01592257756459858	4783.0	26.934775261912808	0.125	0.5433553160629636	0.7072251965552351	24	0.1301759918855479
PCBP3	PCBP3	0.01223335444772	10976.0	0.6354121683783389	0.6354121683783389	2.78692208312594e-07	17455.0	98.31023994592768	0.7083333333333334	3.5953673686504923	2.706193104648221	24	-1.0937708751042432
APCDD1	APCDD1	0.0252943188676233	10975.0	0.6353948129502421	-0.6353948129502421	5.726092455233325e-07	13236.0	74.54658105215725	0.4583333333333333	1.4842766478317178	2.205695821286562	24	-0.38485897587924467
TRAPPC3	TRAPPC3	1.5853116576348801e-06	10974.0	0.6353469538294251	0.6353469538294251	0.0024992872408000897	264.0	1.4813563140700685	0.08	0.30951158138212853	0.42356517383270464	25	0.7692685626132039
BET1	BET1	2.84943143239161e-05	10973.0	0.6353314363932371	0.6353314363932371	9.67882947194834e-09	11061.0	62.295820660132925	0.16	0.8762265521337501	0.9122091473667481	25	-0.2640788205598454
P2RX4	P2RX4	4.21015407113588e-06	10972.0	0.6351706299712441	0.6351706299712441	1.35647423208743e-05	7363.0	41.46671172693477	0.08	0.6840307867189621	1.0616123007730385	25	-0.046024482489642735
FMN1	FMN1	0.00100288583153531	10971.0	0.635053967504314	0.635053967504314	6.202142060312945e-05	9591.0	54.01599639517855	0.20833333333333334	0.6736557738995966	0.5640574131564652	24	-0.06843595260855975
TSPEAR.AS2	TSPEAR.AS2	0.16091324081134198	10970.0	0.634973490684393	-0.634973490684393	0.14908340695419303	926.0	5.210093500056326	0.125	0.5099024915999869	0.7653942487821737	24	0.16340728883631908
LINC00337	LINC00337	0.36393529012855	10969.0	0.634948328122938	0.634948328122938	0.020437517736029698	6558.0	36.932522248507375	0.20833333333333334	0.7604021542875293	1.0247525062418326	24	-0.12242353680566197
ACTL7A	ACTL7A	0.6568339162008361	10968.0	0.634911673181229	0.634911673181229	0.0001325430926685339	17332.0	97.61743832375802	0.75	2.6804499413431064	1.7624948887829686	24	-1.1605924540152026
PKP1	PKP1	0.271375397139995	10967.0	0.634869532781315	-0.634869532781315	4.87068652636396e-05	15154.0	85.34978033119296	0.5652173913043478	1.901605606943572	2.2271427893638545	23	-0.5687718273887947
EPHA4	EPHA4	0.0235592705915558	10966.0	0.634511357758291	0.634511357758291	0.0017831370067041199	6451.0	36.329841162554914	0.16	0.8474343876097433	1.4333677116597179	25	-0.14854738816804067
PLAC4	PLAC4	0.11019014167228501	10965.0	0.6344894718430699	0.6344894718430699	2.428231497582275e-05	17389.0	97.93849273403175	0.7916666666666666	3.309820829847818	2.8106831099063645	24	-0.9518438235087535
SLC4A3	SLC4A3	0.00261599179549686	10964.0	0.634228737477881	0.634228737477881	3.459814517414325e-06	12300.0	69.27452968345162	0.4166666666666667	1.1083548752957266	1.349054271658993	24	-0.351450751669754
CCDC184	CCDC184	0.15794412633272198	10963.0	0.634165044131615	0.634165044131615	2.873789447748897e-07	13766.0	77.5318238143517	0.4583333333333333	1.3418599895049776	1.2596735573687312	24	-0.561808209145575
CA3	CA3	0.0512807428800861	10962.0	0.6341568502094351	0.6341568502094351	4.1072899897980395e-05	17366.0	97.80894446321955	0.7083333333333334	2.5870571547322476	2.1173084136500817	24	-0.9223504199636925
FLCN	FLCN	2.2513638258276397e-05	10961.0	0.633844047141066	-0.633844047141066	2.9688934918426196e-05	5699.0	32.09417596034696	0.12	0.55840101643271	0.6406563607256388	25	0.11775896616854865
CDSN	CDSN	0.0263066682452034	10960.0	0.633741780088567	0.633741780088567	7.69220307598869e-06	16849.0	94.89692463670158	0.6666666666666666	2.3328559213571016	1.676507400967648	24	-1.0134844261873455
LGALS12	LGALS12	0.19355823864306196	10959.0	0.633658673858294	-0.633658673858294	1.144118380432577e-06	15133.0	85.2314971274079	0.6666666666666666	2.0844012844218875	1.9549731050098247	24	-0.7420780402788727
ZNF594	ZNF594	0.000426162158942617	10958.0	0.633469622278193	0.633469622278193	0.021913753781511003	1703.0	9.586572040103638	0.04	0.43218810974378125	0.9150425279174085	25	0.2199695712422444
SOBP	SOBP	0.0327957281845575	10957.0	0.633448169630739	-0.633448169630739	3.28389952316432e-06	10156.0	57.198377830348086	0.32	1.04523843535257	1.359872997686838	25	-0.30281523820407624
PPM1M	PPM1M	0.00028913779759393796	10956.0	0.633243520969078	-0.633243520969078	3.07646033276162e-06	6746.0	37.99143854905936	0.16	0.6325520241793108	0.7235851589877915	25	0.000955653638245608
TMEM135	TMEM135	0.000732567478177234	10955.0	0.633129066455497	0.633129066455497	2.31777321900948e-05	8876.0	49.98873493297285	0.04	0.5031178271661583	0.29833019655614806	25	0.4357964456503472
RAP1A	RAP1A	3.08129718451125e-06	10954.0	0.633105279330104	-0.633105279330104	0.000762322744328698	5805.0	32.691224512785844	0.16	0.5227392367547954	0.5467789681536067	25	0.20184763680285417
PISD	PISD	1.36181854602074e-06	10953.0	0.632860995299585	-0.632860995299585	0.00844714561419969	148.0	0.8279824264954376	0.08	0.31442086197185437	0.4454212200367734	25	0.7149190900726295
GP1BA	GP1BA	0.005435285132016529	10952.0	0.632668385998562	-0.632668385998562	3.13685055993087e-07	10522.0	59.25988509631632	0.20833333333333334	0.9500146370669609	1.28961464510548	24	-0.24607835547838597
FKBPL	FKBPL	3.97887023306465e-05	10951.0	0.6323269917102751	0.6323269917102751	0.00036653093042614504	3482.0	19.606849160752507	0.12	0.5226528897935329	0.7701573264280129	25	0.14240480243875667
MCOLN2	MCOLN2	0.0954995536397371	10950.0	0.632307519661501	-0.632307519661501	0.02040496814080894	6568.0	36.98884758364312	0.16666666666666666	0.6148711839587586	0.8875642081714162	24	0.019645154167116766
CCDC17	CCDC17	0.12231230480890701	10949.0	0.632291167483676	-0.632291167483676	0.008195057337477555	7339.0	41.331530922608984	0.16666666666666666	0.6040822878537053	0.6817224913849703	24	0.04137883080938433
PTPRC	PTPRC	0.0275760320548783	10948.0	0.632276221412011	-0.632276221412011	0.00549191637421732	13277.0	74.77751492621381	0.4166666666666667	1.6444601929610736	2.638788986320495	24	-0.38357897383846645
SMYD3	SMYD3	5.9909926986884695e-06	10947.0	0.6321738967374321	0.6321738967374321	1.1224861431566e-07	8761.0	49.34099357891179	0.12	0.5940339958941303	0.637922219216473	25	0.059787697770030714
ATP7B	ATP7B	4.6482594572357204e-07	10946.0	0.631981695831604	-0.631981695831604	0.10655128142351	1103.0	6.207051931958995	0.04	0.37069039902679957	0.452428734676535	25	0.5775302866021879
ZNF253	ZNF253	0.0053089454647474	10945.0	0.63189753311908	0.63189753311908	2.13920030008293e-05	10727.0	60.41455446659907	0.08	0.632241220163841	0.4917925877003979	25	-0.0006988455160904737
ASIC1	ASIC1	0.005672206518267621	10944.0	0.631715241065223	0.631715241065223	7.762226009365985e-07	15297.0	86.1552326236341	0.625	1.75794680885132	1.698791014941986	24	-0.6629606336978171
ARSF	ARSF	0.468678152142916	10943.0	0.6315043491280179	0.6315043491280179	0.0005646892110571097	14800.0	83.35586346738762	0.5416666666666666	1.7030014444954606	1.4651537290987129	24	-0.7313205939328787
AKAP13	AKAP13	0.00028414355212064705	10942.0	0.631375110786218	-0.631375110786218	0.00290507111428874	2441.0	13.743381773121548	0.12	0.45169999076116285	0.5016224291711188	25	0.35818797082489
MTUS1	MTUS1	0.000251120866869825	10941.0	0.6312295059384849	0.6312295059384849	6.568425746374521e-07	11413.0	64.27847245691112	0.16	0.7384585465723916	0.5113862623896578	25	-0.20968306839694115
LINC01198	LINC01198	0.48320111638262303	10940.0	0.631130600741832	0.631130600741832	0.00364231076411584	12011.0	67.64672749802861	0.4166666666666667	1.3831738727539802	1.6393553156460126	24	-0.4587433028304753
OAS3	OAS3	0.0010035264469851	10939.0	0.631061660955285	0.631061660955285	1.5302925748579903e-05	9395.0	52.91201982651796	0.16	0.823073290619098	0.9243659942867537	25	-0.2077225155951028
GIT1	GIT1	3.53781362399951e-05	10938.0	0.6310146017227181	-0.6310146017227181	9.230059909567989e-10	11273.0	63.489917765010695	0.2	0.8430838104974169	0.8118102706564552	25	-0.26123001449983263
PTHLH	PTHLH	0.0232423547613375	10937.0	0.631011743786519	-0.631011743786519	6.082836826767656e-06	15545.0	87.55210093500055	0.5416666666666666	1.6963400310025039	1.6364940162592243	24	-0.6509820852575818
COL12A1	COL12A1	0.000533627870557435	10936.0	0.630929105368194	-0.630929105368194	6.76426858707911e-05	13145.0	74.03402050242198	0.375	1.055556091034944	1.1395552378284073	24	-0.37262518882010504
RPGR	RPGR	0.000868111265464732	10935.0	0.6308380822102789	-0.6308380822102789	0.00031230975874086	5006.0	28.1908302354399	0.08	0.6018384567419514	0.8186301272023271	25	0.03542457638034157
FAM234A	FAM234A	0.000208254878676096	10934.0	0.630385404174904	0.630385404174904	0.0014159124858675802	3385.0	19.06049340993579	0.12	0.443475797375845	0.5693129571702946	25	0.3283073122524242
CERS1	CERS1	0.13362106171343	10933.0	0.630087713540276	-0.630087713540276	2.44670467534056e-08	15537.0	87.50704066689197	0.68	1.8607653626214742	1.5167253908969776	25	-0.8114043955929205
SGMS1	SGMS1	0.00013067745167020902	10932.0	0.630083597642196	-0.630083597642196	1.5377651344686098e-05	5631.0	31.711163681423905	0.08	0.46269384076458137	0.3490499344275871	25	0.47955819602751093
LTN1	LTN1	0.000205835466327475	10931.0	0.629892624333927	0.629892624333927	3.1632500444028805e-05	10096.0	56.860425819533624	0.04	0.5590796983879233	0.41393705991221474	25	0.1710717227421515
PDPN	PDPN	0.00155142476355845	10930.0	0.6298386080374799	-0.6298386080374799	9.8449115151551e-07	14819.0	83.46288160414554	0.5833333333333334	1.5745044128814547	1.5761895681454123	24	-0.5993351459339338
TEKT3	TEKT3	0.10672585683488	10929.0	0.629740937039822	-0.629740937039822	0.031927105466506706	11221.0	63.197026022304826	0.25	0.8454747950869392	0.582120367081766	24	-0.37060008590425203
MBP	MBP	0.000151037430027902	10928.0	0.629734000199399	-0.629734000199399	6.471320274381239e-07	14765.0	83.15872479441252	0.5833333333333334	1.8861681837122557	2.7443039051057365	24	-0.45783347142249065
CD5	CD5	0.143868302092196	10927.0	0.629725848033223	-0.629725848033223	1.4637789082362543e-05	16008.0	90.15996395178551	0.5833333333333334	2.001367722427474	2.136501042040751	24	-0.6420038405804293
SALL2	SALL2	0.0228271597068793	10926.0	0.629688219858448	0.629688219858448	6.8449828463248495e-09	14006.0	78.88363185760954	0.48	1.407394806984904	1.4115223444057476	25	-0.5509700857437516
EFCAB5	EFCAB5	0.00787935160564759	10925.0	0.629680504098766	0.629680504098766	0.00218546708406585	10134.0	57.07446209304945	0.08	0.7405523791851532	0.9221431983082388	25	-0.12023281773350647
CXXC4	CXXC4	0.05689033349523901	10924.0	0.629582040607832	0.629582040607832	0.000101024698011529	12436.0	70.04055424129773	0.16	0.9401302237212806	0.9945233769066926	25	-0.3122583041530503
PLTP	PLTP	0.00545549725447434	10923.0	0.62943794802399	0.62943794802399	0.000380479054633978	6338.0	35.693364875521006	0.04	0.5238804796832414	0.520012636125724	25	0.20299019871360952
COPB1	COPB1	1.54745702910863e-17	10922.0	0.629312614244169	0.629312614244169	4.565178558475179e-09	11592.0	65.28669595584093	0.2	0.6763291156495755	0.3710590789786568	25	-0.12670893684860077
JRK	JRK	0.0524063726059896	10921.0	0.6291238647901679	0.6291238647901679	0.007395658923919791	530.0	2.9796102286808606	0.12	0.4514135479419567	0.579650277147415	25	0.3065819578708084
INTS2	INTS2	3.4371558808576797e-06	10920.0	0.628881137620214	0.628881137620214	3.4020798380002696e-05	7588.0	42.734031767489014	0.04	0.4267531398043507	0.2758981234186912	25	0.7326182407885483
NUP155	NUP155	6.32171520790636e-11	10919.0	0.6285701924869671	0.6285701924869671	0.00021463449126365902	9786.0	55.114340430325555	0.08	0.5646644022932165	0.49021268561607956	25	0.130363395458517
MECP2	MECP2	2.6118718716616698e-11	10918.0	0.628428597674515	-0.628428597674515	0.0027181712551157602	3310.0	18.63805339641771	0.08	0.39213758553223904	0.36761002261531334	25	0.6427763053390506
PRAP1	PRAP1	0.298947903113505	10917.0	0.628186488304204	0.628186488304204	2.613094893889968e-05	16899.0	95.1785513123803	0.75	2.529631905147583	1.9410655641711239	24	-0.9795884548883521
RNF149	RNF149	1.1542785890515498e-06	10916.0	0.628083599407565	-0.628083599407565	0.0015002892479352	3962.0	22.310465247268223	0.04	0.3325025274007665	0.26572338827850284	25	1.1123637776927713
LAYN	LAYN	0.000210710998364494	10915.0	0.628013610448752	-0.628013610448752	0.00020143133205802947	11551.0	65.05576208178438	0.3333333333333333	1.1629881253510503	1.4648295865334025	24	-0.3652128000557007
SMPDL3A	SMPDL3A	0.023462746606473996	10914.0	0.6278626172113589	0.6278626172113589	1.64761837139782e-08	10885.0	61.304494761743825	0.16	0.7071791186800455	0.4869470608896778	25	-0.16288526585163304
PPRC1	PPRC1	0.000170261567718526	10913.0	0.6276800698543901	-0.6276800698543901	4.92505849159695e-11	10226.0	57.592655176298294	0.16	0.6833745242865841	0.710917018495062	25	-0.0783417093461814
SLA2	SLA2	0.0292897484964516	10912.0	0.6275679727335389	-0.6275679727335389	0.000133499418166172	2677.0	15.072659682325108	0.04	0.45286971614235283	0.5076010368405853	25	0.34416449910848185
ZCCHC9	ZCCHC9	1.97851176253863e-06	10911.0	0.627312420652995	0.627312420652995	4.857171158991429e-05	6424.0	36.177762757688406	0.08	0.48083648117859157	0.49542863826029176	25	0.29565497059022827
UBAP1L	UBAP1L	3.99715009249039e-06	10910.0	0.6269894547664971	-0.6269894547664971	2.9444190602694928e-08	8273.0	46.59231722428748	0.08333333333333333	0.4846332410241461	0.3692673697324866	24	0.38550986469635834
HECA	HECA	1.83123392675177e-06	10909.0	0.6269841101363841	-0.6269841101363841	0.0188228625309868	986.0	5.54804551087079	0.08	0.3821091406622054	0.49140634145890794	25	0.4983146305096176
RCN3	RCN3	0.0519315107875741	10908.0	0.626975578372006	0.626975578372006	8.706891957208741e-05	12485.0	70.31654838346287	0.4	0.919102963756478	0.8091723309857961	25	-0.36101998820026376
RGL1	RGL1	3.16541674513132e-07	10907.0	0.626916203481911	-0.626916203481911	0.0026039134441273	4563.0	25.69561788892644	0.16	0.6534880154651733	0.9610044529831913	25	-0.027650040435064527
SHROOM1	SHROOM1	0.0212534514523339	10906.0	0.62690591576687	0.62690591576687	0.0148002608334427	8699.0	48.99177650107018	0.20833333333333334	0.7432842576470514	0.9596367527120784	24	-0.12127332717434863
FAM220A	FAM220A	2.26908244323683e-09	10905.0	0.626597790470787	0.626597790470787	0.000422943342647476	194.0	1.0870789681198603	0.04	0.25406154681055404	0.2606791714908941	25	1.4290986177744784
COG7	COG7	1.09474055790085e-05	10904.0	0.6263491826131079	0.6263491826131079	9.23975449278953e-07	3645.0	20.524952123465134	0.08	0.39276446574621693	0.3867769443149412	25	0.6039261654559475
PSMG3	PSMG3	2.2730423031907796e-08	10903.0	0.626140975557402	0.626140975557402	3.10132163963606e-11	10372.0	58.415005069280156	0.2	0.5883598890386222	0.535395075908303	25	0.07056674261466409
GNA14.AS1	GNA14.AS1	0.358409845450731	10902.0	0.626038997010933	0.626038997010933	0.10307949941756402	10913.0	61.46220570012391	0.34782608695652173	1.0633461628665086	1.1037069428398811	23	-0.3962167391376258
TMED7	TMED7	0.00196348241741059	10901.0	0.6259678576627329	0.6259678576627329	8.86701547777989e-08	7262.0	40.89782584206375	0.12	0.5602433206316919	0.4585374383864039	25	0.14333515985592374
NOXRED1	NOXRED1	0.00714792983906635	10900.0	0.625934149319567	0.625934149319567	0.0005563845885021141	9355.0	52.686718485974986	0.20833333333333334	0.6115612935774822	0.6536040011069669	24	0.021990158747104395
UGGT1	UGGT1	7.815794826425259e-09	10899.0	0.6257769152922429	0.6257769152922429	0.0876328545979619	543.0	3.052833164357328	0.04	0.2959200766343327	0.4015846126290501	25	0.8213881415884927
ADCY7	ADCY7	0.00168393480425268	10898.0	0.625772137700567	-0.625772137700567	0.0772166219864228	5942.0	33.462881604145544	0.08	0.4778729532360043	0.5087076703793257	25	0.29073511778243766
SLC40A1	SLC40A1	0.0012118217081555599	10897.0	0.625655977762803	-0.625655977762803	3.4820392994555195e-05	10620.0	59.81187338064661	0.16666666666666666	0.8238503944391574	0.9964892620610105	24	-0.19889267674238104
LAMA2	LAMA2	0.00820881788338761	10896.0	0.625597759156573	-0.625597759156573	6.20623751382021e-05	11094.0	62.48169426608088	0.36	1.2316106549390127	1.4291511668819434	25	-0.42403694572395084
LRRCC1	LRRCC1	0.0308662838891238	10895.0	0.625439039060468	0.625439039060468	1.90953279013009e-05	11230.0	63.247718823926995	0.12	0.8887649769240308	1.453303400572983	25	-0.1811913037289689
KCNG1	KCNG1	0.19671603632403198	10894.0	0.625360446258496	0.625360446258496	2.0601488112632962e-05	13332.0	75.0873042694604	0.375	1.2666977741269079	1.5037892064611713	24	-0.4264808692021767
FXYD3	FXYD3	0.15390037463033499	10893.0	0.62526614740018	0.62526614740018	4.31569983266979e-06	16314.0	91.88351920693927	0.6956521739130435	2.038527074235084	1.7590602976197922	23	-0.8034181254316332
TBKBP1	TBKBP1	0.00117594104183479	10892.0	0.625240885487093	-0.625240885487093	4.4458988956211894e-11	12377.0	69.70823476399684	0.36	1.0062801308530822	0.783129714392456	25	-0.48655955503054243
SOX9.AS1	SOX9.AS1	0.06514211048098001	10891.0	0.6247910878818	0.6247910878818	0.0015484191561568404	9611.0	54.12864706545003	0.2916666666666667	0.888141505724284	0.8565908186284588	24	-0.30744015942658687
ABCC5	ABCC5	1.40114816717408e-07	10890.0	0.6246225480521601	0.6246225480521601	0.000363525798845821	3026.0	17.03841387856258	0.08	0.4106872415789277	0.5150665694722766	25	0.4153546728773812
PGAP1	PGAP1	0.0007921453159793191	10889.0	0.624509334330411	-0.624509334330411	0.0166586422396629	4175.0	23.51019488565957	0.08	0.4063840431405449	0.36432454663542224	25	0.5987114873380821
TRMT1L	TRMT1L	1.36514997068103e-06	10888.0	0.624505580410368	0.624505580410368	0.00034997631519237903	6563.0	36.960684916075245	0.04	0.3782561737331838	0.34888854676068737	25	0.705811093438082
SCN5A	SCN5A	0.0410256846620851	10887.0	0.6242221015812289	0.6242221015812289	1.371547661208545e-09	16555.0	93.24095978371071	0.625	1.9185923095999151	1.4992984437473433	24	-0.8633172490885404
SOGA1	SOGA1	1.8004005729798199e-06	10886.0	0.624174522731933	-0.624174522731933	3.75814128278724e-09	10333.0	58.195336262250756	0.16	0.7249449109743742	0.7037788409748501	25	-0.1431847369876275
TNFRSF1A	TNFRSF1A	1.0165175960533199e-07	10885.0	0.62397819865463	-0.62397819865463	8.66943333159207e-06	5971.0	33.6262250760392	0.16	0.6723185258477075	1.0769349312909844	25	-0.04488695258043966
CCDC9	CCDC9	6.86652854234252e-05	10884.0	0.623948287151526	-0.623948287151526	5.434110563448415e-09	14131.0	79.58769854680635	0.5	1.601573209197506	1.3318158723278575	24	-0.7340541154065138
CACNA1C	CACNA1C	0.00332020425759908	10883.0	0.623914087807022	-0.623914087807022	2.514508592068105e-05	8857.0	49.88171679621493	0.25	0.9958908446152676	1.315088552066847	24	-0.28285301109467625
ERBIN	ERBIN	5.6280648965090505e-05	10882.0	0.6236782529392739	0.6236782529392739	1.8089208952810603e-05	8718.0	49.09879463782809	0.12	0.56812544238026	0.448283709500433	25	0.12392333109967783
PDGFRB	PDGFRB	0.0142836641481884	10881.0	0.6236648099521589	-0.6236648099521589	6.94177271806762e-10	14557.0	81.98715782358904	0.5833333333333334	1.7794921291712182	2.062829431638847	24	-0.5603116290137446
CDKL1	CDKL1	5.447870233664401e-06	10880.0	0.623661186149114	-0.623661186149114	0.00205901060890473	4408.0	24.822575194322408	0.04	0.40462027268599476	0.31039226014887944	25	0.7056906424085976
SDF2L1	SDF2L1	0.00024330519962569903	10879.0	0.6232540371948989	0.6232540371948989	0.0656198301392878	2278.0	12.825278810408921	0.12	0.4950791249362868	0.7874231580155286	25	0.16277767672167498
WNT7B	WNT7B	0.0195478134402945	10878.0	0.6232149595003129	0.6232149595003129	0.001130061662642886	9905.0	55.78461191844091	0.375	1.0451557785053005	1.3577864046064931	24	-0.3107564029021725
ABCA2	ABCA2	0.000440876747638959	10877.0	0.623045996543915	-0.623045996543915	2.0193761665036897e-09	11015.0	62.0367241185085	0.4	1.3785430256899693	1.5059258293829434	25	-0.5016827617968549
ZNF786	ZNF786	0.000280880396945218	10876.0	0.6229322651468929	0.6229322651468929	0.000626737971142548	2344.0	13.197026022304831	0.12	0.5761736263877048	0.9607989545602338	25	0.048666413027676554
ARHGAP45	ARHGAP45	0.0283560559543943	10875.0	0.6228415300946509	-0.6228415300946509	5.261434598494409e-10	15250.0	85.89050354849611	0.56	1.3556689254487162	1.0160019115985661	25	-0.7212854493561364
FASTKD1	FASTKD1	2.13248784479758e-08	10874.0	0.6227541370615121	0.6227541370615121	3.64061864954472e-06	10793.0	60.78630167849498	0.12	0.6201648310104139	0.35961651743741296	25	0.007200186658692153
PNKD	PNKD	0.00270433159132246	10873.0	0.622615333425283	0.622615333425283	0.000310927892251216	3443.0	19.387180353723107	0.04	0.3842287976063153	0.3618224635100557	25	0.6588494630940527
HIBCH	HIBCH	6.64884801170111e-05	10872.0	0.622198207977688	0.622198207977688	2.6533640785657e-07	9076.0	51.11524163568773	0.12	0.5566199260469196	0.42151578932219047	25	0.15557728462846004
CALR	CALR	1.0658458114015899e-09	10871.0	0.6220505435805871	0.6220505435805871	0.008453507069172271	3753.0	21.133265742931172	0.08	0.46929471376672266	0.6257411355972661	25	0.24411984624929592
CPSF3	CPSF3	2.87707502689881e-40	10870.0	0.621925219887357	0.621925219887357	3.27380302629462e-05	5394.0	30.37625323870677	0.12	0.5696540348213536	0.6825249988047584	25	0.07658501176885986
UNC5C	UNC5C	0.0008953995065119961	10869.0	0.6215328425719431	-0.6215328425719431	5.937826018883875e-07	12265.0	69.0773910104765	0.25	1.1029684408018416	1.34201910056114	24	-0.3587397511917642
PTGR1	PTGR1	0.00431818954982084	10868.0	0.621527146683802	0.621527146683802	3.78540007810865e-05	10819.0	60.93274754984792	0.28	0.81387090482753	0.7140832423816039	25	-0.26935761368972166
ATRX	ATRX	7.1867470475622e-05	10867.0	0.6214207657433659	0.6214207657433659	0.0018975736881181899	6770.0	38.12661935338515	0.08	0.49924656523581235	0.5341963940198062	25	0.2287065241833582
XPNPEP3	XPNPEP3	0.000678709290186802	10866.0	0.621348448792323	0.621348448792323	1.3037491971886299e-08	5684.0	32.009687957643344	0.08	0.4803551776848461	0.3459907187876457	25	0.40750593426759674
NAA40	NAA40	2.1776640621253003e-12	10865.0	0.6213324415024589	0.6213324415024589	0.000237837419571027	2593.0	14.599526867184858	0.08	0.42361305102698	0.5017269266716153	25	0.3940776943887008
DLX2	DLX2	0.7303264668112591	10864.0	0.6211053603409761	0.6211053603409761	0.000960863637541383	13245.0	74.59727385377943	0.4166666666666667	1.3497807224970055	1.6194162845284117	24	-0.4499617356683715
MORC2	MORC2	1.10508516759869e-10	10863.0	0.621104174595814	0.621104174595814	3.9934538300218894e-05	4826.0	27.176974202996508	0.04	0.34967098199540253	0.2623365807344744	25	1.0346753466118561
PROCR	PROCR	0.008136030227221291	10862.0	0.620901629153965	-0.620901629153965	0.0113105218729986	7551.0	42.52562802748676	0.08	0.46061609880315224	0.34748768815296727	25	0.46126966743136394
UBR5	UBR5	0.000462500834001901	10861.0	0.620376316855672	0.620376316855672	0.00651151794254987	2846.0	16.024557846119183	0.04	0.3768294771206758	0.46600206094006413	25	0.5226303918993191
LINC01018	LINC01018	0.161027147290982	10860.0	0.620368831095104	0.620368831095104	0.0024668077866266	12087.0	68.07480004506026	0.34782608695652173	1.0910485502428557	1.2702961284998948	23	-0.37052755541621785
CCDC102A	CCDC102A	3.8608760518588205e-07	10859.0	0.620225964527192	-0.620225964527192	8.92931597885898e-11	12630.0	71.13326574293117	0.36	1.2933359016044874	1.7093791313384918	25	-0.3937745142297551
NLRP11	NLRP11	0.468580787273745	10858.0	0.6202060695550601	0.6202060695550601	4.972912341898334e-06	17149.0	96.58668469077391	0.6666666666666666	2.3377444813139676	1.5080357409365248	24	-1.138924207918492
MRPS12	MRPS12	0.000117513627099751	10857.0	0.619980949359841	0.619980949359841	0.000822436623893668	2757.0	15.523262363411062	0.08	0.45842103561214287	0.6157863581197524	25	0.2623635805135513
CHI3L1	CHI3L1	0.46350806021244506	10856.0	0.6197807187933211	0.6197807187933211	0.000235010861992017	15319.0	86.27914836093274	0.5416666666666666	2.6907348217593285	3.339223373543526	24	-0.6201903470651462
ARMC4	ARMC4	0.110376193636815	10855.0	0.619754882246225	-0.619754882246225	0.00495853172190078	8449.0	47.58364312267658	0.28	1.043593183930353	1.3690828368655388	25	-0.3095782740615528
LSMEM1	LSMEM1	0.0201062168373275	10854.0	0.6197170865761911	-0.6197170865761911	0.054678853808081136	963.0	5.418497240058579	0.08333333333333333	0.48532200333843	0.8928709092971022	24	0.15052017244414576
FKBP10	FKBP10	0.000363290252683488	10853.0	0.619644213224213	0.619644213224213	0.00015420218120425902	11037.0	62.16063985580714	0.28	1.0142570444080012	1.3523995286193657	25	-0.2917871700137603
HACD3	HACD3	2.2337539931918802e-05	10852.0	0.6195859304518221	0.6195859304518221	0.00192714652867576	6162.0	34.70203897713191	0.08	0.47971489508371445	0.5134689745643067	25	0.27240406391991306
PDE4A	PDE4A	2.45671755202775e-05	10851.0	0.6194526909108989	-0.6194526909108989	9.464807691712839e-10	11148.0	62.785851075813895	0.24	0.7301489656711844	0.4747331694427194	25	-0.23317577512064253
RPE	RPE	6.557805161778761e-11	10850.0	0.619367141254513	0.619367141254513	0.0009738806843953255	14810.0	83.41218880252337	0.5833333333333334	1.2786883169427996	1.0452928042126348	24	-0.630752620730915
ZNF678	ZNF678	0.0010202178216331698	10849.0	0.619297004657845	0.619297004657845	3.6339091282539e-05	7115.0	40.06984341556832	0.08	0.5491870991217229	0.4890448407087699	25	0.14336089393052828
RBAK	RBAK	1.79291804189533e-07	10848.0	0.619187516668082	0.619187516668082	2.7263953654937197e-06	8771.0	49.39731891404753	0.08	0.5511755968014173	0.3320916602165134	25	0.20479863849132232
TAP2	TAP2	0.00439856472683568	10847.0	0.6188966460667211	-0.6188966460667211	0.00513444082510925	5236.0	29.486312943562016	0.12	0.6967146297444168	1.3586051384640079	25	-0.05727785172789349
S1PR3	S1PR3	0.0064758405925200106	10846.0	0.6188103538775229	-0.6188103538775229	8.80261026658374e-05	7195.0	40.52044609665427	0.125	0.9787266971610284	1.8977959120116727	24	-0.18964965674417145
MICAL1	MICAL1	0.0266420252532212	10845.0	0.618791982110802	-0.618791982110802	5.66270963554405e-10	11546.0	65.02759941421651	0.2	0.8132066291648394	0.5317002414494585	25	-0.3656470919103726
DOCK11	DOCK11	0.000205424884597335	10844.0	0.618779059420152	-0.618779059420152	0.125529231152129	1711.0	9.631632308212232	0.04	0.5179937045616604	0.8062944562027639	25	0.12499819896212518
ATXN1L	ATXN1L	1.80264525737376e-07	10843.0	0.618717723159692	-0.618717723159692	5.48761733527427e-06	6990.0	39.36577672637152	0.2	0.5199216435581466	0.41231681790213504	25	0.23961205391577062
PTGS2	PTGS2	0.311429177063632	10842.0	0.6182700167469439	-0.6182700167469439	0.0023670640200005155	9403.0	52.95708009462656	0.3333333333333333	1.379699112311305	2.297890924595996	24	-0.33135998206626444
PTER	PTER	8.40610692279282e-07	10841.0	0.6179842330297629	0.6179842330297629	6.82465245952362e-10	12608.0	71.00935000563253	0.32	0.7823513975987432	0.39766559710515154	25	-0.4133301089294832
SH3BP2	SH3BP2	6.3441548766651e-05	10840.0	0.6179769287369289	-0.6179769287369289	4.44870024453718e-11	9144.0	51.498253914610785	0.20833333333333334	1.1539431678301018	2.0690272253308013	24	-0.2590426227994565
PRDM15	PRDM15	4.7909842635394394e-05	10839.0	0.617975580835635	0.617975580835635	2.17151189180536e-05	2187.0	12.31271826067365	0.12	0.49704046416206943	0.740399909022692	25	0.16333756284924
NPB	NPB	0.00200098646066503	10838.0	0.6177300189832851	-0.6177300189832851	0.0005398663683120151	7570.0	42.632646164244676	0.08	0.5689012672412884	0.6522579708805252	25	0.07486110392193375
CD248	CD248	0.0946919648543983	10837.0	0.61772767133688	-0.61772767133688	3.338195559070022e-08	16206.0	91.27520558747324	0.7083333333333334	2.1934594458928047	2.313968429437904	24	-0.6809651136591749
CKAP5	CKAP5	4.012019530171049e-45	10836.0	0.617684895127985	0.617684895127985	0.014816582776511999	3046.0	17.151064548834068	0.08	0.3805674095928708	0.4066736631372612	25	0.5830657527853774
N4BP2	N4BP2	0.00279884323623048	10835.0	0.617607768195569	0.617607768195569	0.00221932387371889	5989.0	33.727610679283536	0.08	0.5058938082940567	0.39175877176429585	25	0.28516007286424117
TAF2	TAF2	0.000321767612669402	10834.0	0.617582457649961	0.617582457649961	4.39264098207529e-05	9867.0	55.570575644925086	0.08	0.6411807647554691	0.612575046445172	25	-0.03852312829660829
LMO3	LMO3	0.140539110914552	10833.0	0.617476427261851	0.617476427261851	0.0030668259880708773	12592.0	70.91922946941534	0.4166666666666667	1.1750707166914607	1.435423060740949	24	-0.38845292700103745
COTL1	COTL1	0.0100484850131979	10832.0	0.617330827250294	-0.617330827250294	0.000986259199485585	3288.0	18.514137659119072	0.16	0.5597680932974561	0.7204352488109439	25	0.07989994110899398
SLC10A4	SLC10A4	0.3926112192262489	10831.0	0.6173190188837651	0.6173190188837651	0.0168144376176421	10497.0	59.119071758476956	0.3333333333333333	0.9142914666359738	0.9316145009664428	24	-0.3187718175749025
LPP	LPP	0.000309624289583201	10830.0	0.617318525510001	0.617318525510001	0.00544583885443815	1012.0	5.694491382223724	0.0	0.3450758979615712	0.3218478597971425	25	0.8458736613007825
NSMCE1	NSMCE1	9.89248086375353e-05	10829.0	0.617249061253933	0.617249061253933	0.00121774582826642	1960.0	11.03413315309226	0.08	0.46370565286582105	0.7091205491546226	25	0.21652652510374795
PRSS27	PRSS27	0.0029443345816356	10828.0	0.6171857029424871	0.6171857029424871	0.08722071771976314	5951.0	33.51357440576771	0.25	0.846799737948207	1.0757089810737406	24	-0.21345367478156219
NAV2.AS2	NAV2.AS2	0.00140073399438019	10827.0	0.617058557176629	0.617058557176629	0.14684531442062101	2611.0	14.700912470429198	0.08333333333333333	0.44801685294517596	0.6515959002099898	24	0.2594272066122209
CAMK1D	CAMK1D	0.0323245902365802	10826.0	0.616888312096074	0.616888312096074	0.00289210455233479	911.0	5.125605497352709	0.2	0.8930970034073512	1.789961627940683	25	-0.15430983938412698
PLN	PLN	0.0388217172458557	10825.0	0.6168861067257889	-0.6168861067257889	1.2069543950285968e-05	16227.0	91.3934887912583	0.5833333333333334	2.1144055223014617	1.9740920582080104	24	-0.7585864141184235
FPGT	FPGT	3.27213234503802e-05	10824.0	0.6168653968865461	0.6168653968865461	4.0421946039608897e-07	9784.0	55.10307536329841	0.12	0.6348255812803917	0.436153436749799	25	-0.041178591937012614
NDUFAB1	NDUFAB1	2.714944401892e-06	10823.0	0.616572539400977	0.616572539400977	6.95264623614171e-08	6728.0	37.89005294581502	0.12	0.5204545319618572	0.5008591077892988	25	0.1919062785208544
NTN3	NTN3	0.0975144849387235	10822.0	0.616462214737338	0.616462214737338	8.776304817130065e-09	16120.0	90.79080770530584	0.7083333333333334	1.9215936015001773	1.2919979221868751	24	-1.010165236607915
ARAP2	ARAP2	0.005215890153987999	10821.0	0.61643029955236	-0.61643029955236	1.4540628205557757e-05	10176.0	57.31102850061957	0.25	0.679507954911812	0.611438277687981	24	-0.10316275192643538
STMN1	STMN1	0.00441237986230152	10820.0	0.616368569453339	0.616368569453339	0.008025721013116991	2777.0	15.635913033682549	0.08	0.586871957752825	1.093698938981422	25	0.02696958975564575
COG2	COG2	2.3034215885978502e-24	10819.0	0.616299453369938	0.616299453369938	8.25475462442532e-07	4385.0	24.693026923510196	0.08	0.45164025030912647	0.45120382708706214	25	0.36493308162707505
HPS5	HPS5	4.34614912088126e-06	10818.0	0.616098304888059	-0.616098304888059	0.00207265884612394	1918.0	10.797566745522134	0.04	0.4143508258932458	0.5599176535890009	25	0.3603163388431093
GSKIP	GSKIP	0.000210682920764455	10817.0	0.61607511721088	0.61607511721088	2.3359553587397e-10	12068.0	67.96778190830236	0.24	0.7564156950066608	0.4011417575681169	25	-0.3498528267078999
SLC39A6	SLC39A6	2.01896692759704e-08	10816.0	0.615986739944729	0.615986739944729	1.92182420952077e-11	8931.0	50.29852427621944	0.12	0.5791035894296882	0.4890447299026502	25	0.07541876695488113
SLF1	SLF1	0.0063761763670472	10815.0	0.6158330330613578	0.6158330330613578	0.0120587313443299	3704.0	20.857271600766026	0.12	0.6094486943393589	0.968523868159137	25	0.006591823838201938
EDNRA	EDNRA	0.0667059064991769	10814.0	0.6157113321723579	-0.6157113321723579	0.006747586407679025	7307.0	41.15128985017461	0.20833333333333334	0.8902175070711739	1.4633935622351706	24	-0.18758192053239486
PCDH19	PCDH19	0.167192912241667	10813.0	0.615624740642005	0.615624740642005	0.0011371489504801069	10235.0	57.64334797792046	0.20833333333333334	0.9839100801737849	1.2846023096232715	24	-0.2866921044535448
USP2	USP2	0.0511287903687055	10812.0	0.6151491015382701	-0.6151491015382701	0.00016594036077044298	10962.0	61.738199842289056	0.32	1.006983427623691	1.2410104317122883	25	-0.3157381405285903
AVL9	AVL9	7.31246720396806e-16	10811.0	0.615073048827424	0.615073048827424	0.00044371819528701503	8598.0	48.42289061619916	0.08	0.5180658483339944	0.5551698640891544	25	0.17473426921791863
ZBTB46	ZBTB46	3.54880988674986e-05	10810.0	0.6150309882793371	-0.6150309882793371	7.2097456118658e-10	11973.0	67.43269122451278	0.24	0.7263507313597873	0.5432897768431856	25	-0.2048993885496605
STX12	STX12	1.0299423530246801e-07	10809.0	0.615009067903891	-0.615009067903891	4.770350609237951e-10	9228.0	51.97138672975104	0.16	0.639973533534808	0.5406516186413445	25	-0.04617477275598035
BICD2	BICD2	1.34529584269321e-06	10808.0	0.614973820319182	-0.614973820319182	0.0017156265259810801	256.0	1.4362960459614733	0.08	0.2886554575386846	0.3370086917283342	25	0.9682787737817328
GFOD2	GFOD2	8.110335008358729e-07	10807.0	0.614885692338529	-0.614885692338529	0.00139544181800045	1753.0	9.868198715782357	0.12	0.4210099506250444	0.5744338847298437	25	0.3375074954094401
LYPD6B	LYPD6B	0.29389116785229497	10806.0	0.614774150825314	0.614774150825314	1.6291343569865362e-06	14617.0	82.3251098344035	0.5833333333333334	1.447181353757354	1.2487739974760281	24	-0.6665795449092213
GUF1	GUF1	1.14062123426064e-06	10805.0	0.614723037291413	0.614723037291413	3.8535520009350306e-06	7986.0	44.97578010589162	0.12	0.578023082835492	0.5786119920874245	25	0.06342757315402457
PDZD11	PDZD11	1.20321755361772e-07	10804.0	0.614653510063532	0.614653510063532	2.08697793218201e-09	9203.0	51.83057339191168	0.24	0.9010847497048394	1.2840319953337573	25	-0.22307173083086268
PPP2CB	PPP2CB	5.86891615115661e-05	10803.0	0.6145370271278511	-0.6145370271278511	0.000931456973232158	3140.0	17.68052269911006	0.12	0.46187071349879055	0.5157167696463871	25	0.29602743717979085
ATN1	ATN1	2.4132409595313997e-06	10802.0	0.614534046598448	-0.614534046598448	6.42833855886184e-10	10313.0	58.08268559197927	0.4	1.0905139389941312	1.1321582703547204	25	-0.4204181560644805
DOLPP1	DOLPP1	6.79754078445498e-08	10801.0	0.6143939940627651	0.6143939940627651	0.0323441811594074	91.0	0.5069280162216965	0.08	0.3354191258982809	0.5056349312558261	25	0.5517317948576159
NAT10	NAT10	4.09855277412497e-24	10800.0	0.614305098071953	0.614305098071953	0.000910648655716356	1202.0	6.764672749802862	0.04	0.2774281840931949	0.2784021748130135	25	1.210036933817125
E2F3	E2F3	0.000504021392665493	10799.0	0.6139821060599	0.6139821060599	0.000207250480422617	4530.0	25.509744282978485	0.12	0.4690047811472748	0.5618953736995974	25	0.25801480435418844
ERICH3	ERICH3	0.24829122616641	10798.0	0.613895809233919	-0.613895809233919	0.002482891446207416	14889.0	83.85715895009575	0.5416666666666666	1.5072848606554807	1.5449254297883	24	-0.5782732513788593
TAS2R4	TAS2R4	0.011869438008469001	10797.0	0.613849164551732	0.613849164551732	6.402665398461206e-05	10953.0	61.68750704066689	0.16666666666666666	0.8134292884989067	0.8438906529919704	24	-0.23649998164996114
IFI44	IFI44	0.0163608909176676	10796.0	0.613846096072144	0.613846096072144	1.9819409457061548e-12	14543.0	81.908302354399	0.5833333333333334	1.616266292869465	1.6710511939106576	24	-0.5998740196890193
NAPEPLD	NAPEPLD	0.0009164155731155919	10795.0	0.613845149259838	0.613845149259838	7.447116443425171e-08	9961.0	56.10003379520108	0.16	0.8598065762246381	1.0927603023221488	25	-0.22508268871235948
ZNF285	ZNF285	0.128876121363443	10794.0	0.613744221264343	0.613744221264343	0.0040398664690772705	7089.0	39.92339754421538	0.12	0.847490870681578	1.3603633035813392	25	-0.1718266354303042
SYT11	SYT11	0.00113260119726114	10793.0	0.6136124734554	-0.6136124734554	4.904422400592285e-06	11997.0	67.56787202883856	0.4583333333333333	1.4636408987313418	2.1937690996648787	24	-0.3874739713517674
ESRRG	ESRRG	0.14203975467092902	10792.0	0.6134567355886049	0.6134567355886049	0.00039435747961371747	14101.0	79.41872254139912	0.5416666666666666	1.1825846799015287	0.9358203969584982	24	-0.6081593713522826
AGGF1	AGGF1	7.72689638790943e-07	10791.0	0.6133047224422911	0.6133047224422911	0.0030418217086135802	2988.0	16.824377605046752	0.08	0.3835737923542109	0.4437231908344297	25	0.5177347833816549
FADD	FADD	2.12165211624154e-12	10790.0	0.6132537813829899	0.6132537813829899	0.00171108363806241	3339.0	18.801396868311368	0.08	0.5001815250821334	0.8558939340982935	25	0.13211012696331473
ZNF304	ZNF304	1.74401958335341e-05	10789.0	0.613040244203157	-0.613040244203157	0.0148599117482504	802.0	4.511659344373099	0.08	0.2724918075755047	0.30634774294248895	25	1.1116401033566088
CTTN	CTTN	6.80354567955933e-07	10788.0	0.6129274627175589	0.6129274627175589	8.714948504698309e-09	10154.0	57.18711276332094	0.32	0.8165455199501586	0.9311322200947061	25	-0.21867792010450407
CRY2	CRY2	0.00359433716863137	10787.0	0.612859909286562	-0.612859909286562	9.991071994618779e-08	6456.0	36.35800383012278	0.16	0.5888090337832389	0.5050317565453158	25	0.047622501340992454
LRRC74B	LRRC74B	0.17866398771698397	10786.0	0.6128112522819761	-0.6128112522819761	0.0101145385790673	14727.0	82.94468852089669	0.43478260869565216	1.5689876129811693	1.4771692950510622	23	-0.6473031655225006
DDOST	DDOST	7.8724354423814e-05	10785.0	0.612738199500755	0.612738199500755	1.28347857346845e-07	5040.0	28.38233637490143	0.08	0.4534706869958879	0.4992399155954529	25	0.319019989246865
FMO5	FMO5	0.0687372967633949	10784.0	0.612328011561112	0.612328011561112	7.777993985759641e-07	11339.0	63.86166497690661	0.24	0.8986370836562719	0.7627966171989125	25	-0.3753412975879779
PLEKHG3	PLEKHG3	0.00541453444333119	10783.0	0.6123150985297261	0.6123150985297261	4.332370922497255e-07	8620.0	48.5468063534978	0.16666666666666666	0.7028859385403391	0.9361985132636244	24	-0.0967432000024007
ZDBF2	ZDBF2	0.00257020200116485	10782.0	0.612058695598501	-0.612058695598501	0.0532062948965477	2881.0	16.22169651909429	0.0	0.32494063400660683	0.23338807332045666	25	1.2302173693240221
NINJ2	NINJ2	0.00636955525202892	10781.0	0.611978574908074	-0.611978574908074	0.16774474633653502	5497.0	30.956404190604935	0.16	0.5540128866198649	0.6625970810422509	25	0.08748255907953933
ARHGAP9	ARHGAP9	0.0479829370897431	10780.0	0.611839361700467	-0.611839361700467	1.2347179741615385e-06	14841.0	83.58679734144418	0.5416666666666666	1.8386949646404742	2.530829213331973	24	-0.4847642806069817
GEMIN6	GEMIN6	2.0139527163780502e-08	10779.0	0.611811584808558	0.611811584808558	2.0013482427937902e-06	9001.0	50.69280162216965	0.12	0.6111540756176833	0.3966468749626068	25	0.0016576689049590798
NOVA1	NOVA1	0.000122545221824231	10778.0	0.6116996694255339	-0.6116996694255339	0.0003384538385478239	15283.0	86.07637715444406	0.625	1.7787658472908003	2.048450220747274	24	-0.5697312856543426
DSCC1	DSCC1	0.021345967205507	10777.0	0.6116098686525789	0.6116098686525789	0.00288194388795429	5652.0	31.829446885208966	0.08	0.6748276740078945	1.1801149171860228	25	-0.05356919435105355
CARMIL1	CARMIL1	0.000382402025861277	10776.0	0.611523751572515	-0.611523751572515	0.0198150579096788	4184.0	23.56088768728174	0.12	0.5218897420081791	0.5019675924075108	25	0.17856533154747706
FAM216B	FAM216B	0.270783584270036	10775.0	0.61141997270879	-0.61141997270879	0.0015398904988480956	15920.0	89.66430100259096	0.625	2.0203142660039632	1.798628886574497	24	-0.7833157266691204
KIF19	KIF19	0.0767377712850039	10774.0	0.611196170439148	-0.611196170439148	0.00022030911334757595	14992.0	84.43730990199391	0.5833333333333334	1.4986402338781823	1.6116579535498479	24	-0.5506404516444352
LTA	LTA	0.126982164599639	10773.0	0.611142764251517	0.611142764251517	0.00053344872901225	17521.0	98.68198715782358	0.7083333333333334	3.218851074444259	2.316422972826567	24	-1.1257479056213728
MCOLN1	MCOLN1	0.00208399339745426	10772.0	0.6107918280222989	-0.6107918280222989	1.99870386880167e-06	9482.0	53.40205024219894	0.2	0.637189165202025	0.49765591401756337	25	-0.05304335070916973
PLEKHB1	PLEKHB1	0.0482091745884592	10771.0	0.610646713401721	0.610646713401721	2.95316153855683e-05	7403.0	41.692013067477745	0.375	1.10041042491349	1.690870951036427	24	-0.2896517390706642
CEP70	CEP70	0.0065127432376512395	10770.0	0.6106356979741171	0.6106356979741171	1.37537996918664e-05	10129.0	57.04629942548158	0.12	0.6217250213653226	0.4269132674452767	25	-0.02597558857227825
ZSCAN12	ZSCAN12	0.007116812436449441	10769.0	0.6104781477453709	0.6104781477453709	0.00758722612051282	3150.0	17.736848034245803	0.08	0.4441958226603674	0.6486054735511546	25	0.25636898217123827
EXOC3.AS1	EXOC3.AS1	0.012166309604823	10768.0	0.6100992646899029	0.6100992646899029	0.16338957695143697	56.0	0.3097893432465923	0.04	0.30095416938759645	0.5944379609434404	25	0.520062841901379
DSC1	DSC1	0.39509476899393603	10767.0	0.609981359633896	0.609981359633896	2.71267368368159e-06	17577.0	98.99740903458375	0.8260869565217391	3.3711810476363064	2.1345039509865362	23	-1.2936025190893767
ARHGEF26.AS1	ARHGEF26.AS1	0.165681522984711	10766.0	0.609940659236799	0.609940659236799	0.0023855466975448397	12969.0	73.04269460403289	0.3333333333333333	0.9038155347528286	0.6245749660346636	24	-0.470519779846123
PTMS	PTMS	4.09608846864708e-05	10765.0	0.609887114295181	-0.609887114295181	9.002225344742349e-08	11319.0	63.74901430663512	0.36	1.2380670210466653	1.2896393987804633	25	-0.48709732918017035
MLEC	MLEC	3.50157886905844e-05	10764.0	0.609869949111276	0.609869949111276	0.00944016261246276	3345.0	18.835192069392814	0.08	0.3592147323612898	0.3888154486562493	25	0.6446637282964284
USP30.AS1	USP30.AS1	0.0205281732446246	10763.0	0.6097219552482829	-0.6097219552482829	0.049127577860211845	5281.0	29.739776951672862	0.08333333333333333	0.4498118818976833	0.6240368812658781	24	0.2562509975792089
ANKRD11	ANKRD11	3.5426374283023396e-08	10762.0	0.6097204157936739	-0.6097204157936739	1.1705549528617801e-05	5647.0	31.801284217641093	0.16	0.5813727935373091	0.780382483947818	25	0.03632529283968438
MCC	MCC	4.36801399457981e-07	10761.0	0.609684914825229	-0.609684914825229	0.0301671041593681	1890.0	10.639855807142052	0.08	0.4554154850293348	0.6290269419753077	25	0.24525090978050668
CCDC30	CCDC30	0.0252557929689518	10760.0	0.609665126942198	0.609665126942198	3.95268262225112e-10	11945.0	67.2749802861327	0.2	0.7330541447061715	0.5031197427994296	25	-0.2452478153161303
MOB3A	MOB3A	3.1930711055100895e-05	10759.0	0.60960447113491	-0.60960447113491	2.1251908508919702e-06	9762.0	54.97915962599977	0.12	0.6398907709433831	0.6294919182354444	25	-0.04811229331326429
FAM229A	FAM229A	6.163391682061359e-05	10758.0	0.609550144467118	-0.609550144467118	1.6354384626722401e-07	10239.0	57.66587811197476	0.4	0.9182741900234216	0.8577136480714048	25	-0.3599383620051739
PPIB	PPIB	7.8224105077475e-06	10757.0	0.609525448313803	0.609525448313803	2.56785914851555e-06	8025.0	45.19544891292103	0.08	0.5058191157265631	0.42914875344306114	25	0.24165591011322707
MLKL	MLKL	0.00506632507336389	10756.0	0.6094296398672111	-0.6094296398672111	0.0484495146331475	2078.0	11.69877210769404	0.08	0.43917936513757716	0.8645533857384895	25	0.19692280145801352
MIPOL1	MIPOL1	0.00580696132040676	10755.0	0.609361389701374	0.609361389701374	3.6022350225125098e-06	12430.0	70.00675904021628	0.28	0.8745590858454587	0.8690489153369241	25	-0.30515853764257844
PNP	PNP	0.0701091817607169	10754.0	0.609200678347198	-0.609200678347198	0.000189205653446476	6268.0	35.2990875295708	0.12	0.5207202855042856	0.5997365215638016	25	0.14753210728638216
ITGB3	ITGB3	0.204137704355257	10753.0	0.609157235140401	0.609157235140401	0.00015189947523675375	13054.0	73.52145995268671	0.4166666666666667	1.4976702922413294	1.7843798165742921	24	-0.4979394234612693
TIMM9	TIMM9	6.5643481743022e-08	10752.0	0.609050984593688	0.609050984593688	2.2393573711648003e-07	6839.0	38.51526416582178	0.04	0.42561421558980816	0.3165720334064817	25	0.5794471704591326
PHOSPHO2	PHOSPHO2	0.0109154938792306	10751.0	0.608889772807299	0.608889772807299	0.000556623581438026	6010.0	33.8458938830686	0.08	0.4480741246887598	0.5318130007879912	25	0.3023913441007599
SMLR1	SMLR1	0.577609902930885	10750.0	0.608720823487165	-0.608720823487165	1.12901103694185e-05	16828.0	94.77864143291652	0.6956521739130435	2.2555073285440033	1.7450120880454962	23	-0.9437106575584381
TMPRSS6	TMPRSS6	0.256165384414878	10749.0	0.608580139976585	0.608580139976585	7.100243770553764e-06	14987.0	84.40914723442604	0.5416666666666666	1.3548365618078826	1.092738045556163	24	-0.682923437017772
MEF2A	MEF2A	9.696886780680009e-07	10748.0	0.6085642263208559	-0.6085642263208559	0.0015601605798073901	3644.0	20.51931958995156	0.04	0.3384381060148404	0.2993022543054707	25	0.9025194979999124
MEPCE	MEPCE	1.17602429156176e-15	10747.0	0.608449543823963	-0.608449543823963	2.2970122770220904e-06	7620.0	42.91427283992339	0.12	0.5060040157520969	0.34896349108341884	25	0.29357090552311327
SOCS1	SOCS1	0.0176561863009956	10746.0	0.6083902896185821	-0.6083902896185821	6.657485521019741e-07	12548.0	70.67139799481807	0.375	1.1624528034114725	1.4007572318688686	24	-0.3955449960830606
KCNH7	KCNH7	0.337353141300019	10745.0	0.607945080672593	-0.607945080672593	0.0004878774563059725	12059.0	67.91708910668018	0.375	1.298733470159094	1.338221658471631	24	-0.516198781504884
MYEF2	MYEF2	1.31101499679767e-06	10744.0	0.6079097687712939	0.6079097687712939	2.14203344239638e-05	8294.0	46.710600428072546	0.12	0.9962098212745361	1.7723830828349374	25	-0.219083592178139
ARHGEF17	ARHGEF17	0.000144573488157565	10743.0	0.607789624597484	-0.607789624597484	1.61764285720594e-08	12431.0	70.01239157372986	0.24	0.9407299562973718	1.0500539744636275	25	-0.31706973145828554
DCUN1D5	DCUN1D5	2.18037692978146e-11	10742.0	0.607713683674996	0.607713683674996	2.1015689948225103e-07	8154.0	45.92204573617212	0.04	0.5058329322521903	0.5577040331902603	25	0.18267888585996506
CDK17	CDK17	3.39261613225768e-05	10741.0	0.6075950669376871	-0.6075950669376871	0.0264676558522443	1725.0	9.710487777402275	0.08	0.3640275212405825	0.5034654082235388	25	0.4837820865519334
APLNR	APLNR	0.11092722345577	10740.0	0.607527790322307	-0.607527790322307	3.8077258690343554e-06	15766.0	88.7968908415005	0.625	1.9140591126180662	2.1682120069209327	24	-0.6025846725898164
CA5B	CA5B	7.925262836347121e-06	10739.0	0.607433701696802	-0.607433701696802	0.00011728015033773799	4671.0	26.303931508392473	0.12	0.6125812262278977	1.08306644025583	25	-0.00475273200218427
TSNARE1	TSNARE1	0.00832760678604301	10738.0	0.6074332535747871	0.6074332535747871	5.7599031502298595e-05	7037.0	39.630505801509514	0.08	0.6173039757226623	0.9618594721489043	25	-0.01026212501273485
GSTA1	GSTA1	0.116967342204173	10737.0	0.6074145752212571	0.6074145752212571	0.00435286852780204	14704.0	82.81514025008448	0.5652173913043478	1.8629131735803128	1.9225254955978652	23	-0.6530465272028145
TST	TST	0.0430399337218757	10736.0	0.607403695943126	0.607403695943126	0.056125216012849005	1343.0	7.558859975216852	0.12	0.5647297153249223	1.0383483367385182	25	0.04109794286592099
ZFAND2B	ZFAND2B	5.48328004649609e-10	10735.0	0.6073017913177379	-0.6073017913177379	0.009260030091871641	299.0	1.6784949870451729	0.04	0.3152183022282692	0.44139271778303857	25	0.661731554060298
ZBTB26	ZBTB26	0.000107816237143757	10734.0	0.607232696409232	0.607232696409232	9.11366434883386e-05	6902.0	38.87011377717697	0.08	0.5238929791447806	0.5414538545523224	25	0.15391841163150877
IQCD	IQCD	0.0361333665310406	10733.0	0.6071338475371372	0.6071338475371372	5.8339582308306e-11	13912.0	78.35417370733356	0.44	1.0477068156465343	0.8765411645331875	25	-0.5026266716681008
ESRG	ESRG	0.512508760522739	10732.0	0.6069180814951209	-0.6069180814951209	0.00012430234725719554	17264.0	97.23442604483496	0.625	2.754462372913736	2.367838991520243	24	-0.9069638176875404
INHBB	INHBB	0.16499100428278698	10731.0	0.6068530391617221	0.6068530391617221	0.030269057075836797	10441.0	58.803649881716794	0.16666666666666666	0.9843550749403943	1.6692965619294513	24	-0.22614437984724398
CHST5	CHST5	0.0857550762499091	10730.0	0.6066042273137571	-0.6066042273137571	0.003403897614993075	11278.0	63.51808043257857	0.25	1.0226805227286573	1.1370742710248947	24	-0.36591830983905077
CDNF	CDNF	0.0553555651360082	10729.0	0.6064658065183279	0.6064658065183279	0.00246884103784116	4065.0	22.890616199166384	0.04	0.4660986266814248	0.5793210204994667	25	0.2422960239141406
CCDC136	CCDC136	0.0456993571335205	10728.0	0.606452721136839	0.606452721136839	1.00415491924946e-06	10072.0	56.72524501520784	0.4	1.1055864534892696	1.2804070913498937	25	-0.3898242486506454
SNHG15	SNHG15	0.0232872185706608	10727.0	0.6063485203151229	-0.6063485203151229	0.0297157452703296	6233.0	35.10194885659569	0.16	0.7914511980198301	1.5946337705302438	25	-0.1160784884438747
NAE1	NAE1	5.658065559133449e-07	10726.0	0.6060997704728771	0.6060997704728771	0.0407872759781837	2973.0	16.739889602343133	0.04	0.4192133409820984	0.5147445584154109	25	0.36306635288402017
MRPS34	MRPS34	5.4109487241694e-05	10725.0	0.6059902884163549	0.6059902884163549	0.0106362498199213	1077.0	6.0606060606060606	0.08	0.4118373292778279	0.576133193801167	25	0.3369931835684725
MRPL15	MRPL15	2.34402040706281e-05	10724.0	0.6059743337650739	0.6059743337650739	1.8159807329843996e-08	6625.0	37.30990199391686	0.16	0.5552768768322441	0.5664860522739729	25	0.08949462520625431
AGAP2.AS1	AGAP2.AS1	0.0138895993655787	10723.0	0.605953203520056	-0.605953203520056	4.818719186483935e-09	11266.0	63.45049003041568	0.375	1.0946821790042167	1.4467015858089334	24	-0.3378229347905805
FOXRED1	FOXRED1	1.8782427045029603e-07	10722.0	0.6058723236431031	0.6058723236431031	0.00513014516150288	575.0	3.2330742367917087	0.08	0.3334231423982102	0.39574692800776334	25	0.6884429466488449
ZNF610	ZNF610	0.0114887662544966	10721.0	0.6054911410400071	0.6054911410400071	0.0021414938182191152	4704.0	26.48980511434043	0.20833333333333334	0.6225371181220782	0.7906322060482182	24	-0.02155993261047544
MAPK13	MAPK13	5.92400304341598e-09	10720.0	0.605388917519192	0.605388917519192	4.146136308011555e-05	8891.0	50.07322293567646	0.20833333333333334	0.7967960038476726	1.0346744470471656	24	-0.18499257121380838
KRT10	KRT10	1.41803420124319e-05	10719.0	0.605378493877989	0.605378493877989	1.634479288179724e-10	17241.0	97.10487777402275	0.8333333333333334	2.807014119870735	1.965216436834037	24	-1.1203018582215707
PSME4	PSME4	1.4986956949261498e-06	10718.0	0.6053672926288871	0.6053672926288871	0.0150401491563195	3850.0	21.679621493747888	0.08	0.38975637208199587	0.48242527046513733	25	0.4469312321450467
ORAI1	ORAI1	0.00041289357239254	10717.0	0.6048618896643471	-0.6048618896643471	3.02100810137032e-07	9493.0	53.464008110848255	0.12	0.5737857455545965	0.3228510072389447	25	0.09625537295211489
PDK3	PDK3	0.0121446151773666	10716.0	0.6048161087440339	0.6048161087440339	0.00121417903895608	2164.0	12.183169989861439	0.04	0.41225014277997546	0.6495370591555931	25	0.2964664806260582
SLC30A5	SLC30A5	2.91037940626008e-07	10715.0	0.6048028589758571	0.6048028589758571	0.000377423002887759	4575.0	25.76320829108933	0.04	0.4517486884887848	0.5633323488454921	25	0.2716942685800761
TIGD4	TIGD4	0.11019801050433099	10714.0	0.60457671889937	0.60457671889937	0.000611200391766123	8829.0	49.72400585783485	0.24	0.7632677120983076	0.6951472636187846	25	-0.22828399319710607
PSMA8	PSMA8	0.607281550040712	10713.0	0.604504109559192	0.604504109559192	0.003164772781373046	16078.0	90.55424129773571	0.5416666666666666	1.9700266874390238	1.6784064295572876	24	-0.8135827853328798
SUN3	SUN3	0.5238098556026889	10712.0	0.604276709623232	0.604276709623232	0.000871249672229584	13317.0	75.00281626675678	0.4166666666666667	1.5615394231838635	1.6636418038751337	24	-0.5754019352788996
SLX4	SLX4	1.0863432703559599e-05	10711.0	0.604181757826385	0.604181757826385	0.0024831325920059897	2165.0	12.188802523375013	0.12	0.40949038133497107	0.4430949139807074	25	0.43938977936427154
MICAL2	MICAL2	0.000212420218114336	10710.0	0.6041611188637671	0.6041611188637671	0.0677274985360501	2338.0	13.163230821223385	0.08	0.5265759923608907	0.6629938019385317	25	0.11702240092746685
SPATA41	SPATA41	0.0359585653195754	10709.0	0.6039320730651729	-0.6039320730651729	0.0148705049899499	7842.0	44.164695279936915	0.16666666666666666	0.6872691648361213	0.8054318116666004	24	-0.10346883567773067
SNORA61	SNORA61	0.0505148504005664	10708.0	0.6039215766653171	0.6039215766653171	0.0058350732917831355	13678.0	77.03616086515714	0.5	1.157554382331896	1.0806002419566265	24	-0.512338221083612
SPINK7	SPINK7	0.433689185385427	10707.0	0.603799287526	0.603799287526	0.01695465201802305	16272.0	91.64695279936915	0.5	2.234255593628941	2.215855699589912	22	-0.7358133954321527
ZNF793.AS1	ZNF793.AS1	0.21408928136422	10706.0	0.603641622120668	0.603641622120668	0.027462165775393448	7845.0	44.18159288047764	0.2916666666666667	1.0716621905445225	1.6040371932566413	24	-0.29177663111018187
ATAD3A	ATAD3A	0.00039238702008712403	10705.0	0.603638412512321	0.603638412512321	2.96087537799765e-05	6001.0	33.79520108144643	0.28	0.7397353605996085	0.7913539953781892	25	-0.1719798584225845
TARBP1	TARBP1	6.816664129886549e-07	10704.0	0.6032187664134201	0.6032187664134201	7.903864308714931e-06	6365.0	35.845443280387514	0.12	0.5679752319423195	0.6091337221018062	25	0.057858452409256494
HIPK1	HIPK1	0.00060898389655876	10703.0	0.603152362769663	-0.603152362769663	0.0207213854489315	1265.0	7.119522361158049	0.04	0.3131682493430046	0.3464617111457204	25	0.8369874768201796
HIVEP3	HIVEP3	6.46584041324978e-07	10702.0	0.602988247977525	-0.602988247977525	0.00195802130189512	7176.0	40.41342795989636	0.16666666666666666	0.8006603339102919	1.2800087558243245	24	-0.15443026075666663
AGRN	AGRN	0.004690815150498229	10701.0	0.602880848146534	0.602880848146534	0.000501339047874723	10936.0	61.591753970936125	0.4	1.3546604811146636	1.769409967719692	25	-0.4248758889591752
ZC3H12C	ZC3H12C	0.000583164992628753	10700.0	0.602835824427531	-0.602835824427531	0.002222232204753925	8953.0	50.42244001351808	0.16666666666666666	0.8345965264184191	1.172395648100145	24	-0.1976813052542918
C11orf71	C11orf71	0.007451719151016659	10699.0	0.6027424536206429	0.6027424536206429	0.00010561400417648	6530.0	36.77481131012729	0.04	0.44897597627717273	0.39101268135209455	25	0.3932518935492232
ZBED5.AS1	ZBED5.AS1	0.0032788667030508698	10698.0	0.602549233055466	0.602549233055466	1.3550983318665e-12	12249.0	68.98727047425932	0.32	0.8927708467620566	0.7195190650667477	25	-0.4033550016908414
ITPKB.IT1	ITPKB.IT1	0.241156445618589	10697.0	0.602189758719314	-0.602189758719314	0.000738584548269874	15043.0	84.72456911118621	0.6086956521739131	1.370095039035199	0.9718668772722695	23	-0.7901342233940085
SAMD3	SAMD3	0.09932971672028099	10696.0	0.602066668698106	-0.602066668698106	7.398960550178887e-05	14299.0	80.53396417708684	0.5	1.618313983995875	2.000587774206688	24	-0.5079743705325557
NSD2	NSD2	2.47877079764055e-11	10695.0	0.601784390453431	0.601784390453431	0.0516492435205389	1346.0	7.575757575757576	0.08	0.42501416579232365	0.8206508847774029	25	0.21540246643255045
GPC6	GPC6	0.192600624189772	10694.0	0.6013800995694039	0.6013800995694039	0.006865147244236295	6016.0	33.879689084150044	0.25	1.027087865793465	1.5531320688935395	24	-0.2740963081956951
TMC7	TMC7	0.147220150343259	10693.0	0.601314021879327	0.601314021879327	0.0206091148935044	5518.0	31.074687394389997	0.08	0.403433455184884	0.29240345254190653	25	0.6767381334735891
ZNF507	ZNF507	0.000342522743535144	10692.0	0.601251749163869	0.601251749163869	0.0025429653014082698	3442.0	19.38154782020953	0.12	0.38328031517001987	0.38747791018982697	25	0.5625389945121364
ZHX1	ZHX1	0.00903729792273976	10691.0	0.6011739651522661	0.6011739651522661	1.9324842889705603e-05	9238.0	52.027712064886785	0.08	0.5020092396936815	0.3383418327177041	25	0.29309034789476585
FAM225A	FAM225A	0.09822345488841999	10690.0	0.6011471009583871	-0.6011471009583871	0.025134910281896152	10930.0	61.55795876985468	0.20833333333333334	1.003463567625654	1.405370938656201	24	-0.2862706603652678
LINC01144	LINC01144	0.0118751979530943	10689.0	0.601084432537933	0.601084432537933	0.08509204940546	1623.0	9.135969359017686	0.08333333333333333	0.4453317577002729	0.8790607977930297	24	0.17718077660691137
IFNGR1	IFNGR1	2.3406810305095603e-09	10688.0	0.6008649707861421	-0.6008649707861421	6.30194422960685e-07	9641.0	54.29762307085727	0.12	0.5592321853157902	0.3178402581737451	25	0.13098650784380375
DBF4	DBF4	7.106262541110641e-05	10687.0	0.600854302455371	0.600854302455371	0.000207774378445566	9318.0	52.47831474597273	0.12	0.6838686068929163	1.005453740587189	25	-0.08256402168145958
CALHM1	CALHM1	0.327755031566474	10686.0	0.600845392624151	0.600845392624151	5.98342737892481e-05	12368.0	69.65754196237467	0.375	1.2540525282974448	1.2322995326850055	24	-0.5300717222946992
SLC29A2	SLC29A2	0.0027412045749317803	10685.0	0.600679521243363	0.600679521243363	0.00157953463512551	6681.0	37.62532387067703	0.08	0.5514198989826918	0.670163409900702	25	0.07350389700919353
KIAA0895	KIAA0895	0.0244984783665731	10684.0	0.600633409472523	0.600633409472523	9.08496757695917e-06	11162.0	62.86470654500394	0.2	0.8394928129172294	0.8810744631939155	25	-0.27110013219408896
SCML4	SCML4	0.149957962348215	10683.0	0.600593779954559	-0.600593779954559	0.003231362053418885	15453.0	87.0339078517517	0.625	2.0835419713541614	2.1499923246025814	24	-0.6897458071966467
LINC01492	LINC01492	0.5611686730696029	10682.0	0.6004041100314731	0.6004041100314731	0.01775192300963824	12561.0	70.74462093049453	0.375	1.227245060652262	1.282801093686426	24	-0.488650152939468
ARMC7	ARMC7	9.93506831897256e-06	10681.0	0.6003830068054821	-0.6003830068054821	0.0774405025630759	262.0	1.4700912470429197	0.12	0.4241499358878212	0.6495951206163929	25	0.2712967898380078
BAP1	BAP1	2.7244484537005202e-09	10680.0	0.6003407239029169	-0.6003407239029169	2.42762988544773e-06	3596.0	20.248957981299988	0.08	0.40413963930014796	0.40974155260638934	25	0.47884107275604026
TNFRSF18	TNFRSF18	0.0898348886810877	10679.0	0.6003052386776401	0.6003052386776401	0.0005451737117610216	12557.0	70.72209079644023	0.4583333333333333	1.7005925497661412	2.330742779278955	24	-0.472075821008824
SOX12	SOX12	0.00157282555403683	10678.0	0.600231590452847	0.600231590452847	6.213373736187579e-11	11543.0	65.01070181367578	0.24	0.8693820568305035	0.7211070951686439	25	-0.37324617685908473
PLXNA1	PLXNA1	0.0018524568128619	10677.0	0.60000379659366	-0.60000379659366	5.34203142660969e-06	8503.0	47.88779993240959	0.12	0.5802438339576452	0.475206201208433	25	0.041581870324431496
PSMG1	PSMG1	1.74401958335341e-05	10676.0	0.5999300714100451	0.5999300714100451	0.000352554787541537	4358.0	24.540948518643685	0.12	0.47301756768591924	0.6489961318538716	25	0.19555201871788894
SDCBP	SDCBP	7.56423220608312e-14	10675.0	0.5997240507044399	-0.5997240507044399	2.66337191615674e-05	8200.0	46.181142277796546	0.16	0.5746342668804043	0.48777145571196157	25	0.05143758112580412
IPO5P1	IPO5P1	0.0111119889217482	10674.0	0.599674391775764	-0.599674391775764	0.0301647155914567	400.0	2.247380871916188	0.08	0.47259634691826674	0.6231224353794892	25	0.20393752117126895
HTR1F	HTR1F	0.26342751340436	10673.0	0.599616500223639	0.599616500223639	9.743721552403956e-05	16851.0	94.90818970372874	0.6666666666666666	2.0918979477182478	1.7606032216929735	24	-0.8475966811304878
ANKRD37	ANKRD37	0.0358641034933378	10672.0	0.599456066590179	-0.599456066590179	2.0815493229965198e-05	4330.0	24.383237580263604	0.08	0.5250338449378184	0.7942441142554509	25	0.0937019492075511
COX6B1	COX6B1	0.00527816676420165	10671.0	0.599410536136902	0.599410536136902	1.7365236673269197e-09	8523.0	48.000450602681084	0.16	0.5942208662412323	0.5253697339789541	25	0.009878128792012992
ELL	ELL	0.0019782309820407	10670.0	0.599404700383547	-0.599404700383547	1.1836878660464699e-08	11923.0	67.15106454883406	0.24	0.7868113769484139	0.7454830254973424	25	-0.2513895959466551
FAAH	FAAH	0.018013380854858003	10669.0	0.599388422759567	0.599388422759567	0.00386530387323574	7293.0	41.07243438098456	0.16	0.6519962806920503	0.8531900565334835	25	-0.061660186414067335
ZW10	ZW10	1.87601165490025e-13	10668.0	0.599275048487678	0.599275048487678	4.18252915903442e-05	7007.0	39.46152979610228	0.04	0.505312289311534	0.4957893080274023	25	0.1895215521084828
MTMR14	MTMR14	1.47669048166346e-05	10667.0	0.5990596130514261	-0.5990596130514261	0.000317900796977584	1609.0	9.057113889827644	0.08	0.38775974089035886	0.5665591958169396	25	0.3729528595090355
TNFRSF9	TNFRSF9	0.259376593468655	10666.0	0.598991136408605	0.598991136408605	1.4625075755631831e-05	13182.0	74.24242424242424	0.4583333333333333	1.558535116188663	1.8071479297103334	24	-0.5309714628253275
KCNA1	KCNA1	0.4766731288904621	10665.0	0.5987974806943791	0.5987974806943791	7.5556096087377e-10	17626.0	99.2734031767489	0.782608695652174	3.323362668012984	2.2742576762757944	23	-1.1980019747719222
FAM217B	FAM217B	0.00195895018900008	10664.0	0.5987808547060489	0.5987808547060489	7.1211649829835e-05	6487.0	36.53261236904359	0.04	0.5066637075414189	0.5571275055846437	25	0.16534302514460003
SNN	SNN	2.3658237352348797e-08	10663.0	0.5986131167908371	-0.5986131167908371	5.95862581593853e-17	11790.0	66.40193759152866	0.2	0.9735958739756759	0.9853687084194698	25	-0.3805507055184559
MAOA	MAOA	0.0815215831038446	10662.0	0.5986074872819511	-0.5986074872819511	9.98100596482608e-05	8155.0	45.9276782696857	0.20833333333333334	1.0100204935383104	1.5573205202727085	24	-0.2641800457264347
EVPL	EVPL	0.0020751469954700397	10661.0	0.598600428630334	0.598600428630334	0.005716916778249686	10645.0	59.95268671848597	0.25	1.0795730920599078	1.6517503955388415	24	-0.29118967655683153
XPO5	XPO5	1.11881932021398e-07	10660.0	0.59845699150097	0.59845699150097	0.00707426193752304	1177.0	6.623859411963501	0.04	0.28832021853766177	0.33631666569246293	25	0.9221570162892424
ZBTB4	ZBTB4	2.23585586959363e-05	10659.0	0.59814872686025	-0.59814872686025	0.00011593193559356399	3295.0	18.55356539371409	0.12	0.5409132194798401	0.6047655161302484	25	0.0946408250037906
PGC	PGC	0.44555020074393803	10658.0	0.598070508861402	-0.598070508861402	0.000444546829286655	17529.0	98.72704742593218	0.8695652173913043	3.2999099528118476	2.1155088686426624	23	-1.2771581740916929
DAND5	DAND5	0.3622078235488789	10657.0	0.598038340418296	0.598038340418296	0.028879890500360952	11218.0	63.1801284217641	0.20833333333333334	0.89129367582506	1.1486605381887165	24	-0.25530200233847017
CADPS2	CADPS2	0.0012406519208963802	10656.0	0.597881447139263	0.597881447139263	5.1148074895048055e-06	11584.0	65.24163568773234	0.2916666666666667	0.7658593628752931	0.5353709230521589	24	-0.3137598784378971
MTIF2	MTIF2	5.1448405275388496e-11	10655.0	0.597877678931697	0.597877678931697	7.406714391279119e-09	10207.0	57.48563703954038	0.12	0.6605888331728177	0.512973548489893	25	-0.12225026889930625
ZNF300P1	ZNF300P1	0.0876903783405682	10654.0	0.5975767503021279	-0.5975767503021279	0.00512541455791949	12651.0	71.25154894671623	0.3333333333333333	1.169099082752213	1.3760398981761488	24	-0.41533848924555217
DUSP26	DUSP26	0.0565438218850656	10653.0	0.597549159225451	-0.597549159225451	1.145812036557701e-06	16352.0	92.0975554804551	0.625	1.756661054787343	1.4914220427050935	24	-0.7771857075811566
LIAS	LIAS	4.98792548088693e-05	10652.0	0.597469575089972	0.597469575089972	1.46294496801246e-06	5501.0	30.97893432465923	0.12	0.5920581575923405	0.7217660149179128	25	0.00749746785770589
CCT3	CCT3	8.699747378733109e-07	10651.0	0.597271489221624	0.597271489221624	1.01386370728628e-06	5177.0	29.153993466261124	0.12	0.4641879151810548	0.47771260940068994	25	0.2785850141312535
ACSM5	ACSM5	0.137243908379498	10650.0	0.597266746736981	-0.597266746736981	3.520504268549755e-06	15779.0	88.87011377717697	0.6666666666666666	1.8638457723399193	1.6016747526069792	24	-0.7907841611047315
HCG4	HCG4	0.00232272045863152	10649.0	0.5971280318579	-0.5971280318579	0.04385002958481075	3902.0	21.972513236453757	0.125	0.65218054621943	1.245396812919315	24	-0.044204797852727996
STAU2	STAU2	7.551576959531731e-06	10648.0	0.596477001887582	0.596477001887582	1.59069770344473e-06	9565.0	53.86955052382561	0.04	0.5355528716072456	0.48664625072954365	25	0.12519182093564574
FOXRED2	FOXRED2	0.000645201976382981	10647.0	0.596417943596148	0.596417943596148	0.00500915808566949	1393.0	7.840486650895573	0.08	0.43343980468436455	0.6537469950456241	25	0.24929849031338097
CLUAP1	CLUAP1	0.000554312498279009	10646.0	0.5962704358456129	0.5962704358456129	3.4439257237355003e-06	6019.0	33.89658668469077	0.04	0.46721488939159433	0.45590503660117904	25	0.28307550058262465
DUSP14	DUSP14	0.00223044946625662	10645.0	0.596175218715175	-0.596175218715175	6.11163651861341e-06	4125.0	23.22856820998085	0.12	0.5408768677561491	0.8491144964656742	25	0.06512472839552018
EEA1	EEA1	0.0111084936515439	10644.0	0.595754539603617	0.595754539603617	4.05357834999692e-05	9752.0	54.922834290864024	0.12	0.6099371719648032	0.48933624408865106	25	-0.028983408714390695
ZBTB7A	ZBTB7A	3.32895278415627e-07	10643.0	0.595538559705205	-0.595538559705205	7.420325583677441e-05	10565.0	59.50208403740002	0.24	0.8053878040738296	1.048029117627704	25	-0.20023226534357638
SLC8A1	SLC8A1	0.000369808197982248	10642.0	0.595486943657335	-0.595486943657335	0.0034032003733131927	10022.0	56.44361833952912	0.2916666666666667	1.0082686939282361	1.5288892849528368	24	-0.2699879934626101
CACNB3	CACNB3	0.000876182144477111	10641.0	0.595362722598332	0.595362722598332	2.43297360715509e-06	11478.0	64.64458713529345	0.3333333333333333	1.134156425060083	1.4699739335628774	24	-0.3665328276643923
TRPT1	TRPT1	4.9449082302312894e-05	10640.0	0.595027378961525	0.595027378961525	3.86976957527661e-05	5380.0	30.297397769516728	0.12	0.5700626838067742	0.6656938245022342	25	0.037501767683391016
DPH3	DPH3	3.21454910404593e-06	10639.0	0.595023019220632	-0.595023019220632	0.0024230821582361802	4549.0	25.616762419736396	0.04	0.40071977818065607	0.5829443853530377	25	0.33331351312750657
IRF4	IRF4	0.252972708880696	10638.0	0.594979819941563	0.594979819941563	8.954394371217756e-05	15188.0	85.5412864706545	0.5416666666666666	2.047322611367875	2.3988093765544676	24	-0.6054431859493504
ZMYM4	ZMYM4	0.00011619141563299299	10637.0	0.594979410358913	0.594979410358913	0.00743950255808992	5695.0	32.07164582629266	0.04	0.38855728775611015	0.39254547580636795	25	0.5258553093212194
C11orf88	C11orf88	0.248410442350361	10636.0	0.594969608494486	-0.594969608494486	0.00268965996319465	13016.0	73.30742367917088	0.4166666666666667	1.2639072187686338	1.139014855818347	24	-0.5872948951078752
CEACAM3	CEACAM3	0.113264805047726	10635.0	0.5948719998280699	-0.5948719998280699	0.00314257051051868	12267.0	69.08865607750366	0.4583333333333333	1.203913261541105	1.2146444260548148	24	-0.5014152690686698
ST20.AS1	ST20.AS1	0.000141798897376158	10634.0	0.594803006982305	-0.594803006982305	0.0122047923794466	814.0	4.579249746535992	0.12	0.3801485567080528	0.5284396977583539	25	0.4062042484408692
ZNF438	ZNF438	3.30348836063104e-05	10633.0	0.594676189023084	-0.594676189023084	0.0081736639518938	2152.0	12.115579587698546	0.12	0.45579802631314675	0.534400472131917	25	0.2598765718823225
KAT6A	KAT6A	3.45623967954652e-05	10632.0	0.594463425666524	-0.594463425666524	0.0677368137988746	2246.0	12.64503773797454	0.04	0.2997059124809244	0.30096494201718604	25	0.9793749106125724
MTMR4	MTMR4	4.513231363485e-05	10631.0	0.5944393436150911	0.5944393436150911	8.759123382777059e-05	3698.0	20.82347639968458	0.04	0.40359161737401017	0.47662176867698525	25	0.4004175612264611
GFI1	GFI1	0.132573215593366	10630.0	0.594396047111052	-0.594396047111052	8.88006076436241e-05	11135.0	62.712628140137426	0.25	1.2535406220216203	2.1122331142646384	24	-0.31206052516606136
TTN.AS1	TTN.AS1	0.000527358320444866	10629.0	0.5943588207619019	-0.5943588207619019	4.79722788896985e-07	16956.0	95.49960572265404	0.8333333333333334	2.8608238166578572	2.3267768294325704	24	-0.9740792358022048
ZNF701	ZNF701	9.87967115736771e-05	10628.0	0.5941833014264039	0.5941833014264039	0.000380148423736836	7594.0	42.76782696857046	0.12	0.6106029133535779	0.7160215969320325	25	-0.022931727195838504
NBPF3	NBPF3	0.0226637201277691	10627.0	0.594144023798551	0.594144023798551	3.46625636900451e-05	2932.0	16.508955728286583	0.08	0.49981534831526103	0.8239904068930777	25	0.1144778806818442
CTDSP1	CTDSP1	2.16973489142495e-08	10626.0	0.593916819259725	-0.593916819259725	0.0009451593291574929	7832.0	44.10836994480117	0.16	0.530385750302547	0.5040789583370007	25	0.1260339633433071
FSCN1	FSCN1	0.00743399266059605	10625.0	0.593695187337462	-0.593695187337462	7.72107054596862e-10	14431.0	81.27745860087867	0.48	1.6279464738502096	1.4958320986002147	25	-0.6914220436107702
KREMEN1	KREMEN1	1.99189701290979e-10	10624.0	0.5936671382416351	-0.5936671382416351	0.000776699583049179	6318.0	35.58071420524952	0.12	0.6131297515943037	0.7435411365088684	25	-0.026175570384781927
EI24	EI24	1.49158165228871e-09	10623.0	0.593376164847399	0.593376164847399	0.000320953909381602	3091.0	17.404528556944914	0.12	0.446882485952699	0.6743328723930168	25	0.2172423811623409
NR1H2	NR1H2	0.0011426091769485	10622.0	0.5933354071640771	-0.5933354071640771	0.0009538985387656721	5819.0	32.77007998197589	0.04	0.4046832266094541	0.294499277127701	25	0.640586226202584
CEP350	CEP350	4.60396789175111e-06	10621.0	0.593182767973975	0.593182767973975	0.00040207656417020097	9156.0	51.56584431677368	0.08	0.5732034818865069	0.5146937655249004	25	0.03881781250466971
WDR47	WDR47	6.82197419678207e-06	10620.0	0.593073102895919	-0.593073102895919	0.0189479407395263	2241.0	12.616875070406667	0.08	0.4750858440725711	0.7785039184592326	25	0.15155640970550419
LCTL	LCTL	0.00236530265492104	10619.0	0.592920792066604	0.592920792066604	0.000609741356164685	5979.0	33.6712853441478	0.12	0.6046102706039229	0.7610591659155745	25	-0.015359487226273909
DNM1P35	DNM1P35	0.252494347963068	10618.0	0.59286264328489	0.59286264328489	0.00327634431567546	8910.0	50.18024107243438	0.20833333333333334	0.7034905425543557	0.7343198959066048	24	-0.1506535501572955
NEURL3	NEURL3	0.36113818317260293	10617.0	0.592828769747518	0.592828769747518	0.00646554261448022	12789.0	72.02883857158949	0.4166666666666667	1.4850189893981875	1.3813946974983298	24	-0.6458619113468461
ADH6	ADH6	0.039794624263962006	10616.0	0.592771709290029	0.592771709290029	5.6760235967770247e-08	15112.0	85.11321392362284	0.625	1.6660481238949527	1.6754093369458267	24	-0.6406054872306274
MATN4	MATN4	0.22180703012916503	10615.0	0.5924726120600501	-0.5924726120600501	2.5378434499164e-08	16574.0	93.34797792046862	0.75	1.9752424532562072	1.1857294991448337	24	-1.1661764695855437
POU3F2	POU3F2	0.13676450070548898	10614.0	0.592282425210062	0.592282425210062	5.970117667001205e-07	14940.0	84.14441815928804	0.5	1.508734588237638	1.2613750619191253	24	-0.7265500886256901
ANKLE1	ANKLE1	0.0110309146432605	10613.0	0.5921542891355129	-0.5921542891355129	3.688885757064515e-10	12843.0	72.33299538132252	0.4166666666666667	1.3599145274604088	1.5687494613113984	24	-0.48940908491728535
CCDC65	CCDC65	0.00835523580645323	10612.0	0.591952375192425	-0.591952375192425	0.0010770270970399901	7295.0	41.083699448011714	0.08	0.6385346335290342	0.674135744593078	25	-0.06909922624667694
RSC1A1	RSC1A1	0.000599307726047293	10611.0	0.591888667691045	0.591888667691045	0.000285149652746576	7494.0	42.20457361721302	0.12	0.5111957205954905	0.5183975343268494	25	0.155658431516917
CARF	CARF	0.000267811749597124	10610.0	0.591876221346783	0.591876221346783	1.1076032447911899e-06	9235.0	52.01081446434606	0.12	0.6192321824883482	0.6234201982666814	25	-0.04388045369339019
ANKS3	ANKS3	0.000221065791958523	10609.0	0.5918596700011421	0.5918596700011421	0.00045527769079965703	3949.0	22.237242311591753	0.08	0.46956000293664124	0.6450277198988623	25	0.18960373840007524
TACR1	TACR1	0.0658577317472621	10608.0	0.591650056580806	-0.591650056580806	0.023543489491270247	4859.0	27.362847808944462	0.125	0.6818532162640488	1.0898579891053144	24	-0.08276597555365199
ALPK3	ALPK3	0.00769767378824705	10607.0	0.59149374292955	0.59149374292955	6.2909180523785255e-06	13371.0	75.3069730764898	0.3333333333333333	1.0570632434844918	1.1226539273816978	24	-0.4147043796842747
NEO1	NEO1	0.00022077296428834199	10606.0	0.591354751001925	-0.591354751001925	0.00340219427576594	1102.0	6.201419398445421	0.12	0.5864224442758412	1.1820846306766875	25	0.004172549577317734
LYSMD4	LYSMD4	5.0440886732759294e-05	10605.0	0.590929400015756	-0.590929400015756	0.00118009658797702	1142.0	6.426720738988397	0.04	0.3657907081975707	0.488188562200688	25	0.4611715825608255
HEXIM2	HEXIM2	0.000129666043605003	10604.0	0.590740184662866	0.590740184662866	0.018812757071568	2400.0	13.512447899064998	0.08	0.45077368089613395	0.8850111591820109	25	0.15815224736386252
AGAP1	AGAP1	0.000196691551394256	10603.0	0.590093864473505	-0.590093864473505	0.0441608856494647	1575.0	8.865607750366113	0.12	0.6648834053237721	1.608179550558864	25	-0.04650571562377892
USP48	USP48	1.11401419042788e-05	10602.0	0.590044276973702	0.590044276973702	0.000328491131964791	3085.0	17.370733355863468	0.04	0.32176843144484835	0.24711775142652068	25	1.0856194829395907
ALG5	ALG5	2.28838954010393e-05	10601.0	0.5900326834447261	0.5900326834447261	3.87685156724634e-11	10927.0	61.541061169313956	0.2	0.6832377870883493	0.45122161504468417	25	-0.2065616994753079
ABAT	ABAT	0.00450106951284265	10600.0	0.5899825538451011	0.5899825538451011	1.701102769706988e-05	9793.0	55.15376816492058	0.20833333333333334	0.7706664237579042	0.7640920019673375	24	-0.2364687360260142
LINC01503	LINC01503	2.14518807554793e-05	10599.0	0.589946932247186	0.589946932247186	7.85163679686537e-05	10633.0	59.88509631632308	0.25	0.8562204617100354	0.9474886245554663	24	-0.2810308457136117
CYB561	CYB561	0.00366498531938149	10598.0	0.589915155643411	0.589915155643411	0.00417888007993705	6331.0	35.65393714092598	0.2	0.54821527452384	0.61516851431067	25	0.06778611087776171
CD53	CD53	0.04682175461167	10597.0	0.589891330797833	-0.589891330797833	0.006992933274651725	11605.0	65.3599188915174	0.375	1.2140243901287733	1.4822093503860974	24	-0.42108293215689224
SLC14A2	SLC14A2	0.165633034296509	10596.0	0.589845449970405	-0.589845449970405	0.0460346227482918	8514.0	47.949757801058915	0.2916666666666667	1.0732007332768922	1.444217449431477	24	-0.3346831763435363
CAPRIN1	CAPRIN1	1.0880807779855302e-11	10595.0	0.5897649795633679	0.5897649795633679	0.0894115161097106	64.0	0.35484961135518756	0.04	0.2544272372405685	0.272473521739381	25	1.2307168057362565
GLRB	GLRB	0.0173246424500551	10594.0	0.589628627482516	0.589628627482516	6.941164224148815e-06	13933.0	78.47245691111861	0.4583333333333333	1.1149778763807945	0.9025942374405541	24	-0.5820436549517397
TMEM130	TMEM130	0.0568240391150628	10593.0	0.589326241299389	0.589326241299389	8.21352970470317e-07	15824.0	89.12357778528782	0.7083333333333334	1.6710016499577955	1.3372525343040356	24	-0.80887893715704
GDA	GDA	0.416755626627233	10592.0	0.589320865101318	-0.589320865101318	0.0008088733696947028	13512.0	76.10116030190379	0.4583333333333333	1.4340480379874878	1.6726118616150298	24	-0.5050347855781219
THBS4	THBS4	0.0496807601384943	10591.0	0.589190366490287	0.589190366490287	3.363965359056205e-06	13761.0	77.50366114678381	0.4583333333333333	1.61225990844628	1.7434086893745813	24	-0.5868214080790214
OXLD1	OXLD1	5.348877772470201e-06	10590.0	0.589111733075671	0.589111733075671	0.0561358038648297	237.0	1.3292779092035596	0.16	0.4297291110206723	0.6143672942295216	25	0.2594256295086159
MSRA	MSRA	4.87805481602434e-07	10589.0	0.589065843244413	-0.589065843244413	0.00281890372944784	1005.0	5.655063647628704	0.125	0.5295209275593	0.9762375939149032	24	0.06099428669441654
NDN	NDN	0.000254055099388993	10588.0	0.588822147241532	-0.588822147241532	3.507507799358925e-06	11127.0	62.66756787202883	0.25	1.0604427540803247	1.42917301823448	24	-0.329995459487058
ANKH	ANKH	0.0112447723143796	10587.0	0.5887491598586341	0.5887491598586341	0.0174451222236763	213.0	1.1940971048777738	0.12	0.401483202015828	0.4737687774945493	25	0.39526867691267514
RGS13	RGS13	0.0952680204656385	10586.0	0.5887382781363011	-0.5887382781363011	0.0032337019521334145	14977.0	84.35282189929029	0.5	1.6100691387284654	1.7043338799739398	24	-0.5992551533434171
APOE	APOE	0.296980507385198	10585.0	0.58856169486414	0.58856169486414	3.119902003199905e-10	16192.0	91.19635011828319	0.625	2.184534000586423	2.33082474351945	24	-0.6847242848951528
TNPO1	TNPO1	1.4888717101290399e-06	10584.0	0.588490651465189	0.588490651465189	0.0892657708975039	2305.0	12.977357215275429	0.12	0.43438159908698554	0.6280427010882241	25	0.24537989552489842
B2M	B2M	0.000863678114724917	10583.0	0.588470955901612	-0.588470955901612	2.02934841652232e-06	10851.0	61.112988622282295	0.28	1.1339212552682691	1.4186058824692334	25	-0.3844974182802931
ZNF354A	ZNF354A	0.00018703626153970901	10582.0	0.5883942370692691	0.5883942370692691	8.4881077136968e-07	6442.0	36.279148360932744	0.04	0.4483914864264093	0.4563008647057776	25	0.30682113813905093
ZMIZ1.AS1	ZMIZ1.AS1	0.0282351670684554	10581.0	0.5882358027776871	0.5882358027776871	0.003294535311074415	11783.0	66.36250985693364	0.4166666666666667	1.2326892915593641	1.5732830459980776	24	-0.4096233607938241
ADGB	ADGB	0.24917299425502198	10580.0	0.5882333521537789	-0.5882333521537789	0.006173851680036334	12919.0	72.76106792835417	0.4583333333333333	1.1373428006937905	1.0766051140918127	24	-0.5100379343852751
IL1RAPL1	IL1RAPL1	0.25863197148435	10579.0	0.588194405139885	0.588194405139885	0.0036865499288824253	11267.0	63.45612256392925	0.2916666666666667	1.21789920141691	1.6071178800398407	24	-0.3918224071164056
TGFB1	TGFB1	0.000246077348722958	10578.0	0.588175325354245	-0.588175325354245	2.5927861567198304e-12	12604.0	70.98681987157823	0.4	1.2115695863037066	1.1291457727723895	25	-0.5520936941727576
NCAPG2	NCAPG2	1.05967662094888e-06	10577.0	0.588124207445906	0.588124207445906	0.0129594771207216	1915.0	10.780669144981411	0.12	0.5452717052746021	0.9545085408782823	25	0.04489483366159672
SNAP25	SNAP25	0.0690693657227763	10576.0	0.58808527916104	-0.58808527916104	2.3551753404684897e-05	16600.0	93.49442379182156	0.6666666666666666	2.0081905236713626	1.5762660468436436	24	-0.900929920652658
NKX3.1	NKX3.1	0.0876903783405682	10575.0	0.5879595694828961	-0.5879595694828961	3.594132002033685e-05	13956.0	78.60200518193082	0.5	1.6947607092390227	1.8240098357295675	24	-0.6067955983984199
DDC.AS1	DDC.AS1	0.622624481176662	10574.0	0.587931524511829	0.587931524511829	0.00020599320441554945	16507.0	92.97059817505914	0.5909090909090909	1.9706143007659152	1.6133622362411684	22	-0.8570194251450177
SH3PXD2B	SH3PXD2B	0.00727068645858835	10573.0	0.5879122069010511	0.5879122069010511	6.38415065207026e-05	6855.0	38.605384702038975	0.16	0.9865248096177727	1.642121377283353	25	-0.2427424721649792
GOLT1B	GOLT1B	7.834041568525141e-05	10572.0	0.587761897989702	0.587761897989702	3.5361247728413298e-09	12231.0	68.88588487101498	0.24	0.788375376859464	0.4992307187057967	25	-0.4018452217640601
ATAD2B	ATAD2B	3.1343738108359797e-06	10571.0	0.587711301706602	0.587711301706602	0.00130612793723069	6202.0	34.92734031767489	0.04	0.42330919984722903	0.3510830030184062	25	0.4682713217271697
F8A1	F8A1	2.88961590302908e-06	10570.0	0.587523698120095	0.587523698120095	0.0286769177489174	3648.0	20.541849724005857	0.16	0.7365327682758667	1.3342636828076886	25	-0.1116788773282146
UCHL5	UCHL5	5.92620879777437e-05	10569.0	0.5874940421888599	0.5874940421888599	3.2517293173070493e-08	10039.0	56.53937140925988	0.16	0.6906661029819774	0.4271128206888513	25	-0.24155692780825605
LY75	LY75	0.0370634848454967	10568.0	0.587462814903957	0.587462814903957	0.007379917902640341	9670.0	54.460966542750924	0.2916666666666667	1.2820073779330128	2.1278196140377807	24	-0.32641139241642675
FANCM	FANCM	0.000335726483391294	10567.0	0.587324224253845	0.587324224253845	0.00117735895274778	6407.0	36.08200968795764	0.04	0.47508018473203395	0.6029880189626127	25	0.18614638432603844
GADD45A	GADD45A	0.0282806364029913	10566.0	0.587286187585816	-0.587286187585816	4.889978524138279e-07	9250.0	52.09530246704968	0.12	0.6896062628997518	0.8737220895537874	25	-0.11710826192593003
ZNF518A	ZNF518A	0.00104460447384916	10565.0	0.587229120729421	0.587229120729421	0.00013787325639021	8768.0	49.38042131350681	0.04	0.509920888888078	0.3510937672546628	25	0.22019254983033693
LPIN3	LPIN3	0.0020979991362958896	10564.0	0.587223175174411	0.587223175174411	0.0271189905372074	3446.0	19.40407795426383	0.04	0.3810830313543977	0.3786426157227736	25	0.5444187612810614
SLC26A4	SLC26A4	0.40676522218228706	10563.0	0.5871239218784239	0.5871239218784239	7.966577113903675e-07	14348.0	80.80995831925199	0.5	1.7659645984665389	1.748131208681988	24	-0.6743433620619974
RPA3	RPA3	1.59973256461209e-05	10562.0	0.587029787569434	0.587029787569434	3.00759443982124e-13	10782.0	60.724343809845664	0.16	0.7173640588869163	0.5347512748026509	25	-0.24372877159681752
GGTA1P	GGTA1P	0.00406912576423305	10561.0	0.5870096321664	-0.5870096321664	0.00048472412988329397	10830.0	60.99470541849723	0.2916666666666667	1.0784304048613544	1.5084274338388162	24	-0.3257835025211199
SLC26A1	SLC26A1	0.000618299330045196	10560.0	0.5867636051581191	0.5867636051581191	5.110315480790371e-05	10282.0	57.90807705305846	0.24	0.8114572454798714	1.0905968890347761	25	-0.20602813246663082
IRF6	IRF6	0.0167991444695583	10559.0	0.586601476040035	0.586601476040035	0.00024905268933577795	12139.0	68.36769178776613	0.375	1.1282861745931698	1.0162875531967426	24	-0.5330033776850461
UBTD2	UBTD2	0.000276809383310223	10558.0	0.5864814010080289	0.5864814010080289	0.0108508003368478	2340.0	13.174495888250535	0.16	0.47812167098909003	0.6402979290202739	25	0.1692332976693227
PBX4	PBX4	0.0581350540602457	10557.0	0.586300751236992	-0.586300751236992	0.000397274683126764	8648.0	48.704517291877885	0.12	0.6766406100011149	0.8827104485016197	25	-0.1023437061580869
LRP5L	LRP5L	0.0388040068030423	10556.0	0.5862049596632789	0.5862049596632789	0.0388779335291919	923.0	5.193195899515603	0.08	0.4584830072447776	0.8935999362537331	25	0.14292967942002552
CLSTN2	CLSTN2	0.129007345683936	10555.0	0.586006091234693	-0.586006091234693	0.00025890148433295554	13893.0	78.24715557057564	0.5	1.407369602731918	1.5758262592477255	24	-0.521227201715328
CRB1	CRB1	0.0710149430886949	10554.0	0.586001485149396	-0.586001485149396	0.00468200370282079	15416.0	86.82550411174945	0.5416666666666666	1.6029698961977819	1.3873173716604343	24	-0.7330466927197847
GNG5	GNG5	8.18030087138283e-09	10553.0	0.5859968304472739	-0.5859968304472739	9.14950162709418e-06	6710.0	37.78866734257068	0.12	0.472655367293092	0.45364382854942664	25	0.24984680937157913
ZNF85	ZNF85	0.00704228048689839	10552.0	0.5859758235114649	0.5859758235114649	0.00017444835328621398	6891.0	38.80815590852765	0.16	0.6625772194692591	0.9513558539422514	25	-0.08051813171734995
BHLHE40	BHLHE40	0.0214917318119657	10551.0	0.5858221773482509	-0.5858221773482509	0.0046797780491472105	6495.0	36.57767263715219	0.08	0.5469357042688543	0.61749612656146	25	0.06297444049720079
COA7	COA7	0.0120014631059823	10550.0	0.585758088804452	0.585758088804452	0.000147274475902072	2175.0	12.245127858510758	0.08	0.4145843425120033	0.5801732311616057	25	0.2950390281704823
MINK1	MINK1	1.66015817672386e-09	10549.0	0.5855311282479649	-0.5855311282479649	1.67536872326825e-08	11063.0	62.30708572716007	0.44	1.3782096689033718	1.6909723360746975	25	-0.4687708507966927
CFAP61	CFAP61	0.24973309854742	10548.0	0.585524992089582	-0.585524992089582	0.0001799642512024714	14555.0	81.97589275656189	0.5416666666666666	1.3178218137808753	1.005620346630172	24	-0.728204062442865
YTHDF3.AS1	YTHDF3.AS1	0.0463182719340074	10547.0	0.585064145039827	0.585064145039827	0.06994634978235005	3271.0	18.418384589388307	0.08333333333333333	0.4857166587800911	0.6284807021172438	24	0.1580756352980309
FHOD3	FHOD3	0.0289641558825165	10546.0	0.58490674564528	0.58490674564528	0.0010522182376768699	7672.0	43.20716458262926	0.28	0.9219819972906952	1.2512636692362094	25	-0.26938786758762934
C16orf46	C16orf46	0.0100664981062746	10545.0	0.584873955989819	0.584873955989819	0.0571835762809997	2651.0	14.926213810972174	0.0	0.34115537147020353	0.39633885073762515	25	0.6149247899014478
CD177	CD177	0.35666018694864704	10544.0	0.584785915218977	0.584785915218977	0.0007686959373919845	15224.0	85.74405767714318	0.5416666666666666	2.1827530684757424	2.5937117897107353	24	-0.6160927978181334
TTC36	TTC36	0.0398070019640375	10543.0	0.584731451278471	0.584731451278471	0.008155570382020551	12549.0	70.67703052833164	0.3333333333333333	0.9120421980920549	0.8545735597849048	24	-0.38301061747799403
TESK1	TESK1	2.3853655598612e-08	10542.0	0.584667601891418	-0.584667601891418	0.000242595669062248	8565.0	48.23701701025121	0.04	0.4924510504398619	0.33969598824415825	25	0.27146788494091645
FKBP4	FKBP4	0.00273324893699765	10541.0	0.5845694673343421	0.5845694673343421	0.0033685549671383	4868.0	27.413540610566635	0.08	0.39686614748440247	0.3963701923755992	25	0.47355558884224214
BTG1	BTG1	0.0012244500563689	10540.0	0.584466947374634	-0.584466947374634	0.0127835619050148	709.0	3.987833727610679	0.04	0.4130252775722065	0.8502251587717872	25	0.2016426684551274
BRPF1	BRPF1	1.68434514098612e-06	10539.0	0.5843992839814101	-0.5843992839814101	7.751863780763049e-10	10018.0	56.42108820547482	0.0	0.5307589309419032	0.2622281086302178	25	0.2045560764622227
GNPTAB	GNPTAB	0.0009314823422276811	10538.0	0.584371544169497	0.584371544169497	0.0008524951405927259	6865.0	38.661710037174714	0.08	0.5053465180475953	0.5025676222013237	25	0.15724257319992055
RLN1	RLN1	0.573627514741917	10537.0	0.5843427104270501	-0.5843427104270501	0.0005522588302699581	12469.0	70.22642784724569	0.4166666666666667	1.5562166597481106	1.7466485222289536	24	-0.5564221633330221
CHRNE	CHRNE	0.00119519836454818	10536.0	0.584134290029485	-0.584134290029485	8.87564200556439e-05	6316.0	35.56944913822237	0.28	0.6364770071431185	0.6286489326449366	25	-0.08326223810388118
SLC25A15	SLC25A15	0.000384058025121073	10535.0	0.584127278451891	0.584127278451891	0.0311291436182722	483.0	2.7148811535428634	0.08	0.3172276792981416	0.4650733422394487	25	0.5738871161020727
ADORA2B	ADORA2B	0.0525721926618793	10534.0	0.5840507180107739	0.5840507180107739	1.90925639381922e-07	10806.0	60.85952461417145	0.125	0.6728262316643657	0.5753926929226338	24	-0.15428682836180613
LAGE3	LAGE3	0.000270350962770432	10533.0	0.583949273089453	0.583949273089453	0.0201944489222501	676.0	3.8019601216627237	0.12	0.45710291780554213	0.7426852764137196	25	0.1707942237611426
CLTCL1	CLTCL1	0.0118883302183125	10532.0	0.583706775870316	-0.583706775870316	3.67661415809066e-07	10136.0	57.0857271600766	0.2	0.6964615988259472	0.5922631834312558	25	-0.1903795915565611
SPECC1L	SPECC1L	3.16541674513132e-07	10531.0	0.583672888811775	-0.583672888811775	0.0137795404185506	912.0	5.1312380308662835	0.04	0.284605425054361	0.2749032183812685	25	1.0879009184338893
ZNF229	ZNF229	0.12348968012933699	10530.0	0.5836647364111259	0.5836647364111259	0.00023939222303558398	6152.0	34.64571364199617	0.2	0.6290670254938299	0.7791156381271708	25	-0.058274133980729025
PRIM2	PRIM2	2.80041918649945e-06	10529.0	0.583601887390147	0.583601887390147	2.18693774896031e-05	7650.0	43.08324884533062	0.08	0.5196618412804607	0.5570901916756199	25	0.11477503475221303
CHAC2	CHAC2	0.0072411237437431	10528.0	0.5835945859364571	0.5835945859364571	1.19647675211801e-08	10997.0	61.935338515264164	0.4	0.9352915698225727	0.7565664962194658	25	-0.4648593159273271
IFT57	IFT57	0.00766407828402775	10527.0	0.583582974712624	-0.583582974712624	8.9956597700679e-12	10570.0	59.53024670496789	0.16	0.9289330577165313	1.2632569605910333	25	-0.27338070857913993
LINC01550	LINC01550	0.00657275346194299	10526.0	0.583574105394362	0.583574105394362	0.03475225786307435	8904.0	50.14644587135293	0.25	1.1724665088387738	1.8499006548283274	24	-0.31833731282129935
TMEM87B	TMEM87B	8.70020008952794e-10	10525.0	0.583499501308011	0.583499501308011	1.43559374037863e-09	11988.0	67.5171792272164	0.08	0.702234131059186	0.3954863999232831	25	-0.3002243054987663
SLC38A6	SLC38A6	2.49345307625074e-06	10524.0	0.583433009775676	0.583433009775676	7.51063967233156e-10	10983.0	61.85648304607412	0.32	0.8073596243003357	0.5667281316733352	25	-0.39512175593522864
MEI1	MEI1	0.0795849968073123	10523.0	0.583342966261249	0.583342966261249	0.0038049456584111547	9896.0	55.73391911681874	0.2916666666666667	1.1233037771708017	1.8892965009865088	24	-0.2857999316823
STK36	STK36	1.54467417195663e-05	10522.0	0.5832210093926059	0.5832210093926059	0.0012935035567451301	3279.0	18.463444857496903	0.12	0.6890822647732193	1.1959765064010985	25	-0.08851449406741974
CHRD	CHRD	0.16521558404381798	10521.0	0.583084403807374	0.583084403807374	1.6225220959409316e-05	14907.0	83.95854455334009	0.5416666666666666	1.3918155191375756	1.1874289821415651	24	-0.6810774602045083
HADH	HADH	0.000136699307137277	10520.0	0.5829660866561371	0.5829660866561371	2.8650092215903498e-05	4878.0	27.469865945702377	0.12	0.4565712925027111	0.5361211436115937	25	0.23575789848906964
PLAG1	PLAG1	0.07345731612272399	10519.0	0.582844008848648	0.582844008848648	8.628947536766355e-05	8254.0	46.48529908752957	0.08333333333333333	0.48083762252702633	0.31318249630564476	24	0.32570909142403137
CHST12	CHST12	4.3826831977712696e-06	10518.0	0.5828439213016701	-0.5828439213016701	4.4743725188472304e-08	10951.0	61.67624197363974	0.24	0.7273013324945	0.4386479113212756	25	-0.32932428826049076
PPP1R3E	PPP1R3E	1.13012190183054e-05	10517.0	0.582830863474864	0.582830863474864	0.0339400829871177	287.0	1.6109045848822798	0.08	0.4625707618214615	0.7775176111233318	25	0.15467186843479297
MAGI3	MAGI3	0.0659374614581088	10516.0	0.582801855447995	-0.582801855447995	0.000178385082734986	9369.0	52.76557395516503	0.24	0.6879214555381662	0.5693053399600398	25	-0.1846453786952879
COL4A5	COL4A5	0.0035024842695410897	10515.0	0.5827704324872379	-0.5827704324872379	0.015391438344640995	4552.0	25.63366002027712	0.08333333333333333	0.8417488331535296	1.8068596104042527	24	-0.1433306711683869
TMEM109	TMEM109	1.07901300720708e-08	10514.0	0.5827011349991179	-0.5827011349991179	0.000150089623540488	3649.0	20.547482257519434	0.12	0.40399862581351487	0.3621821150203912	25	0.4934051179626634
SERPINB9P1	SERPINB9P1	0.12010159506635301	10513.0	0.582518887850922	-0.582518887850922	0.005214444337848405	4129.0	23.251098344035146	0.08333333333333333	0.5847963358213507	0.8707920501750701	24	-0.0026153752436886067
PACRG	PACRG	0.19303707666884198	10512.0	0.58251149831056	-0.58251149831056	0.01639419900389871	13083.0	73.68480342458037	0.4166666666666667	1.1817949872854412	1.2534563987067429	24	-0.47810477460021233
LINC01184	LINC01184	0.00274529061513471	10511.0	0.582345512422784	0.582345512422784	2.17473146282406e-07	2369.0	13.337839360144192	0.12	0.5187501546658912	0.6832335496369674	25	0.09307996920040564
ANKRD46	ANKRD46	0.0284438688928129	10510.0	0.582328950045323	0.582328950045323	1.41874840248428e-06	6679.0	37.614058803649876	0.12	0.6019952430039084	0.7462231249980126	25	-0.02635444051487647
SELENOO	SELENOO	0.00112111984707553	10509.0	0.582266050698932	-0.582266050698932	1.41124267261483e-07	10328.0	58.167173594682886	0.24	0.9331746659833628	0.9538874893101211	25	-0.3678721224640634
ADCY10P1	ADCY10P1	0.00197285600010396	10508.0	0.582202903912412	-0.582202903912412	0.000186867142036087	7002.0	39.433367128534414	0.12	0.5117373672343897	0.44333407559006127	25	0.15894455345945455
RAB9A	RAB9A	0.00321526402797337	10507.0	0.582175936305963	0.582175936305963	4.5315607052945797e-13	11004.0	61.97476624985918	0.12	0.6241039607027541	0.47674050166981896	25	-0.0879472674336145
ZNF683	ZNF683	0.0892704047092274	10506.0	0.582098869089706	-0.582098869089706	0.000126423271202252	15317.0	86.2678832939056	0.5416666666666666	1.8449075029310666	2.0082839955007454	24	-0.6287998294416981
KNSTRN	KNSTRN	1.1585834589405999e-07	10505.0	0.582085589307099	0.582085589307099	0.000228590405490935	5043.0	28.399233975442154	0.2	0.726624404106147	1.02336724025933	25	-0.14123846172994625
DNAH17	DNAH17	0.00126715071672105	10504.0	0.581939450958663	-0.581939450958663	1.03450477340452e-08	10795.0	60.79756674552213	0.28	0.9355449437234615	1.291161613222315	25	-0.27386617534447566
MTRF1	MTRF1	0.0029467053487787897	10503.0	0.581882118997355	0.581882118997355	0.00096944940033293	2625.0	14.779767939619239	0.08	0.4587763306856427	0.48636828043522606	25	0.2531122880825024
RAB34	RAB34	9.394573438876541e-07	10502.0	0.581797975662396	0.581797975662396	0.00348423072335638	2746.0	15.461304494761743	0.12	0.6387748962173664	0.9362147457201418	25	-0.060858815582041925
ETHE1	ETHE1	0.00123157133175907	10501.0	0.581773554957542	-0.581773554957542	0.00643231589643739	1941.0	10.927115016334346	0.04	0.40423125406745863	0.5004423827080319	25	0.3547707129227404
CHRAC1	CHRAC1	0.0212919641396408	10500.0	0.5817150733634471	0.5817150733634471	8.971948098182171e-07	5010.0	28.2133603694942	0.08	0.39680682526332844	0.42876948612572835	25	0.431253281969552
PLOD1	PLOD1	0.00105476710321381	10499.0	0.5815983177650871	0.5815983177650871	0.0124992332534044	2714.0	15.281063422327362	0.08	0.3653225104407713	0.3487102106699664	25	0.6202164453653124
SEMA4A	SEMA4A	0.00920341693632715	10498.0	0.581437509338295	-0.581437509338295	0.060784132118206644	2748.0	15.472569561788891	0.08333333333333333	0.5986119506920231	1.2002350667132315	24	-0.014309231441436945
FGF14	FGF14	0.0722459012714309	10497.0	0.581388867981709	0.581388867981709	0.0020220688156391393	10708.0	60.307536329841156	0.3333333333333333	0.9339566195854948	0.9376259152191977	24	-0.37602176505686996
APOBEC2	APOBEC2	0.0797392529169764	10496.0	0.581357827350622	-0.581357827350622	2.0982513297105452e-08	16771.0	94.45758702264278	0.75	2.2159387179517016	1.4672770143958531	24	-1.1140233742938537
PARD3B	PARD3B	1.01509126827529e-05	10495.0	0.581316732221077	-0.581316732221077	0.0234162200483535	3024.0	17.02714881153543	0.04	0.5284541584763625	0.8316956350473799	25	0.06355999901538875
A1BG.AS1	A1BG.AS1	0.0153828829479141	10494.0	0.5812040387743149	-0.5812040387743149	7.857805787205509e-06	9907.0	55.79587698546806	0.20833333333333334	0.8303793381072594	0.9991152452038008	24	-0.2493959535990439
CCR7	CCR7	0.31878612719287897	10493.0	0.5812016859541179	-0.5812016859541179	0.0054581452043118445	14148.0	79.68345161653711	0.4583333333333333	1.6564955745280707	2.001736871782751	24	-0.5371804375148937
PSIP1	PSIP1	5.525798227408901e-07	10492.0	0.581000165437228	-0.581000165437228	0.0034567153785826	3673.0	20.68266306184522	0.12	0.573681668975122	0.8924115993074103	25	0.008200808312874713
LURAP1L	LURAP1L	0.000275088971161858	10491.0	0.580803822465505	-0.580803822465505	0.0014726886105130101	11373.0	64.05317111636813	0.3333333333333333	0.9197764433737602	1.0814320736920906	24	-0.31344790778303544
SPRY3	SPRY3	0.0479242174414782	10490.0	0.5807477890855199	0.5807477890855199	0.00112919244353763	4562.0	25.689985355412865	0.12	0.7590870892208325	1.358681057344513	25	-0.13125913485823484
ST8SIA6.AS1	ST8SIA6.AS1	0.380653371484823	10489.0	0.580633139261914	-0.580633139261914	4.3551570469534e-09	15427.0	86.88746198039878	0.625	1.9909163238171124	1.670579951320766	24	-0.8441877824765129
ALLC	ALLC	0.665597567353448	10488.0	0.580583021197374	-0.580583021197374	0.005622069691513449	15405.0	86.76354624310014	0.5833333333333334	1.6085187898343392	1.281917315584004	24	-0.8018736904015277
OSBP	OSBP	3.6060776509563205e-14	10487.0	0.5805086793794879	0.5805086793794879	0.000294564554091959	5981.0	33.682550411174944	0.12	0.4815918153168122	0.5878382308912801	25	0.16827225393744463
ATP23	ATP23	0.0139022937587555	10486.0	0.5804450613960389	0.5804450613960389	0.000197099850134144	1759.0	9.901993916863804	0.08	0.45535541367300736	0.6590870026998047	25	0.1897923145360618
BCL2L2	BCL2L2	0.00012136446597910801	10485.0	0.580437814909534	-0.580437814909534	0.00013321612833975302	4185.0	23.566520220795315	0.12	0.5121225798647717	0.5959947263007953	25	0.11462389184008298
PCIF1	PCIF1	2.59784709584607e-10	10484.0	0.580132933383911	-0.580132933383911	6.58062179423715e-06	3703.0	20.85163906725245	0.08	0.4338268446335013	0.45151691199774335	25	0.3240323559599933
EXO5	EXO5	0.000361788003992598	10483.0	0.580008142611984	0.580008142611984	0.0118030575948527	1341.0	7.547594908189704	0.04	0.5247643130890882	1.207471325863819	25	0.04575166990683989
KHDC1	KHDC1	0.0271652458765858	10482.0	0.57999800504259	0.57999800504259	0.0102195463273743	6515.0	36.690323307423675	0.08	0.6960898807023637	1.0542882588006168	25	-0.11011397944604115
TNFRSF19	TNFRSF19	0.00821728431222737	10481.0	0.579913232316391	-0.579913232316391	0.056361706565235745	4891.0	27.543088881378843	0.125	0.9726302912194544	2.150395574187572	24	-0.1826254962654643
SECTM1	SECTM1	0.0663255418828149	10480.0	0.579847310884988	-0.579847310884988	1.2183668435517774e-05	11757.0	66.2160639855807	0.375	1.173495185447815	1.3838160234585337	24	-0.428993352078074
SCAMP1	SCAMP1	0.0025154945301372397	10479.0	0.579774874652887	0.579774874652887	3.12388427223674e-06	9840.0	55.41849724005857	0.04	0.49038106673455234	0.3729044989305905	25	0.23972306093033682
JAK2	JAK2	0.00472203835165434	10478.0	0.5796689620360289	-0.5796689620360289	0.0180276007424228	5618.0	31.637940745747436	0.08	0.4044172795987839	0.33479757086373124	25	0.5234556570560533
TMEM30B	TMEM30B	0.000894024066533457	10477.0	0.579571888759244	0.579571888759244	0.00020377143838022649	12812.0	72.15838684240171	0.375	1.189058288262949	1.3101591211785792	24	-0.46520028724101053
TSPAN13	TSPAN13	0.03614159539620299	10476.0	0.57956622894547	-0.57956622894547	2.2451635865171897e-09	12724.0	71.66272389320716	0.28	0.9127798978147684	0.6550819032973607	25	-0.5086595541596621
WTIP	WTIP	0.0206114331404657	10475.0	0.579541232430039	-0.579541232430039	8.97075656265423e-07	10707.0	60.301903796327586	0.2	0.7847675443525358	0.6818767017251235	25	-0.30097275856952094
PLEKHG2	PLEKHG2	0.0283533729029849	10474.0	0.5795310726348879	-0.5795310726348879	3.9097253092026795e-13	13630.0	76.76579925650557	0.4	0.9825057346789294	0.6739895239822172	25	-0.5978945483649294
PSTPIP1	PSTPIP1	0.0571265752290894	10473.0	0.579469723865379	-0.579469723865379	0.0003197858959961985	13183.0	74.24805677593781	0.4583333333333333	1.5984231966080202	2.020991956253773	24	-0.5041848234920401
LINC01252	LINC01252	0.20717783378743002	10472.0	0.579447949054544	0.579447949054544	1.1440511534016116e-05	9111.0	51.31238030866283	0.2916666666666667	1.0129218466922214	1.461799691587345	24	-0.2965344021703651
NR5A1	NR5A1	0.591097790608736	10471.0	0.57923944053834	-0.57923944053834	2.87954535606485e-11	17270.0	97.26822124591641	0.7916666666666666	2.960850117903986	2.26183167683128	24	-1.0529566376496111
ACTC1	ACTC1	0.35733484251046704	10470.0	0.5788470385502329	-0.5788470385502329	8.24299399472114e-08	17699.0	99.68457812323983	0.782608695652174	4.231699842464297	3.217977542473026	23	-1.135139308991832
MAP3K20	MAP3K20	1.44535326081527e-06	10469.0	0.578739940212464	-0.578739940212464	0.0070720712673284	4858.0	27.35721527543089	0.12	0.5102161669426516	0.5921684721265684	25	0.11571668620541879
C12orf75	C12orf75	0.16055877521640696	10468.0	0.57869046293528	0.57869046293528	0.0001385698288641673	11301.0	63.64762870339078	0.3333333333333333	1.5499136115063046	2.082393905724269	24	-0.46639742168916276
EHBP1	EHBP1	1.73054847512861e-07	10467.0	0.578459471134114	-0.578459471134114	0.056995178248168	727.0	4.089219330855019	0.04	0.3036181751614928	0.40633417118016174	25	0.6763922787354283
MGRN1	MGRN1	0.001490242624794	10466.0	0.578433155677431	0.578433155677431	1.36487348691282e-09	10177.0	57.31666103413315	0.2	0.806839174267905	0.7394139102382783	25	-0.3089014358911228
B4GALT7	B4GALT7	7.19659627515125e-05	10465.0	0.5783761524272779	0.5783761524272779	0.00127252077679421	3077.0	17.325673087754872	0.12	0.3930906787275931	0.45114318510567786	25	0.41070214472215216
COL25A1	COL25A1	0.22691295953061	10464.0	0.578372946188323	-0.578372946188323	0.00108418058306724	12695.0	71.4993804213135	0.36	1.2303209886973976	1.1539953412645723	25	-0.5649485913822289
PRSS1	PRSS1	0.525950708666799	10463.0	0.5783718787352711	0.5783718787352711	0.0056940638894805	17456.0	98.31587247944125	0.6086956521739131	2.9772682037302003	2.6324825455230982	23	-0.9112677039680986
URB1.AS1	URB1.AS1	0.00615850466839376	10462.0	0.57830073794056	0.57830073794056	0.00044412147605988396	7891.0	44.44068942210206	0.08	0.5805874318994916	0.48094817598588185	25	-0.004754553760899755
ZNF853	ZNF853	4.924150139204871e-05	10461.0	0.5782496537339	-0.5782496537339	5.971744828287994e-13	13397.0	75.45341894784274	0.4166666666666667	1.523181818412635	1.82105962430008	24	-0.518891392719729
CTRL	CTRL	0.0012096116039509199	10460.0	0.577990354078113	-0.577990354078113	0.0009267467654689905	5787.0	32.589838909541506	0.125	0.6317307520657702	0.8330615973272344	24	-0.064509513054108
ALOX12B	ALOX12B	0.260394809001985	10459.0	0.577888305232341	0.577888305232341	1.9291890693970948e-07	16906.0	95.21797904697533	0.6666666666666666	2.1444587849690278	1.6435559603371501	24	-0.9531591972173123
C17orf100	C17orf100	0.00163109894436863	10458.0	0.5778552054733389	0.5778552054733389	0.0001936698785533905	14003.0	78.86673425706883	0.4166666666666667	1.581677803852819	1.6379949425971891	24	-0.6128362013058652
INSM2	INSM2	0.510572316057232	10457.0	0.577778624231152	0.577778624231152	5.23981828323886e-05	17016.0	95.83755773346851	0.5652173913043478	2.3096642062168504	2.0138165131710344	23	-0.8600016787321917
STARD3	STARD3	0.000108374784213819	10456.0	0.5772203662258771	-0.5772203662258771	0.00123315991374509	2380.0	13.39979722879351	0.16	0.5297961128878285	0.5210390088425302	25	0.09101862342975045
INSL5	INSL5	0.700842276998931	10455.0	0.5771400482189419	0.5771400482189419	0.000140992685302541	17152.0	96.60358229131462	0.7619047619047619	3.1476211364461903	2.43462643879658	21	-1.055801024447028
ORC5	ORC5	1.20793621753509e-06	10454.0	0.5771214985648871	0.5771214985648871	8.20172835316015e-09	8014.0	45.13349104427171	0.12	0.619172076505498	0.6357989797919273	25	-0.06613816517033794
ITGAE	ITGAE	0.131529826596018	10453.0	0.577048408405666	-0.577048408405666	1.7327260917575298e-06	7220.0	40.66125943449363	0.04	0.46379822020550987	0.36118027770185385	25	0.31355584784627016
HAND2	HAND2	0.545487916883994	10452.0	0.57682753082463	0.57682753082463	0.00129029482090555	14593.0	82.18992903007772	0.5652173913043478	1.8765693304676108	1.8483929412155058	23	-0.7031739684032058
NCAPH2	NCAPH2	0.000631813161545669	10451.0	0.576754460328901	-0.576754460328901	7.0084370232521696e-09	6939.0	39.07851751717922	0.0	0.4337399688498182	0.2260024750978104	25	0.6328005541407824
MED31	MED31	0.0026815590937690897	10450.0	0.5766563575043749	0.5766563575043749	5.00817679352993e-07	9015.0	50.77165709135969	0.12	0.6387877088604593	0.6100997649726123	25	-0.10183801883430244
VASP	VASP	6.55359264258835e-07	10449.0	0.576642916366515	-0.576642916366515	0.0035831694269301	6909.0	38.90954151177199	0.08	0.4918359144420537	0.4913091321087193	25	0.17261434071145002
ARGLU1	ARGLU1	0.000270232557610497	10448.0	0.576628209851036	-0.576628209851036	0.00011907583204846	2382.0	13.41106229582066	0.12	0.5285268677374791	0.6972327557443734	25	0.06898893047875147
C5orf51	C5orf51	0.00097983215869094	10447.0	0.5765764906598541	0.5765764906598541	2.0989462375106603e-06	8837.0	49.769066125943446	0.08	0.5535333044967642	0.4884293755690876	25	0.04717813324852007
MED8	MED8	3.185610699845509e-08	10446.0	0.576475838490077	0.576475838490077	1.59830045858479e-09	7864.0	44.288611017235546	0.12	0.553372893634011	0.502603274719902	25	0.045966562531732716
PXN.AS1	PXN.AS1	1.73384450586625e-12	10445.0	0.576468705805504	-0.576468705805504	0.000719241144240245	816.0	4.590514813563141	0.04	0.3740527075401032	0.5384030081558683	25	0.37595629147525333
ZBTB8OS	ZBTB8OS	1.33662244320495e-05	10444.0	0.5764455583734069	0.5764455583734069	6.85576472136689e-09	10618.0	59.80060831361946	0.12	0.6617379521200694	0.34928781655202984	25	-0.2441894326249919
CFAP157	CFAP157	0.0615241163445945	10443.0	0.576371476035398	-0.576371476035398	0.0006585132817560669	4776.0	26.89534752731779	0.12	0.5244204302431512	0.591835971805211	25	0.08777946638455633
CPEB1.AS1	CPEB1.AS1	0.13604055388887598	10442.0	0.5763562846016229	-0.5763562846016229	0.0172279131145658	8689.0	48.93545116593443	0.2	0.6579140050084614	0.7418988390405736	25	-0.10993105274609845
GOLGA2P5	GOLGA2P5	0.00254104003582444	10441.0	0.576349766506551	0.576349766506551	4.90401296514799e-05	7968.0	44.874394502647284	0.2	0.7996248810278564	1.1069526428158958	25	-0.20170249917226107
AHCY	AHCY	0.00160338304008276	10440.0	0.576258842797411	0.576258842797411	0.000529216976266385	2298.0	12.93792948068041	0.12	0.4110574972797915	0.5331757083089498	25	0.3098440963141052
LINC01114	LINC01114	0.582643323752554	10439.0	0.576225207236306	0.576225207236306	3.49296352992608e-05	16425.0	92.50873042694603	0.6956521739130435	2.348991007635571	1.929488906443099	23	-0.9187748084373578
ZNF302	ZNF302	0.010169358583056998	10438.0	0.5760953507132199	0.5760953507132199	0.000419875091460615	3432.0	19.325222485073787	0.12	0.4542404241816865	0.5207284311725268	25	0.2340085911137061
SLC35G2	SLC35G2	0.00832011651909911	10437.0	0.576076418575162	-0.576076418575162	0.00218819603414121	7005.0	39.45026472907514	0.04	0.391188645662575	0.2712210688304785	25	0.6816866171563817
PEX11B	PEX11B	1.5583045496217402e-14	10436.0	0.576072265961435	0.576072265961435	9.27014649286674e-13	11883.0	66.92576320829109	0.24	0.7053839059319444	0.3956184131246477	25	-0.3268595082549081
GPR174	GPR174	0.20159134896728798	10435.0	0.575921762238296	0.575921762238296	0.0001037058541304209	15078.0	84.92170778416131	0.5416666666666666	1.9464295864182002	2.099882711345714	24	-0.6526592255724663
ZNF213	ZNF213	0.0006023620538413991	10434.0	0.575347041713284	0.575347041713284	0.000451222050230779	6291.0	35.428635800383006	0.2	0.6140392777876253	0.6469642237949252	25	-0.059805835703530374
TRAF5	TRAF5	0.007726188962847509	10433.0	0.5751643148889611	0.5751643148889611	0.0053205971945700205	1928.0	10.853892080657879	0.12	0.46009812507765147	0.6304257009026704	25	0.18252141314440862
ZNF469	ZNF469	0.0831942941409436	10432.0	0.575018938742407	0.575018938742407	3.9994645893949445e-08	11835.0	66.65540159963952	0.375	1.322169068179477	2.0794577087622512	24	-0.3593004687177764
SERP2	SERP2	0.000709916200640171	10431.0	0.574880481804658	-0.574880481804658	0.000633345963835342	10463.0	58.927565619015425	0.25	1.0397555772054965	1.2969153133584623	24	-0.3584467625700313
GRPR	GRPR	0.277633387316097	10430.0	0.5747060906092679	-0.5747060906092679	0.0009046657089488851	12510.0	70.45736172130223	0.375	1.4649566344105536	1.7386934498329705	24	-0.5120227167628707
GTF2I	GTF2I	3.00025844493433e-06	10429.0	0.574622452565811	0.574622452565811	0.00024038888337015298	1996.0	11.236904359580938	0.12	0.4105707115382667	0.49460314153532936	25	0.3316835807356597
ATG16L2	ATG16L2	0.0013234516207364698	10428.0	0.574580951632957	-0.574580951632957	3.30213591967846e-07	11173.0	62.926664413653256	0.24	0.8338527666887389	0.9183442158127488	25	-0.28232530960770774
SESN3	SESN3	0.000721690954961964	10427.0	0.5742908350920201	0.5742908350920201	0.0550928226374812	3956.0	22.276670046186776	0.12	0.5542124781505413	1.0820325922063532	25	0.018556148018182457
XKR6	XKR6	0.0236313500268714	10426.0	0.574206335141126	-0.574206335141126	0.0018175948677135456	8896.0	50.10138560324434	0.20833333333333334	0.9706354686695308	1.5309533498470311	24	-0.25894266051151393
CHST7	CHST7	0.0735136584935575	10425.0	0.574087961505073	-0.574087961505073	1.78703026759279e-11	13344.0	75.1548946716233	0.4	0.9505181038549333	0.6370426289816625	25	-0.5909025946216481
CNTLN	CNTLN	0.00282728066736591	10424.0	0.5738826272665849	-0.5738826272665849	0.00272104544254962	3626.0	20.417933986707222	0.08	0.5573235751182867	1.0914467058438524	25	0.015171654336979824
MRPL17	MRPL17	1.64591901075365e-07	10423.0	0.5738815406666911	0.5738815406666911	1.3037491971886299e-08	8402.0	47.31891404753858	0.16	0.700166729690634	0.8663952092293182	25	-0.14575933439922525
TTYH3	TTYH3	0.00296749825648189	10422.0	0.573791736007908	0.573791736007908	6.96874533942955e-09	11352.0	63.93488791258307	0.28	0.8654611448311782	1.070594952523106	25	-0.27243674943159724
KLHL15	KLHL15	0.00188525689009639	10421.0	0.5737909028721501	-0.5737909028721501	1.7884182074213396e-05	8691.0	48.946716232961585	0.12	0.7039613022321822	0.8222059390675888	25	-0.15831848588645578
SHANK2.AS1	SHANK2.AS1	0.10851193258658699	10420.0	0.5735305264850439	0.5735305264850439	0.0162873704974569	13170.0	74.17483384026134	0.391304347826087	1.2210567198524263	1.1050137295139038	23	-0.5859892742257868
DNAI1	DNAI1	0.225569751721118	10419.0	0.573510294389001	-0.573510294389001	0.026213838253733152	11120.0	62.62814013743381	0.2916666666666667	0.85163566495648	0.700125363289536	24	-0.3972508141409249
TCF19	TCF19	0.00046731690165300303	10418.0	0.5734726707742851	0.5734726707742851	0.0131140404975674	1717.0	9.665427509293679	0.12	0.5905912600755477	1.045183013726155	25	-0.016378556746950566
CYSTM1	CYSTM1	0.00733714398932543	10417.0	0.5733880333638061	-0.5733880333638061	1.3285713191565701e-06	9345.0	52.63039315083925	0.2	0.7214608382016323	0.7577271757344181	25	-0.19541704399648654
FAM131A	FAM131A	1.6381850980141298e-05	10416.0	0.573277579545198	-0.573277579545198	1.3056438280543e-06	7391.0	41.62442266531485	0.08	0.5241319633048068	0.5562047396558506	25	0.08835885913305917
ZNF560	ZNF560	0.734038702530563	10415.0	0.573246933674616	-0.573246933674616	0.0021984522579579554	9870.0	55.58747324546581	0.4166666666666667	1.6283117555856939	1.9697359319076555	24	-0.5356376988509651
TRAM1	TRAM1	0.00564285277811257	10414.0	0.5730077729324029	0.5730077729324029	2.57303353029925e-05	6754.0	38.03649881716796	0.04	0.49546222439807075	0.45691254522674807	25	0.16971639177875777
ZBP1	ZBP1	0.0922928681568975	10413.0	0.5729351806472199	0.5729351806472199	0.0017896194126685802	13364.0	75.26754534189477	0.4166666666666667	1.4717638920387095	2.0021261265095815	24	-0.4489371071534179
TPTE2P5	TPTE2P5	0.0632390667658219	10412.0	0.572852675901161	0.572852675901161	0.00835204692018351	5207.0	29.322969471668358	0.125	0.5183841447959227	0.5710516446744887	24	0.09538284604063527
DHRSX	DHRSX	2.17961141683349e-06	10411.0	0.572834806197561	0.572834806197561	0.00127020456740889	1624.0	9.14160189253126	0.08	0.275073366210087	0.28231516801456524	25	1.054712866055117
CD1B	CD1B	0.10373442442383699	10410.0	0.5727724420708671	0.5727724420708671	1.9313919698185e-06	17488.0	98.49611355187562	0.7391304347826086	3.0633463740789826	1.8224442777055474	23	-1.3666118423899036
IL12B	IL12B	0.18214405452385501	10409.0	0.572701637922947	0.572701637922947	3.03420961435749e-06	17632.0	99.30719837783035	0.75	3.3174881818149555	2.117162315508541	24	-1.2964459662757186
CENPL	CENPL	1.7642168750286302e-05	10408.0	0.572629568805879	0.572629568805879	0.0027493221840777303	3892.0	21.916187901318015	0.08	0.5856018687093953	1.0564715326825755	25	-0.012278892049819159
IMMP1L	IMMP1L	0.00011040079717396299	10407.0	0.572501540802315	0.572501540802315	1.6585979186786198e-07	9882.0	55.6550636476287	0.12	0.5970428543648304	0.41386648744933635	25	-0.059297658319144936
MRM2	MRM2	5.2280384532362106e-09	10406.0	0.572468142333143	0.572468142333143	1.71467460826516e-05	3287.0	18.5085051256055	0.16	0.5181184170792331	0.6472600946526132	25	0.08396891095700809
SRFBP1	SRFBP1	0.00015062291769700101	10405.0	0.572151131313989	0.572151131313989	0.00622991984450855	4757.0	26.788329390559873	0.08	0.5262835358488493	0.6736272033212963	25	0.0680904738392259
MAPK6	MAPK6	0.000138496159700727	10404.0	0.572073719605024	0.572073719605024	0.000804973981644188	4892.0	27.54872141489242	0.08	0.5016382628348492	0.4680519859795226	25	0.15048639655436968
ADA	ADA	0.0488301269366074	10403.0	0.571792057527777	-0.571792057527777	0.000416877552976537	11410.0	64.26157485637039	0.28	1.0827227396545267	1.3943385644562796	25	-0.3664322963956652
HFE	HFE	3.7840448257348705e-07	10402.0	0.5717882625100079	0.5717882625100079	5.20261593544496e-09	9470.0	53.33445984003605	0.08	0.7109829493376248	1.0211384115599904	25	-0.13631324142920995
SYT1	SYT1	0.23335065991032802	10401.0	0.57126181714395	0.57126181714395	5.073893784161336e-05	10976.0	61.8170553114791	0.4166666666666667	1.4057893461685838	1.5748056657611462	24	-0.5299241342399439
RNF151	RNF151	0.521460596365966	10400.0	0.5711898058689829	0.5711898058689829	0.00122051838633743	16707.0	94.09710487777402	0.5833333333333334	1.9196143353306179	1.302246944459132	24	-1.0354599296231655
AP3B1	AP3B1	8.59448792823084e-12	10399.0	0.571138528874823	0.571138528874823	0.00262830267344667	4591.0	25.853328827306523	0.04	0.4160496117568593	0.3044219830029352	25	0.5094537378283497
SLC4A7	SLC4A7	0.0350228594434888	10398.0	0.5711365893318461	0.5711365893318461	0.000454498734897246	8316.0	46.83451616537118	0.08	0.5489030387523308	0.4975099192289418	25	0.04468966289953292
LINC01134	LINC01134	0.12020634317361599	10397.0	0.5707885157862099	0.5707885157862099	0.00323469518976362	5565.0	31.339416469527993	0.16666666666666666	0.6906218242990966	0.8648745463210137	24	-0.1385557119499368
DENR	DENR	2.6767578882669603e-06	10396.0	0.570770223725745	0.570770223725745	3.7505668295744205e-05	7485.0	42.153880815590846	0.08	0.5044701483678579	0.5046977959674749	25	0.13136589041526123
TP53	TP53	7.00251315853358e-15	10395.0	0.5707684637661321	0.5707684637661321	0.00686578065475835	1982.0	11.158048890390896	0.08	0.47536917658177374	0.9504790607152183	25	0.10036968843119187
IRGM	IRGM	0.356358035884367	10394.0	0.5706452578805301	-0.5706452578805301	0.0002415939208280685	16056.0	90.43032556043708	0.7083333333333334	1.961036881311153	1.6466560411372906	24	-0.8443728311774968
TANC2	TANC2	3.0461989595486602e-05	10393.0	0.570561487002808	0.570561487002808	0.000987470755566744	9052.0	50.98006083136194	0.08	0.5230050649212483	0.4061403135475974	25	0.11709357701075958
CRIP3	CRIP3	0.0958570941449216	10392.0	0.570400349398353	-0.570400349398353	3.974051677280783e-06	13580.0	76.48417258082685	0.4583333333333333	1.1336024983762611	1.1053056443351175	24	-0.5095442621363752
TAF1C	TAF1C	0.00178872126445205	10391.0	0.570320510948619	-0.570320510948619	2.0762639608775103e-09	11782.0	66.35687732342006	0.32	0.8004265630221393	0.5072223717784793	25	-0.45365911457473174
ZSCAN23	ZSCAN23	0.20346928638088896	10390.0	0.5703187328858	0.5703187328858	0.0005047570817527085	9268.0	52.196688070294016	0.2916666666666667	0.9592425610484661	1.0649485368592035	24	-0.3652043405869156
FLAD1	FLAD1	6.892602157854279e-07	10389.0	0.570241007258217	0.570241007258217	1.3983955239960599e-09	5114.0	28.799143854905935	0.12	0.4870313698281863	0.49379124739816904	25	0.16851177064897338
TP73	TP73	0.172659426822456	10388.0	0.570134674774259	0.570134674774259	0.00010270458587931701	7828.0	44.08583981074687	0.08	0.6905873305046142	0.7842990133119875	25	-0.1535800169143399
PDP2	PDP2	0.0187772802753494	10387.0	0.5699688111972679	0.5699688111972679	0.00164385425523619	1437.0	8.088318125492846	0.04	0.2977086270264081	0.2634569655516242	25	1.0334142564832307
COX18	COX18	2.23064389083316e-14	10386.0	0.5699093745293411	0.5699093745293411	2.51983455642e-07	5925.0	33.367128534414775	0.12	0.5119284000494145	0.5591413846267383	25	0.10369644614775289
SCAMP1.AS1	SCAMP1.AS1	0.011887205290040002	10385.0	0.56987770721613	0.56987770721613	0.0610381187131026	441.0	2.4783147459727384	0.08333333333333333	0.3410419824210318	0.5473001873289862	24	0.4181173880314119
LEF1	LEF1	0.0332785039593481	10384.0	0.569857180882584	0.569857180882584	2.7351202216147127e-05	12735.0	71.72468176185647	0.375	1.2695123146934788	1.4192086814500673	24	-0.49298960960133553
UBXN11	UBXN11	0.0008957531901042869	10383.0	0.569839943549001	-0.569839943549001	4.792729313139449e-06	12882.0	72.55266418835191	0.375	1.536596722276786	2.4431054177797313	24	-0.3957081719405966
PPP6R2	PPP6R2	0.00027438896142025897	10382.0	0.569811085765099	-0.569811085765099	7.68439052274132e-05	8504.0	47.89343246592317	0.16	0.5427347124399033	0.4767428201093537	25	0.05679450677198441
DDX60	DDX60	0.0261652214720981	10381.0	0.569599857840207	0.569599857840207	4.3823830660047193e-10	13607.0	76.63625098569337	0.48	1.1785636403951187	1.0880821279059838	25	-0.5596671123776877
LINC00886	LINC00886	0.0781528052032546	10380.0	0.5695594029529101	0.5695594029529101	1.2237124624318576e-08	11767.0	66.27238932071646	0.20833333333333334	0.9869711603275527	1.1625615244088838	24	-0.35904487514059086
PPME1	PPME1	3.09984872198013e-12	10379.0	0.56949160940222	0.56949160940222	0.00640332751645124	352.0	1.9770192632646162	0.04	0.2762683033430304	0.3557947884469371	25	0.8241360345358758
APOL4	APOL4	0.00551083785012507	10378.0	0.569469967612795	-0.569469967612795	0.00171687339219666	8715.0	49.08189703728737	0.3333333333333333	1.5682396204645481	2.1478942289187013	24	-0.46499945826222383
CXCL12	CXCL12	0.0983693826664653	10377.0	0.5694380067267479	-0.5694380067267479	2.0248044822191296e-06	13162.0	74.12977357215274	0.4583333333333333	1.9371666553425984	3.027171595613282	24	-0.4518173500959925
VMA21	VMA21	0.0010387406246814802	10376.0	0.569411318897646	0.569411318897646	1.25880515488798e-07	8845.0	49.81412639405204	0.16	0.6409849427009016	0.607649400402087	25	-0.11778769757016908
OSBPL5	OSBPL5	6.278614733223901e-06	10375.0	0.569405236173799	-0.569405236173799	1.32300846315725e-06	10728.0	60.42018700011265	0.4	1.072663673675386	1.2871341962518976	25	-0.390991428063261
SDSL	SDSL	0.0147619183886855	10374.0	0.569336938544303	0.569336938544303	7.53671227446664e-06	12860.0	72.42874845105328	0.375	1.3527170235893327	1.7311569570699619	24	-0.45251823172112904
MTERF1	MTERF1	4.03905241519729e-09	10373.0	0.5692108698456579	0.5692108698456579	4.2504349637654297e-07	10336.0	58.21223386279148	0.08	0.5924848779372809	0.3718472922532328	25	-0.06259023146462243
AUTS2	AUTS2	2.2617356391067398e-05	10372.0	0.5691189644742471	0.5691189644742471	3.107683286842035e-05	5452.0	30.702940182494086	0.16666666666666666	0.575847101398516	0.6556070879132253	24	-0.010262452997090539
GP6	GP6	0.185862113312032	10371.0	0.569025512920292	-0.569025512920292	0.00010297819934241655	14941.0	84.15005069280161	0.5416666666666666	1.5759838571832436	1.721501368621983	24	-0.5849303187420614
AOAH	AOAH	0.174999443479261	10370.0	0.5688526630763989	-0.5688526630763989	0.0018936811740683799	12325.0	69.41534302129097	0.4166666666666667	1.583082511651867	2.07702522346574	24	-0.48830887420958535
MRPS35	MRPS35	1.25528715089946e-08	10369.0	0.5688455782267879	0.5688455782267879	8.78563508632943e-10	11922.0	67.14543201532048	0.16	0.7152651509278636	0.4282156291178123	25	-0.34192953910328233
PLK2	PLK2	0.000297974181627056	10368.0	0.568490807693154	-0.568490807693154	0.00145364688904426	5931.0	33.40092373549622	0.04	0.4289547002466631	0.33843432168039445	25	0.41229892628403064
PRDX1	PRDX1	3.41584717122951e-05	10367.0	0.56844712388942	0.56844712388942	2.75667027969338e-11	10886.0	61.3101272952574	0.2	0.6409896850797021	0.43922607427152377	25	-0.1651599607573326
ZNF137P	ZNF137P	0.00236992589677471	10366.0	0.56841674289337	0.56841674289337	0.00560598593131733	3268.0	18.401486988847584	0.12	0.413090532249182	0.4263529945674474	25	0.3643136382841001
ARHGEF37	ARHGEF37	0.08495096348663099	10365.0	0.568338182499239	-0.568338182499239	0.01942253277769175	4910.0	27.650107018136758	0.20833333333333334	0.5815208181420813	0.664797226852615	24	-0.019829558714096394
NUP37	NUP37	5.67740297719428e-06	10364.0	0.5681679776012349	0.5681679776012349	3.00970179624648e-07	9032.0	50.867410161090454	0.08	0.5680012109571905	0.3926971189729119	25	0.0004246698943976026
GRIN3B	GRIN3B	0.0377728669073038	10363.0	0.568058375042581	-0.568058375042581	3.724079055833075e-06	13363.0	75.26191280838121	0.4583333333333333	1.1817907811443624	1.0862697614932908	24	-0.5649907857676953
DLG3.AS1	DLG3.AS1	0.28565910809777195	10362.0	0.568041651210104	0.568041651210104	0.00546749031454581	12426.0	69.98422890616199	0.4	1.0885787751774367	0.8683277102790993	25	-0.5994708193753495
EIF2S3	EIF2S3	1.26520637243645e-10	10361.0	0.5679746389918411	0.5679746389918411	2.09242563905062e-05	8443.0	47.54984792159513	0.16	0.5319238884937729	0.4070181627073325	25	0.08857282991567762
SLC35D1	SLC35D1	0.00156939426577536	10360.0	0.567917073367244	0.567917073367244	0.0005938961458712231	5199.0	29.277909203559762	0.2	0.9127414922761758	1.650518132950959	25	-0.20891889160431143
ZWILCH	ZWILCH	4.56001267330187e-06	10359.0	0.567882322262614	0.567882322262614	0.00013098059471943502	6655.0	37.47887799932409	0.16	0.5832048733483534	0.7239219490357337	25	-0.02116602640125639
ENAH	ENAH	0.000717986488456925	10358.0	0.567856090226959	0.567856090226959	0.00075445381262943	5422.0	30.533964177086855	0.12	0.7655481858252254	1.371195957351982	25	-0.14417494052421523
CD58	CD58	0.00024222002998770098	10357.0	0.567789712219564	-0.567789712219564	6.27063065972148e-09	10866.0	61.19747662498592	0.12	0.753751386084161	0.6847836279792452	25	-0.27156267507936577
AASDH	AASDH	3.2651302113276797e-06	10356.0	0.567725945286915	0.567725945286915	1.3603806483075502e-09	10575.0	59.55840937253576	0.08	0.5951257371813162	0.352013238458383	25	-0.07783739047541698
TRUB1	TRUB1	1.32482662232256e-05	10355.0	0.567445205856228	0.567445205856228	1.38703331536561e-05	6753.0	38.03086628365438	0.08	0.5689294228681512	0.7233750944310157	25	-0.002051794460922902
TYW5	TYW5	4.79923512505059e-06	10354.0	0.567393495802457	0.567393495802457	0.00184625616651395	5406.0	30.443843640869662	0.08	0.5497142201033256	0.6942463340819175	25	0.025465421754816715
GPR78	GPR78	0.124607008608122	10353.0	0.567370404032768	0.567370404032768	2.298812318246155e-07	14146.0	79.67218654950996	0.5	1.352056097698372	1.2278157771126383	24	-0.6390907400708681
PEA15	PEA15	6.852086866535009e-09	10352.0	0.567232906435234	-0.567232906435234	3.97809407983129e-05	3968.0	22.34426044834967	0.12	0.4485716614121869	0.3792254412606986	25	0.3129042308674471
SMS	SMS	2.3039508573597603e-07	10351.0	0.567219427489425	0.567219427489425	1.2079151329814501e-05	8022.0	45.17855131238031	0.04	0.5007968484599171	0.5165959560244611	25	0.12857742739736572
ZNF582.AS1	ZNF582.AS1	0.10510748387571602	10350.0	0.567125922889082	-0.567125922889082	1.5873317814113686e-06	11183.0	62.982989748789	0.2916666666666667	1.1094090043561884	1.4583867483049198	24	-0.37183763641393547
LCORL	LCORL	0.00121492124455868	10349.0	0.567006911307222	0.567006911307222	0.00836033143938611	6350.0	35.7609552776839	0.04	0.39711821383225293	0.2711968600892147	25	0.6264405031056828
C3orf62	C3orf62	6.05726695253222e-06	10348.0	0.566975448740125	-0.566975448740125	0.0033216242747574802	792.0	4.4553340092373555	0.04	0.34146371951083987	0.5234164838899944	25	0.43084567676068936
PTPN3	PTPN3	0.0168365547965906	10347.0	0.566960974841479	0.566960974841479	1.1950320970885902e-08	10385.0	58.488228004956625	0.28	0.9063033650147747	1.0992410743527177	25	-0.3087060682963614
C4orf46	C4orf46	0.00196091406352048	10346.0	0.566936692747873	0.566936692747873	0.00124012090505953	5217.0	29.3792948068041	0.12	0.5419831457630566	0.7903460663051198	25	0.031572937537950374
WDFY3.AS2	WDFY3.AS2	0.0616879053114261	10345.0	0.5669182165191551	-0.5669182165191551	0.04602036617036335	4393.0	24.738087191618792	0.16666666666666666	0.4878398081967779	0.5495142490463455	24	0.14390601965210872
SLC33A1	SLC33A1	9.22652505165604e-05	10344.0	0.566828186791086	0.566828186791086	1.05979427560099e-09	9799.0	55.187563366002024	0.08	0.5524336390674432	0.36571135609703465	25	0.03936040673515063
STAT4	STAT4	0.0392405767635299	10343.0	0.566797554120339	-0.566797554120339	0.03620147007689685	10598.0	59.68795764334797	0.25	1.231423848058191	2.1466493758091896	24	-0.3096110158592238
SLC48A1	SLC48A1	0.00157035838036746	10342.0	0.5667493025559	-0.5667493025559	4.8563726510518e-07	4699.0	26.461642446772558	0.08	0.6290994297175733	0.9169179320199504	25	-0.06799968130661087
DTHD1	DTHD1	0.23182656605774105	10341.0	0.566616358504582	-0.566616358504582	0.004904421443731695	14756.0	83.10803199279034	0.5	1.6209262632320012	1.757277196190706	24	-0.5999678975023822
POLDIP3	POLDIP3	0.0012719104761084801	10340.0	0.566514252078766	-0.566514252078766	0.00143369714320885	2513.0	14.148924186098906	0.08	0.3616091300034705	0.378730470305497	25	0.5410315201468
MCEE	MCEE	0.000242864812352361	10339.0	0.566385624530188	0.566385624530188	8.08417123216569e-11	11847.0	66.72299200180241	0.16	0.6079534056888671	0.3591409103851499	25	-0.11574226148199317
IRF7	IRF7	0.00222848345268921	10338.0	0.566350739760525	0.566350739760525	0.0002322766437631156	8943.0	50.36611467838233	0.125	0.8334060591758656	1.150666481845393	24	-0.23208751069818942
FBN2	FBN2	0.0886557947586062	10337.0	0.5663141620431059	0.5663141620431059	0.00046811075538219504	11115.0	62.59997746986594	0.4166666666666667	1.1837171895532286	1.2784366309068618	24	-0.48293596458681454
TPI1	TPI1	9.307594301762671e-11	10336.0	0.566274209681894	0.566274209681894	1.5151073146969598e-07	6831.0	38.47020389771319	0.12	0.5423700309116513	0.5740892035994227	25	0.041638439845878325
ZNF556	ZNF556	0.40676522218228706	10335.0	0.5661443503585689	-0.5661443503585689	3.77953310553857e-05	11074.0	62.36904359580939	0.4166666666666667	1.3974889860725588	1.5890282221786414	24	-0.5231780179298342
FANCI	FANCI	1.5763602754405498e-05	10334.0	0.566127299291794	0.566127299291794	0.00201765982439768	5093.0	28.680860651120874	0.08	0.5494945932359908	0.774576195493589	25	0.02147329875688234
CD46	CD46	6.442501859539101e-05	10333.0	0.5660518842154361	0.5660518842154361	6.485656960046951e-11	12136.0	68.3507941872254	0.2	0.8233226232143022	0.6524509804756387	25	-0.3943142806089662
PPIE	PPIE	0.00023035451695557998	10332.0	0.5660460720881489	0.5660460720881489	1.1151807396097099e-10	9347.0	52.64165821786639	0.08	0.5057234716962035	0.36222556626762553	25	0.16653324891865012
RD3	RD3	0.556654960140953	10331.0	0.5659698385609511	-0.5659698385609511	0.000294394278427712	16340.0	92.02996507829221	0.625	1.7487284272551749	1.3835176392817277	24	-0.854892308643256
KLK4	KLK4	0.641957963032643	10330.0	0.56559482053368	0.56559482053368	1.3982884153672501e-05	17233.0	97.05981750591415	0.8260869565217391	3.2194460246887324	2.5538105052521667	23	-1.0391731096325048
STK4.AS1	STK4.AS1	0.19287283449128198	10329.0	0.565493003369502	0.565493003369502	0.001529054005560625	11442.0	64.44181592880477	0.2916666666666667	0.7002573717103266	0.5325969995495747	24	-0.2530325338948527
PEMT	PEMT	0.000632230455324924	10328.0	0.565419214206859	-0.565419214206859	0.000211190814938454	6455.0	36.35237129660921	0.08	0.6324296654639372	1.1093506841621117	25	-0.06040511103816635
ZNF891	ZNF891	0.00123372281149545	10327.0	0.5651271868331529	0.5651271868331529	0.00011264281383376699	8280.0	46.6317449588825	0.08	0.559884635425701	0.5532337698184643	25	0.009476195585768666
SCCPDH	SCCPDH	0.00658861029898235	10326.0	0.565101914813105	0.565101914813105	1.2766646196517402e-05	4166.0	23.4595020840374	0.12	0.46895671031851854	0.5255031346774565	25	0.1829583843559725
XCR1	XCR1	0.22413740678319297	10325.0	0.564989439573932	-0.564989439573932	3.7172538467648524e-05	14870.0	83.75014081333784	0.5416666666666666	1.4706696568292956	1.3974000330852994	24	-0.648118073430788
CBX1	CBX1	1.11841738809286e-05	10324.0	0.564950850187809	0.564950850187809	0.0388565822733201	1862.0	10.482144868761969	0.04	0.2953547517758809	0.481235020972767	25	0.560217121910553
MTCH2	MTCH2	1.5798951268782897e-31	10323.0	0.564936683772939	0.564936683772939	2.51683318804782e-10	11194.0	63.04494761743832	0.16	0.6482720227124923	0.5211241860189553	25	-0.1599145485381905
DHX40	DHX40	2.09801402612121e-05	10322.0	0.5649213013166129	0.5649213013166129	8.60858354113057e-05	5855.0	32.97285118846457	0.04	0.36714073900681143	0.31087912692429037	25	0.6361976253168253
HCN3	HCN3	0.0005660090128097179	10321.0	0.5648136647629369	0.5648136647629369	0.00748406495855738	3070.0	17.286245353159853	0.08	0.501253007698663	0.728770749363488	25	0.08721625712858005
SRP54	SRP54	8.972817095083531e-13	10320.0	0.564798897179005	0.564798897179005	8.999782751336708e-13	11925.0	67.16232961586121	0.24	0.7240772983529844	0.39845586151145124	25	-0.39973913439193287
TRAT1	TRAT1	0.327532316646257	10319.0	0.564747869336096	-0.564747869336096	0.005601879984716444	15516.0	87.3887574631069	0.625	1.9556098279356195	1.9756198334161414	24	-0.7040129558704195
MSH2	MSH2	6.71200635792388e-08	10318.0	0.5645618148773549	0.5645618148773549	0.0036544424856052205	5250.0	29.565168412752055	0.08	0.4763703319529588	0.5841361208627954	25	0.15097762280841887
GTPBP1	GTPBP1	9.21233705338047e-09	10317.0	0.564546610822684	-0.564546610822684	2.91830734490842e-06	9920.0	55.869099921144525	0.16	0.5777898890808179	0.44873442618126763	25	-0.02951250781187938
DDX10	DDX10	2.79819039459608e-15	10316.0	0.564488021882882	0.564488021882882	8.768949808248102e-09	10863.0	61.180579024445194	0.16	0.753237580199595	0.770476046218065	25	-0.24497784096365252
UBTD1	UBTD1	0.0017764730986744	10315.0	0.564451679605402	-0.564451679605402	6.62971388630062e-07	11411.0	64.26720738988396	0.28	0.7566361987728945	0.5196896083068757	25	-0.36980635382266075
RASAL3	RASAL3	0.0989469111133722	10314.0	0.5643717305510799	-0.5643717305510799	5.1330018753063345e-06	14986.0	84.40351470091247	0.5416666666666666	1.9444410051950314	2.2919523085648428	24	-0.6021369945119462
NCAN	NCAN	0.5944860288941689	10313.0	0.564356429652249	0.564356429652249	2.7000314347302397e-06	17361.0	97.78078179565168	0.6956521739130435	2.9777861699537245	2.619358585477157	23	-0.9213819572786105
LRRC10B	LRRC10B	0.17773094119472002	10312.0	0.564228410422197	-0.564228410422197	0.02457789440951455	12145.0	68.40148698884758	0.16666666666666666	0.9442676325517461	1.0592799102110702	24	-0.3587712921448904
MRPS10	MRPS10	7.036134950905629e-08	10311.0	0.5641996615332571	0.5641996615332571	1.05862666260498e-11	11490.0	64.71217753745634	0.32	0.7250503019964593	0.3890618205346595	25	-0.4134320870707817
COA1	COA1	2.02044900077843e-18	10310.0	0.5641412354067739	0.5641412354067739	2.43493126025753e-08	9865.0	55.55931057789793	0.16	0.6367652304633253	0.5261477548408793	25	-0.1380296587571962
IDI1	IDI1	8.893295468776871e-07	10309.0	0.564118840752834	-0.564118840752834	1.63042125124634e-06	8165.0	45.984003604821446	0.04	0.49974571090907155	0.28389964966993425	25	0.22674607002369884
ITGAM	ITGAM	0.0507208322327277	10308.0	0.564115191521691	-0.564115191521691	0.0002469495886223905	14659.0	82.56167624197363	0.5416666666666666	1.2443375069768021	1.4894954700148406	24	-0.4566796805688397
MYO3A	MYO3A	0.279281219655437	10307.0	0.564103500252156	-0.564103500252156	0.004490628535915879	9317.0	52.47268221245916	0.3333333333333333	1.294378319793822	1.6170554067134908	24	-0.45160779062350065
CLEC12B	CLEC12B	0.231281254806922	10306.0	0.564102846073616	-0.564102846073616	0.000756658346629547	13135.0	73.97769516728624	0.375	1.4849349562583791	1.7869973687820346	24	-0.5152957280582766
AP3S1	AP3S1	0.00105376573380927	10305.0	0.564087855720751	0.564087855720751	2.076655441213245e-06	12758.0	71.8542300326687	0.4166666666666667	1.6959123017820685	1.9374307660008316	24	-0.5841883312287773
SPATA4	SPATA4	0.296401837044226	10304.0	0.5640656209585021	-0.5640656209585021	0.007559110010612271	14464.0	81.46333220682662	0.5	1.531942603875507	1.6003608992521472	22	-0.6047866974063765
ERCC8	ERCC8	6.644706168878009e-07	10303.0	0.564037869730941	0.564037869730941	2.9190381979832997e-06	7093.0	39.94592767826968	0.2	0.5500132544791607	0.3580305926720194	25	0.03917155555650476
VPS25	VPS25	3.05716320830556e-06	10302.0	0.563894792333978	0.563894792333978	1.14083484395905e-06	3751.0	21.122000675904022	0.12	0.47440434534528153	0.532476516886232	25	0.16806458904894173
XIAP	XIAP	5.99187816872874e-05	10301.0	0.5638633874387879	0.5638633874387879	1.47865413622926e-06	9742.0	54.866508955728285	0.08	0.6134829063523181	0.664752886198614	25	-0.07464355543799002
IKBKB	IKBKB	1.74401958335341e-05	10300.0	0.563827417956028	0.563827417956028	0.000979190934621484	1740.0	9.79497578010589	0.08	0.4204363961444599	0.5943037648433195	25	0.24127564100047605
CCDC43	CCDC43	9.7075980331054e-10	10299.0	0.563826658262409	0.563826658262409	3.8320809806274e-08	8412.0	47.37523938267432	0.08	0.5418239720590788	0.41995719886285215	25	0.0523926873093457
DNAJC27.AS1	DNAJC27.AS1	0.0668379209924514	10298.0	0.563800282730327	-0.563800282730327	0.0001004631729300939	5576.0	31.401374338177312	0.041666666666666664	0.5072908141204843	0.6950124276509837	24	0.08130713403332157
EDRF1	EDRF1	3.179724489026069e-08	10297.0	0.5637374523580191	0.5637374523580191	0.008094285431289221	2375.0	13.371634561225639	0.0	0.30048278183286425	0.22763903354118498	25	1.156456634127847
LRRC37A	LRRC37A	1.04712747930081e-08	10296.0	0.5637306018054731	0.5637306018054731	0.00281644174678791	2405.0	13.54061056663287	0.04	0.31338422529127086	0.3339806297838457	25	0.7495835212845365
C8G	C8G	0.105496846676647	10295.0	0.5634944561744971	-0.5634944561744971	0.0001468714254977005	17178.0	96.75002816266756	0.7083333333333334	2.144191352171975	1.4396095830784639	24	-1.0980038717284115
ZNF780A	ZNF780A	0.00474581661537602	10294.0	0.56348841000043	0.56348841000043	7.01034749515921e-05	5889.0	33.1643573279261	0.12	0.6402497394223423	0.7994521046082826	25	-0.09601742115561002
ELFN1.AS1	ELFN1.AS1	0.429958641648428	10293.0	0.5634148149315179	0.5634148149315179	0.0010988546332043549	13483.0	75.93781683001014	0.4166666666666667	1.6411055590525458	1.5501547528022028	24	-0.6952149404263637
FNDC10	FNDC10	0.0663481164029566	10292.0	0.5631359690732289	0.5631359690732289	0.000157936480385321	11729.0	66.05835304720063	0.24	1.0005829517007703	1.2571377771236065	25	-0.34797059684932996
C16orf91	C16orf91	4.28456563924801e-06	10291.0	0.563027363564802	0.563027363564802	0.00045821343391833606	8462.0	47.656866058353046	0.24	0.9387272670059567	1.127351244770666	25	-0.333258960048057
TTC9C	TTC9C	4.50846629171614e-06	10290.0	0.563002639310727	0.563002639310727	1.57850552320516e-07	3978.0	22.40058578348541	0.08	0.5273711574877337	0.7095766802084319	25	0.050215125182139476
CCT5	CCT5	3.55128575471008e-05	10289.0	0.56282474990749	0.56282474990749	1.0123440015016499e-07	6814.0	38.37445082798242	0.08	0.565487122595606	0.5869454555493394	25	-0.004535979728515292
PPP2R5A	PPP2R5A	0.000255916938715361	10288.0	0.562673174721812	-0.562673174721812	1.80659772973213e-05	4514.0	25.419623746761292	0.12	0.48595362592563385	0.6068223957737833	25	0.12642834102777306
LEAP2	LEAP2	0.0438618412620127	10287.0	0.562335869865131	0.562335869865131	0.0024827237840360852	9618.0	54.168074800045055	0.20833333333333334	0.8357050392645359	1.129508462279869	24	-0.24202489713766276
PROX1	PROX1	0.30082379302237394	10286.0	0.5622803713894311	0.5622803713894311	0.0001440879326597185	13275.0	74.76624985918666	0.3333333333333333	1.1033508267395673	1.0184874966638608	24	-0.5312489913940591
CCDC112	CCDC112	0.000243576499773977	10285.0	0.562276931802058	0.562276931802058	0.0017476847331500801	6232.0	35.09631632308212	0.08	0.4838529134608547	0.5042021351070002	25	0.1555408295217956
PGBD4	PGBD4	0.0105851873342815	10284.0	0.562215088467281	0.562215088467281	3.02650551883901e-06	7779.0	43.80984566858172	0.08	0.6719057407807248	1.1199464353980604	25	-0.09794276658816879
MAPK9	MAPK9	9.60542808458848e-10	10283.0	0.562206379866107	0.562206379866107	5.7004976208186206e-05	4678.0	26.343359242987496	0.04	0.4383087062796273	0.4335897939635828	25	0.28574859305126044
KIAA0513	KIAA0513	3.72195136257918e-05	10282.0	0.562177594876004	-0.562177594876004	0.000147457365338575	8129.0	45.78123239833277	0.08	0.5806881561585366	0.5943933188498721	25	-0.031141940354157755
YPEL1	YPEL1	2.8166283330789397e-06	10281.0	0.562157429816275	-0.562157429816275	1.17495372655077e-05	5762.0	32.44902557170215	0.2	0.6258349397889047	0.9056813400212921	25	-0.07030895653777369
MFSD9	MFSD9	2.0032681768300398e-05	10280.0	0.5621551476158829	0.5621551476158829	0.0013958880678360801	4900.0	27.593781683001016	0.04	0.4924723695563133	0.9258606549628027	25	0.07526270577117158
JAKMIP1	JAKMIP1	0.246215362074758	10279.0	0.56194527614324	-0.56194527614324	0.00141560413597634	13423.0	75.59986481919567	0.4583333333333333	1.2818536819110629	1.63602920706848	24	-0.4400339570085006
CPZ	CPZ	0.129252586823075	10278.0	0.561885750535568	0.561885750535568	1.8507996512697616e-07	14387.0	81.0296271262814	0.5416666666666666	1.523933521000986	1.450823258385194	24	-0.6631047337469647
RFTN2	RFTN2	0.073485734027836	10277.0	0.561820232169609	-0.561820232169609	0.0008019708457968596	13232.0	74.52405091810296	0.375	1.1688756601145671	1.3369653039719736	24	-0.4540547358569925
TREH	TREH	0.0096166749048163	10276.0	0.5618080205499661	-0.5618080205499661	1.68831432472961e-05	8927.0	50.27599414216514	0.16	0.7219487279448255	0.8805771178538571	25	-0.18185881071399437
CYP3A4	CYP3A4	0.30767686673671396	10275.0	0.5615757940234329	-0.5615757940234329	1.33728659064099e-05	17673.0	99.53813225188689	0.7391304347826086	3.6662205997386237	2.5221595092641462	23	-1.2309470492692938
DDA1	DDA1	4.01594398091403e-09	10274.0	0.5615115867072621	-0.5615115867072621	0.0029224925706652803	4448.0	25.047876534865384	0.04	0.3741385178396299	0.28384374091627573	25	0.6601275344764458
SLC25A14	SLC25A14	0.000540528203253235	10273.0	0.561498229351146	0.561498229351146	3.17640244506504e-10	7241.0	40.77954263827869	0.2	0.7375595275712705	0.7216777982613478	25	-0.24396108435688058
JMJD1C.AS1	JMJD1C.AS1	0.0270324263526661	10272.0	0.56147581809789	-0.56147581809789	1.40340214970701e-06	9928.0	55.914160189253124	0.12	0.6450641822753208	0.44246699829080693	25	-0.18891434728538367
PIK3C2B	PIK3C2B	0.000638585945013858	10271.0	0.561437426386358	-0.561437426386358	1.61670299384668e-06	9441.0	53.171116368142386	0.24	0.7454579149472584	0.684293187298666	25	-0.26892053286011025
XPNPEP2	XPNPEP2	0.285462978852292	10270.0	0.5613938039770899	-0.5613938039770899	5.17709491504299e-09	17148.0	96.58105215726033	0.75	2.55889901625518	1.7896955756861248	24	-1.1161145165776567
TMEM60	TMEM60	0.00181378089603008	10269.0	0.5613889825787021	0.5613889825787021	1.6464276755727899e-09	9327.0	52.5290075475949	0.12	0.6198087523706135	0.4123911731232356	25	-0.14166105775123794
NEK7	NEK7	0.000647713758259011	10268.0	0.5613670560805051	-0.5613670560805051	8.40777990175503e-05	7356.0	41.42728399233975	0.16	0.5674248895516123	0.37414952601888724	25	-0.01619094252387592
RPL30	RPL30	0.00790210639519635	10267.0	0.56130618386053	0.56130618386053	1.1226603641751499e-07	6550.0	36.88746198039878	0.12	0.518391532956417	0.5725523133492025	25	0.07495323991109104
MIF.AS1	MIF.AS1	9.84819735400914e-05	10266.0	0.561003452430905	0.561003452430905	0.141360042450172	43.0	0.23656640757012504	0.08	0.36522545748403956	0.6872571841999875	25	0.28486860442901574
IRAK3	IRAK3	0.11966996288259599	10265.0	0.5608535838257289	-0.5608535838257289	0.118405628708554	3499.0	19.702602230483272	0.16666666666666666	0.8167768288722783	1.403979159540593	24	-0.1822842193257997
VSIG10L	VSIG10L	0.008376741907209221	10264.0	0.560807444963098	0.560807444963098	0.00215634345291235	7266.0	40.92035597611805	0.16	0.7855821253111129	0.9597847398924695	25	-0.23419280491289934
VWA5A	VWA5A	0.0001786750427623	10263.0	0.5607958026213791	0.5607958026213791	0.0322659540064763	857.0	4.821448687619691	0.16666666666666666	0.4497394942943853	0.5966076076187101	24	0.18614631611933696
TARS2	TARS2	2.4912411019934797e-06	10262.0	0.560367220255891	0.560367220255891	1.34772374705804e-09	6312.0	35.54691900416807	0.12	0.48917771237032526	0.5234798589863603	25	0.13599283079087993
MYL6	MYL6	4.87832449299252e-06	10261.0	0.5603032571060079	-0.5603032571060079	0.00101251121658093	1909.0	10.746873943899965	0.04	0.3208484481662903	0.30564597175800534	25	0.7834384584309376
OR52D1	OR52D1	0.7913979295894599	10260.0	0.560243477972511	0.560243477972511	0.0021995600103207	14831.0	83.53047200630843	0.47619047619047616	1.4954477826057533	1.3573037040343479	21	-0.689016247324391
OAZ3	OAZ3	1.7051405848441598e-08	10259.0	0.560235342830055	0.560235342830055	0.0012950272824796699	2237.0	12.59434493635237	0.04	0.3405378293958291	0.29804605101358084	25	0.7371260672204483
NANOS3	NANOS3	0.0935635382184464	10258.0	0.560226276659851	-0.560226276659851	0.0002037376555502475	13953.0	78.5851075813901	0.5	1.4913714963091431	1.300752803775416	24	-0.7158510186921425
MORN5	MORN5	0.314920330715972	10257.0	0.560225029742477	-0.560225029742477	0.01495851316420045	13998.0	78.83857158950096	0.375	1.2654229489438256	0.9362174226937313	24	-0.7532416104501859
ELF4	ELF4	2.88202796688223e-08	10256.0	0.560201304958567	-0.560201304958567	8.55432932696089e-05	7788.0	43.86053847020389	0.2	0.678751560552314	0.7654385240848235	25	-0.15487887252015242
FJX1	FJX1	0.0016992859135429401	10255.0	0.5600008360028821	-0.5600008360028821	0.00125935618285369	10020.0	56.43235327250197	0.3333333333333333	0.9805245832944335	1.463385377272203	24	-0.28736363901313616
LRRC4C	LRRC4C	0.0463641252402805	10254.0	0.559960580837771	-0.559960580837771	0.013558531163925875	9630.0	54.23566520220795	0.2916666666666667	1.2131471842922157	1.4490317177048562	24	-0.4507745382475389
UEVLD	UEVLD	0.000111018674953528	10253.0	0.559684745158779	0.559684745158779	7.458351649369509e-13	10896.0	61.36645263039315	0.16	0.7323415641830199	0.5831020272456815	25	-0.29610052950732496
PTGDR2	PTGDR2	0.00390061850470379	10252.0	0.5595662574926329	-0.5595662574926329	1.62619184298437e-07	10465.0	58.93883068604258	0.16	0.7143857970494437	0.6383640957939865	25	-0.24252544993817188
STOML3	STOML3	0.34984907973616997	10251.0	0.5595274950859039	-0.5595274950859039	0.000340058198072286	15461.0	87.0789681198603	0.625	1.7523543581757137	1.5105069538562816	24	-0.7896864427168352
TMA16	TMA16	1.67102988942913e-08	10250.0	0.55935111400645	0.55935111400645	0.000329674207683321	5382.0	30.308662836543878	0.12	0.5523268017641986	0.6263015595328776	25	0.011215543271982988
DUSP3	DUSP3	3.16541674513132e-07	10249.0	0.559350248260611	-0.559350248260611	0.000873122669396267	1849.0	10.408921933085502	0.08	0.3788339816923707	0.49974866338525226	25	0.3612141057975811
OSBPL2	OSBPL2	4.85908931150315e-05	10248.0	0.558999223902896	0.558999223902896	1.8033826572251598e-06	5072.0	28.562577447335812	0.08	0.4720473044867427	0.6665055762905459	25	0.13045940275561757
CHRNG	CHRNG	0.180853668675432	10247.0	0.5587900407590419	0.5587900407590419	1.5874972571826195e-08	16061.0	90.45848822800495	0.6666666666666666	1.9396056625257694	1.744288186612081	24	-0.7916212655482557
TGDS	TGDS	1.47093087057182e-06	10246.0	0.5587492303748549	0.5587492303748549	2.77108877625654e-08	10482.0	59.03458375577334	0.08	0.6259342450773299	0.49397900173836773	25	-0.1360078352845836
IER3	IER3	0.0747590940601772	10245.0	0.558197255915818	-0.558197255915818	0.000160980413042034	10264.0	57.806691449814124	0.16666666666666666	0.7521292496414146	0.8228516085463383	24	-0.23568282751272693
VWDE	VWDE	0.354982529959582	10244.0	0.55805458688631	0.55805458688631	0.000295209802077378	10607.0	59.73865044497014	0.36	1.2476341844032102	1.7573537795407728	25	-0.3923965712226136
PEX13	PEX13	5.12883472185272e-06	10243.0	0.5580303627489089	0.5580303627489089	1.75413422393435e-08	9302.0	52.38819420975555	0.12	0.5495419950760576	0.3125015741999975	25	0.027162639722956617
ZMYM3	ZMYM3	5.382427192631189e-06	10242.0	0.557962909096915	0.557962909096915	3.959812913024669e-06	3359.0	18.914047538582857	0.08	0.46078843583581774	0.6126773470771872	25	0.15860627739000593
SLC2A10	SLC2A10	0.005029539405196739	10241.0	0.557890079355912	0.557890079355912	3.665797193101555e-05	7523.0	42.367917089106676	0.3333333333333333	1.0442920237704207	1.417633162934626	24	-0.34310846919495996
MRPS23	MRPS23	0.00018263168758393602	10240.0	0.5577698272346371	0.5577698272346371	1.5487517584114198e-11	8405.0	47.3358116480793	0.16	0.8054392254395826	0.9077069181514437	25	-0.27285172477183195
ZNF70	ZNF70	1.56155230153692e-05	10239.0	0.557662889366921	0.557662889366921	0.0832235259047019	463.0	2.6022304832713754	0.08	0.3013311333818137	0.30870618164352187	25	0.8303421545380847
ADGRF3	ADGRF3	0.0107474031370515	10238.0	0.5576566218895389	0.5576566218895389	0.0221975661367197	1336.0	7.519432240621832	0.08	0.30985586440548063	0.3601592899863349	25	0.6880310028750343
GPRC5B	GPRC5B	0.031008736214582996	10237.0	0.557638234155891	-0.557638234155891	0.000153782240909315	7895.0	44.46321955615635	0.24	1.2997197917869254	3.3845697403429327	25	-0.21925432612177315
FBXL12	FBXL12	2.20166743789279e-08	10236.0	0.5575068350943989	-0.5575068350943989	1.58816992027215e-08	7410.0	41.73144080207277	0.08	0.4562517424961681	0.46573760961297966	25	0.2174080222603713
ZC3H7B	ZC3H7B	0.007214107377715741	10235.0	0.55749124417207	-0.55749124417207	6.357174130098359e-10	9943.0	55.99864819195674	0.28	0.9058896686197276	0.8856556998612862	25	-0.39337908004456446
TMEM115	TMEM115	8.58895382851588e-07	10234.0	0.5574609722889781	-0.5574609722889781	1.6059002681552696e-05	5718.0	32.201194097104874	0.12	0.43571129895103483	0.43719294937011177	25	0.27848041354133174
MYT1L	MYT1L	0.449514831069125	10233.0	0.557440408470595	-0.557440408470595	0.0006463880016406324	15635.0	88.05902895122226	0.5833333333333334	1.9817106657383086	2.1293351872159945	24	-0.6688802523053592
TRPM2	TRPM2	0.170104014499204	10232.0	0.5573200103454561	0.5573200103454561	0.010670310431499946	5483.0	30.877548721414893	0.16666666666666666	0.7225035923239519	1.3234445099422614	24	-0.1248133795845376
SMARCA1	SMARCA1	0.0221824332442573	10231.0	0.557228182742902	0.557228182742902	0.00515741532194645	8070.0	45.44891292103188	0.12	0.698375144520815	0.8621360288549679	25	-0.16371773949103488
EED	EED	9.7915642744576e-08	10230.0	0.5571461484254561	0.5571461484254561	4.737967388454071e-05	4997.0	28.14013743381773	0.12	0.42304683112036223	0.41113231899773994	25	0.3261707024930604
LCP2	LCP2	0.0434554033774765	10229.0	0.557131923088569	-0.557131923088569	0.0010969663147213098	12601.0	70.9699222710375	0.375	1.698175091581861	2.671602915063124	24	-0.42710058521789407
RRAGA	RRAGA	2.3916656174947003e-08	10228.0	0.5569453484294611	-0.5569453484294611	0.000256489743352837	3717.0	20.93049453644249	0.12	0.4332609596578213	0.4552591901717173	25	0.2716790598449815
GPR180	GPR180	0.00163312852898954	10227.0	0.5569265504608659	0.5569265504608659	4.5829507617349595e-10	12496.0	70.37850625211219	0.12	0.76255225884295	0.3356304888696147	25	-0.6126550334405563
POLB	POLB	1.57360047671809e-07	10226.0	0.5565341209696171	0.5565341209696171	6.73169132328913e-12	11145.0	62.76895347527317	0.12	0.7230024867988928	0.6164954900821236	25	-0.2700236554968154
DNAJB5	DNAJB5	0.0004969984322126139	10225.0	0.5564968872326109	-0.5564968872326109	1.0903598783479901e-10	11692.0	65.84994930719837	0.16	0.9047571842503822	0.9815059280493657	25	-0.35482240816405464
DNAJB9	DNAJB9	1.25767028031555e-07	10224.0	0.556292446548957	0.556292446548957	1.17369715046546e-08	9342.0	52.613495550298516	0.12	0.6056640657704564	0.4568837528821644	25	-0.10806166537997439
RBM47	RBM47	0.00033182805667085697	10223.0	0.556269470837456	0.556269470837456	5.48034233605628e-08	11714.0	65.973865044497	0.36	1.3291125098252257	3.3596891238652864	25	-0.23003409258848984
PROCA1	PROCA1	0.0150499383698921	10222.0	0.556037007655667	0.556037007655667	6.44516544699659e-07	11622.0	65.45567196124817	0.2	0.7723382307388377	0.6349301686155525	25	-0.34066931101227943
HSPD1	HSPD1	3.41353305169688e-07	10221.0	0.555934776501665	0.555934776501665	3.16083861433839e-06	7795.0	43.899966204798915	0.04	0.47752225507934815	0.34283892158704654	25	0.22871534264352184
SNORD8	SNORD8	0.6637153202431729	10220.0	0.5558860724008261	0.5558860724008261	6.00244659763481e-05	16179.0	91.12312718260674	0.6521739130434783	2.3002570621195573	2.179232276563496	23	-0.8004520713457346
HARS2	HARS2	6.847601886646821e-10	10219.0	0.555776728980563	0.555776728980563	0.0404790436655609	4377.0	24.6479666554016	0.16	0.5861493352487854	0.6907950767078505	25	-0.043967606736530905
CEBPE	CEBPE	0.25997480224587	10218.0	0.5556645318735389	-0.5556645318735389	6.5117429455457375e-06	14790.0	83.29953813225188	0.5416666666666666	2.134995510762812	2.152044821589392	24	-0.7338745750299284
TYRO3	TYRO3	0.0416138859807942	10217.0	0.555604509862598	-0.555604509862598	7.562955561497179e-08	9953.0	56.05497352709248	0.12	0.7921708590083096	1.0623760844338377	25	-0.22267665152852414
ANKRD44	ANKRD44	0.0130489605162876	10216.0	0.555409490891386	-0.555409490891386	0.07890201664794835	6208.0	34.961135518756336	0.16666666666666666	0.743227767425553	1.1730242434423526	24	-0.16011457357692466
TMEM245	TMEM245	4.07351814821664e-05	10215.0	0.5552393115319539	-0.5552393115319539	0.000313498976310834	2450.0	13.79407457474372	0.08	0.3730588634284744	0.3998567529795471	25	0.45561428373024926
KAZN	KAZN	0.010495543637053	10214.0	0.555056401497962	-0.555056401497962	0.15516955734774998	62.0	0.34358454432803875	0.04	0.4456974942243646	1.0378811337491136	25	0.10536746812090395
NSA2	NSA2	4.87086246815834e-05	10213.0	0.5549162731815229	0.5549162731815229	0.000430852333560016	5714.0	32.178663963050575	0.12	0.5104939269438813	0.6029379861305157	25	0.0736764762869422
TM9SF3	TM9SF3	0.000185970068054563	10212.0	0.5547749440243289	0.5547749440243289	5.4674256497099106e-05	8666.0	48.80590289512222	0.04	0.5191050168219882	0.395788912586339	25	0.09012361404782798
ATP11A	ATP11A	0.00439706636421204	10211.0	0.554719935941874	-0.554719935941874	2.80056264084583e-06	4794.0	26.996733130562127	0.16	0.5827030124591697	0.5863739962754284	25	-0.04772223307145367
MAN2C1	MAN2C1	0.000136496796645905	10210.0	0.554701785281038	-0.554701785281038	4.22927903443224e-07	10450.0	58.85434268333896	0.2	0.740850765767751	0.7954998663833155	25	-0.23400252891685117
SAAL1	SAAL1	2.10755747435889e-06	10209.0	0.554664101427198	0.554664101427198	1.0098311025167698e-05	4995.0	28.12887236679058	0.12	0.5840049805561747	0.724334351705161	25	-0.04050736936596347
ICAM1	ICAM1	0.23329521023183	10208.0	0.554566535944288	-0.554566535944288	0.0308118671996553	7118.0	40.086741016109045	0.12	0.6628773293024941	0.77093703216708	25	-0.14049239929978183
SEMA6C	SEMA6C	0.00347474863395985	10207.0	0.554460501732128	-0.554460501732128	2.3545023291611197e-14	15242.0	85.84544328038751	0.6	1.4094763640449393	1.0231925553180288	25	-0.8356353433856398
SNORD104	SNORD104	0.139056493723014	10206.0	0.554460074436417	-0.554460074436417	0.00012475876814863727	17590.0	99.07063197026022	0.6666666666666666	3.73818654970669	3.220959488248577	24	-0.9884403969953222
TTC14	TTC14	0.000633310900202737	10205.0	0.5544138636747801	0.5544138636747801	0.00010935062106719599	7859.0	44.260448349667676	0.04	0.4891663734348417	0.3692611388332115	25	0.17669741919257165
LINC00672	LINC00672	0.005406550041480079	10204.0	0.55417223580875	-0.55417223580875	0.00020661174792136649	4556.0	25.65619015433142	0.125	0.6830621676188539	0.9300184492690762	24	-0.13858857521740733
ABO	ABO	0.0514109490509685	10203.0	0.554120716917646	0.554120716917646	0.005255473470621775	10605.0	59.727385377942994	0.3333333333333333	1.1275347093701444	1.6192214154774762	24	-0.35412945195232
CDK12	CDK12	1.57493217234436e-05	10202.0	0.553999770363439	0.553999770363439	0.00815411987776188	2515.0	14.160189253126054	0.08	0.40149991953651193	0.4619353031154311	25	0.3301324878146832
CACNB4	CACNB4	0.130438942925452	10201.0	0.5539691272493411	-0.5539691272493411	0.007459159819731919	7108.0	40.0304156809733	0.16666666666666666	0.8860363600627267	1.4211383359988703	24	-0.2336628492820065
LIPH	LIPH	0.0236622139518925	10200.0	0.5539230065351539	0.5539230065351539	1.023723927766949e-06	14873.0	83.76703841387855	0.5833333333333334	1.3474193603451659	0.9204364376614735	24	-0.8620870723306276
ACSL4	ACSL4	0.00120131942722673	10199.0	0.5538675603171012	-0.5538675603171012	0.0433992677671285	4360.0	24.552213585670835	0.04	0.35429158283291146	0.2985598647695863	25	0.6684621780566941
LCN1	LCN1	0.7505227091618479	10198.0	0.5538117823263751	0.5538117823263751	0.006444451198390271	17710.0	99.74653599188915	0.6190476190476191	3.301743041113134	2.1099081364565313	21	-1.3023937920831712
SLC36A1	SLC36A1	0.008818704933787171	10197.0	0.55363009102547	0.55363009102547	0.160353845437424	55.0	0.3041568097330179	0.08	0.2648851654437501	0.3454312874138353	25	0.8358968515663038
MAT2A	MAT2A	0.0022336127882628	10196.0	0.553617843924614	-0.553617843924614	1.74533468664887e-06	5503.0	30.99019939168638	0.12	0.530465650088166	0.5863200292509868	25	0.03948729820133291
PCNA	PCNA	4.15206884440494e-09	10195.0	0.553616206354546	0.553616206354546	1.75920986662264e-05	6012.0	33.85715895009575	0.08	0.4932003275755539	0.6215664556681677	25	0.09719938749597842
AP5B1	AP5B1	0.000173719803158664	10194.0	0.553615287281092	-0.553615287281092	7.25766623164412e-11	13239.0	74.56347865269798	0.4	1.0315721997972649	1.1862553917222685	25	-0.40291232044243835
CCDC47	CCDC47	6.371380428500709e-08	10193.0	0.553506841267712	0.553506841267712	2.4730873681342203e-08	7793.0	43.88870113777177	0.12	0.6078065230600158	0.6104004057995289	25	-0.08895747983846725
FAM181B	FAM181B	0.21600870056667001	10192.0	0.5532156819073921	0.5532156819073921	2.163317101402285e-06	16646.0	93.75352033344598	0.6666666666666666	2.002340811663261	1.432172538004966	24	-1.0118369758538437
CAPN3	CAPN3	1.0837804289553e-07	10191.0	0.553154761295036	-0.553154761295036	0.0014902930485908281	12168.0	68.53103525965979	0.2916666666666667	1.2275798319295663	1.7523717098621459	24	-0.3848641625740382
PAX8.AS1	PAX8.AS1	0.37438678589394897	10190.0	0.5531539933844489	-0.5531539933844489	6.666059036107331e-07	10653.0	59.997746986594564	0.16666666666666666	0.6909543175303886	0.676656577646937	24	-0.20364883561043362
TRIM35	TRIM35	2.3268725697702103e-07	10189.0	0.553090145782557	-0.553090145782557	5.19305031279357e-05	2715.0	15.286695955840937	0.04	0.3258982304321675	0.396091276982779	25	0.5735847481444718
METRN	METRN	0.0392355386769237	10188.0	0.553087831035754	0.553087831035754	0.00344378392862477	9638.0	54.28072547031655	0.2	0.8237900087538774	1.0790727631025367	25	-0.2508655458412312
SRGAP3	SRGAP3	0.00404045446813986	10187.0	0.552934337468902	0.552934337468902	6.821742204464299e-07	8529.0	48.03424580376253	0.20833333333333334	0.8385089909229458	1.1326988732958425	24	-0.25211877594889814
FAM120C	FAM120C	0.0111520843876191	10186.0	0.5528654713161801	0.5528654713161801	0.0300549884056285	433.0	2.433254477864143	0.08	0.32379893115718306	0.5228274533360466	25	0.4381302831314118
TRAPPC2	TRAPPC2	0.0034545924881498897	10185.0	0.5528549807152651	0.5528549807152651	2.86967921896171e-05	8347.0	47.009124704291985	0.12	0.5784140198292045	0.5399927833028718	25	-0.04733218647406225
MZF1	MZF1	0.00315512811580163	10184.0	0.552818352899751	-0.552818352899751	2.5639038480274503e-07	12016.0	67.67489016559648	0.28	0.8518360791381205	0.8577480429677375	25	-0.34860787930660014
GPT	GPT	0.00373416009115303	10183.0	0.552653026119325	0.552653026119325	2.40781586127856e-05	15992.0	90.06984341556831	0.625	1.8115308168920503	1.756467441327647	24	-0.716710006204947
TACSTD2	TACSTD2	0.0849628420493029	10182.0	0.552617705222464	0.552617705222464	0.000107442671120223	14864.0	83.71634561225639	0.5416666666666666	1.4657940229441342	1.4573817938865907	24	-0.6265868844747836
POC5	POC5	0.000334969914278494	10181.0	0.552565289636295	0.552565289636295	0.0026994965944732	2254.0	12.690098006083135	0.08	0.5255636375767984	0.8120209925690447	25	0.03325240641140293
SIGLEC9	SIGLEC9	0.050512736004564	10180.0	0.5524785830530029	-0.5524785830530029	0.00232687687561445	11936.0	67.22428748451053	0.2916666666666667	1.3450739370668572	1.8533643158553303	24	-0.4276522145340164
SCRG1	SCRG1	0.23329521023183	10179.0	0.552195181588783	0.552195181588783	1.1232287286304778e-05	15011.0	84.54432803875183	0.5833333333333334	1.9321397206456588	2.1523745353367594	24	-0.6411265866611687
OTUB2	OTUB2	0.000783779443015521	10178.0	0.5521500751492571	0.5521500751492571	1.2123080817106899e-06	8791.0	49.50996958431902	0.12	0.6807859195484969	0.5860955984513004	25	-0.2194792875755206
ZNF561.AS1	ZNF561.AS1	3.67709711584864e-05	10177.0	0.5520263739058571	0.5520263739058571	0.000408546163387856	6758.0	38.05902895122225	0.125	0.6842072485649217	0.9242496559098343	24	-0.14301425357734682
WDR5B	WDR5B	3.0565784782618105e-05	10176.0	0.552016442946772	0.552016442946772	5.496781250930221e-09	10172.0	57.28849836656528	0.08	0.6244562373578002	0.5087175455111567	25	-0.14239688615072454
VEZT	VEZT	0.0009875645862454	10175.0	0.551900332019114	0.551900332019114	1.34976327016257e-06	9921.0	55.8747324546581	0.08	0.6126784280267984	0.5494695832850252	25	-0.11061230294918266
PRPF39	PRPF39	2.9814132431976004e-08	10174.0	0.551879172676999	0.551879172676999	4.82584361140479e-05	8582.0	48.33277007998197	0.12	0.47758867810864375	0.322824964293861	25	0.23012623800905982
LINC00327	LINC00327	0.0497008318850521	10173.0	0.5517593800185571	-0.5517593800185571	0.0610818495500713	5629.0	31.699898614396755	0.16666666666666666	0.7632083052140134	1.1674515891660957	24	-0.1811200799739312
WDR86	WDR86	0.00031595276806885	10172.0	0.551717553387335	0.551717553387335	0.0012080700093382	1592.0	8.961360820096878	0.08	0.35933095167612544	0.4161995218517489	25	0.4622460901810887
DCLRE1B	DCLRE1B	4.32038452175727e-05	10171.0	0.551697755676077	-0.551697755676077	0.0877168780169423	12.0	0.06195786864931845	0.12	0.3232192281534757	0.48992886346344866	25	0.4663504123995076
PMAIP1	PMAIP1	0.190429261639844	10170.0	0.5514911271084421	0.5514911271084421	9.06474556027596e-06	10591.0	59.648529908752955	0.2	0.8585614437201259	0.8122261285440209	25	-0.37806013106489383
SUCO	SUCO	0.00021485656070246	10169.0	0.5514156377689959	0.5514156377689959	1.39100452987133e-07	8900.0	50.12391573729863	0.08	0.551197753689791	0.3870486118904656	25	0.0005629372448612177
ADAM21	ADAM21	0.25119217034380203	10168.0	0.551062850705209	0.551062850705209	0.000199136505994241	12039.0	67.80443843640869	0.375	0.9512561325023428	0.9845640878229487	24	-0.40646747809178607
INO80	INO80	3.41440803705907e-09	10167.0	0.550948430299121	-0.550948430299121	0.000649514615172343	3313.0	18.654950996958434	0.08	0.4072074246958396	0.4707241753932692	25	0.3053614263240084
NDUFS5	NDUFS5	2.51050117696148e-05	10166.0	0.550910466380835	0.550910466380835	5.7573440043905996e-08	6095.0	34.32465923172243	0.08	0.47061635974388116	0.4879660009943472	25	0.16454856787836733
MEAF6	MEAF6	0.016397828579804	10165.0	0.5509074405410389	0.5509074405410389	4.91830374426536e-10	8816.0	49.650782922158385	0.08	0.557825799601702	0.38115154166908405	25	-0.018151203141845332
RNH1	RNH1	1.90638294474416e-06	10164.0	0.550835405235256	-0.550835405235256	0.00637949211869346	5451.0	30.697307648980512	0.04	0.3880024738773531	0.3056194376997757	25	0.5327963842334574
SNX1	SNX1	5.86932781170743e-22	10163.0	0.550594969310527	-0.550594969310527	0.0022426334141837896	236.0	1.3236453756899853	0.08	0.38241716985883933	0.42968232113286847	25	0.39140032340237446
HDAC8	HDAC8	0.00011531744700046101	10162.0	0.550504574675631	0.550504574675631	1.4929817296194102e-05	8434.0	47.49915511997296	0.08	0.5373913887857684	0.44468848532616145	25	0.0294884763662017
MVD	MVD	0.00049589616408534	10161.0	0.5502064019779389	-0.5502064019779389	1.07951181384138e-05	7994.0	45.02084037400022	0.12	0.6187457039451237	0.697230783171663	25	-0.09830217428926971
ARHGAP22	ARHGAP22	0.0375184897333825	10160.0	0.550192964552812	0.550192964552812	1.96159950756916e-05	14093.0	79.37366227329052	0.5	2.183775092441652	2.6718773113942844	24	-0.6113986300652318
LONP2	LONP2	4.988558925923561e-07	10159.0	0.550111711465048	0.550111711465048	4.5380419273420897e-07	7114.0	40.064210882054745	0.16	0.7188277280441768	0.9711596590344506	25	-0.17372634356215969
ZNF75A	ZNF75A	5.455966487676281e-08	10158.0	0.5500513334789909	0.5500513334789909	7.98121578586419e-05	5152.0	29.013180128421766	0.04	0.5366176753673032	0.7201044586288003	25	0.018655151972350882
SLC5A2	SLC5A2	0.000170235148140894	10157.0	0.5498847860360129	0.5498847860360129	0.0129836022912096	2239.0	12.60561000337952	0.08	0.4550911087438278	0.7236884872053039	25	0.13098685272478705
TIMP2	TIMP2	0.0120293248717945	10156.0	0.54958058854642	-0.54958058854642	4.812175755760429e-07	10121.0	57.00123915737298	0.28	0.9562979768307539	1.2902302858487018	25	-0.31522852373349686
NECTIN3	NECTIN3	0.20651261830727302	10155.0	0.549527653280897	0.549527653280897	0.00255428976631187	5972.0	33.631857609552775	0.12	0.571790843829102	0.6391540230178597	25	-0.03483227789615715
DICER1.AS1	DICER1.AS1	0.0260396604091454	10154.0	0.549345601815116	0.549345601815116	0.0037332647427216004	8834.0	49.75216852540272	0.16666666666666666	0.7442329072663548	1.0275750934955057	24	-0.18965748263544416
MIF	MIF	0.000156693292816449	10153.0	0.549345343668279	0.549345343668279	0.156003722907781	152.0	0.8505125605497352	0.08	0.3650133274903569	0.6659298059749489	25	0.2768039732176462
BCL7B	BCL7B	9.49035945339106e-09	10152.0	0.549257734932311	-0.549257734932311	0.00336137094293725	1213.0	6.82663061845218	0.12	0.4375164688479133	0.5431665963324767	25	0.20572190344341423
LDHD	LDHD	0.0405824200208006	10151.0	0.5492490602414439	-0.5492490602414439	0.0207897360242908	10447.0	58.83744508279824	0.20833333333333334	0.8143051669359856	1.013772371675212	24	-0.2614552478447886
TRIM27	TRIM27	6.51854597076009e-24	10150.0	0.5491661545953139	0.5491661545953139	4.0138890502524105e-08	3272.0	18.424017122901883	0.04	0.3539257228842938	0.3440916019654094	25	0.5674083023120312
MIR663AHG	MIR663AHG	0.131173287094342	10149.0	0.548885276695049	0.548885276695049	0.00922370253893709	10502.0	59.14723442604483	0.375	1.3143894070088158	1.858251158907996	24	-0.4119486898442815
TYSND1	TYSND1	0.000377824692241087	10148.0	0.548817457656012	0.548817457656012	0.000117206176278209	2664.0	14.999436746648641	0.08	0.39013771899947	0.3791201579188333	25	0.41854735323916514
OPN3	OPN3	0.0026620324858856897	10147.0	0.548695011235994	-0.548695011235994	0.000169868026532701	4611.0	25.96597949757801	0.12	0.48182402152799947	0.44710004779954415	25	0.14956605358712885
SPATA13	SPATA13	0.000105728426741985	10146.0	0.54866443361241	-0.54866443361241	0.0311878989152387	79.0	0.4393376140588036	0.16	0.4751287971930453	0.7633625922390365	25	0.09633120245475436
LINC00921	LINC00921	0.00248303944381695	10145.0	0.5485295092283039	-0.5485295092283039	0.00886151797396835	7997.0	45.037737974540946	0.16666666666666666	0.6114034508492666	0.5607769924407939	24	-0.11211933169244788
GPD2	GPD2	4.357014987125461e-07	10144.0	0.548293227336927	0.548293227336927	6.0213119132192895e-05	7584.0	42.711501633434715	0.08	0.5148710598089504	0.29923384038383133	25	0.11169247263312694
FAM168B	FAM168B	5.18049864745675e-09	10143.0	0.548175910794278	-0.548175910794278	0.00266368213865515	1913.0	10.769404077954263	0.08	0.3796298166767106	0.37778819774166705	25	0.4461391200812997
FRZB	FRZB	0.00975339173107158	10142.0	0.548140447303197	0.548140447303197	9.55956478913623e-06	14909.0	83.96980962036723	0.625	1.6227688068067618	1.7071620035475896	24	-0.6294823556700652
CST6	CST6	0.0738840869214319	10141.0	0.548117326285284	-0.548117326285284	0.011923900558293399	13680.0	77.0474259321843	0.4166666666666667	1.560225309439291	1.6863970051652006	24	-0.6001599742255591
BCDIN3D.AS1	BCDIN3D.AS1	7.988085078191879e-07	10140.0	0.548092036352579	0.548092036352579	1.17624076651718e-07	8907.0	50.163343471893654	0.08	0.5028348167491656	0.27840216160523085	25	0.16256058984048852
IRF8	IRF8	0.10430835026874302	10139.0	0.5478517226757821	-0.5478517226757821	0.0006599007753277854	13909.0	78.33727610679283	0.4166666666666667	1.324661852981388	1.2710840816807076	24	-0.6111398462943998
DPY19L3	DPY19L3	0.0207133490712815	10138.0	0.547820943685122	0.547820943685122	0.008412749540993171	1522.0	8.56708347414667	0.04	0.33451228822569	0.343369006385301	25	0.6212227996491746
LHX4	LHX4	0.000180107598056904	10137.0	0.547758746458752	0.547758746458752	0.0167195214748319	3399.0	19.13934887912583	0.12	0.46930447421546007	0.7251894411786408	25	0.10818452088295887
CAND1	CAND1	2.74106905038304e-07	10136.0	0.547750961348757	0.547750961348757	0.00129565913720724	5046.0	28.416131575982877	0.08	0.41844548290186606	0.36208660067256526	25	0.3571120229434334
C1QC	C1QC	0.0651102493877681	10135.0	0.547406906797235	-0.547406906797235	0.000133527413942088	13797.0	77.70643235327249	0.4583333333333333	1.9954529230105347	2.867014743662105	24	-0.5050710044007924
OLFML2B	OLFML2B	0.0817008457753012	10134.0	0.547346571200219	0.547346571200219	0.0020319601393300954	11012.0	62.01982651796778	0.25	1.0786686512388886	1.6596714078039176	24	-0.3201369123673201
FIGN	FIGN	0.0179708419268588	10133.0	0.547264275061187	-0.547264275061187	0.0186736861693098	4770.0	26.861552326236342	0.12	0.48586231743314096	0.5086495803410963	25	0.12071563607084942
DCAF17	DCAF17	8.94317657731645e-07	10132.0	0.547167599501328	0.547167599501328	0.0159102236760917	1152.0	6.483046074124141	0.04	0.26067617409267396	0.2425935969126414	25	1.180952131691342
MIS18BP1	MIS18BP1	0.000201284191066105	10131.0	0.547023259558428	0.547023259558428	0.0213567595017633	5360.0	30.18474709924524	0.04	0.4254218290375089	0.517565916017097	25	0.23494868336133282
RAB11FIP4	RAB11FIP4	0.0119368184401062	10130.0	0.5468650469684501	0.5468650469684501	0.0043652789196370004	5502.0	30.984566858172805	0.16	0.7409020870228379	0.9709732162728908	25	-0.1998376853268978
ACVR1B	ACVR1B	0.0126404832725596	10129.0	0.546863612440718	0.546863612440718	0.0008669115385698611	2083.0	11.726934775261912	0.0	0.32620305867185145	0.28084193608017405	25	0.7857108409403393
TPTE2P6	TPTE2P6	0.460188274411335	10128.0	0.546809360985511	0.546809360985511	0.003642465783117675	11555.0	65.07829221583867	0.4166666666666667	0.9426905099560631	0.8444930583585526	24	-0.4687796365550111
SMARCA2	SMARCA2	2.9973629222455494e-08	10127.0	0.546722980489031	-0.546722980489031	7.627251566828381e-05	4727.0	26.619353385152642	0.12	0.47085354423374715	0.49678933987967616	25	0.1527195335424461
SCN9A	SCN9A	0.220202589726714	10126.0	0.5467099668029529	0.5467099668029529	0.0620759788584081	7448.0	41.9454770755886	0.24	0.9329200566169282	1.3741205098848641	25	-0.28105983939235096
PPIH	PPIH	0.00011527080380814599	10125.0	0.5466563095442629	0.5466563095442629	0.00014631249243208502	2013.0	11.332657429311704	0.08	0.4558172667792203	0.7348212962279327	25	0.12362059079037013
KCNK10	KCNK10	0.18322992614887698	10124.0	0.546632219653387	0.546632219653387	2.3253561058119579e-07	15944.0	89.79948180691675	0.7083333333333334	1.8319934332409187	1.6186277539250526	24	-0.7941055072549112
QDPR	QDPR	5.7655387946175894e-08	10123.0	0.546537354660974	-0.546537354660974	0.0005021543450894941	624.0	3.5090683789568544	0.08	0.4247037942104046	0.7679067007634621	25	0.15865672265841796
HSPH1	HSPH1	0.009709547221546	10122.0	0.546516232932257	0.546516232932257	0.0208254922553026	2663.0	14.993804213135068	0.12	0.47020446365413116	0.589460637545911	25	0.1294603310508282
AXDND1	AXDND1	0.3607353885276479	10121.0	0.546340822305074	0.546340822305074	0.004381016037289555	12799.0	72.08516390672524	0.375	1.2390609043488914	1.2878711043271602	24	-0.5378799786068067
HAUS2	HAUS2	3.47408257191055e-08	10120.0	0.54630146078578	-0.54630146078578	0.0200824532969927	863.0	4.855243888701138	0.08	0.3230751538250843	0.32275166475718237	25	0.6916348739165664
IBTK	IBTK	5.22476901096671e-06	10119.0	0.546275981282669	0.546275981282669	2.78017577935481e-07	10250.0	57.72783598062408	0.2	0.729872511225216	0.559456803219101	25	-0.32816926863010165
HSH2D	HSH2D	0.0276316529985986	10118.0	0.546225016930978	0.546225016930978	0.02362389182981125	7889.0	44.42942435507491	0.20833333333333334	0.8334814797648571	1.2162868904335746	24	-0.23617492311495655
IGLON5	IGLON5	0.489616970212542	10117.0	0.5461176873089371	0.5461176873089371	5.923670616602336e-11	16389.0	92.30595922045735	0.75	2.273697775543319	1.8368199427456466	24	-0.9405277284021782
USP36	USP36	0.000349205880846279	10116.0	0.546077136755307	-0.546077136755307	8.40137945341479e-05	2186.0	12.307085727160075	0.04	0.3979879977372376	0.41453597857975594	25	0.35724073824771124
GPHA2	GPHA2	0.447635648684827	10115.0	0.545501511670885	0.545501511670885	4.1909897864368054e-05	16881.0	95.07716570913597	0.625	1.9423162479490597	1.3944628536638621	24	-1.0016865867800875
CACNA1G	CACNA1G	0.14324944932867	10114.0	0.5454527044253	0.5454527044253	2.413721327939385e-08	15949.0	89.82764447448461	0.625	1.8128182075565389	1.5961496909686503	24	-0.7940141894599602
CDK9	CDK9	3.25426721752803e-07	10113.0	0.5452857135386839	-0.5452857135386839	1.3817598824227e-09	7843.0	44.170327813450484	0.12	0.5191395105979998	0.4615061958326216	25	0.05665406700231348
BATF2	BATF2	0.0430510900937053	10112.0	0.545064461879061	-0.545064461879061	0.0187634151754523	8194.0	46.1473470767151	0.16666666666666666	0.9140707351646911	1.3766342780100238	24	-0.26804960415415663
LINC01555	LINC01555	0.864154317637141	10111.0	0.544927660853802	0.544927660853802	0.051278247188305696	12176.0	68.57609552776839	0.2916666666666667	1.1840941094317452	1.291311429630038	24	-0.494974669868031
CHIC2	CHIC2	0.00010915468553469499	10110.0	0.5448708253425271	-0.5448708253425271	0.00284737148772282	2941.0	16.559648529908753	0.08	0.43016527138637317	0.5552037911266686	25	0.20660081179089798
HS3ST3A1	HS3ST3A1	0.0252165078564281	10109.0	0.544780040757484	-0.544780040757484	4.057251975710655e-05	13599.0	76.59119071758477	0.5	1.1123299847803962	1.211066119986478	24	-0.4686366290465207
PRKCSH	PRKCSH	0.0309221349042417	10108.0	0.5447570130262971	0.5447570130262971	7.81540914437887e-06	7388.0	41.60752506477413	0.32	1.0031180236202382	1.403732652109813	25	-0.32653013371529366
DNAH10	DNAH10	0.17898029454951397	10107.0	0.5447562986868689	-0.5447562986868689	0.00418136220904183	7539.0	42.45803762532387	0.16	0.7379994272279121	1.0156984304255245	25	-0.190256401656626
REXO2	REXO2	0.000324098600466604	10106.0	0.5447126519873939	0.5447126519873939	7.16523281822402e-05	3309.0	18.632420862904134	0.04	0.3698895224272308	0.3471058663434481	25	0.5036593918789672
WFDC5	WFDC5	0.601178357604518	10105.0	0.544681015411117	0.544681015411117	7.29801310182994e-05	16774.0	94.4744846231835	0.6956521739130435	2.311348903606711	1.6093666543156278	23	-1.0977410793607236
BYSL	BYSL	0.00204297884038676	10104.0	0.544556319955508	0.544556319955508	1.8653925720876398e-05	5734.0	32.29131463332207	0.12	0.49442397484162987	0.5871874162232332	25	0.08537707677103754
COLEC12	COLEC12	0.019483014619456	10103.0	0.5444517548245971	-0.5444517548245971	4.9515239606960754e-05	12560.0	70.73898839698096	0.4583333333333333	1.2186851856807963	1.3547026333160694	24	-0.49769847217746715
MRPL58	MRPL58	1.7412601654056199e-09	10102.0	0.544386017861056	0.544386017861056	5.82136500806786e-05	7119.0	40.092373549622614	0.08	0.5182389417936697	0.641786668528895	25	0.04074107074757521
IDI2.AS1	IDI2.AS1	6.04536023546264e-09	10101.0	0.544321299471801	-0.544321299471801	0.000324259986939718	7414.0	41.75397093612707	0.04	0.4406192297931654	0.29274974419489985	25	0.35423453558885193
NUDT22	NUDT22	6.410425579494421e-05	10100.0	0.544178547443785	0.544178547443785	0.0135638454691633	541.0	3.041568097330179	0.08	0.38217166150683324	0.5978702685403368	25	0.2709733105352129
AKR1C4	AKR1C4	0.33549647924814696	10099.0	0.544047128129995	0.544047128129995	0.007553283508130908	13497.0	76.01667229920018	0.5	1.5333609531649823	1.704823187252473	24	-0.5803028914859993
GBP2	GBP2	0.0234245862473865	10098.0	0.543792376314585	-0.543792376314585	0.011631742372294375	7063.0	39.77695167286245	0.20833333333333334	0.9322905570973395	1.4423895680084706	24	-0.2693434488153987
XPO1	XPO1	1.34142079602903e-06	10097.0	0.543752081729468	0.543752081729468	0.0025562938177103	2120.0	11.935338515264165	0.08	0.37912803362040853	0.4261196985629031	25	0.3863328746928556
CHID1	CHID1	2.86890839486202e-09	10096.0	0.543505325209682	0.543505325209682	0.0032807634862289897	3900.0	21.961248169426607	0.08	0.42833808030752124	0.4582725269278553	25	0.2513073294491669
MYL12A	MYL12A	6.2454579193752094e-06	10095.0	0.5433593419810511	-0.5433593419810511	5.05014740214404e-08	7488.0	42.17077841613157	0.2	0.6260402367257828	0.6634250560447182	25	-0.12462733204209672
TPK1	TPK1	1.00859418198742e-05	10094.0	0.543329005412902	-0.543329005412902	0.00015420218120425902	8556.0	48.18632420862904	0.04	0.5527207341175296	0.753603099735094	25	-0.012462433750510118
CHCHD6	CHCHD6	0.00309230191259305	10093.0	0.543176945422688	-0.543176945422688	0.0016607994045282901	1563.0	8.79801734820322	0.08	0.47528601578168866	0.8755443259310813	25	0.07754139639795164
LRRC46	LRRC46	0.226235379740422	10092.0	0.543053033333906	-0.543053033333906	0.0037662464628855203	7873.0	44.339303818857715	0.16	0.5936013140571553	0.6336388170956285	25	-0.0797745961255095
MKS1	MKS1	0.00020388079425953	10091.0	0.5429286021533921	0.5429286021533921	4.09938065488273e-08	1888.0	10.628590740114904	0.08	0.4507093069171054	0.6753244251491799	25	0.13655554545641577
CNPY2	CNPY2	2.5688080212729605e-09	10090.0	0.542643410060079	0.542643410060079	1.4012918222895099e-05	2542.0	14.312267657992564	0.12	0.4412693801656162	0.5801282824020971	25	0.17474416085130406
DNAH17.AS1	DNAH17.AS1	0.123117070452188	10089.0	0.542614513389856	-0.542614513389856	6.959491340168049e-07	13109.0	73.8312492959333	0.4	1.2251154577659873	1.0919309651127946	25	-0.6250403790917589
HM13	HM13	7.68362056284119e-10	10088.0	0.542576310719623	0.542576310719623	7.01475837105572e-05	5024.0	28.29221583868424	0.04	0.38796311882929724	0.4592912522403126	25	0.3366343058705335
ATG4C	ATG4C	5.936351485693671e-05	10087.0	0.5424973669818	0.5424973669818	0.000882469929462634	7978.0	44.93071983778303	0.04	0.5545327625475196	0.6838396479689666	25	-0.017599733506919773
BTBD3	BTBD3	0.00152541233930019	10086.0	0.542420207936394	-0.542420207936394	0.0739960649930625	454.0	2.5515376816492057	0.12	0.43568513339061626	0.7644542140911713	25	0.13962258638690447
TMCO4	TMCO4	8.89129178718938e-06	10085.0	0.542407984081009	0.542407984081009	1.55207503816161e-05	6354.0	35.7834854117382	0.16	0.6783322954261547	0.8972140638568575	25	-0.1514959660360732
ATL2	ATL2	0.00156291712222874	10084.0	0.542379348877801	0.542379348877801	5.36703003519624e-07	7874.0	44.34493635237129	0.08	0.4543881256903686	0.36486348930092294	25	0.24116203941376338
DNTTIP1	DNTTIP1	5.102461004055279e-05	10083.0	0.5423004349169179	0.5423004349169179	4.13026995695261e-05	4763.0	26.82212459164132	0.0	0.32791384265785567	0.23137202475551844	25	0.9265882186301304
BEND7	BEND7	0.011869438008469001	10082.0	0.54215751967167	-0.54215751967167	0.13207741202844	564.0	3.1711163681423904	0.16	0.48449580211388527	0.7975851075049277	25	0.07229537890717012
HOMER2	HOMER2	0.0177343858618635	10081.0	0.541878349274893	0.541878349274893	0.000434298441816025	7084.0	39.895234876647514	0.28	0.7312685318553203	0.9728054347189301	25	-0.19468454412484573
CYBB	CYBB	0.0459040117663467	10080.0	0.5417876589675711	-0.5417876589675711	0.0222639470141388	12292.0	69.22946941534302	0.2916666666666667	1.5590868206867696	2.5178798389514037	24	-0.4040300676710859
METAP1	METAP1	2.3591670010126901e-07	10079.0	0.541742463847503	0.541742463847503	0.000994411034594523	1640.0	9.23172242874845	0.08	0.3935655207440885	0.4600715557827041	25	0.3220736888446105
ISOC2	ISOC2	0.0131841518175518	10078.0	0.541571145924942	0.541571145924942	0.000842743352251504	3118.0	17.556606961811422	0.12	0.4840857396927775	0.4939131660659392	25	0.11638767739285172
LAMB3	LAMB3	6.08574486372151e-05	10077.0	0.541378250824021	0.541378250824021	0.000540317241947726	12350.0	69.55615635913033	0.4166666666666667	1.4037952233694222	1.7306992700315216	24	-0.4983055043004056
NPEPPS	NPEPPS	7.3145392990262e-12	10076.0	0.5413571297513979	0.5413571297513979	7.05324759386767e-07	9227.0	51.96575419623746	0.12	0.5477465048027734	0.5847945954686953	25	-0.010925844905003949
PAPSS1	PAPSS1	4.37755803922559e-06	10075.0	0.541180009965374	-0.541180009965374	3.23092423935219e-05	6219.0	35.02309338740565	0.04	0.4565695520713078	0.5580241147387665	25	0.15162509228418514
ADAM9	ADAM9	0.000137301850394837	10074.0	0.541129906326798	0.541129906326798	1.4112744553820401e-09	11886.0	66.9426608088318	0.12	0.7322310881209454	0.38162188012275894	25	-0.500760547934711
TPH1	TPH1	0.010432489965358	10073.0	0.54099168487452	-0.54099168487452	0.00022014823282633848	11984.0	67.4946490931621	0.4583333333333333	1.4065267877905436	1.487807213371253	24	-0.581752188816715
ARL1	ARL1	2.06994815397054e-06	10072.0	0.540913302057089	0.540913302057089	1.4456562803491002e-11	10826.0	60.97217528444294	0.16	0.6786606294886818	0.4584726560582737	25	-0.3004482941597384
FKBP11	FKBP11	0.0382166256868514	10071.0	0.540778040542164	0.540778040542164	0.11974094219555599	1931.0	10.870789681198602	0.04	0.42581972323686	0.748564545475971	25	0.1535716832971409
ACBD3	ACBD3	3.15241315308047e-05	10070.0	0.540746086422951	0.540746086422951	2.62702919556659e-07	6525.0	36.74664864255942	0.08	0.5739739278028153	0.6814346639759777	25	-0.0487615954051843
NARF	NARF	1.9852267388528197e-06	10069.0	0.5406452955937029	0.5406452955937029	0.000133090597095148	2356.0	13.264616424467725	0.04	0.37782096845571383	0.4900841130449366	25	0.3322375135287428
LRPPRC	LRPPRC	5.68787483557656e-07	10068.0	0.540402913027171	0.540402913027171	0.000145496533761452	6667.0	37.54646840148698	0.08	0.48832567808354654	0.35191507766656827	25	0.14798239191378584
LINC01806	LINC01806	0.038028603805021	10067.0	0.540338348606812	0.540338348606812	0.0014286512587807	7601.0	42.807254703165476	0.08	0.6498996985968606	0.92022563039788	25	-0.119059224575909
TRMT2B	TRMT2B	0.00024286758267621	10066.0	0.540240617999981	0.540240617999981	0.00531849915026956	1397.0	7.86301678494987	0.04	0.34155698420868996	0.4555219453243455	25	0.43616698565383555
AP1M1	AP1M1	0.00012781528989648302	10065.0	0.540063710051871	-0.540063710051871	1.81148776601927e-08	7416.0	41.765236003154214	0.04	0.47456552437209837	0.29784255731970805	25	0.21990875403834945
SLC35A1	SLC35A1	0.0037034395112689996	10064.0	0.539982177836812	-0.539982177836812	1.0355615379595099e-08	8882.0	50.02253013405429	0.2	0.627377295820041	0.416275986345998	25	-0.20994513459776748
KIAA1328	KIAA1328	0.000762672225966554	10063.0	0.539866241817933	-0.539866241817933	2.31883304876992e-05	6402.0	36.05384702038977	0.08	0.43400603339759625	0.3608612569538308	25	0.2933543193690107
RPL22L1	RPL22L1	0.0335311196965586	10062.0	0.5398184967742949	0.5398184967742949	2.99401814033074e-08	10169.0	57.271600766024555	0.08	0.6275546896689089	0.5020173679627636	25	-0.17476724610277164
OCIAD1	OCIAD1	0.000127037557470188	10061.0	0.5396414710573539	0.5396414710573539	3.11655981000709e-06	7060.0	39.76005407232173	0.04	0.5037124265866154	0.45306328488576125	25	0.07930248525831869
FAF2	FAF2	5.33211580860391e-09	10060.0	0.539531658032486	0.539531658032486	5.12423967118591e-05	3952.0	22.254139912132477	0.08	0.48754250096026097	0.5572736040238776	25	0.09329197847669361
SMG6	SMG6	3.42996301028517e-08	10059.0	0.539200636739285	-0.539200636739285	7.19012189274943e-05	7548.0	42.50873042694604	0.08	0.46850082564071066	0.3795136445828555	25	0.18629056453631435
VWA3B	VWA3B	0.274701525166418	10058.0	0.539088478180972	-0.539088478180972	0.031222939373673	12256.0	69.02669820885434	0.375	1.1333781758108386	1.2542578926171994	24	-0.4738177859019016
NPL	NPL	0.14203975467092902	10057.0	0.539057838935691	0.539057838935691	0.0164898536991641	5139.0	28.939957192745297	0.16	0.5883352819722821	0.6634006632166013	25	-0.07428006296777237
MYLIP	MYLIP	2.27337422713842e-07	10056.0	0.538777952853878	-0.538777952853878	0.000113611673877925	3387.0	19.071758476962938	0.12	0.410834307034561	0.3917428855567281	25	0.32660107059120935
SUOX	SUOX	0.00276190257532172	10055.0	0.538604842831097	0.538604842831097	0.0005470541736541	1692.0	9.524614171454319	0.12	0.5341069260154842	0.8293152485483593	25	0.005423651408178059
PMFBP1	PMFBP1	0.0014226618703666	10054.0	0.538536589716042	-0.538536589716042	0.00143472364520015	3058.0	17.21865495099696	0.08	0.41585080427561083	0.5260203322059526	25	0.23323392258608752
ANGPT2	ANGPT2	0.224521588245055	10053.0	0.538534904176113	-0.538534904176113	0.0458834491194291	7028.0	39.579812999887345	0.16666666666666666	0.7155858444779567	0.9848509657134091	24	-0.17977434806452264
SLCO2B1	SLCO2B1	0.0440313892405815	10052.0	0.5384614831703599	-0.5384614831703599	3.705537111364588e-06	12683.0	71.43179001915061	0.4166666666666667	1.5147006300632413	2.25771200173742	24	-0.4324019831323116
EVA1A	EVA1A	0.0266264960530447	10051.0	0.538387957173239	-0.538387957173239	0.013527009712628324	8156.0	45.93331080319928	0.125	0.6768478756109298	0.8364289278129751	24	-0.16553697969261347
SEL1L	SEL1L	0.0025372704903531	10050.0	0.538232778772027	0.538232778772027	3.19894462732757e-07	11354.0	63.946152979610225	0.12	0.7518913219119865	0.7046531317196904	25	-0.30321094666610016
PRKAB1	PRKAB1	0.008680093920499909	10049.0	0.5381321818032729	0.5381321818032729	6.615048306608099e-06	5943.0	33.46851413765911	0.0	0.33322707164262844	0.2335447154898104	25	0.8773699277712176
GRIA2	GRIA2	0.37740020630034404	10048.0	0.538100724760759	-0.538100724760759	8.755603463870034e-07	17215.0	96.95843190266982	0.7727272727272727	3.0993410716877716	3.2740182444640564	22	-0.7822926311598112
GNL1	GNL1	2.20605930406619e-05	10047.0	0.53805740762658	-0.53805740762658	4.8541046874928e-06	4619.0	26.011039765686608	0.08	0.4658121594678397	0.39861777658935527	25	0.18123940376388517
BROX	BROX	1.22430368054625e-05	10046.0	0.537885605190225	0.537885605190225	1.1929119029052299e-08	12800.0	72.09079644023882	0.24	0.811769268209971	0.4436914348166917	25	-0.6172840887336473
MATN1	MATN1	0.0346251993220445	10045.0	0.537881259783064	0.537881259783064	0.02132946563579442	4641.0	26.134955502985243	0.2916666666666667	0.6303004105885465	0.6532070991479111	24	-0.14148522103639175
C16orf54	C16orf54	0.172994748108065	10044.0	0.537848576186335	-0.537848576186335	0.008537040702882595	13293.0	74.867635462431	0.4583333333333333	1.7058618993572148	2.4750451033523255	24	-0.47191597502157184
DDX55	DDX55	7.607710464566529e-09	10043.0	0.537682257812098	0.537682257812098	0.000221495254541608	3297.0	18.56483046074124	0.04	0.39299426286922845	0.5553636251710684	25	0.26052839686484935
DHRS9	DHRS9	0.167343049118845	10042.0	0.537671103497912	0.537671103497912	5.374527762374645e-10	16208.0	91.28647065450039	0.7916666666666666	2.1964843744600713	1.4616285168608416	24	-1.1349075718123056
RAB11B	RAB11B	3.62166492568117e-06	10041.0	0.537630738216702	-0.537630738216702	1.7991310357435798e-06	9892.0	55.71138898276444	0.16	0.7019482966412229	0.5749535911333225	25	-0.2857927334632793
CCL27	CCL27	0.199479908169925	10040.0	0.537589614120828	-0.537589614120828	4.82583102638916e-11	16837.0	94.82933423453869	0.7083333333333334	1.8391263898235157	1.1270893270691242	24	-1.154776950188319
DCBLD1	DCBLD1	0.00406912576423305	10039.0	0.537554936005294	0.537554936005294	0.000526053788348609	1798.0	10.121662723893206	0.08	0.42714512190349047	0.6060157675658886	25	0.18218967230056327
NRK	NRK	0.31574781889376896	10038.0	0.537478971913628	0.537478971913628	0.00033697683636028	12229.0	68.87461980398783	0.34782608695652173	1.696157954560346	2.1602086469330257	23	-0.5363736434865966
MS4A8	MS4A8	0.33587250634519106	10037.0	0.53734066923507	0.53734066923507	0.001985919063627755	16490.0	92.87484510532838	0.625	1.9270664785657912	1.7143026153070056	24	-0.8106653964835971
SLC35C1	SLC35C1	0.0057093296910849	10036.0	0.5373367758804339	0.5373367758804339	0.020305940383075	1166.0	6.561901543314183	0.08	0.35077604867171724	0.31399137055627996	25	0.5941587721923633
ZDHHC3	ZDHHC3	0.0044837458471889	10035.0	0.537241599063668	-0.537241599063668	0.00121145788796704	4453.0	25.076039202433254	0.04	0.4109154922407631	0.3961210443025136	25	0.3189078405196541
PAK3	PAK3	0.0165753077758261	10034.0	0.53713293723411	-0.53713293723411	0.004155831175445913	9193.0	51.77424805677593	0.3333333333333333	1.1130151161020898	1.3099562243025031	24	-0.43961940726272203
THYN1	THYN1	1.4356913329448402e-05	10033.0	0.537114232518518	0.537114232518518	2.3649296155510397e-05	5642.0	31.773121550073224	0.12	0.5037344597507242	0.6219922442152875	25	0.05366589869606188
PROK1	PROK1	0.4958390517277151	10032.0	0.537069185194949	0.537069185194949	0.00016037675707367702	17434.0	98.19195674214261	0.6818181818181818	2.932322826391524	2.2735203003938267	22	-1.053543986733552
CCT8	CCT8	3.85697781480277e-11	10031.0	0.5370609023102071	0.5370609023102071	2.89692058075671e-08	8772.0	49.40295144756111	0.12	0.6081560230489241	0.4785634303540315	25	-0.14855945153628292
NLRP1	NLRP1	0.000207087090581698	10030.0	0.537051283520944	-0.537051283520944	5.050387147896621e-07	13318.0	75.00844880027036	0.44	1.3379782451387547	1.7413616752150822	25	-0.45994291307627705
PMS2P5	PMS2P5	0.0358294686180621	10029.0	0.536642135704851	0.536642135704851	0.0036956657191842103	3823.0	21.52754308888138	0.04	0.47425483870164853	0.7151139409248504	25	0.08724105828858199
CBX5	CBX5	2.1742821364392902e-07	10028.0	0.536212554104754	0.536212554104754	0.245254694741797	187.0	1.0476512335248394	0.0	0.22545814390560692	0.20393046395905068	25	1.5238253479457913
CCR1	CCR1	0.0033487393217380397	10027.0	0.535916107075163	-0.535916107075163	0.0334636588871501	11153.0	62.81401374338177	0.375	1.321746889014637	1.7102685126784756	24	-0.45947801536074206
SPATS2L	SPATS2L	4.10468772021023e-10	10026.0	0.535900482021382	0.535900482021382	3.25492012695195e-08	8915.0	50.20840374000225	0.12	1.0024983746058274	1.885154190243105	25	-0.2475117924037153
OPA3	OPA3	1.33227480323353e-06	10025.0	0.5358030738760229	-0.5358030738760229	5.24942336229637e-05	3474.0	19.56178889264391	0.08	0.343416475798375	0.3147846455159411	25	0.6111689398392375
MFSD14A	MFSD14A	1.2724173254574301e-05	10024.0	0.535722468489518	-0.535722468489518	0.000162364274866811	4437.0	24.985918666216065	0.04	0.3731177866594457	0.28278208444386194	25	0.5750176223145871
RGS8	RGS8	0.37712084244596994	10023.0	0.535715892942022	-0.535715892942022	7.109140975635134e-05	15264.0	85.96935901768614	0.5833333333333334	1.5869273178406933	1.0511293962966177	24	-1.0000780385386827
ANGPTL4	ANGPTL4	0.484936796942394	10022.0	0.535692590381996	0.535692590381996	0.008201862954437715	8921.0	50.24219894108369	0.25	0.9063462017617069	1.1817892736301785	24	-0.31363765067959215
ARTN	ARTN	0.11044126015688302	10021.0	0.5355072718862299	0.5355072718862299	0.00012058187250466401	9311.0	52.438887011377716	0.3333333333333333	0.9569181597541457	1.3522042000146821	24	-0.3116473738680446
HAO2	HAO2	0.6937296596203261	10020.0	0.535492188559588	0.535492188559588	8.52266012443321e-06	17147.0	96.57541962374675	0.6818181818181818	3.0416355504742367	2.3085923787656006	22	-1.0855720502961541
CYSLTR2	CYSLTR2	0.0858346850061685	10019.0	0.5354408527989679	-0.5354408527989679	4.468312100382174e-05	14674.0	82.64616424467725	0.5416666666666666	1.8908825957492539	2.2374103665824014	24	-0.6058082876502873
MLH3	MLH3	1.1955595264563e-07	10018.0	0.535337635728361	0.535337635728361	2.1638906732490502e-06	9461.0	53.28376703841388	0.12	0.660157389095906	0.7318080437607674	25	-0.17056351652831708
IFNAR2	IFNAR2	6.1379647706053705e-06	10017.0	0.535315827465143	0.535315827465143	0.0035076940424024	1033.0	5.8127745860087865	0.08	0.3392069845584851	0.3679521483746781	25	0.5329737678470198
PPP3CC	PPP3CC	7.74709707995433e-08	10016.0	0.5352208163461889	-0.5352208163461889	0.0105662672896126	1802.0	10.144192857947504	0.08	0.36440533803363856	0.39445518747757813	25	0.4330415310414949
SH2B2	SH2B2	0.00190479972771053	10015.0	0.535155342293183	-0.535155342293183	3.02824019308424e-09	12178.0	68.58736059479554	0.44	1.3105909728287353	1.3757229354963085	25	-0.5636568312759899
MCTP2	MCTP2	0.00487269454042416	10014.0	0.5348871496278711	0.5348871496278711	0.0011056302293211912	12906.0	72.6878449926777	0.4583333333333333	1.9301472527547239	2.591615657800996	24	-0.5383746231533193
STRC	STRC	0.0353672036309857	10013.0	0.534805529744667	0.534805529744667	0.024887233057533847	6123.0	34.482370170102506	0.20833333333333334	0.6426940470970172	0.6890910963427184	24	-0.15656640743866465
ATP8B1	ATP8B1	0.0449266682822037	10012.0	0.534775139500933	0.534775139500933	2.97008716167171e-06	10676.0	60.12729525740678	0.28	0.8070083562814591	0.6044383731952149	25	-0.45039036046211306
DNAJC3	DNAJC3	1.63831608381666e-07	10011.0	0.534630088912981	0.534630088912981	1.1842588024502e-11	12501.0	70.40666891968007	0.28	0.8464421748217833	0.6274750426705655	25	-0.4969314549654664
NRCAM	NRCAM	0.0987635077760165	10010.0	0.53462273177493	-0.53462273177493	0.0003387015037192055	10432.0	58.752957080094625	0.25	1.0123653209538557	1.1077580763904906	24	-0.4312697865725321
DHCR24	DHCR24	0.0176308840238324	10009.0	0.534614749705319	-0.534614749705319	0.014192499817059999	4136.0	23.29052607863017	0.16	0.5761183524685655	0.7394609576146259	25	-0.056126834467542394
KRT1	KRT1	0.271179153209412	10008.0	0.5345932098297079	0.5345932098297079	5.940188853292375e-08	17740.0	99.91551199729638	0.8333333333333334	4.870082304850837	2.9816411125317206	24	-1.454061347893024
UBN2	UBN2	2.99682536324197e-07	10007.0	0.534540969683423	0.534540969683423	0.00031154081330451804	5876.0	33.09113439224963	0.04	0.4848117751230069	0.5328628215930687	25	0.0933245716256647
AAMDC	AAMDC	0.007467125573222659	10006.0	0.534315275348818	-0.534315275348818	0.0033467741999762602	4306.0	24.248056775937815	0.04	0.38264125818260036	0.29349524068896576	25	0.5167852698741221
MPO	MPO	0.0999043111482097	10005.0	0.5342929931804651	-0.5342929931804651	0.0005069959502377546	17070.0	96.14171454320153	0.7083333333333334	3.8974447423983727	4.110699478759537	24	-0.8181458573159396
LRRC57	LRRC57	1.0185091918689e-07	10004.0	0.5342496324580379	-0.5342496324580379	0.0016825159303189802	4823.0	27.160076602455785	0.12	0.3912704559209543	0.38306384496366974	25	0.37325155693209305
TMOD2	TMOD2	0.000104554704740926	10003.0	0.534003936048425	-0.534003936048425	0.00337883183100831	5903.0	33.243212797116136	0.16	0.709948568690905	1.1152145777332856	25	-0.1577675150194807
PDE6B	PDE6B	0.202330432754113	10002.0	0.53399297702648	0.53399297702648	0.0024068709162919553	4567.0	25.71814802298074	0.20833333333333334	1.0194378713419854	1.608686347637214	24	-0.3017647877900568
NCKAP1L	NCKAP1L	0.0554161731139121	10001.0	0.533859371252759	-0.533859371252759	0.0035576114944325904	12975.0	73.07648980511433	0.375	1.3752387509568562	1.7613106545670538	24	-0.4777007267414254
ERRFI1	ERRFI1	0.0816111937459387	10000.0	0.5335830580945929	-0.5335830580945929	0.00219587663298653	10663.0	60.05407232173031	0.16	0.6600416889865331	0.4663761533381611	25	-0.2711515800857152
KIAA0825	KIAA0825	0.0238614924328899	9999.0	0.533562918951673	0.533562918951673	1.16968920743185e-06	9850.0	55.47482257519432	0.25	0.9699256327946073	1.3382588967250437	24	-0.3260674858286323
RNF123	RNF123	6.43905693313424e-06	9998.0	0.533510406262007	-0.533510406262007	2.9877237914048e-05	7113.0	40.05857834854117	0.08	0.4973778729533329	0.5259537261939066	25	0.06869907276852878
GPR63	GPR63	0.135130540701392	9997.0	0.533491072025128	-0.533491072025128	0.003977832073567379	3454.0	19.449138222372422	0.2	0.7736192229831333	1.2675813294197238	25	-0.18943806238289398
ZNF281	ZNF281	0.000157476267148133	9996.0	0.533413816482714	0.533413816482714	0.000149142244680957	4396.0	24.754984792159515	0.16	0.5663743453229683	0.6941130382294817	25	-0.04748582294942732
ZNF444	ZNF444	0.0350508358583799	9995.0	0.5330581111029841	0.5330581111029841	3.10388570164153e-05	9468.0	53.32319477300889	0.24	0.7191842482505001	0.6814534111822375	25	-0.27313112546404333
TIGD6	TIGD6	3.5588959661521003e-06	9994.0	0.532768753160612	0.532768753160612	0.015584266658992	779.0	4.382111073560888	0.04	0.2391627584533514	0.3101031272614443	25	0.9468011409627768
IER5L	IER5L	0.0967299411864146	9993.0	0.5327576741042911	0.5327576741042911	0.000789466591873314	8465.0	47.67376365889377	0.375	0.8369143527889382	0.7709386642752509	24	-0.3945277267557734
CDCA7L	CDCA7L	0.015715933051256	9992.0	0.5327013663054361	0.5327013663054361	2.82767694759955e-05	5204.0	29.30607187112763	0.08333333333333333	0.6245227289359894	1.0416137516342532	24	-0.0881529861587263
VCL	VCL	0.00023132054278944902	9991.0	0.532536314916181	-0.532536314916181	0.000771687072614734	4124.0	23.222935676467277	0.04	0.35591808058694574	0.32426308041327484	25	0.5446757432395156
AIRE	AIRE	0.451578035064175	9990.0	0.532450841862841	0.532450841862841	2.37035079862144e-10	16426.0	92.51436296045961	0.8333333333333334	2.0367341147233238	1.3938764131533785	24	-1.079208499882231
FTSJ1	FTSJ1	0.000226772805684631	9989.0	0.5323209714441149	0.5323209714441149	0.00427911434495935	2585.0	14.554466599076264	0.04	0.3315011811436643	0.46515303973667343	25	0.4317284273024126
SGMS2	SGMS2	0.10295074436305802	9988.0	0.532270115552021	-0.532270115552021	5.73095153846871e-09	11992.0	67.5397093612707	0.28	0.9740190560217623	1.030911926874549	25	-0.4285030844574732
RSRP1	RSRP1	0.00155966794924314	9987.0	0.5321605716708461	0.5321605716708461	0.000425186065092034	2229.0	12.549284668243775	0.12	0.38639006881694554	0.453145326990976	25	0.3216859893974002
PCDHB6	PCDHB6	0.0470023380515217	9986.0	0.53205789474347	-0.53205789474347	0.007516614212554215	7577.0	42.67207389883969	0.125	0.7037889616145586	0.813249332520601	24	-0.21116656356645505
COL4A4	COL4A4	0.0572072148526094	9985.0	0.532002877218054	-0.532002877218054	0.00206020233536247	6698.0	37.72107694040779	0.24	1.0144982948926828	1.6605801876052941	25	-0.2905583369451316
KCNMB1	KCNMB1	0.00243384350392402	9984.0	0.531995509627873	-0.531995509627873	3.5710764795590744e-05	12554.0	70.70519319589951	0.3333333333333333	1.2632713118737096	1.606595551645406	24	-0.4551710612524075
ABLIM2	ABLIM2	0.0029443345816356	9983.0	0.5319196095484771	-0.5319196095484771	1.3590105653311988e-05	12276.0	69.13934887912582	0.3333333333333333	0.9330229745752469	0.8131099747929548	24	-0.4932953443707344
FAM118A	FAM118A	0.00162939408230661	9982.0	0.531915630666135	0.531915630666135	0.0046552042195553605	73.0	0.4055424129773572	0.04	0.34858133022634463	0.5392091441353288	25	0.3400059187308177
MELTF	MELTF	0.0022890208176646197	9981.0	0.5319012015188019	0.5319012015188019	0.00038467297446649997	7348.0	41.38222372423115	0.2916666666666667	1.1884344048553126	1.7329548779491366	24	-0.37885187415467164
CYP2A13	CYP2A13	0.532147439340833	9980.0	0.531802491342176	0.531802491342176	0.0039938410852251	17645.0	99.38042131350682	0.6086956521739131	3.622419243364217	2.8847939871145245	23	-1.0713474743177025
SMIM10	SMIM10	0.000223017006917252	9979.0	0.5317741322663	-0.5317741322663	0.000813980486509334	11086.0	62.43663399797229	0.44	1.3682609871863172	1.8960122531579064	25	-0.44118219886332755
MAN2A2	MAN2A2	6.17369061831052e-19	9978.0	0.5316200622093621	-0.5316200622093621	1.98307452815602e-05	3830.0	21.5669708234764	0.08	0.5070207517148667	0.5795547519616246	25	0.04244518815734639
ATP9A	ATP9A	0.00437880977349469	9977.0	0.531571462197594	0.531571462197594	0.05561632111837099	3131.0	17.62982989748789	0.08	0.6839347741571458	1.3950904306981402	25	-0.10921393237806465
SMIM14	SMIM14	0.0049006600113027	9976.0	0.531531051919302	0.531531051919302	1.07422877351674e-11	13022.0	73.34121888025233	0.36	1.090168449217033	1.0626356983161451	25	-0.5257092324142216
MXRA8	MXRA8	0.11945293190644801	9975.0	0.531481514136511	0.531481514136511	0.00012629937912961482	10787.0	60.75250647741353	0.375	1.0872514666371698	1.5000796046795655	24	-0.3704936396487956
RIPK4	RIPK4	0.000205333862423237	9974.0	0.53135875851639	0.53135875851639	0.0266223964163318	8899.0	50.11828320378506	0.12	0.6613155888511187	0.6559105750985919	25	-0.1981319333282506
NUBPL	NUBPL	6.24647636245605e-11	9973.0	0.53132417083615	0.53132417083615	8.32832887042022e-07	6058.0	34.116255491720175	0.08	0.5846481878786044	0.7486091970971932	25	-0.07123078002410813
RPS6KA3	RPS6KA3	0.0025797647570930103	9972.0	0.531284623946937	0.531284623946937	0.00135577810123485	6782.0	38.194209755548044	0.04	0.434659201515883	0.409488064309633	25	0.23596639524513954
GBA2	GBA2	9.0840326481646e-06	9971.0	0.53126929194586	-0.53126929194586	0.0009154981856392179	3221.0	18.136757913709587	0.2	0.46511200486257126	0.6014984710855936	25	0.10998745676591179
CLCN4	CLCN4	0.0130536964349659	9970.0	0.53123624352322	-0.53123624352322	0.0185951175489966	2873.0	16.176636250985695	0.08333333333333333	0.7127539496026573	1.425941008139415	24	-0.12729678510072712
DNAJA2	DNAJA2	0.000409955036754439	9969.0	0.531214073940288	0.531214073940288	1.61082824552489e-05	7270.0	40.94288611017235	0.16	0.5696140604226944	0.670349265368325	25	-0.057283551226549684
CD81.AS1	CD81.AS1	4.88041227038619e-05	9968.0	0.531211525946242	-0.531211525946242	1.8243197816376889e-06	10400.0	58.57271600766024	0.25	0.7903263239419224	0.6783488400426732	24	-0.38197868515464717
MYO1B	MYO1B	0.00236247464670576	9967.0	0.531053272703641	-0.531053272703641	0.000717196860238476	8869.0	49.949307198377824	0.08	0.5981661968471124	0.6971807936322769	25	-0.09626330036118236
NUDT19	NUDT19	0.0302903045758493	9966.0	0.530925679920372	0.530925679920372	0.000310997934734218	7390.0	41.61879013180128	0.32	0.9678905880116757	1.629764493238579	25	-0.26811536875674036
OXTR	OXTR	0.310867301892586	9965.0	0.530857756471614	-0.530857756471614	0.001739532284066465	11822.0	66.58217866396305	0.25	1.1863951968186834	1.4388237746412633	24	-0.4556064835045641
ZNF460	ZNF460	0.0609693512925819	9964.0	0.53068932917034	-0.53068932917034	0.0407171489807486	7212.0	40.61619916638504	0.24	0.6007129611581039	0.5403499094153551	25	-0.12958942116512567
WEE1	WEE1	0.0781184268588779	9963.0	0.5306309284069071	0.5306309284069071	0.00038043607990081497	3290.0	18.525402726146222	0.08	0.4481565417148039	0.4604657477963938	25	0.1791107961597422
TUFM	TUFM	6.24793841754129e-06	9962.0	0.530626476933659	0.530626476933659	0.00108833797929539	1009.0	5.677593781683001	0.12	0.354932741078894	0.5314866934185704	25	0.33057033794145835
SLC38A5	SLC38A5	0.0202750854415653	9961.0	0.530474897041057	-0.530474897041057	5.056089750738998e-09	13205.0	74.37197251323644	0.4583333333333333	1.6148018207698749	2.3715286365690367	24	-0.4572269999225254
GPAA1	GPAA1	0.00341886495051287	9960.0	0.5303996613770721	0.5303996613770721	0.006805183570980771	970.0	5.457924974653599	0.12	0.3869711661402131	0.488759958099249	25	0.29345385778868155
ABRACL	ABRACL	0.000268417615448395	9959.0	0.5303965681184349	0.5303965681184349	4.69179277836767e-12	12962.0	73.00326686943787	0.32	1.0935492002172895	1.5017530428552153	25	-0.3749968310556294
LINC00641	LINC00641	0.00039593830776561	9958.0	0.530334711568951	-0.530334711568951	0.0029617899744131897	1241.0	6.9843415568322635	0.16	0.5989226061847522	0.727889341150896	25	-0.0942284640510797
NFS1	NFS1	1.28477430681377e-05	9957.0	0.5302853067332689	0.5302853067332689	2.5151922447221797e-07	2589.0	14.576996733130562	0.08	0.4222365092699215	0.48376453121469043	25	0.22334997812271667
PXDNL	PXDNL	0.370409177537102	9956.0	0.529842069454692	0.529842069454692	1.129922558121842e-06	14899.0	83.91348428523149	0.625	1.4042281952655822	1.0777494467652258	24	-0.8113074225510266
TMEM45A	TMEM45A	0.0182490823351424	9955.0	0.529778228345018	0.529778228345018	0.0001163788248654245	6642.0	37.40565506364762	0.25	0.9703094280548618	1.343046150659348	24	-0.3280089812949255
GRPEL2	GRPEL2	0.00378490447606435	9954.0	0.529769727853454	-0.529769727853454	2.98640234802464e-05	8379.0	47.18936577672637	0.08	0.4688402095216804	0.38742382518448076	25	0.15726838250786623
SLC3A1	SLC3A1	0.0142661676872011	9953.0	0.529750293389412	0.529750293389412	5.59027608987942e-05	5891.0	33.175622394953244	0.12	0.5167913182311102	0.4940782887200579	25	0.026228586550266907
FKRP	FKRP	0.000210160275689275	9952.0	0.5297152898069071	-0.5297152898069071	2.7339038453766697e-10	7556.0	42.55379069505463	0.16	0.6446772967076985	0.6568640217783545	25	-0.1750164464626181
MSMO1	MSMO1	0.0526619702271631	9951.0	0.529362118735604	-0.529362118735604	1.54464896273256e-08	11511.0	64.83046074124141	0.2	0.8104350103290656	0.6518387527969348	25	-0.431200032810911
SLC35B1	SLC35B1	2.41405839325441e-13	9950.0	0.529300751853504	0.529300751853504	1.06455087212099e-10	9204.0	51.836205925425254	0.16	0.6371919234330581	0.6329487930297458	25	-0.17045797822460446
SOX6	SOX6	0.0987368454339781	9949.0	0.529266419831966	0.529266419831966	0.00480098455836053	4643.0	26.146220570012392	0.08	0.6866862428529015	1.309175596796919	25	-0.12024347490595233
ANKRD34A	ANKRD34A	0.188609390066912	9948.0	0.5292334901776831	0.5292334901776831	5.111976857953084e-06	12352.0	69.56742142615748	0.2916666666666667	1.2862387972290306	1.6399085803592548	24	-0.4616143339438533
CARNMT1	CARNMT1	0.00375850187976145	9947.0	0.529114779306988	0.529114779306988	9.549992869114492e-05	8559.0	48.20322180916976	0.04	0.5149058963669889	0.3753249983502806	25	0.03785754480104826
RBM45	RBM45	3.94039149780761e-13	9946.0	0.529086282702216	0.529086282702216	1.73629318985074e-05	4792.0	26.985468063534977	0.12	0.5111657505100523	0.5346276018763191	25	0.03351965392222577
TAF1A	TAF1A	0.00034094629989028503	9945.0	0.52907526335517	0.52907526335517	0.00128042038511268	5481.0	30.866283654387743	0.04	0.4303574451332706	0.34138009629708843	25	0.28917274115474345
CCDC89	CCDC89	0.0284526885121527	9944.0	0.528938332938985	-0.528938332938985	0.00370588997656245	8367.0	47.12177537456348	0.30434782608695654	0.9412387965791283	0.9030757419583306	23	-0.45655136605271324
STYX	STYX	0.00119673387865382	9943.0	0.5288882676214179	0.5288882676214179	0.00048658834072710705	7077.0	39.85580714205249	0.08	0.4886434914847	0.4508416269330788	25	0.08926588347772894
MRPL3	MRPL3	4.30295158000709e-05	9942.0	0.528774495519153	0.528774495519153	6.66382084007913e-08	7090.0	39.92903007772896	0.08	0.5221882729313684	0.4796958769650751	25	0.01372999624148145
ITM2B	ITM2B	0.00045466544637817405	9941.0	0.528750843818796	-0.528750843818796	0.00021186148935205	1119.0	6.297172468176186	0.08	0.4028809979857606	0.4252227405724165	25	0.29600920605420783
PCDHA6	PCDHA6	0.17626576190491003	9940.0	0.528731599343189	0.528731599343189	0.0198200117190423	5200.0	29.283541737073335	0.08333333333333333	0.5447533785262376	0.7532698264710739	24	-0.021269641528199244
RGN	RGN	0.0828912155030557	9939.0	0.528716748701289	-0.528716748701289	0.0014069787383774646	13842.0	77.95989636138334	0.4583333333333333	1.32267717569858	1.310668682202907	24	-0.60576745120883
UTP15	UTP15	0.000120893929117367	9938.0	0.528698390751967	0.528698390751967	1.52924052278707e-05	8484.0	47.78078179565168	0.08	0.5729411348897946	0.5580261375914793	25	-0.07928435812843032
PLEKHG1	PLEKHG1	0.00194760145978715	9937.0	0.528359959981032	-0.528359959981032	3.4447864161916495e-05	7285.0	41.02737411287597	0.08	0.5884794058249011	0.5583378020387733	25	-0.10767575762261238
UST.AS1	UST.AS1	0.7253857850746441	9936.0	0.5281589056873279	-0.5281589056873279	0.2550121831000875	10533.0	59.32184296496564	0.18181818181818182	0.8528846111093773	0.8723451636426134	22	-0.3722445185184572
GOLGA5	GOLGA5	7.9322022366913e-16	9935.0	0.5281144625006979	0.5281144625006979	7.74361091142552e-09	10053.0	56.618226878449924	0.08	0.5796319581139201	0.5354202582556515	25	-0.09621880162148007
LURAP1L.AS1	LURAP1L.AS1	0.7130477134790121	9934.0	0.5280901215844289	0.5280901215844289	0.0008785105526034126	15118.0	85.14700912470428	0.6818181818181818	1.6680462458954346	1.5293620282568163	22	-0.7453801671866669
LIMD2	LIMD2	0.0290454595542816	9933.0	0.528082566833628	-0.528082566833628	1.32179984604907e-10	14570.0	82.06038075926551	0.48	1.3776109970926556	1.2558762262873517	25	-0.6764427994392582
TREX1	TREX1	0.00033605559046973	9932.0	0.528007132693734	-0.528007132693734	0.021697986118430802	2235.0	12.583079869325221	0.125	0.45891735267184425	0.817528816251447	24	0.0845105134503783
PINLYP	PINLYP	0.165567847025826	9931.0	0.527980062051544	0.527980062051544	0.01620476776700774	3921.0	22.079531373211672	0.25	0.8818248230786883	1.41193572995672	24	-0.2506096796898756
ZDHHC16	ZDHHC16	0.00110496338121224	9930.0	0.527859617469576	0.527859617469576	0.00751618709795172	951.0	5.350906837895685	0.04	0.29436671735911973	0.3291072704174899	25	0.7094735397800791
PIF1	PIF1	0.0657132880959402	9929.0	0.527713896923899	0.527713896923899	6.39256093006811e-06	10554.0	59.4401261687507	0.16	0.8343039845745885	1.0151308237258296	25	-0.30202027215114347
ACSF2	ACSF2	0.0268231536109261	9928.0	0.5275448430976071	0.5275448430976071	0.0365484897634817	1146.0	6.449250873042694	0.08	0.5195712553717717	1.0161784901243842	25	0.00784664092315056
TLDC2	TLDC2	0.000247213742995729	9927.0	0.5274697111864011	-0.5274697111864011	0.0421558134535292	3363.0	18.936577672637153	0.04	0.4252629733701482	0.5926368093272474	25	0.17246100175970588
TTC30A	TTC30A	0.0029308391846736104	9926.0	0.5274550432521911	0.5274550432521911	3.8345286796853205e-12	13224.0	74.47899064999436	0.2	0.844888502332881	0.5749721639462214	25	-0.5520849164280244
TSPY26P	TSPY26P	0.0418520689987936	9925.0	0.5274440012911621	0.5274440012911621	1.2564219315723138e-05	8944.0	50.37174721189591	0.08333333333333333	1.000821654342775	1.849502433977668	24	-0.25594865102909553
SNORA37	SNORA37	0.6990317539021079	9924.0	0.5271327317432429	0.5271327317432429	0.0370362244692821	11676.0	65.75982877098119	0.4166666666666667	1.4405887226165672	1.4684662473174739	24	-0.622047658597522
GXYLT2	GXYLT2	0.16217968369353303	9923.0	0.527042290734655	0.527042290734655	0.0140889251487535	7549.0	42.514362960459614	0.04	0.6688765580215921	1.1670523319059092	25	-0.1215320542270011
SDR16C5	SDR16C5	0.136818347630908	9922.0	0.526870908787297	-0.526870908787297	5.0441916344056904e-08	15754.0	88.7293004393376	0.7391304347826086	1.652498522990477	1.3528510127025848	23	-0.8320410774239793
NUFIP2	NUFIP2	0.000219866566939332	9921.0	0.526812925867126	0.526812925867126	0.000800686422009704	5295.0	29.818632420862905	0.08	0.4548343862512756	0.5712331863843827	25	0.12600552862034892
ATF7IP	ATF7IP	3.87562296920685e-08	9920.0	0.526809831660887	0.526809831660887	0.0114403026606822	1427.0	8.031992790357101	0.04	0.29205271866969357	0.2776304319189036	25	0.8455741374193679
LPXN	LPXN	0.0136923155757791	9919.0	0.526809454491185	-0.526809454491185	0.08610538708640071	5323.0	29.97634335924299	0.20833333333333334	1.0331306511328504	1.7192565282601393	24	-0.29450008670553346
TRIM59	TRIM59	0.0107901401308567	9918.0	0.526605649487098	0.526605649487098	3.84739007844439e-05	7502.0	42.249633885321614	0.16	0.6130386412693578	0.6410136170580997	25	-0.13483799638912472
EZH1	EZH1	1.6203525801842198e-06	9917.0	0.526562463517653	-0.526562463517653	0.0011728744983254698	1459.0	8.212233862791482	0.12	0.5844338017514683	1.051654318560449	25	-0.05502885997086205
GVINP1	GVINP1	0.137270779791173	9916.0	0.5265438404528661	-0.5265438404528661	2.333082429499775e-06	15153.0	85.3441477976794	0.5833333333333334	1.838869498948364	2.209626944594263	24	-0.5939127696220552
MLLT6	MLLT6	1.54483853031666e-05	9915.0	0.5265142337291591	-0.5265142337291591	0.00011969411567908999	7706.0	43.39867072209079	0.16	0.6322920029794219	0.7615184183711434	25	-0.1389037568868224
XAB2	XAB2	5.8511395377583e-05	9914.0	0.526495648918451	-0.526495648918451	3.42913123080506e-09	11032.0	62.132477188239264	0.36	0.882292395034997	0.7239642748836626	25	-0.49145622023092334
PSMC6	PSMC6	4.46356559574371e-06	9913.0	0.52640092743015	0.52640092743015	3.5032141135312005e-08	10229.0	57.60955277683902	0.08	0.5965816365099307	0.26086816943284924	25	-0.2690274909060766
GPX7	GPX7	0.008028796581518291	9912.0	0.5261748644822299	0.5261748644822299	0.003428362712940855	4085.0	23.003266869437873	0.25	0.957683383906813	1.6707527596645246	24	-0.2582719178098062
HIF1A	HIF1A	0.0264340923671888	9911.0	0.526139248263782	0.526139248263782	3.0012119341229697e-06	10031.0	56.494311141151286	0.04	0.5885912693682931	0.39771882934265623	25	-0.15702555799968249
TNNT3	TNNT3	0.190710902829661	9910.0	0.52594262710277	-0.52594262710277	1.35592417410353e-08	16962.0	95.53340092373548	0.6521739130434783	3.375681712222627	2.9309499670956494	23	-0.9722919589595498
NUP43	NUP43	5.65741323515541e-09	9909.0	0.525906811340609	0.525906811340609	0.000179473422782514	7201.0	40.554241297735715	0.12	0.6342687643509476	0.9951766074473076	25	-0.10888715851982694
PNPLA4	PNPLA4	0.00468889269474898	9908.0	0.525833329846466	0.525833329846466	0.00048813008372587	4375.0	24.63670158837445	0.04	0.49635743598012566	0.5993844027455093	25	0.049176945097878094
MRPS15	MRPS15	0.00641380890853398	9907.0	0.525816871732484	0.525816871732484	1.47395845973651e-05	5656.0	31.851977019263266	0.12	0.5593722730441694	0.7187569732606	25	-0.04668532280036626
TSNAXIP1	TSNAXIP1	0.0022862937354470396	9906.0	0.52575662696085	-0.52575662696085	2.6703314481885e-08	12824.0	72.2259772445646	0.36	1.0156404265486523	0.8685445187630829	25	-0.5640284280251502
LDAH	LDAH	0.00178872126445205	9905.0	0.525705939105821	0.525705939105821	0.00038653930604029703	5690.0	32.04348315872479	0.0	0.3425287063407331	0.21155582083648578	25	0.8658576825766846
DHX38	DHX38	6.5031572217601e-06	9904.0	0.525690832322669	-0.525690832322669	4.80504591317203e-07	6546.0	36.86493184634448	0.08	0.5087643873066523	0.5205964072167945	25	0.03251356479102235
HSP90AA1	HSP90AA1	0.0026532435956618	9903.0	0.525677068607956	0.525677068607956	0.000203112809464375	7759.0	43.69719499831024	0.08	0.5468341234246965	0.6216284844247404	25	-0.03403488634585231
C5orf15	C5orf15	0.00313071979027434	9902.0	0.525668025248075	0.525668025248075	1.6423550645261498e-08	9331.0	52.5515376816492	0.08	0.554080900560134	0.3602172909902867	25	-0.07887704455815589
MOB3B	MOB3B	0.0011199434685349198	9901.0	0.525492201774508	-0.525492201774508	0.00020812836798618	6481.0	36.498817167962144	0.08333333333333333	0.4767395546960937	0.37776787510737186	24	0.12905450751882339
ABL1	ABL1	2.3842516154892803e-07	9900.0	0.525473798777354	-0.525473798777354	2.40729506617117e-12	11797.0	66.44136532612369	0.16	0.7043011648760873	0.39236385098221693	25	-0.4557692194402442
HLA.F	HLA.F	0.019156036735739	9899.0	0.5253264949505779	-0.5253264949505779	0.0369830112753395	3887.0	21.88802523375014	0.08	0.5490059277369137	0.8227507187231846	25	-0.028780810818474344
S100PBP	S100PBP	1.49665570824928e-05	9898.0	0.52526035351405	0.52526035351405	0.000160184142572012	3594.0	20.23769291427284	0.04	0.41000852825529044	0.6221866361126398	25	0.1852367417899579
TRIM5	TRIM5	0.00141170129590757	9897.0	0.525070654584329	0.525070654584329	5.6482829759315994e-08	9614.0	54.145544665990755	0.12	0.5782837032494836	0.4747893005652386	25	-0.11207718582075099
TCL1B	TCL1B	0.745768773239937	9896.0	0.5249429591341179	-0.5249429591341179	0.0009160156195627305	17168.0	96.69370282753182	0.6666666666666666	2.4487708240687964	1.7716827503628025	24	-1.0858760489374975
KRT74	KRT74	0.781019789210445	9895.0	0.524853258361402	0.524853258361402	9.831186198841e-06	16656.0	93.80984566858172	0.6956521739130435	2.3617328138271687	1.9185544100530818	23	-0.9574289610139046
SCUBE2	SCUBE2	0.005406550041480079	9894.0	0.52482993650717	0.52482993650717	8.763812540818934e-05	13658.0	76.92351019488565	0.4583333333333333	1.2256062479116798	1.157387679983276	24	-0.6054810531719466
FLNA	FLNA	0.00581578105924391	9893.0	0.5247625088911071	-0.5247625088911071	9.69346138903602e-13	12399.0	69.83215050129547	0.48	1.3503144764128632	1.4936377806464904	25	-0.5527122962599627
PPP1R26	PPP1R26	9.22652505165604e-05	9892.0	0.5245705682923291	-0.5245705682923291	8.136068295820391e-06	10724.0	60.39765686605835	0.28	0.837076245123874	1.0723893188556015	25	-0.29141065780572567
NNT	NNT	1.63342936912699e-06	9891.0	0.524446880936881	0.524446880936881	0.0604512027445723	1100.0	6.190154331418272	0.12	0.5503792547970496	0.9871231218789247	25	-0.02627065792036973
SSR1	SSR1	2.37512102613238e-06	9890.0	0.524426855659906	0.524426855659906	4.01925138494789e-07	11309.0	63.69268897149938	0.16	0.6739563627184476	0.48085020394500233	25	-0.31096899997497807
ARMC9	ARMC9	0.0058828463512102	9889.0	0.524048009611066	0.524048009611066	0.00345680017339044	2999.0	16.886335473696068	0.04	0.3660911370081974	0.3488507098426699	25	0.45279217770291036
COLEC11	COLEC11	0.08833808660759698	9888.0	0.524047836936514	-0.524047836936514	6.568872782342955e-05	15847.0	89.25312605610003	0.5	1.278209500223365	0.8351045295158674	24	-0.9030745692686626
IL10RA	IL10RA	0.061059291991844	9887.0	0.523806649216128	-0.523806649216128	0.0016279762756810751	14558.0	81.99279035710262	0.5416666666666666	1.4710603854078326	1.9095981551562191	24	-0.4960487281755948
UST	UST	0.0021948675474219802	9886.0	0.523750795169169	-0.523750795169169	0.09728665304695376	45.0	0.24783147459727384	0.08333333333333333	0.42687077638990956	0.8263775258703403	24	0.11723457590067624
FFAR1	FFAR1	0.547396357295788	9885.0	0.523561355646767	-0.523561355646767	0.000857999407744979	16318.0	91.90604934099358	0.7083333333333334	2.0550774590080136	1.7104003706326925	24	-0.8954138046606742
LRP2	LRP2	0.19580426661877598	9884.0	0.52339038553461	-0.52339038553461	0.0018692657012894071	13927.0	78.43866171003717	0.5	1.1370282107592646	0.8998022847069229	24	-0.681969623387347
CD1C	CD1C	0.0396402010339958	9883.0	0.5233453053109529	0.5233453053109529	0.0013311895325877879	13848.0	77.99369156246479	0.5	1.6500723191575493	2.007758145074429	24	-0.5611866233045852
SH3PXD2A	SH3PXD2A	0.0162616375856686	9882.0	0.523136235393565	0.523136235393565	0.000304962925226521	8905.0	50.15207840486651	0.16	0.5670629974772765	0.43592625624936343	25	-0.10076649766786246
EFCAB11	EFCAB11	0.000537638152766447	9881.0	0.52297365221989	0.52297365221989	1.5210105085932901e-05	8645.0	48.68761969133716	0.12	0.5722877205809764	0.40431355868898805	25	-0.12196986052357574
MAPK3	MAPK3	6.468801065208249e-05	9880.0	0.522967387755697	-0.522967387755697	0.0008498684014268441	4033.0	22.710375126732004	0.12	0.4891261707668242	0.4823034693025636	25	0.07016581704835953
VENTX	VENTX	0.156280309154595	9879.0	0.522939815864475	-0.522939815864475	4.09860850425321e-06	14651.0	82.51661597386504	0.5833333333333334	1.8403803449073595	2.056141750641958	24	-0.6407342920941904
SEC23IP	SEC23IP	8.47643201546072e-09	9878.0	0.522850364672935	0.522850364672935	0.000776721512502022	3223.0	18.148022980736737	0.04	0.3938592677380497	0.5749760120486251	25	0.22434170162211334
ATP1A4	ATP1A4	0.28118164640756105	9877.0	0.522661552194515	0.522661552194515	0.0067585290747821545	10928.0	61.546693702827525	0.3333333333333333	0.9270315158701595	0.8523970770761917	24	-0.47439154186529403
PRSS12	PRSS12	0.228978563569435	9876.0	0.5226185571981479	-0.5226185571981479	0.02988213033117607	2624.0	14.774135406105666	0.16666666666666666	0.9637135494416674	1.9593582478615137	24	-0.22512217595987882
CFAP58	CFAP58	0.136685030480915	9875.0	0.522435865661819	-0.522435865661819	0.00645717640922828	13081.0	73.67353835755323	0.4583333333333333	1.1138782629093578	1.1826080852944973	24	-0.5001169910826846
RPN2	RPN2	1.1850291693887998e-07	9874.0	0.5223165452737729	0.5223165452737729	2.27090412104642e-08	9150.0	51.53204911569223	0.08	0.5016184271086092	0.35431422050901695	25	0.058417407394567196
PLXND1	PLXND1	0.0630733977431604	9873.0	0.5221901422388909	-0.5221901422388909	3.3724931309136003e-12	12936.0	72.85682099808493	0.36	1.0436226175107612	0.7404361125906156	25	-0.7042234521051358
DPH6	DPH6	0.0029689462104016	9872.0	0.522121412337822	0.522121412337822	2.97989251962748e-08	9898.0	55.745184183845886	0.12	0.6859910314402236	0.7514488781475055	25	-0.21807154667178139
IGFBP5	IGFBP5	0.0495214170592975	9871.0	0.522070520184715	0.522070520184715	1.9772352921924917e-07	13971.0	78.68649318463444	0.5	1.701690624781798	2.768848479745478	24	-0.42603274004560826
ZNF3	ZNF3	0.00012056118701186799	9870.0	0.522026287935306	0.522026287935306	0.000571447725691325	9056.0	51.00259096541624	0.36	1.3389327796002295	1.835074995924349	25	-0.4451624557466317
ANKRD36B	ANKRD36B	0.046565862099407995	9869.0	0.5219350022535879	0.5219350022535879	3.94286531116906e-09	11199.0	63.073110285006194	0.28	0.7473767700298943	0.4497494518438743	25	-0.5012607949871746
AP1G2	AP1G2	0.00026765421645449304	9868.0	0.521839604805697	0.521839604805697	0.00219587312231041	1990.0	11.203109158499492	0.08	0.4589091719351333	0.7118462599666501	25	0.08840452835070314
TSPYL6	TSPYL6	0.34444624542754904	9867.0	0.521764740976252	0.521764740976252	2.329086413280925e-05	16491.0	92.88047763884194	0.5833333333333334	2.084400452069364	1.8577835109113197	24	-0.8411290669312566
HIRA	HIRA	0.000407724918808255	9866.0	0.521705352125281	-0.521705352125281	6.46834979629957e-08	7465.0	42.04123014531936	0.08	0.6047476265149282	0.5711458446795464	25	-0.14539591798350526
PUS10	PUS10	0.0138430452371314	9865.0	0.52167979178366	0.52167979178366	3.7070524639903197e-06	7540.0	42.46367015883744	0.08	0.6424852774904175	0.7154795585457083	25	-0.16884547470833142
ART5	ART5	0.43907869387963205	9864.0	0.521494894612678	0.521494894612678	0.007813030956033041	13309.0	74.95775599864818	0.4782608695652174	1.3025388693839595	1.0595598252898517	23	-0.7371400426187547
DDX52	DDX52	0.0028612102565140005	9863.0	0.5212506137073301	0.5212506137073301	1.32653508534835e-06	7544.0	42.48620029289174	0.08	0.4982444672267862	0.447627248815407	25	0.05139576855838625
ARL4D	ARL4D	0.135743428013715	9862.0	0.521248202523217	-0.521248202523217	0.00846292976675508	6462.0	36.39179903120423	0.2	0.7746249419747135	1.2953670164710465	25	-0.19560227814181025
UCHL3	UCHL3	0.000159260338042794	9861.0	0.521002230305209	0.521002230305209	9.74322967628357e-11	11320.0	63.754646840148695	0.16	0.622644537462543	0.35034016481357555	25	-0.29012461991453464
PTPRN2	PTPRN2	0.0857351372488429	9860.0	0.520690301978614	-0.520690301978614	2.1072859075072277e-05	10484.0	59.045848822800494	0.25	1.2819952338975515	2.1027951169863814	24	-0.36204427419919105
MIOS	MIOS	3.6448503459456706e-09	9859.0	0.520676500354342	0.520676500354342	3.3384025627688402e-06	7217.0	40.64436183395291	0.04	0.43280829027430445	0.3286923354033058	25	0.267326617069495
SHC2	SHC2	0.0433567927023153	9858.0	0.5205943695951339	-0.5205943695951339	2.068512016758715e-06	13481.0	75.92655176298298	0.4583333333333333	1.1468692506963925	1.1087310054321733	24	-0.5648573712044268
PLEKHM2	PLEKHM2	0.0038510318608003104	9857.0	0.520496188115775	-0.520496188115775	8.0250154295192e-08	11510.0	64.82482820772783	0.12	0.6545403933767111	0.392351314182003	25	-0.34164331917786306
PRRG1	PRRG1	0.0046509196200074	9856.0	0.520437960939841	-0.520437960939841	0.00631654272290076	5758.0	32.42649543764785	0.08	0.6641418088091956	1.2055368206688828	25	-0.11920320093551491
TACC2	TACC2	0.0341747496179499	9855.0	0.520397517911914	-0.520397517911914	0.0778807085812959	2639.0	14.858623408809281	0.16	0.5940707825381764	0.9074266216765072	25	-0.0811892255157205
OR2C1	OR2C1	0.3679316346926729	9854.0	0.5201821158407429	-0.5201821158407429	0.00121306516396945	13485.0	75.94908189703729	0.4782608695652174	1.3867340218501705	1.3192871391128271	23	-0.656833437027327
IL1R1	IL1R1	0.0029689462104016	9853.0	0.520168917050299	-0.520168917050299	0.0010347702926664915	2672.0	15.044497014757237	0.20833333333333334	0.8312906035351947	1.3548052011131326	24	-0.22964311491369566
CD37	CD37	0.0520170684113879	9852.0	0.5201374426584471	-0.5201374426584471	2.863691012928559e-07	13382.0	75.36893094513911	0.375	1.0481724129418641	0.857814251984418	24	-0.6155586352895064
TXNDC12	TXNDC12	2.75046170347886e-12	9851.0	0.519994149016343	0.519994149016343	6.56644347322952e-05	5264.0	29.644023881942097	0.04	0.432517361960863	0.3200775654160458	25	0.2732987141469138
REL	REL	0.0818211069042668	9850.0	0.51940721737618	-0.51940721737618	0.00411830473875059	5622.0	31.660470879801736	0.04	0.4270197670268912	0.5233710785474764	25	0.17652379761926046
UROS	UROS	2.2401021017790098e-13	9849.0	0.519296083908858	0.519296083908858	0.000170960849573964	2590.0	14.582629266644135	0.12	0.4148320606942203	0.634314659976301	25	0.16468801654141274
NFIX	NFIX	0.14064178487276002	9848.0	0.519252701312676	-0.519252701312676	1.85937380489818e-07	12287.0	69.20130674777515	0.36	1.4350421765240342	2.228123023802366	25	-0.4110138737530449
KLC1	KLC1	2.7795909992028e-11	9847.0	0.5192381924521839	-0.5192381924521839	1.99504002426851e-06	4238.0	23.865044497014757	0.04	0.473580763597739	0.483168877044516	25	0.09449579851609188
MAP3K1	MAP3K1	0.00010196453424742801	9846.0	0.51922546628136	0.51922546628136	0.0032498862324599103	4658.0	26.230708572716008	0.04	0.40286345344068375	0.4539067821581383	25	0.2563566296309194
ZSCAN2	ZSCAN2	9.67475607024656e-06	9845.0	0.518965654850565	0.518965654850565	0.00102106212174526	1461.0	8.223498929818632	0.12	0.36748912609004203	0.4387584704777698	25	0.34523898443619383
CUL7	CUL7	0.0007533541676352791	9844.0	0.518686011840853	0.518686011840853	0.0142103762248785	1517.0	8.538920806578798	0.08	0.4315577817690104	0.527699061356984	25	0.16510969310385232
TMEM170B	TMEM170B	0.0044811079733786206	9843.0	0.518668178513296	-0.518668178513296	0.0281860160499187	5729.0	32.26315196575419	0.08	0.548639757040373	0.8427903242466129	25	-0.03556231919708996
ADGRV1	ADGRV1	0.145668625822067	9842.0	0.518640717224625	0.518640717224625	0.0034438462595154655	6429.0	36.205925425256275	0.2916666666666667	0.8165985814619231	1.0011207776585647	24	-0.2976242935784093
SSH3	SSH3	1.0290846577568401e-05	9841.0	0.518552594752955	0.518552594752955	0.00256814228226169	9162.0	51.599639517855124	0.16	0.7666604453946567	0.9260985057433093	25	-0.26790654460948976
ZNF280C	ZNF280C	0.0103142637676276	9840.0	0.518498397786659	0.518498397786659	0.000334115835458188	6806.0	38.32939055987383	0.08	0.6289814573166719	0.875515909606391	25	-0.12619194958968044
MPG	MPG	4.75016576021373e-05	9839.0	0.518448622841371	0.518448622841371	0.0468236235209532	1836.0	10.335698997409034	0.08	0.48487073188162766	0.7436517584951556	25	0.045152708342532794
CYP2R1	CYP2R1	4.73907878741815e-06	9838.0	0.5183746151442371	0.5183746151442371	2.93735184239315e-06	4769.0	26.855919792722766	0.12	0.6621317052901753	0.909685480045167	25	-0.15802944347182551
SH3TC1	SH3TC1	0.0133257504665979	9837.0	0.518332938229952	-0.518332938229952	4.3778970844726604e-08	13554.0	76.33772670947391	0.4583333333333333	1.1826573790110364	1.4739380955011423	24	-0.4507139362289246
TCTEX1D1	TCTEX1D1	0.0825082605751477	9836.0	0.5183320362487991	-0.5183320362487991	0.0264532606401411	10914.0	61.46783823363749	0.3333333333333333	1.3813349530495709	2.028460495983865	24	-0.42544723868639556
ST8SIA3	ST8SIA3	0.629213402920729	9835.0	0.518192832422369	-0.518192832422369	4.6055236305578294e-05	16251.0	91.52866959558409	0.6086956521739131	2.3431403304811997	2.622555070788055	23	-0.6958662254175085
SIPA1L3	SIPA1L3	0.000469950319340912	9834.0	0.518163256458298	0.518163256458298	0.00278378529916047	5417.0	30.50580150951898	0.12	0.5727043247055141	0.71966923774543	25	-0.07578629929782976
PPP1R26.AS1	PPP1R26.AS1	0.0302186882047389	9833.0	0.518141866777766	0.518141866777766	0.00997739330291348	5607.0	31.57598287709812	0.12	0.5507155760638923	0.8180789147196047	25	-0.039817319209713334
LOX	LOX	0.191052496992052	9832.0	0.5181380734197379	0.5181380734197379	0.004272674006784917	10489.0	59.07401149036836	0.2916666666666667	1.149250909382429	1.5632856358105773	24	-0.4037092272235032
LCOR	LCOR	9.97925260752138e-05	9831.0	0.51788111652912	0.51788111652912	0.0014759128109362901	4183.0	23.555255153768165	0.16	0.4885301698767517	0.5797265893551778	25	0.050628946802345094
NOL11	NOL11	1.9204995079675101e-07	9830.0	0.517803273592808	0.517803273592808	1.18723653471835e-06	9069.0	51.07581390109271	0.12	0.5160203817731254	0.44714383106212796	25	0.003987289314598385
LMF2	LMF2	0.00218721842924556	9829.0	0.517801707194442	-0.517801707194442	4.65574894465982e-09	10406.0	58.606511208741686	0.32	0.9601247972659767	0.9623827029979736	25	-0.45961246881685286
CRTC3	CRTC3	4.90608919758922e-07	9828.0	0.517793619273166	-0.517793619273166	8.45487893304797e-08	11002.0	61.96350118283203	0.2	0.6487134895926109	0.4830734304849502	25	-0.2710144298104252
DHX30	DHX30	1.64561478266399e-08	9827.0	0.517679545725255	-0.517679545725255	1.2109780353648701e-08	7742.0	43.60144192857947	0.04	0.4403561468648446	0.22331356666253455	25	0.3462548201438179
JOSD1	JOSD1	1.26691625867659e-05	9826.0	0.517635553491053	-0.517635553491053	0.00566016875620227	581.0	3.2668694378731553	0.04	0.2868363704579521	0.2795310495907636	25	0.8256656402606913
CD276	CD276	0.00204132933433899	9825.0	0.5176101246784389	0.5176101246784389	0.0199705608600128	4599.0	25.89838909541512	0.12	0.644863476140074	1.0010282617344617	25	-0.12712263611932967
NR2F2	NR2F2	0.0422686502495013	9824.0	0.517558425286794	-0.517558425286794	0.00149743775425441	6221.0	35.0343584544328	0.2	0.7757100334662407	1.2469682520231802	25	-0.20702340076469555
CD72	CD72	0.0658644964463534	9823.0	0.517386621266979	-0.517386621266979	0.00011615326964648899	7317.0	41.207615185310345	0.08	0.4979877284550382	0.3571881731175689	25	0.054310008762679905
SLBP	SLBP	0.0005360632341047599	9822.0	0.51735680921308	0.51735680921308	0.0101278661397186	989.0	5.564943111411513	0.08	0.38595084800732027	0.5907349330598373	25	0.2224448798467269
RSU1	RSU1	0.000181206985613828	9821.0	0.51735306377979	-0.51735306377979	7.10262019354638e-05	4391.0	24.726822124591642	0.08	0.39850275137571795	0.34118145439168585	25	0.3483492753613405
LIX1L	LIX1L	0.00071017037772069	9820.0	0.5173048798548401	-0.5173048798548401	0.000616690747773121	8249.0	46.45713641996169	0.2	0.664597576465817	0.6742469856286235	25	-0.21845510584470892
FAM218A	FAM218A	0.0979421388785786	9819.0	0.51725864089751	0.51725864089751	0.030609999994171702	6861.0	38.63917990312042	0.25	0.8584408172161998	1.0927224227823522	24	-0.31223133085340404
KCNC1	KCNC1	0.43374091461319103	9818.0	0.517185613337435	-0.517185613337435	1.1288325620140625e-06	15694.0	88.39134842852314	0.625	1.7929539660288019	1.450723569154131	24	-0.8794014103150095
CCT6A	CCT6A	1.94717345744566e-05	9817.0	0.516973310977015	0.516973310977015	5.71729869316007e-09	7719.0	43.47189365776726	0.08	0.5079787800271055	0.5116713243022731	25	0.01757872783309616
KCTD5	KCTD5	3.4890534981826496e-08	9816.0	0.516861566110424	0.516861566110424	0.000823715677278363	245.0	1.3743381773121548	0.08	0.36967158328086586	0.5250303692682956	25	0.28034565511836634
NPAT	NPAT	7.06530370892746e-10	9815.0	0.51685551192078	0.51685551192078	1.7511735957687803e-05	7330.0	41.280838120986814	0.08	0.5297830951121487	0.47527970712680184	25	-0.027199947730820455
FBXL13	FBXL13	0.020172927558964	9814.0	0.5168019075510151	0.5168019075510151	2.68587485566358e-09	13987.0	78.77661372085163	0.48	1.4028526041813225	1.2416095969704457	25	-0.7136306764962919
ABHD8	ABHD8	0.00484029864042957	9813.0	0.516750612529766	-0.516750612529766	5.81846855214022e-10	13561.0	76.37715444406894	0.44	1.2401386010449624	1.1638504865339754	25	-0.62154718057428
SAG	SAG	0.39797875766908397	9812.0	0.5167388400455171	0.5167388400455171	3.205686390325e-05	17408.0	98.04551087078967	0.6956521739130435	2.969865015423928	2.0888849890375853	23	-1.1743711062372288
DMRTA1	DMRTA1	0.155972653545952	9811.0	0.516490666210987	0.516490666210987	0.0309874944875376	5105.0	28.748451053283766	0.125	0.639084506868842	1.1024103927830613	24	-0.1112052657163036
ARL5C	ARL5C	0.33073765552456896	9810.0	0.5164000732046821	0.5164000732046821	2.219313354871575e-05	15443.0	86.97758251661597	0.625	1.3246661848012544	1.0468241917108396	24	-0.7721125648382385
GABRB2	GABRB2	0.31493005691955395	9809.0	0.5163701861073909	-0.5163701861073909	0.01300825709986975	12679.0	71.4092598850963	0.4166666666666667	1.3790619121607153	1.477859819108429	24	-0.5837439484441587
SNHG12	SNHG12	0.0265040793920702	9808.0	0.516342124910534	0.516342124910534	0.02369369229996285	8150.0	45.89951560211783	0.25	0.6350806805199206	0.5066446445011326	24	-0.23436259891052927
ZSCAN9	ZSCAN9	1.2494703285896799e-10	9807.0	0.5162504149309389	0.5162504149309389	0.00200708340246972	2758.0	15.528894896924635	0.12	0.4778886585521731	0.6441900350636764	25	0.059550372236003096
CFTR	CFTR	0.37022355263799295	9806.0	0.516093581460445	0.516093581460445	0.00431770417219055	12993.0	73.17787540835867	0.4166666666666667	1.2596347058741146	1.1763686272423448	24	-0.632064734807393
IFNGR2	IFNGR2	6.3191944323293e-06	9805.0	0.516074416029292	0.516074416029292	2.40864670538314e-05	8476.0	47.735721527543085	0.12	0.5324150967150574	0.5267635483207622	25	-0.031020902524209963
POLH	POLH	1.16604649658558e-06	9804.0	0.516042817811328	0.516042817811328	0.0050406496442440005	1395.0	7.851751717922721	0.12	0.5092210769508051	0.9064790194281508	25	0.007525536404390658
ARHGAP4	ARHGAP4	0.0143692527954327	9803.0	0.515988199308473	-0.515988199308473	0.00010981650476622801	7057.0	39.743156471781006	0.08	0.5866734972187042	0.8245528212516868	25	-0.08572561525279804
APH1B	APH1B	1.3341315554474801e-05	9802.0	0.515882329330847	-0.515882329330847	0.00041805009503614	2883.0	16.232961586121437	0.24	0.6362259524538895	0.7313745171275599	25	-0.16454445746303356
GNPDA1	GNPDA1	8.36485251933838e-05	9801.0	0.515610889576442	0.515610889576442	0.0013007570123678	2103.0	11.8395854455334	0.08	0.40663942182001767	0.4788420989153696	25	0.22757286379634695
MYOZ1	MYOZ1	0.371079233859034	9800.0	0.515476087242081	0.515476087242081	1.0620572428354122e-07	17481.0	98.4566858172806	0.75	3.101410142979105	2.247378719946928	24	-1.1506445410313801
LRRC59	LRRC59	8.4113367695784e-05	9799.0	0.515329505941022	0.515329505941022	0.004607862978833171	1906.0	10.729976343359242	0.08	0.34741744727303137	0.3612774122465395	25	0.4647731991431717
SMCR5	SMCR5	0.13725590517541802	9798.0	0.515130566388984	0.515130566388984	0.00038659967559880753	12456.0	70.15320491156922	0.2916666666666667	1.0365355003589487	1.2520714545022837	24	-0.4164338481602319
GNE	GNE	0.0954296067660345	9797.0	0.515104845123609	0.515104845123609	0.000292155158162007	8089.0	45.55593105778979	0.12	0.5648129538965972	0.6083424868704903	25	-0.0817107301327954
PIK3C2G	PIK3C2G	0.6712403220558391	9796.0	0.515069780521739	0.515069780521739	9.49671515186629e-09	15364.0	86.53261236904359	0.6521739130434783	1.9196954402928532	1.5013708712995155	23	-0.935562083041705
SSBP4	SSBP4	6.5360349706582905e-06	9795.0	0.515019031945215	-0.515019031945215	2.6785404682287603e-11	12596.0	70.94175960346963	0.36	1.2087431072325943	1.078788899359213	25	-0.6430582254780732
MEN1	MEN1	2.7010830017821605e-08	9794.0	0.514966558753647	0.514966558753647	2.6261332052646802e-06	6423.0	36.17213022417483	0.2	0.5809383444764478	0.5327487264245723	25	-0.12383283610184499
ZNF814	ZNF814	2.5889891145472897e-05	9793.0	0.514945518503158	0.514945518503158	2.52587447286831e-07	8478.0	47.74698659457023	0.16	0.5827020785804744	0.41545037574643945	25	-0.16309182524044727
GORASP1	GORASP1	6.784399332843481e-07	9792.0	0.51491344149624	-0.51491344149624	0.0016917085521558	734.0	4.12864706545004	0.08	0.36128005064888347	0.5440798687651887	25	0.28237286410914947
TSGA10	TSGA10	0.057896425312795	9791.0	0.514638665550569	0.514638665550569	3.3049036013173505e-08	9401.0	52.94581502759941	0.28	0.8426753273901164	0.9326458614705638	25	-0.3517269259333982
NSMCE3	NSMCE3	8.20667900732873e-18	9790.0	0.514593352188188	-0.514593352188188	2.1746429785600397e-06	6368.0	35.86234088092824	0.12	0.6093793573226279	0.8213080349805629	25	-0.11540859348427428
YIPF5	YIPF5	0.000304215013908806	9789.0	0.5144972265323989	0.5144972265323989	5.30617733624315e-07	8205.0	46.20930494536442	0.16	0.6414923396744194	0.5432594943033013	25	-0.23376510576199747
RINT1	RINT1	2.1548567524751102e-05	9788.0	0.514461977330472	0.514461977330472	0.000287173588031352	7667.0	43.17900191506139	0.08	0.5258622089912715	0.47905016520960375	25	-0.023797573800671455
LEO1	LEO1	5.5343215963297106e-05	9787.0	0.5144356080297721	0.5144356080297721	1.8459419510604102e-07	8301.0	46.75002816266756	0.08	0.6037188348068214	0.6238928336806824	25	-0.14310667146201883
SIGLEC17P	SIGLEC17P	0.14761837995281699	9786.0	0.514413894326482	-0.514413894326482	3.521581150035857e-06	15249.0	85.88487101498254	0.6666666666666666	1.839180245026492	2.1868563207175895	24	-0.6057857291078477
TAF4	TAF4	0.00662457917897398	9785.0	0.5143957324658971	0.5143957324658971	6.90310960921968e-05	7135.0	40.18249408583981	0.08	0.4738046063701444	0.44911094631382287	25	0.09038106603482578
RHCG	RHCG	0.37597457659197797	9784.0	0.514303656282498	-0.514303656282498	0.0020596626209388397	16417.0	92.46367015883745	0.6956521739130435	2.905504415819833	3.0508164442294885	23	-0.7837904388053915
ARL14EP	ARL14EP	6.90686968452837e-05	9783.0	0.514228202943212	0.514228202943212	4.0076915697627296e-05	8459.0	47.63996845781232	0.04	0.49909681671402617	0.4277118310061842	25	0.03537752554936242
DNPH1	DNPH1	8.8390716012628e-05	9782.0	0.514196158941966	0.514196158941966	0.00542026789925595	3355.0	18.891517404528557	0.12	0.5408554549857678	0.8131681977361953	25	-0.03278447942014881
TRIM66	TRIM66	0.0049975463891985894	9781.0	0.514154603226127	0.514154603226127	0.00122756895809733	1004.0	5.649431114115129	0.12	0.6088740941866134	0.9540821372371426	25	-0.09927813053368517
UNG	UNG	0.000875342428732734	9780.0	0.514100501588445	0.514100501588445	0.0389011549983514	240.0	1.346175509744283	0.08	0.5048372349973878	0.9645835910033171	25	0.009603383965325401
LRRC43	LRRC43	0.165390687216665	9779.0	0.513998594548129	0.513998594548129	0.02132572341701365	7789.0	43.86617100371747	0.20833333333333334	0.7750787290756476	0.9763464884620457	24	-0.26740520666876727
ZNF573	ZNF573	0.00063526362018876	9778.0	0.513844293342437	0.513844293342437	0.00109931994844669	9341.0	52.60786301678495	0.04	0.4991907296649407	0.5996959028449775	25	0.024434990480974212
MSLN	MSLN	0.306781482419609	9777.0	0.513801666358334	-0.513801666358334	0.001432803649342424	13741.0	77.39101047651234	0.5	1.4383472669223154	1.51968389943592	24	-0.6083802038747377
MRS2	MRS2	9.82642156009635e-06	9776.0	0.513786676576351	0.513786676576351	4.29424921058319e-07	6738.0	37.94637828095077	0.08	0.47115551872247047	0.4401036720484607	25	0.0968661716805361
GTF2E2	GTF2E2	7.13586684177981e-06	9775.0	0.513749781385244	0.513749781385244	2.14496403128784e-07	7167.0	40.36273515827419	0.12	0.5748059074111138	0.7508445897697867	25	-0.08131659581457464
PABPC5	PABPC5	0.20535366344685999	9774.0	0.513667686467827	-0.513667686467827	0.0101174645194775	10696.0	60.239945927678264	0.2916666666666667	1.0396405553302561	1.496939615144586	24	-0.3513654549195871
SAYSD1	SAYSD1	9.97448889209577e-05	9773.0	0.513096037342681	0.513096037342681	5.84879079200977e-06	6356.0	35.794750478765344	0.0	0.4169058211222213	0.25488040970229864	25	0.37739352480173083
UCP2	UCP2	0.0928881841610059	9772.0	0.5130221184447461	0.5130221184447461	0.000190582702310997	8850.0	49.842289061619915	0.16	0.8366717974782095	1.1503925741993317	25	-0.28133846331433615
EFHB	EFHB	0.22011616416330698	9771.0	0.5128324418863379	-0.5128324418863379	0.007316836208382785	13130.0	73.94953249971837	0.5	1.014072180097301	0.8577092407078504	24	-0.584393538534457
NLRC3	NLRC3	0.125614817012877	9770.0	0.512577225860574	-0.512577225860574	1.1009668132193017e-05	13155.0	74.09034583755773	0.4583333333333333	1.4030194802886493	2.0488137793717183	24	-0.4346135619515089
OTUD6B	OTUD6B	0.0109738452702904	9769.0	0.512573281772509	0.512573281772509	0.000105928800369158	9299.0	52.37129660921482	0.08	0.5848540767549175	0.4772409087969033	25	-0.15145557233269077
ATR	ATR	5.0223294626715e-05	9768.0	0.512504646671788	0.512504646671788	6.66049800679917e-05	11280.0	63.52934549960572	0.08	0.6621613233211202	0.470938170381595	25	-0.31778412976817616
FANCC	FANCC	3.66390496664834e-06	9767.0	0.512405633160085	-0.512405633160085	0.000624847568179455	9348.0	52.64729075137997	0.12	0.6020061837429238	0.5082658154132262	25	-0.17628679298447889
PFDN6	PFDN6	9.00694155352591e-05	9766.0	0.512240477086557	0.512240477086557	0.000124208949757191	8068.0	45.43764785400473	0.2	0.5626623735203046	0.46377431109800943	25	-0.10872076186016252
PHF19	PHF19	0.00056180303844698	9765.0	0.512113739601374	-0.512113739601374	9.48736950288295e-05	5197.0	29.266644136532612	0.12	0.6617318515498323	1.0455758154205939	25	-0.1430963778444635
CPSF2	CPSF2	3.30639765865754e-05	9764.0	0.5121032100747429	0.5121032100747429	0.00162647568418901	6263.0	35.27092486200293	0.04	0.43965254428258965	0.4177097518563381	25	0.17344738893496325
DLK2	DLK2	0.0837967827940468	9763.0	0.5120835566280171	0.5120835566280171	0.0001203588922446573	7866.0	44.2998760842627	0.125	0.6347821797942584	0.8155200176353673	24	-0.15045445913395344
ZZEF1	ZZEF1	1.43060985442929e-06	9762.0	0.511951119494679	-0.511951119494679	9.13635800447064e-07	3183.0	17.92272164019376	0.12	0.5875655060785936	0.7725432133503151	25	-0.09787722586545686
ZC3HAV1	ZC3HAV1	0.0009701175132498071	9761.0	0.51192005709034	-0.51192005709034	0.000161074600615039	5126.0	28.86673425706883	0.12	0.4803981797669152	0.4250510945226939	25	0.07416020739535324
PHF14	PHF14	1.23174833430144e-05	9760.0	0.5117230268738661	0.5117230268738661	3.41739497119461e-08	8464.0	47.66813112538019	0.12	0.5944863604933218	0.4497653161334655	25	-0.18401448633468254
CFAP20	CFAP20	9.615629845678059e-05	9759.0	0.51149190761417	-0.51149190761417	4.99409566673483e-05	2292.0	12.904134279598962	0.08	0.3826803210062706	0.4797191166723107	25	0.2685145997546075
BRWD1	BRWD1	1.4959236269608999e-05	9758.0	0.511361785234475	0.511361785234475	6.65745651158527e-06	9679.0	54.51165934437309	0.04	0.6150720914024926	0.6032643567131065	25	-0.17191518944212883
NXF5	NXF5	0.34671990017160104	9757.0	0.511082433154899	-0.511082433154899	1.2022781899676708e-07	16342.0	92.04123014531936	0.625	2.0874269722894803	1.8221466113561864	24	-0.8651030215188559
CDK5RAP3	CDK5RAP3	0.00459343154864965	9756.0	0.511034353472515	0.511034353472515	0.00217179368178771	2349.0	13.225188689872704	0.12	0.41556144199587775	0.4968060739846006	25	0.19217339818513698
COIL	COIL	2.3828532311257598e-06	9755.0	0.5110284363019871	0.5110284363019871	2.14204364575618e-06	8654.0	48.73831249295933	0.08	0.5252338465898484	0.4735221718558969	25	-0.029999461761601058
ZNF490	ZNF490	2.5783242695445802e-05	9754.0	0.5110200785928221	0.5110200785928221	2.24022724989549e-06	8377.0	47.178100709699216	0.04	0.5339278502691576	0.4022267240603194	25	-0.056952386069952364
CNR1	CNR1	0.338098228148406	9753.0	0.510744660546367	-0.510744660546367	0.0007532255030973119	13122.0	73.90447223160977	0.4166666666666667	1.2724368872455996	1.6767015389551099	24	-0.4542801500462064
FTH1	FTH1	0.00399757558088019	9752.0	0.510641061724379	-0.510641061724379	0.0529129857964464	2850.0	16.047087980173483	0.12	0.42028532059358353	0.5652959519404078	25	0.15983794120698128
WNT8B	WNT8B	0.244245882329988	9751.0	0.510538634723606	0.510538634723606	0.00013391811331380052	14754.0	83.0967669257632	0.5833333333333334	1.29358051549887	1.2613310720799455	24	-0.6208059867137192
UPF3B	UPF3B	0.00016467243067618798	9750.0	0.5105275009188199	0.5105275009188199	0.000133010486209409	6476.0	36.470654500394275	0.04	0.4719111653358762	0.5346129024379238	25	0.07223232998464278
DEF8	DEF8	0.00560491306202687	9749.0	0.5103851048681649	-0.5103851048681649	0.0142624451476048	21.0	0.11265067027148812	0.04	0.2128606409116031	0.2892128700416749	25	1.0287386723616043
LINC00470	LINC00470	0.719899776539543	9748.0	0.510291894699165	0.510291894699165	0.0005148382946398549	15213.0	85.68209980849386	0.5416666666666666	1.5123406599365878	1.3732833287099029	24	-0.7296737274010111
CENPM	CENPM	0.116315255471704	9747.0	0.510259924518805	0.510259924518805	0.00118687790125084	5544.0	31.22113326574293	0.24	1.0166244633543957	1.5731795656685346	25	-0.3218733257702895
SUGT1P3	SUGT1P3	0.0605274971306748	9746.0	0.510258372747773	0.510258372747773	0.0019043171518094149	8633.0	48.62002928917427	0.08333333333333333	0.5368408783126773	0.4744861701512939	24	-0.05602377316166733
HOMEZ	HOMEZ	0.0009172413248029571	9745.0	0.5102472547787089	0.5102472547787089	0.0527072418006871	1384.0	7.789793849273403	0.08	0.37170662032858637	0.527092585570055	25	0.2628392776580033
PIDD1	PIDD1	0.0260101037805407	9744.0	0.5101967272431049	0.5101967272431049	7.854881842366479e-09	10995.0	61.92407344823701	0.24	0.8654786087471317	0.9880272729801566	25	-0.35958711993081
SLC22A16	SLC22A16	0.4323913380398689	9743.0	0.5101635803626121	-0.5101635803626121	0.0053390808494285106	13230.0	74.5127858510758	0.3333333333333333	1.517583681678853	2.0086596556588288	24	-0.5015384754097691
MAMSTR	MAMSTR	0.0223570151281429	9742.0	0.510133021231842	-0.510133021231842	0.00038357680912772755	11372.0	64.04753858285456	0.16666666666666666	0.8129276091324719	0.8697174247261056	24	-0.3481528359581699
GPNMB	GPNMB	0.168505961399237	9741.0	0.509922667070922	0.509922667070922	0.00467884555091785	8754.0	49.30156584431677	0.2916666666666667	1.0164590145070131	1.5290178112568864	24	-0.3312821758562165
ABCB9	ABCB9	4.02900397002525e-05	9740.0	0.509848906053387	0.509848906053387	7.60691950299985e-06	5221.0	29.401824940858397	0.08	0.4337758018687003	0.5088463757473798	25	0.14950112216669037
ZNF12	ZNF12	5.741661080307321e-07	9739.0	0.509831245617235	0.509831245617235	1.3170989342403399e-05	6295.0	35.451165934437306	0.08	0.4491416258729496	0.3948555988480252	25	0.15370079573734013
RNLS	RNLS	0.0366065184249225	9738.0	0.509715145284308	0.509715145284308	0.0067363030516608205	426.0	2.393826743269122	0.12	0.7769720861276267	1.666830277219229	25	-0.16033842467103682
LAT2	LAT2	0.00978348566441792	9737.0	0.509684529253463	-0.509684529253463	0.002960261020053115	11527.0	64.9205812774586	0.16666666666666666	1.1617005966593303	1.798388387221939	24	-0.36255575938914364
DNAJC16	DNAJC16	0.000186752691404746	9736.0	0.5095856459312461	0.5095856459312461	5.14640193130961e-06	7625.0	42.94243550749127	0.2	0.5735124261248681	0.49090576512707623	25	-0.13022210113395966
PLXNB1	PLXNB1	0.0055819326865219985	9735.0	0.509557471577025	-0.509557471577025	0.00016968763958771798	8678.0	48.873493297285115	0.12	0.9013762669954809	1.5742081469638878	25	-0.24889897576387285
PSENEN	PSENEN	0.008617593648684429	9734.0	0.509492781472762	0.509492781472762	0.000864312098926894	7033.0	39.607975667455214	0.16	0.4687417671858401	0.36189608247064287	25	0.11260418739190868
PHLDB1	PHLDB1	0.0234237241653751	9733.0	0.5094829211218229	-0.5094829211218229	3.75722888435546e-10	12019.0	67.69178776613721	0.2	0.8421352067599934	0.5393608246319281	25	-0.6167527755935553
HDAC9	HDAC9	0.0949151577525916	9732.0	0.50947682147236	0.50947682147236	8.51622863796268e-08	10436.0	58.77548721414892	0.28	1.032718536956523	1.5321997473417726	25	-0.3414970641993252
NANS	NANS	0.00834542902591812	9731.0	0.50946896170413	0.50946896170413	5.038568627736429e-09	8528.0	48.028613270248954	0.12	0.5316340006208494	0.339238492441817	25	-0.06533762945701374
FUT11	FUT11	1.21041678250325e-06	9730.0	0.5093807223207351	-0.5093807223207351	0.0020874944893979398	1281.0	7.20964289737524	0.08	0.5793826476616792	1.1055703108953987	25	-0.06331747935981548
EFHD2	EFHD2	0.0121127087005481	9729.0	0.509373472246633	-0.509373472246633	1.34573135294769e-05	9500.0	53.50343584544328	0.32	0.6644276539798892	0.58828780562571	25	-0.26356858029436586
RASA1	RASA1	0.005895206433978221	9728.0	0.5092545821587809	0.5092545821587809	0.00016144756134587	5037.0	28.365438774360708	0.04	0.47536175210211445	0.5998298667754418	25	0.05650407212776376
CD300LF	CD300LF	0.160572721154204	9727.0	0.5091728593750271	-0.5091728593750271	0.00023864047685735453	14473.0	81.5140250084488	0.4583333333333333	1.8864516515893615	2.566682328300264	24	-0.5365988525453443
PKD1L2	PKD1L2	0.157959268480201	9726.0	0.5091248918154021	0.5091248918154021	0.045223668548347196	11119.0	62.62250760392024	0.125	0.6457190766293129	0.5559341185806604	24	-0.24570210794517444
TBATA	TBATA	0.7820121999720601	9725.0	0.5090491805603929	0.5090491805603929	0.0006143168170691855	17169.0	96.69933536104539	0.5909090909090909	2.3983205077180516	1.7916843753845302	22	-1.0544665975290344
EIF3H	EIF3H	2.2836636092661499e-10	9724.0	0.508846078101026	0.508846078101026	8.8802848850544e-10	6859.0	38.62791483609327	0.12	0.6320304334780605	0.7171918282040652	25	-0.17175928466098533
ZNF16	ZNF16	0.00119818316541036	9723.0	0.5086673744335949	0.5086673744335949	0.0009644570027189481	2202.0	12.397206263377266	0.08	0.47827426701362136	0.5477702084102173	25	0.055485141311687705
ZNF449	ZNF449	0.00955332102992657	9722.0	0.508519632580666	0.508519632580666	6.99535803040865e-05	7360.0	41.449814126394045	0.04	0.5013748562651081	0.40601871121738825	25	0.017597160224796786
CSTF1	CSTF1	0.0025527511723542	9721.0	0.5084759126164949	0.5084759126164949	4.949933905578929e-05	7321.0	41.230145319364645	0.16	0.4737222215653146	0.3891914024818326	25	0.0892971705684136
CD22	CD22	0.339917478671952	9720.0	0.5084644219345711	0.5084644219345711	6.3854031039469056e-09	15991.0	90.06421088205474	0.5833333333333334	1.7305573470684872	1.8321780615691612	24	-0.6670164602272662
CNTD1	CNTD1	3.9817038884797903e-05	9719.0	0.508311431077376	0.508311431077376	1.93483192034595e-09	10601.0	59.704855243888694	0.24	0.6121781692775979	0.41196927138142414	25	-0.2521225378095162
PSMB9	PSMB9	0.0182102004429391	9718.0	0.5082829392717401	-0.5082829392717401	0.00314110439662518	7171.0	40.385265292328484	0.24	0.6847537348282324	0.9462718200436777	25	-0.18649059585051037
TNNI2	TNNI2	0.0438980649772193	9717.0	0.5082491693673921	-0.5082491693673921	1.12992301294706e-06	17139.0	96.53035935563815	0.7391304347826086	2.7195247670858387	2.4104936867252773	23	-0.9173538225368788
BTN3A3	BTN3A3	0.000395137773797597	9716.0	0.508109170725324	-0.508109170725324	0.00106032531543479	692.0	3.892080657879914	0.16	0.8651955486959292	1.6081080523333744	25	-0.2220537217337297
MAGEH1	MAGEH1	0.000636013948082173	9715.0	0.5080767101182899	-0.5080767101182899	0.00575563065301615	4515.0	25.42525628027487	0.2	0.9676555115637122	1.8863950236773337	25	-0.24362808196425398
KCNIP2	KCNIP2	0.0264691902560458	9714.0	0.5080509818873621	0.5080509818873621	1.242611407112751e-11	15457.0	87.05643798580601	0.6666666666666666	1.3823864456699697	0.9736276353795703	24	-0.8980183306339148
FAM160A1	FAM160A1	0.018027974589801998	9713.0	0.507993516069998	0.507993516069998	0.0115174091051842	8215.0	46.26563028050016	0.16	0.5363018163387434	0.43235639244210267	25	-0.06547445756231353
FBXO34	FBXO34	0.00527239978422069	9712.0	0.507966091062688	0.507966091062688	2.1535725995819398e-07	7744.0	43.61270699560662	0.12	0.6009134488534322	0.6656941623440373	25	-0.13962471514465247
SUZ12	SUZ12	7.8387454199005e-05	9711.0	0.507518548572881	0.507518548572881	0.006702553944628429	3922.0	22.085163906725246	0.04	0.36661702896462367	0.42951645613933	25	0.3280468480177407
RSL1D1	RSL1D1	1.9050431122551e-05	9710.0	0.507499553394233	0.507499553394233	1.0602326347306801e-05	8250.0	46.46276895347527	0.04	0.5138249635781655	0.5105527457892609	25	-0.012389337313530832
DNMBP	DNMBP	0.000853506010300895	9709.0	0.50720482849313	0.50720482849313	0.00943250622189397	2315.0	13.033682550411173	0.12	0.4542090115568805	0.6623698531796588	25	0.08000940363128982
CAPNS1	CAPNS1	0.000832688247932386	9708.0	0.5071589199402721	-0.5071589199402721	0.00949999446927703	2277.0	12.819646276895346	0.12	0.4638034060688076	0.7433117891353197	25	0.05832749393346647
RAC2	RAC2	0.0475615975622255	9707.0	0.507085894492622	-0.507085894492622	0.004128830448530471	10802.0	60.836994480117156	0.25	1.114475309331447	1.4033890457688183	24	-0.43280187818915106
TRIQK	TRIQK	0.00755026070672704	9706.0	0.507042848200721	0.507042848200721	1.20931405920843e-13	13008.0	73.2623634110623	0.24	0.8616462612615655	0.5653560424497877	25	-0.627221408166587
C11orf95	C11orf95	0.0104269842001826	9705.0	0.507000247234418	-0.507000247234418	6.92763019970491e-13	10880.0	61.276332094175956	0.16	0.6874752134570697	0.38396937937122283	25	-0.47002437152200105
ST7.AS1	ST7.AS1	0.0068300216068297	9704.0	0.5069997643451231	-0.5069997643451231	0.00694684798061412	1053.0	5.925425256280275	0.04	0.37721499821027427	0.45128136919754697	25	0.2875916778164975
ATG12	ATG12	0.0056852598416051395	9703.0	0.506929878939756	0.506929878939756	3.59476951387069e-05	8274.0	46.597949757801054	0.08	0.6000536110366416	0.6309382936480927	25	-0.1475956254904786
RALYL	RALYL	0.7804130487960049	9702.0	0.50690151829306	0.50690151829306	5.25676608335849e-05	14583.0	82.13360369494198	0.6521739130434783	1.9810137053034633	2.0887046198232935	23	-0.7057542617658953
ASCL2	ASCL2	0.15573281263934	9701.0	0.5068039263918479	0.5068039263918479	0.008275553179797961	11919.0	67.12853441477976	0.4583333333333333	1.229330616449577	1.2473916424935552	24	-0.5792300232294222
TKTL2	TKTL2	0.6790698023876421	9700.0	0.50670682121891	-0.50670682121891	0.0011894443250761479	16803.0	94.63782809507715	0.6818181818181818	2.68437622439522	2.2189728560104007	22	-0.9813862288931501
KCNJ1	KCNJ1	0.155685298236189	9699.0	0.5065182080270421	0.5065182080270421	0.007181963141289785	15552.0	87.59152866959558	0.5416666666666666	2.0119040366443737	2.0110469877807344	24	-0.7485582573476223
CABP4	CABP4	0.242766657930039	9698.0	0.5064589164059029	0.5064589164059029	0.008627271654628	9736.0	54.83271375464684	0.391304347826087	1.2222767687304654	1.5417275715432275	23	-0.4642959401757655
CC2D2B	CC2D2B	0.0006206008462402559	9697.0	0.506404250757861	-0.506404250757861	0.0021822411418561103	9816.0	55.283316435732786	0.04	0.5189457272329281	0.34643211718968125	25	-0.036201829601729116
HDAC7	HDAC7	0.000173807386281478	9696.0	0.5063483248096421	-0.5063483248096421	5.5247702668615196e-11	12000.0	67.5847696293793	0.28	0.9313969879624341	1.0663831717319319	25	-0.3985890573108566
ARMC10	ARMC10	3.1118530686395e-06	9695.0	0.506342270188847	0.506342270188847	0.0447401771055221	5210.0	29.33986707220908	0.12	0.5552868689452667	0.7986818026361417	25	-0.061281725206299105
ABCC6	ABCC6	0.12238037432475801	9694.0	0.506299560158192	0.506299560158192	0.062326788185701004	4147.0	23.352483947279488	0.16666666666666666	0.526488378109349	0.6455347815705731	24	-0.031274562622385774
DCTN3	DCTN3	2.0398055561271597e-06	9693.0	0.5061779862737651	-0.5061779862737651	2.8736194847548805e-05	6713.0	37.805564943111406	0.12	0.4496557302708091	0.3897079854202084	25	0.14503745911701055
DCP1A	DCP1A	5.32924904810729e-08	9692.0	0.506068486940269	-0.506068486940269	0.00124250093213644	662.0	3.723104652472682	0.12	0.438950762128757	0.6600172607866778	25	0.10169086295033257
DNAJC5G	DNAJC5G	0.48913994418407497	9691.0	0.50566160976594	0.50566160976594	0.00573770824279575	13161.0	74.12414103863918	0.375	1.1765942775766107	1.153195822830021	24	-0.5818028946412209
AFAP1L2	AFAP1L2	0.0547280556709449	9690.0	0.505640453396413	-0.505640453396413	0.001556821977315814	5514.0	31.0521572603357	0.16666666666666666	0.7985921996527147	1.3290655716931037	24	-0.2204193325714614
IPO4	IPO4	0.0115509407635373	9689.0	0.505633481333642	0.505633481333642	0.000151870154673219	1658.0	9.33310803199279	0.0	0.2509610495819439	0.18105121811151975	25	1.4066319708207151
OSTF1	OSTF1	0.000249700548637345	9688.0	0.505610508946865	-0.505610508946865	0.00275457033629347	2500.0	14.075701250422439	0.04	0.5074523966726973	0.5802885767987157	25	-0.0031740892367611846
DGKA	DGKA	0.045690100286955006	9687.0	0.505490345084739	0.505490345084739	0.0596794678448119	1744.0	9.817505914160188	0.08	0.5492710667640252	1.0547030154601011	25	-0.04150999953307932
NUDT10	NUDT10	0.402460180362323	9686.0	0.505408114800052	0.505408114800052	1.146738140855576e-06	15391.0	86.6846907739101	0.625	2.007917494494246	1.934823798582267	24	-0.776561349304857
OSR2	OSR2	0.217422590802478	9685.0	0.5053098889441521	0.5053098889441521	0.000895002944849071	11798.0	66.44699785963726	0.125	0.8747970332817455	1.1071650974640028	24	-0.3337236200670664
CPT2	CPT2	0.00661083822039145	9684.0	0.505195977867626	0.505195977867626	0.0092889309044165	95.0	0.5294581502759941	0.08	0.3345147013757821	0.49732041471444016	25	0.34320183013168404
CBX2	CBX2	0.18034074181756501	9683.0	0.505006461251149	0.505006461251149	4.1932348871592e-05	11313.0	63.71521910555367	0.28	1.1152569584558194	1.4511463374972502	25	-0.42052995031304125
NFIB	NFIB	5.8575290646226596e-05	9682.0	0.5049858187036379	-0.5049858187036379	0.004506445547168605	7782.0	43.826743269122446	0.16666666666666666	0.9069662986579426	1.439436845073857	24	-0.2792623249363047
INPP5F	INPP5F	0.000145879861919417	9681.0	0.504854037244971	0.504854037244971	0.00029069489411916	5598.0	31.52529007547595	0.16	0.5279132265536927	0.604244215419656	25	-0.03816203568073335
EXPH5	EXPH5	0.0559650707454432	9680.0	0.504729744125894	0.504729744125894	2.58706005763965e-08	14302.0	80.55086177762757	0.6	1.1360057303949302	0.6426896118938473	25	-0.982240843147942
PIN4	PIN4	0.0168086645661065	9679.0	0.504687300910641	0.504687300910641	0.0068287640426774555	8684.0	48.90728849836656	0.2916666666666667	0.9893414117786619	1.2626147122799365	24	-0.3838495672150598
ABRA	ABRA	0.537964727542699	9678.0	0.504677403200217	-0.504677403200217	0.001870346796276635	15429.0	86.89872704742592	0.6666666666666666	2.001583021630743	1.9166602172625826	24	-0.7809968636842896
PNPT1	PNPT1	0.00227559293698962	9677.0	0.5046572742858599	0.5046572742858599	1.0544932491616999e-06	10305.0	58.03762532387067	0.08	0.6018451658610549	0.4017679216515092	25	-0.24190057577442692
C15orf61	C15orf61	0.00163109894436863	9676.0	0.504516097893458	-0.504516097893458	0.0191406801742754	368.0	2.0671397994818066	0.08	0.30497573592346783	0.2972977583035689	25	0.671180176764874
ILK	ILK	1.95666695053977e-05	9675.0	0.503895325757375	-0.503895325757375	0.0026800609609017698	1112.0	6.257744733581165	0.08	0.32464322630694253	0.3106096961738094	25	0.5770975653964371
DAP3	DAP3	1.10507061086065e-08	9674.0	0.503862203283591	0.503862203283591	1.1448894422059198e-09	8263.0	46.53599188915174	0.12	0.6027060758336986	0.5184008279600971	25	-0.19067074591500446
ENY2	ENY2	0.0147880225651186	9673.0	0.503831906522625	0.503831906522625	2.4319633988176404e-08	10325.0	58.15027599414216	0.16	0.5669180228103228	0.3518612545504984	25	-0.17929259181517468
LMOD2	LMOD2	0.59990445267388	9672.0	0.5036833093166021	-0.5036833093166021	6.033359986214794e-07	17716.0	99.78033119297059	0.7083333333333334	3.9918877675567166	2.874725097101184	24	-1.2134045310132613
RNF38	RNF38	8.742758252059342e-07	9671.0	0.503656856766491	-0.503656856766491	0.00947624500427347	514.0	2.88948969246367	0.12	0.3523496932467039	0.3876961098408841	25	0.3902725863870175
LMTK3	LMTK3	0.0294809660916161	9670.0	0.5034847950556289	0.5034847950556289	3.08902246818014e-07	13746.0	77.4191731440802	0.5	1.2923948297285026	1.1958235756291435	24	-0.6597210915981602
AEBP1	AEBP1	0.126497822268252	9669.0	0.503420228694746	0.503420228694746	4.700202552958868e-08	14055.0	79.15962599977469	0.5	1.7738419465440065	2.3287010554242564	24	-0.5455495091952915
METTL22	METTL22	3.8699247900315794e-07	9668.0	0.503199095172349	0.503199095172349	0.000751810343054297	3184.0	17.928354173707334	0.08	0.388619912749645	0.4222824241528328	25	0.2713330602204636
C3orf80	C3orf80	0.321224408177678	9667.0	0.503186675453365	0.503186675453365	0.00022931299806195542	11108.0	62.56054973527092	0.2916666666666667	0.9875270656217424	1.3590777647759094	24	-0.3563743022815457
SMPD3	SMPD3	0.0268832521109484	9666.0	0.5031743075714079	-0.5031743075714079	0.0111857294417656	8364.0	47.104877774022754	0.24	0.6677777234450447	0.6639642419461768	25	-0.24791006122733358
STRN4	STRN4	8.81260524131561e-05	9665.0	0.503161393987647	-0.503161393987647	4.45730622102983e-09	10651.0	59.98648191956742	0.16	0.7071449199729414	0.5009416149256878	25	-0.4072002003977136
CYTH1	CYTH1	0.00202659424761358	9664.0	0.502930220318541	-0.502930220318541	0.00652362280241897	2612.0	14.706545003942772	0.12	0.5009955687482336	0.5500117220455434	25	0.003517473342408453
DNAH9	DNAH9	0.353112370735104	9663.0	0.502909647921989	-0.502909647921989	0.002072730076492275	13116.0	73.87067703052833	0.3333333333333333	0.9570047632489037	0.807484834418192	24	-0.5623574536283382
LINC00476	LINC00476	0.00613826178803365	9662.0	0.502892453695181	-0.502892453695181	0.004158887837926679	1476.0	8.307986932522248	0.08	0.3822323164638922	0.44140725187776236	25	0.2733533187730745
SFRP1	SFRP1	0.20937416706125603	9661.0	0.502674802034354	-0.502674802034354	0.0010543145553914548	10492.0	59.090909090909086	0.4166666666666667	1.1863832864894646	1.5418886283729099	24	-0.4434227426507447
CARD8	CARD8	0.000305379373561498	9660.0	0.502503159329557	-0.502503159329557	0.10893343915016901	1485.0	8.358679734144417	0.12	0.46194015442714653	0.7412989680628532	25	0.0547188201386667
TTC39C	TTC39C	0.0030042385681783197	9659.0	0.502502361665483	0.502502361665483	0.000555574653810947	8493.0	47.831474597273846	0.16	0.6254091341223711	0.6340134092149748	25	-0.19385516247845494
ANK1	ANK1	0.0844186444891238	9658.0	0.5024831691026029	-0.5024831691026029	5.0832151623368e-13	15042.0	84.71893657767264	0.625	1.9669536628408417	2.2026891063427376	24	-0.6648557390696822
CCDC3	CCDC3	0.0488128783047274	9657.0	0.502392679745441	-0.502392679745441	1.78807916972022e-08	13944.0	78.53441477976793	0.44	1.3449435210603091	1.7881008620306873	25	-0.4711987221783512
SCN2A	SCN2A	0.0706048638078138	9656.0	0.502188830650915	0.502188830650915	3.1085879609187984e-06	11848.0	66.72862453531599	0.4166666666666667	1.6203430300566743	1.7812301027783866	24	-0.6277427030127368
MC1R	MC1R	0.0181531362725875	9655.0	0.5021504284013	-0.5021504284013	0.000207846051777554	5726.0	32.24625436521347	0.16	0.623966928843419	0.8861099705597355	25	-0.1374733435909431
UPP2	UPP2	0.40673925077464795	9654.0	0.502119529535472	0.502119529535472	0.000548592337121235	13920.0	78.39923397544214	0.5	1.853362623133725	1.7763952137441383	24	-0.7606658040640714
PWWP2A	PWWP2A	0.00226262865006676	9653.0	0.502026055635826	0.502026055635826	0.0087522916789202	945.0	5.317111636814239	0.04	0.3445511171139409	0.47999435192893514	25	0.32807664900440303
RBM4B	RBM4B	7.827556837678411e-06	9652.0	0.5019061847621	0.5019061847621	0.000232099549105354	487.0	2.737411287597161	0.08	0.3093069436662793	0.3384410189793656	25	0.5690777130876186
PAAF1	PAAF1	8.213472802637979e-05	9651.0	0.5019048099366189	0.5019048099366189	0.00360104726576881	3701.0	20.840374000225303	0.04	0.3660700215374106	0.40346436058296886	25	0.3366710958136167
AP1S2	AP1S2	0.00867686537809747	9650.0	0.5018701113975661	-0.5018701113975661	0.0038964467064614	5696.0	32.077278359806236	0.12	0.6017308965686721	0.8236190968908078	25	-0.12124632071801647
ADD1	ADD1	1.27414245190926e-07	9649.0	0.50185833834296	-0.50185833834296	3.5357415813515205e-07	5508.0	31.01836205925425	0.08	0.4784659653596476	0.3944232233841059	25	0.059307798315242584
MIA3	MIA3	2.25188191001886e-16	9648.0	0.501835832620606	0.501835832620606	0.000499403575253301	8964.0	50.48439788216739	0.08	0.5964076247302489	0.6292527576524213	25	-0.15029221717273938
HTR1D	HTR1D	0.349278686752773	9647.0	0.501816637709264	0.501816637709264	0.01136511747348474	11770.0	66.28928692125717	0.25	1.0352133695146015	1.1070735250331016	24	-0.4818078652810245
TMEM147	TMEM147	0.0240498586073422	9646.0	0.5016508461135161	0.5016508461135161	0.00134544293060208	1143.0	6.432353272501971	0.12	0.4224290508456805	0.7068808468612221	25	0.11207234659080915
NFE2L2	NFE2L2	1.5636935685873002e-06	9645.0	0.501487631347415	-0.501487631347415	1.0544076910366699e-07	4715.0	26.55176298298975	0.08	0.460189015303577	0.3760911057804906	25	0.10981013751477126
HSP90AB1	HSP90AB1	8.894989741007121e-09	9644.0	0.501417075379191	0.501417075379191	1.0374960062255199e-05	3777.0	21.268446547256957	0.08	0.5035640534745434	0.6493433614966518	25	-0.0033063833753591535
ZNF514	ZNF514	0.00397893914506634	9643.0	0.5013855078578929	0.5013855078578929	0.000381035878032221	753.0	4.2356652022079535	0.12	0.4795372167652937	0.6846484838783999	25	0.03191169133806143
NPTXR	NPTXR	0.15479141146662398	9642.0	0.5013012145486111	0.5013012145486111	3.522125148098565e-06	11969.0	67.41016109045849	0.2916666666666667	1.3010518899038235	1.9998423927929343	24	-0.3999068517786038
SH3PXD2A.AS1	SH3PXD2A.AS1	0.189300204266257	9641.0	0.501286280998873	0.501286280998873	1.258140262185107e-07	12849.0	72.36679058240397	0.4583333333333333	1.4812514646136246	1.3498995618922973	24	-0.725954145981817
C2orf83	C2orf83	0.799912159308861	9640.0	0.50123477507148	0.50123477507148	0.00996083684428321	16459.0	92.70023656640757	0.5909090909090909	2.3533247576279637	2.125818909645604	22	-0.8712360089341976
KRT82	KRT82	0.8003337147203392	9639.0	0.50123474108381	0.50123474108381	0.0038343046892712297	14596.0	82.20682663061845	0.5217391304347826	1.7427703676229955	1.6861854578103996	23	-0.7362983833055853
ZFY	ZFY	0.800502764922567	9638.0	0.501234719577885	0.501234719577885	0.01735508410172308	9502.0	53.514700912470424	0.125	0.6039828114943314	0.7204184003470886	24	-0.14262280345274864
TMEM95	TMEM95	0.8234802697574659	9637.0	0.5012329727692979	0.5012329727692979	0.0172758657266074	14333.0	80.72547031654838	0.4782608695652174	1.2619827676029636	0.8042897113974036	23	-0.945865381656953
WFDC8	WFDC8	0.823742720004328	9636.0	0.501232932227671	0.501232932227671	0.0059514987639724196	14687.0	82.71938718035372	0.5	1.604291891533049	1.4345881897640362	24	-0.7689028580995159
MACROD2.AS1	MACROD2.AS1	0.8248168782924309	9635.0	0.501232769053267	0.501232769053267	0.00999739936066935	14650.0	82.51098344035147	0.43478260869565216	1.2811065285940797	1.4333630715673258	23	-0.5440866832770093
LINC01343	LINC01343	0.8481016858392321	9634.0	0.501230124253937	0.501230124253937	0.0037697315133198204	17460.0	98.33840261349555	0.6666666666666666	3.0959086730777985	2.2354393944824786	21	-1.1607018088828793
TLX3	TLX3	0.84876192043948	9633.0	0.501230006901668	0.501230006901668	4.146668523952153e-05	16466.0	92.73966430100259	0.75	2.0685553175689058	1.5923909508542518	24	-0.9842591166612902
PRR35	PRR35	0.849787701233772	9632.0	0.50122874864492	0.50122874864492	0.019321829488991665	17136.0	96.51346175509744	0.5	2.272717018579346	1.7414579118672202	24	-1.0172443777495643
RAPGEF4.AS1	RAPGEF4.AS1	0.849818616981751	9631.0	0.501228728380685	0.501228728380685	0.109387615215888	9398.0	52.928917427058686	0.25	1.0018775864283735	1.2014240495214108	24	-0.4167128652428115
PCGEM1	PCGEM1	0.8499355983529641	9630.0	0.501228705689136	0.501228705689136	0.0003663302851404305	16116.0	90.76827757125155	0.5454545454545454	1.8842738366946783	1.5262259800840199	22	-0.9061863374448682
AMELX	AMELX	0.87334525656187	9629.0	0.5012255449142651	0.5012255449142651	0.145400953407285	12722.0	71.65145882618	0.2608695652173913	1.0816080001757669	1.0536614205037498	23	-0.550824433700936
SCGB2A2	SCGB2A2	0.8751338673005229	9628.0	0.501223586601118	0.501223586601118	1.4783961035122302e-05	17685.0	99.60572265404979	0.6956521739130435	4.2402651218346845	3.67683029073316	23	-1.0169198030861526
ERC2.IT1	ERC2.IT1	0.875909021454687	9627.0	0.501223366713232	0.501223366713232	0.0030306881865272252	15137.0	85.2540272614622	0.5	1.6799950172104297	1.4873857819502136	22	-0.7925123830023635
HOTTIP	HOTTIP	0.875909021454687	9626.0	0.501223357741322	0.501223357741322	1.3185341999036783e-06	17723.0	99.81975892756562	0.6666666666666666	3.6417174133169223	2.424817001221069	24	-1.2951468312842316
C2orf80	C2orf80	0.900006973838337	9625.0	0.501214965846214	0.501214965846214	4.793980984297251e-06	16571.0	93.33108031992789	0.6521739130434783	2.457097638564561	1.9767191203472112	23	-0.9894590751845389
RGPD4.AS1	RGPD4.AS1	0.9000906665303929	9624.0	0.5012149207750229	0.5012149207750229	1.85225004878201e-08	16971.0	95.58409372535766	0.6521739130434783	2.665600557399913	2.2823242409939963	23	-0.9483252194185424
PTPN14	PTPN14	0.00657275346194299	9623.0	0.501210073474742	-0.501210073474742	0.0143259022807576	4618.0	26.00540723217303	0.16	0.6098162171286856	0.9361818002705069	25	-0.11600967207711387
GML	GML	0.9058425662907541	9622.0	0.5012096222585539	0.5012096222585539	5.7702053387616394e-05	15936.0	89.75442153880815	0.6086956521739131	1.812896374741522	1.3363717822302499	23	-0.9815283216276198
ADAD1	ADAD1	0.9067091194894951	9621.0	0.50120899616177	0.50120899616177	0.0029840195649521103	15937.0	89.76005407232172	0.5652173913043478	2.0539138657813005	2.0279370570894066	23	-0.7656573285603092
TEX33	TEX33	0.9067091194894951	9620.0	0.5012089876947371	0.5012089876947371	0.000545755630172913	15664.0	88.22237242311591	0.6086956521739131	2.314803481874889	2.0082902766141153	23	-0.9030539635125796
ANHX	ANHX	0.906779335056216	9619.0	0.501208913166837	0.501208913166837	0.00020429678946010994	17249.0	97.14993804213134	0.7272727272727273	2.807784074268829	2.130103141268912	22	-1.0828467018399657
SHCBP1L	SHCBP1L	0.906779335056216	9618.0	0.501208911545401	0.501208911545401	0.000307900644180369	16884.0	95.09406330967668	0.5652173913043478	2.4899473839221544	2.126267347233978	23	-0.9353191050804908
BHLHE23	BHLHE23	0.90700004760102	9617.0	0.50120875120342	0.50120875120342	1.693899762514145e-06	17386.0	97.92159513349104	0.6363636363636364	2.7478836190767324	2.0459212093804244	22	-1.0981238463986025
PRR30	PRR30	0.90700004760102	9616.0	0.5012087311582151	0.5012087311582151	0.000479946097193082	16526.0	93.07761631181705	0.4782608695652174	2.43789980992324	1.9379248596091514	23	-0.9993633494931401
MUC7	MUC7	0.90700004760102	9615.0	0.501208658005059	0.501208658005059	0.0025459543493135603	17681.0	99.58319251999549	0.7142857142857143	3.9131634638242407	2.4693341962272433	21	-1.3817306750265377
LINC01490	LINC01490	0.90700004760102	9614.0	0.501208635111365	0.501208635111365	0.00782232448412224	13603.0	76.61372085163906	0.45454545454545453	1.3360097814499836	1.0969395175305034	22	-0.7610275069841347
DEFB118	DEFB118	0.907407604647105	9613.0	0.5012083830537929	0.5012083830537929	0.00036719033467845	17492.0	98.51864368592993	0.6842105263157895	3.198906498921443	2.067211799865304	19	-1.304993574457841
TECTB	TECTB	0.9074504382497801	9612.0	0.501208262209529	0.501208262209529	0.0012924769541849302	13902.0	78.2978483721978	0.391304347826087	1.6003411805356702	1.6332185691715313	23	-0.6729858079458948
AGXT2	AGXT2	0.907754446593448	9611.0	0.50120803911816	0.50120803911816	0.0001920578920924529	17291.0	97.38650444970148	0.7272727272727273	2.5264677521836982	1.8248737803078998	22	-1.109808105590639
ACTL9	ACTL9	0.914620102624747	9610.0	0.50120397491425	0.50120397491425	0.002890112346700387	16715.0	94.14216514588261	0.5833333333333334	2.293053510766157	1.7625019189563058	24	-1.016651112024309
OR1J2	OR1J2	0.914620102624747	9607.0	0.501200722004503	0.501200722004503	0.0139002439006367	14911.0	83.98107468739438	0.391304347826087	1.175201370320135	0.9453061056572452	23	-0.7129972442598558
KLK15	KLK15	0.914620102624747	9607.0	0.501200722004503	0.501200722004503	5.8865515047135495e-05	16332.0	91.98490481018362	0.6521739130434783	2.0245622482345045	1.661321602338213	23	-0.9169576342629622
VRTN	VRTN	0.914620102624747	9607.0	0.501200722004503	0.501200722004503	4.89487487379247e-07	17611.0	99.18891517404528	0.8260869565217391	3.1876499228240616	2.1219430562881296	23	-1.2660326547682705
LINC01120	LINC01120	0.914620102624747	9607.0	0.501200722004503	0.501200722004503	0.0001303509402371285	16775.0	94.48011715669708	0.5454545454545454	2.39764380406469	1.7837822896466877	22	-1.0631583759225536
LINC00410	LINC00410	0.914620102624747	9607.0	0.501200722004503	0.501200722004503	0.004810479027887405	15777.0	88.85884871014981	0.45454545454545453	1.3747703157465703	0.8971893628865621	22	-0.9736735965432067
LRRC72	LRRC72	0.914620102624747	9601.0	0.501200722004502	0.501200722004502	0.046376496466872696	13905.0	78.31474597273854	0.3181818181818182	1.3861832795597986	1.1236766079829292	22	-0.7875776280009035
ZIM3	ZIM3	0.914620102624747	9601.0	0.501200722004502	0.501200722004502	1.0709586926642174e-05	17581.0	99.01993916863805	0.85	3.101460742724481	1.842768135797684	20	-1.4110619617342133
CCT8L2	CCT8L2	0.914620102624747	9601.0	0.501200722004502	0.501200722004502	0.000887485032449834	16021.0	90.23318688746197	0.5652173913043478	1.7472638507864289	1.143998679247612	23	-1.0892172791680501
MYF5	MYF5	0.914620102624747	9601.0	0.501200722004502	0.501200722004502	1.7101252619310599e-06	17726.0	99.83665652810633	0.75	4.57686174045365	2.7898602674741153	20	-1.460883566810022
LINC01541	LINC01541	0.914620102624747	9601.0	0.501200722004502	0.501200722004502	0.00172428034431269	17110.0	96.3670158837445	0.6521739130434783	2.7463664551223737	2.2275296470266475	23	-1.007917329457215
LINC01692	LINC01692	0.914620102624747	9601.0	0.501200722004502	0.501200722004502	0.0184830629081957	15156.0	85.36104539822011	0.4782608695652174	1.4680220557609096	1.3828060753834843	23	-0.6991734784563233
LINC01520	LINC01520	0.914620102624747	9601.0	0.501200722004502	0.501200722004502	0.023862997767035998	15109.0	85.09631632308212	0.42857142857142855	1.51860223209158	1.1341024304766654	21	-0.8970984302180378
PDHA2	PDHA2	0.914620102624747	9577.5	0.501197469094756	0.501197469094756	0.000198435596377506	15607.0	87.90131801284217	0.5833333333333334	1.7453807211891001	1.4213907048215455	24	-0.8753281190554503
DEFB119	DEFB119	0.914620102624747	9577.5	0.501197469094756	0.501197469094756	5.911732459852435e-06	17711.0	99.75216852540272	0.7222222222222222	3.92206314982875	2.776216804363281	18	-1.2322040826773835
LINC00588	LINC00588	0.914620102624747	9577.5	0.501197469094756	0.501197469094756	4.761616212481305e-06	16805.0	94.64909316210431	0.65	2.2498618192375504	1.7248021899585437	20	-1.0138347228007776
PNLIPRP3	PNLIPRP3	0.914620102624747	9577.5	0.501197469094756	0.501197469094756	7.729984054240705e-06	17085.0	96.22620254590514	0.6363636363636364	2.880527052772059	2.650304708656666	22	-0.8977569922076208
BPIFA4P	BPIFA4P	0.914620102624747	9577.5	0.501197469094756	0.501197469094756	0.0001460516857825335	16986.0	95.66858172806127	0.7727272727272727	2.3927235435710044	1.7436669788881742	22	-1.0847977838534022
DCD	DCD	0.914620102624747	9577.5	0.501197469094756	0.501197469094756	6.2726637926147994e-06	17689.0	99.62825278810408	0.7727272727272727	4.05488036483971	2.812957283725104	22	-1.263326292334924
LINC00615	LINC00615	0.914620102624747	9577.5	0.501197469094756	0.501197469094756	0.027149596210635403	14378.0	80.97893432465922	0.45454545454545453	1.261089838194282	1.131852275162423	22	-0.6713706247491353
MAGEB3	MAGEB3	0.914620102624747	9577.5	0.501197469094756	0.501197469094756	0.0009349684555167821	16038.0	90.32893995719274	0.5217391304347826	1.917374125766317	1.6185936602610895	23	-0.8749426687134821
CRYGC	CRYGC	0.914620102624747	9577.5	0.501197469094756	0.501197469094756	0.0006308612614452719	17620.0	99.23960797566745	0.6842105263157895	3.4139681235857555	2.066396702840494	19	-1.4095892867458941
PSG11	PSG11	0.914620102624747	9577.5	0.501197469094756	0.501197469094756	4.4023515899441495e-05	17330.0	97.60617325673087	0.7391304347826086	3.4374313250852033	2.3501842248262728	23	-1.2493632733014772
PNLIP	PNLIP	0.914620102624747	9577.5	0.501197469094756	0.501197469094756	0.1523867785284968	16643.0	93.73662273290526	0.5	2.946437624533244	2.66665665615648	22	-0.9169685005353763
KIRREL3.AS2	KIRREL3.AS2	0.914620102624747	9577.5	0.501197469094756	0.501197469094756	0.0827486328402148	14799.0	83.35023093387404	0.42857142857142855	1.3474734127229868	1.0336318095099064	21	-0.8187402282341621
LINC00708	LINC00708	0.914620102624747	9577.5	0.501197469094756	0.501197469094756	0.19609180353615702	12331.0	69.44913822237241	0.35	1.102863312586761	0.9642611335046107	20	-0.623965669242779
ZCCHC13	ZCCHC13	0.914620102624747	9577.5	0.501197469094756	0.501197469094756	0.12327818607726249	14285.0	80.45510870789681	0.4090909090909091	1.4532563898027087	1.5943820407944858	22	-0.5971334952026546
KRT37	KRT37	0.914620102624747	9577.5	0.501197469094756	0.501197469094756	0.0141579516829296	16285.0	91.72017573504561	0.5454545454545454	1.9298735031323184	1.6577211824533338	22	-0.8618313195004256
LINC01720	LINC01720	0.914620102624747	9577.5	0.501197469094756	0.501197469094756	0.0533752458498698	14279.0	80.42131350681537	0.4	1.1494818915860097	0.9229838529152271	20	-0.7023789424307473
SI	SI	0.914620102624747	9577.5	0.501197469094756	0.501197469094756	6.875823381164846e-09	17572.0	98.96924636701588	0.7727272727272727	3.7998631517421657	2.90795874623017	22	-1.1343577988937241
LINC00928	LINC00928	0.914620102624747	9577.5	0.501197469094756	0.501197469094756	0.000159509556859175	15378.0	86.61146783823364	0.43478260869565216	1.6008504586318393	1.5422929141635882	23	-0.712998795130589
OR1G1	OR1G1	0.914620102624747	9577.5	0.501197469094756	0.501197469094756	4.474428237472765e-05	16870.0	95.01520784048664	0.5909090909090909	2.3695904540224233	1.795787243457831	22	-1.0404311489205325
UGT2A3	UGT2A3	0.914620102624747	9577.5	0.501197469094756	0.501197469094756	0.00012499262331461556	15585.0	87.77740227554354	0.625	2.3376653357958435	2.064985342123737	24	-0.8893369987858459
CABS1	CABS1	0.914620102624747	9577.5	0.501197469094756	0.501197469094756	0.0005524938013988191	16764.0	94.41815928804776	0.6086956521739131	2.5506121209317483	2.299775219908779	23	-0.8911369398607062
CPN1	CPN1	0.914620102624747	9577.5	0.501197469094756	0.501197469094756	2.2589608396245e-05	16724.0	94.19285794750478	0.7391304347826086	2.1635097995666706	1.4191108803943757	23	-1.1713759322386086
LCE1B	LCE1B	0.914620102624747	9577.5	0.501197469094756	0.501197469094756	9.04255120611098e-06	17661.0	99.470541849724	0.7272727272727273	3.4614602794721465	1.7876404759702391	22	-1.655960944143823
OR3A2	OR3A2	0.914620102624747	9577.5	0.501197469094756	0.501197469094756	0.000212604116862791	15961.0	89.8952348766475	0.5833333333333334	1.7245986568264424	1.2334064046816235	24	-0.9918881425360202
FETUB	FETUB	0.914620102624747	9577.5	0.501197469094756	0.501197469094756	5.78040576242212e-05	16380.0	92.25526641883519	0.6521739130434783	2.3175596785812984	2.2704434556997914	23	-0.800003279062815
ADAM3A	ADAM3A	0.914620102624747	9577.5	0.501197469094756	0.501197469094756	0.005604234363778351	14962.0	84.26833389658668	0.5909090909090909	1.743793733936289	1.3429321072241198	22	-0.925285990376696
LINC01111	LINC01111	0.914620102624747	9577.5	0.501197469094756	0.501197469094756	0.0302827370096949	13345.0	75.16052720513686	0.34782608695652173	1.4922195831809657	1.4850068006142303	23	-0.6673519028170793
MMP26	MMP26	0.914620102624747	9577.5	0.501197469094756	0.501197469094756	0.00227030244999975	16457.0	92.68897149938041	0.6190476190476191	2.233103129114423	1.6020281054053132	21	-1.0810707091692968
BOD1L2	BOD1L2	0.914620102624747	9577.5	0.501197469094756	0.501197469094756	0.00277595701311087	16770.0	94.4519544891292	0.6086956521739131	2.5069320003656466	2.088009949305878	23	-0.960596251918082
LINC01103	LINC01103	0.914620102624747	9577.5	0.501197469094756	0.501197469094756	0.0393688737692885	14394.0	81.06905486087642	0.47619047619047616	1.329837017417483	1.313386481406479	21	-0.6309182864706766
LINC00645	LINC00645	0.914620102624747	9577.5	0.501197469094756	0.501197469094756	0.000207350745430355	14947.0	84.18384589388306	0.5217391304347826	2.0356585153837936	2.0526089544929254	23	-0.7475661854296594
SPACA1	SPACA1	0.914620102624747	9577.5	0.501197469094756	0.501197469094756	5.17987112260894e-05	17145.0	96.5641545567196	0.6956521739130435	2.443077007898663	1.5365098925519038	23	-1.2638249504393018
CST11	CST11	0.914620102624747	9577.5	0.501197469094756	0.501197469094756	0.000540586872400883	17588.0	99.05936690323307	0.6842105263157895	3.191996670300771	2.640598918411952	19	-1.0190109457532661
MMD2	MMD2	0.914620102624747	9577.5	0.501197469094756	0.501197469094756	1.55455169393254e-05	17390.0	97.94412526754533	0.6521739130434783	2.4823043345665843	1.5789321904443592	23	-1.2547130760025134
SERPINA7	SERPINA7	0.914620102624747	9577.5	0.501197469094756	0.501197469094756	5.4214047626025805e-06	17433.0	98.18632420862903	0.8571428571428571	3.060886730950967	2.2532696800606264	21	-1.13598886298747
CSMD2.AS1	CSMD2.AS1	0.914620102624747	9577.5	0.501197469094756	0.501197469094756	0.000712665284636482	15808.0	89.03345724907062	0.6363636363636364	2.0188792699699714	1.5945035275162909	22	-0.9518209114527715
OR5V1	OR5V1	0.914620102624747	9577.5	0.501197469094756	0.501197469094756	0.0754585045222113	13560.0	76.37152191055536	0.3333333333333333	1.3670550454597472	1.1542897543936865	21	-0.7501215124445074
GABRA6	GABRA6	0.914620102624747	9577.5	0.501197469094756	0.501197469094756	0.00147197061905492	16896.0	95.16165371183958	0.6086956521739131	2.601990734980656	2.419886572210516	23	-0.868137081304133
DHRS7C	DHRS7C	0.914620102624747	9577.5	0.501197469094756	0.501197469094756	2.3333832174846629e-07	17678.0	99.56629491945476	0.8181818181818182	3.452426832485265	2.186016316096808	22	-1.350049101490702
MAGEB1	MAGEB1	0.914620102624747	9577.5	0.501197469094756	0.501197469094756	0.0131091682372146	13702.0	77.17134166948293	0.43478260869565216	1.8620208620708991	1.946381029388726	23	-0.6991557009798429
PRORSD1P	PRORSD1P	0.00975938520204406	9557.0	0.50113685155439	0.50113685155439	0.0002464087783271055	3788.0	21.330404415906276	0.125	0.4653261632351287	0.6883304034878829	24	0.05202543449744875
OPTN	OPTN	2.0870943901329502e-05	9556.0	0.501121547874335	-0.501121547874335	7.183024051502071e-06	2700.0	15.20220795313732	0.12	0.42580283882927433	0.658533152581758	25	0.11437345067560553
MPPED1	MPPED1	0.519107492342885	9555.0	0.500998597690595	-0.500998597690595	1.0749555671038201e-05	16761.0	94.40126168750703	0.75	2.305395322202594	1.8552213844620091	24	-0.9726045309871476
TULP4	TULP4	0.00368715097313615	9554.0	0.500918646077511	0.500918646077511	9.28793879094174e-06	7692.0	43.31981525290075	0.2	0.5971889817585104	0.6036006994601916	25	-0.15949341305782994
OSBPL11	OSBPL11	2.3939133722378303e-05	9553.0	0.500817594116257	-0.500817594116257	0.0071528954151460905	2363.0	13.304044159062745	0.08	0.33912223907675554	0.3536188541554499	25	0.45725886258434806
CST3	CST3	0.0169879231833298	9552.0	0.500796286556885	-0.500796286556885	0.000148805969119385	11390.0	64.1489241860989	0.16	1.0206207184197191	1.4292303284362984	25	-0.363709348675498
ATP2A1	ATP2A1	0.0269702157980015	9551.0	0.500596291510067	0.500596291510067	3.4165614252992463e-06	17357.0	97.75825166159738	0.875	3.3248742852349165	2.3702729114230388	24	-1.1915412694098757
PKP2	PKP2	0.386187042282715	9550.0	0.500593319685808	0.500593319685808	0.0105966611864321	5256.0	29.5989636138335	0.24	0.7747966027162054	0.9549118637326371	25	-0.28715035747756795
SLC26A6	SLC26A6	0.00261990494565358	9549.0	0.500475895105021	0.500475895105021	0.0346618074952422	2569.0	14.464346062859073	0.08	0.3641418075104689	0.5292472172532945	25	0.2576000083705749
PSMD10	PSMD10	2.4027257027890103e-07	9548.0	0.5004665263902379	0.5004665263902379	1.4304316704723497e-09	8735.0	49.194547707558854	0.12	0.6349689505861785	0.5110617145167891	25	-0.26318235229792786
DMD	DMD	0.00116274795733135	9547.0	0.500444828136754	-0.500444828136754	4.08207603949545e-06	15641.0	88.0928241523037	0.6086956521739131	2.0117480018439635	2.000675001911627	23	-0.7553966397656655
MSH3	MSH3	4.64663749017901e-06	9546.0	0.500257400501902	0.500257400501902	9.321173878803009e-05	2681.0	15.095189816379406	0.04	0.4408480399658412	0.5778905817790616	25	0.10280382205428318
S100A9	S100A9	0.230996334775762	9545.0	0.500183745656154	-0.500183745656154	0.0047560987620369095	13304.0	74.92959333108031	0.4166666666666667	2.338082296175331	3.258811843136584	24	-0.5639781119581952
IQSEC2	IQSEC2	0.0311263794339993	9544.0	0.500072257862883	0.500072257862883	4.16823789831421e-06	8159.0	45.95020840374	0.2	0.8158317111817652	1.119898716958005	25	-0.2819535807457514
UTP20	UTP20	0.00027994425610914904	9543.0	0.49962133118672997	0.49962133118672997	0.00144765860565186	7676.0	43.22969471668356	0.08	0.5172598191577265	0.6486207212816313	25	-0.027193839777650042
MCU	MCU	0.00430654099313403	9542.0	0.49946342085535794	0.49946342085535794	2.6122820806681e-05	6560.0	36.94378731553452	0.04	0.44624721960011654	0.33838116854208594	25	0.15726702961788097
PRKCD	PRKCD	1.80914552304567e-06	9541.0	0.49940201856245003	-0.49940201856245003	0.0075534987354136905	3168.0	17.838233637490145	0.16	0.5394266852201478	0.7718965303581227	25	-0.05185237280329303
RHOC	RHOC	1.82060473337663e-06	9540.0	0.49935539109986893	-0.49935539109986893	0.0020223344067896603	2753.0	15.500732229356764	0.04	0.44485832947208853	0.7670463513106041	25	0.07104793802182187
SATB2.AS1	SATB2.AS1	0.325181528457103	9539.0	0.499293659682375	0.499293659682375	0.00015498503847036845	16344.0	92.05249521234651	0.6818181818181818	2.343313627089543	2.096852012489448	22	-0.8794230381656216
PPIP5K2	PPIP5K2	0.000180376569879386	9538.0	0.4992341348742829	0.4992341348742829	0.00191896708865472	5941.0	33.45724907063197	0.08	0.48025426712827285	0.5406519785455739	25	0.03510551796567628
MRPL22	MRPL22	0.0036920897673994603	9537.0	0.49922009057472705	0.49922009057472705	2.87190072872753e-06	4291.0	24.1635687732342	0.16	0.4704230071162606	0.5075776424579433	25	0.05673434180240216
PIK3IP1	PIK3IP1	0.000337055995943302	9536.0	0.499130376674978	-0.499130376674978	0.0148885154915722	8236.0	46.38391348428523	0.16	0.5624917361454141	0.6463379366439318	25	-0.09803131748607537
MRPL30	MRPL30	1.44664919030724e-06	9535.0	0.49899559284632505	0.49899559284632505	3.97637257633408e-08	8321.0	46.862678832939054	0.08	0.519409184450651	0.4501827744132086	25	-0.045345119281683
SMIM17	SMIM17	0.29432758747936305	9534.0	0.49886395440489595	0.49886395440489595	0.01534697789322376	12357.0	69.59558409372535	0.25	0.8986061085916942	0.8907927710754329	24	-0.44874876308683903
DOCK2	DOCK2	0.0933129546985891	9533.0	0.49884995071841204	-0.49884995071841204	8.111806845297035e-05	13060.0	73.55525515376816	0.4166666666666667	1.613759175190056	2.503183053924699	24	-0.44539660122882196
ZDHHC8	ZDHHC8	1.5473965574486499e-07	9532.0	0.49871230079963796	-0.49871230079963796	1.50630155160187e-12	12814.0	72.16965190942885	0.44	1.599738405605262	1.8165899635676526	25	-0.6060950059656213
ANKIB1	ANKIB1	1.27668102544413e-06	9531.0	0.49868133636801504	0.49868133636801504	2.3992312697392604e-05	7917.0	44.58713529345499	0.12	0.5384019946942439	0.38707133570129804	25	-0.10261844436055366
TSPYL2	TSPYL2	0.0347621654977448	9530.0	0.498647161549832	-0.498647161549832	5.8312901771586904e-09	10271.0	57.84611918440914	0.2	0.8439395550068847	1.0406089281162119	25	-0.3318176349708308
ZBTB10	ZBTB10	0.0318644295510285	9529.0	0.49862782409281	0.49862782409281	0.000725532068371194	5413.0	30.483271375464685	0.08	0.578810565081918	0.7936927382070635	25	-0.10102491446531216
NEFH	NEFH	0.314781740023852	9528.0	0.4985309313896579	0.4985309313896579	0.003455664450496156	12726.0	71.67398896023431	0.4166666666666667	2.319085532805223	2.9051435498024465	24	-0.6266659702717151
INO80C	INO80C	0.000261160117522947	9527.0	0.498476969324714	-0.498476969324714	4.58521267314039e-06	5349.0	30.122789230595924	0.16	0.5843408141926628	0.6124021978570817	25	-0.140208257201564
TUBGCP5	TUBGCP5	1.4742997999285801e-12	9526.0	0.49846563346890205	0.49846563346890205	0.000983896839372775	3420.0	19.257632082910895	0.16	0.5298051173156658	0.8354064959700429	25	-0.03751405333564414
TRPM1	TRPM1	0.653580133140645	9525.0	0.498301720654613	0.498301720654613	4.2495328882953e-06	16499.0	92.92553790695054	0.6086956521739131	2.2990472752116817	2.375775076413324	23	-0.7579612954251672
CD3E	CD3E	0.257933335978048	9524.0	0.49810454972345597	-0.49810454972345597	0.0019646487547984866	14480.0	81.55345274304382	0.5833333333333334	2.065536804342312	2.6942813525369327	24	-0.5817626481892708
TELO2	TELO2	0.00127702363416946	9523.0	0.49806336220661296	0.49806336220661296	4.749422720933641e-10	11959.0	67.35383575532273	0.36	1.1519215145294845	1.1507953744175705	25	-0.5681793365339133
PTGER3	PTGER3	0.232198798471345	9522.0	0.49797405189153604	-0.49797405189153604	0.0003998691225218285	11376.0	64.07006871690886	0.3333333333333333	1.5121922636884788	2.008463769974364	24	-0.5049721219566177
DNAJA4	DNAJA4	0.0965612338107013	9521.0	0.497871996806562	0.497871996806562	0.0272434822630176	4684.0	26.377154444068942	0.16666666666666666	0.8450833040703848	1.626612738652503	24	-0.2134566507523204
PUF60	PUF60	0.0172818187537304	9520.0	0.497848424746608	0.497848424746608	1.58604359349542e-05	2337.0	13.157598287709812	0.04	0.32972115079740283	0.24951865820014432	25	0.6738064205777615
GPR34	GPR34	0.0774642050282534	9519.0	0.49782520155986293	0.49782520155986293	0.06294197037362276	10259.0	57.77852878224625	0.3333333333333333	1.4774563700666192	2.1321689211155377	24	-0.45945288799830136
NRP2	NRP2	0.0342929138171031	9518.0	0.49776404922805706	-0.49776404922805706	0.007714896429773259	8952.0	50.4168074800045	0.32	1.0348748578875753	1.7890904192849861	25	-0.30021445694968046
KDM1A	KDM1A	0.0001585017557002	9517.0	0.49763530970081604	0.49763530970081604	0.0047516881787048396	874.0	4.9172017573504565	0.08	0.32777716671693935	0.44543944015853004	25	0.381327129280301
ZKSCAN2	ZKSCAN2	0.000186456499244004	9516.0	0.497626291240031	0.497626291240031	0.0002955613240846535	15733.0	88.61101723555255	0.7083333333333334	1.8530071089175186	1.3994685115805903	24	-0.968496830376477
RAD21L1	RAD21L1	0.216337060338365	9515.0	0.49758389047381996	-0.49758389047381996	0.000125426963246206	12380.0	69.72513236453756	0.34782608695652173	1.2799476798983422	1.397023225339641	23	-0.5600220348765611
PPP1R9A	PPP1R9A	0.0528381064700524	9514.0	0.4975293032688689	0.4975293032688689	5.19294790612432e-05	11288.0	63.57440576771431	0.16	1.2958219667847621	3.4910062656571745	25	-0.2286712204928158
YTHDF1	YTHDF1	0.008715957595081921	9513.0	0.49749973073761405	0.49749973073761405	7.77989122914589e-05	1192.0	6.708347414667117	0.08	0.3401432913421034	0.40556140164619014	25	0.38799658635361867
EXTL1	EXTL1	0.161847548563773	9512.0	0.497326292858849	0.497326292858849	0.002224754086876929	14189.0	79.91438549059366	0.5	1.2364815731316408	0.9781222869786126	24	-0.7556880055928569
BAALC.AS2	BAALC.AS2	0.514995701557022	9511.0	0.49711423727205895	-0.49711423727205895	0.0042205753234060344	16364.0	92.16514588261799	0.5909090909090909	1.9238607294565016	1.4649457604014475	22	-0.9739244487751294
TOX	TOX	0.061551325178197995	9510.0	0.49711340718203	-0.49711340718203	4.79016262690574e-06	9844.0	55.44102737411287	0.20833333333333334	1.2530674660084633	2.121849224942871	24	-0.35627133631362834
RNASE3	RNASE3	0.658652983760948	9509.0	0.49694455339302296	-0.49694455339302296	1.144913935506262e-05	17205.0	96.90210656753408	0.6666666666666666	3.000251397889334	2.616553416547553	24	-0.9567191820602436
CNKSR1	CNKSR1	0.0023646352084431897	9508.0	0.496851383050656	0.496851383050656	0.0276644495747588	9854.0	55.49735270924862	0.12	0.5200959944684761	0.37701427714799124	25	-0.06165445933151163
ZNF439	ZNF439	0.000689471763520511	9507.0	0.49672718493287	-0.49672718493287	0.025018629379808102	1260.0	7.091359693590177	0.16666666666666666	0.5270791724673171	0.7547587467657444	24	-0.04021415805316591
ANKMY2	ANKMY2	6.04581493306182e-06	9506.0	0.496612469071188	0.496612469071188	2.8859731721633696e-05	6105.0	34.38098456685817	0.08	0.46910173173586023	0.4134876290169247	25	0.06653339883646607
SRGAP1	SRGAP1	0.00275726507495423	9505.0	0.496466961120171	-0.496466961120171	0.0276853537768833	8281.0	46.63737749239608	0.08	0.5807332488951549	0.7756157868318072	25	-0.1086443690363629
TBC1D8	TBC1D8	0.0192303098230101	9504.0	0.49646685060399304	0.49646685060399304	4.23968844721799e-05	5460.0	30.74800045060268	0.12	0.47201202688805644	0.36138682638635483	25	0.06766938341518905
CRHR2	CRHR2	0.24182165643664102	9503.0	0.496400435041527	0.496400435041527	7.592798199590205e-06	14290.0	80.48327137546468	0.5416666666666666	1.22625198940379	0.9951618665451998	24	-0.7333998406671398
KCNE5	KCNE5	0.30853743457023	9502.0	0.496356334707692	0.496356334707692	1.0805916125665085e-12	16670.0	93.88870113777176	0.875	2.440057482443382	1.9319499726345815	24	-1.0060825462706384
FZD2	FZD2	0.036947768216962995	9501.0	0.4963306771259461	-0.4963306771259461	4.83869462627016e-11	14532.0	81.84634448574968	0.48	1.3538925451317	1.3845426138542072	25	-0.6193827906954228
TBXAS1	TBXAS1	0.0257779622225907	9500.0	0.496322598582036	-0.496322598582036	0.10439108624891905	4173.0	23.498929818632423	0.16666666666666666	0.9922623009259065	2.1050057563114852	24	-0.23560016444462614
RBM17	RBM17	1.23924645844256e-08	9499.0	0.496214171325925	-0.496214171325925	9.940770920985049e-06	3488.0	19.640644361833953	0.04	0.3752109634272939	0.3269341846392289	25	0.37011488423016353
ZCCHC2	ZCCHC2	9.30543677292248e-06	9498.0	0.49618022764502207	-0.49618022764502207	0.00040684593921807796	4498.0	25.329503210544104	0.08	0.4449974374527214	0.4115179114528697	25	0.12437560739847046
BOC	BOC	0.130617908516969	9497.0	0.49609260655064	-0.49609260655064	2.7518871847795147e-05	10276.0	57.87428185197702	0.16666666666666666	0.9373957425833949	1.3437983528841684	24	-0.32839981912881083
CEP83	CEP83	0.0030367480181717698	9496.0	0.49605203357178895	0.49605203357178895	0.00432666527373924	2210.0	12.442266531485862	0.04	0.35459177299244926	0.36249117446670853	25	0.39024470261228805
FOXL1	FOXL1	0.03099462328473	9495.0	0.496014614662946	-0.496014614662946	0.00279707738965969	7948.0	44.7617438323758	0.2916666666666667	0.9679256809576818	1.4489050416617024	24	-0.32570185949074776
OGFOD2	OGFOD2	1.5039452129290399e-05	9494.0	0.495850999461565	0.495850999461565	0.0161130761642251	591.0	3.323194773008899	0.08	0.32991527183773717	0.37697452569329326	25	0.4401775619152401
TM6SF1	TM6SF1	0.0175443945126331	9493.0	0.49582727499271995	-0.49582727499271995	0.035036947368221646	2410.0	13.568773234200743	0.16666666666666666	0.8298423075039373	1.3935051117969968	24	-0.2396941566152475
S100A10	S100A10	0.0005338559705122951	9492.0	0.495777144698517	-0.495777144698517	1.0972464368592e-05	9200.0	51.813675791370954	0.12	0.6800919410047824	0.692570299619401	25	-0.2661315340948851
RAET1E	RAET1E	0.0957606802406742	9491.0	0.49576302503838104	-0.49576302503838104	0.029714870277208302	10520.0	59.24862002928917	0.3333333333333333	1.4353384050043676	1.8987381136482806	24	-0.4948420075481942
CLMN	CLMN	0.14488483724120702	9490.0	0.495743849664981	0.495743849664981	6.34185218535191e-06	8898.0	50.112650670271485	0.2	0.8006070607388182	1.1300803271339754	25	-0.2697712753278418
DCTN5	DCTN5	0.000432523943865285	9489.0	0.49570145984133707	0.49570145984133707	0.000811492467892766	3245.0	18.271938718035372	0.12	0.5203717489858584	0.8542638514625698	25	-0.02887900395443836
SNPH	SNPH	0.00726122395921655	9488.0	0.49568200289400705	-0.49568200289400705	1.18438162670963e-05	12023.0	67.7143179001915	0.36	1.0715723468340976	1.2916639970178707	25	-0.4458515103538362
PCDHAC2	PCDHAC2	0.183882589511243	9487.0	0.49559056017558395	0.49559056017558395	0.0967692085368885	4267.0	24.028387968908415	0.125	0.47692426133200394	0.6692705033322832	24	0.027890514747984433
DNAJC2	DNAJC2	0.000122545221824231	9486.0	0.495554768188659	0.495554768188659	9.29582257323042e-05	5412.0	30.47763884195111	0.08	0.48563368350039504	0.5118946998445645	25	0.01938110453434365
TMEM63B	TMEM63B	0.0031912971737645198	9485.0	0.495511560717656	-0.495511560717656	0.000104663787532531	6129.0	34.51616537118395	0.16	0.6031468312775392	0.7119071290817125	25	-0.15119285390317935
FAM177A1	FAM177A1	5.69293725371568e-06	9484.0	0.495511083165677	-0.495511083165677	9.75221567649665e-08	8059.0	45.38695505238256	0.12	0.5453729136542578	0.44185703240481045	25	-0.11284607199122161
LRRC74A	LRRC74A	0.40582597626537303	9483.0	0.495467039619151	-0.495467039619151	0.00321610375494779	14303.0	80.55649431114115	0.4583333333333333	1.2008428529652695	1.069570699564176	24	-0.6594943313551334
INHBA.AS1	INHBA.AS1	0.4135796257900321	9482.0	0.495141319412832	0.495141319412832	0.03342583827849175	10943.0	61.63118170553114	0.3333333333333333	1.1124252866567896	1.3006854787608522	24	-0.47458357713967625
LINC01560	LINC01560	0.0925124868622884	9481.0	0.49506894880290003	0.49506894880290003	0.0152433989654178	12202.0	68.72254139912133	0.3333333333333333	1.0127671864487144	0.9461211190525616	24	-0.5471796657115459
ATM	ATM	0.000556372948213417	9480.0	0.4950079806937379	0.4950079806937379	0.00106801796158365	6715.0	37.81683001013856	0.0	0.4052525185393813	0.24397958334436318	25	0.36788103710986303
UQCC2	UQCC2	0.00240943574635767	9479.0	0.49497783634251097	0.49497783634251097	1.5307831180845502e-06	1927.0	10.848259547144304	0.08	0.4759388296335068	0.6990950120518692	25	0.02723378994383608
ZNF766	ZNF766	1.40062971877559e-06	9478.0	0.494834907853941	0.494834907853941	1.20692120784794e-08	8467.0	47.685028725920915	0.16	0.5574232120296247	0.4616818801590009	25	-0.13556586659655914
NAT1	NAT1	0.0065132521975692	9477.0	0.494779000648548	0.494779000648548	5.6288975209888004e-11	13297.0	74.89016559648529	0.36	0.8925719800210123	0.48454653555040295	25	-0.8209592891229858
CTSH	CTSH	0.20742149026836398	9476.0	0.494554125143575	0.494554125143575	1.98011340058545e-05	10861.0	61.16931395741804	0.2	0.8462412757704376	0.678493227206174	25	-0.5183355360450714
IGBP1	IGBP1	0.000302892591229572	9475.0	0.49446335263092295	0.49446335263092295	2.8369053342676e-09	6790.0	38.23927002365664	0.08	0.5142281519199191	0.3713546343199479	25	-0.05322351591273641
SMAD1	SMAD1	0.0617163500474778	9474.0	0.494357850849951	0.494357850849951	0.0014647324140252699	2898.0	16.317449588825053	0.12	0.3951128847277719	0.47373813299856277	25	0.20949330275357037
DCTN1.AS1	DCTN1.AS1	0.0109766890061792	9473.0	0.494228078996868	-0.494228078996868	1.4680458389158345e-06	10153.0	57.18148022980736	0.25	0.8693606645817367	0.9085627779802493	24	-0.4128857077094825
IL22	IL22	0.82156057771888	9472.0	0.4941116382382029	-0.4941116382382029	0.00408576839214996	17682.0	99.58882505350907	0.8235294117647058	4.282727333596116	2.352265432178917	17	-1.6106242278315062
TIMM50	TIMM50	0.00240853296022115	9471.0	0.493997078643205	0.493997078643205	0.00343922479219652	521.0	2.928917427058691	0.12	0.45629631098123236	0.7612339058163323	25	0.049525865011941506
FGD5.AS1	FGD5.AS1	1.74182614617897e-06	9470.0	0.493930866772082	-0.493930866772082	0.007081671932421291	1839.0	10.352596597949757	0.12	0.3970272264634862	0.5232299518662255	25	0.18520277740784075
GTF2B	GTF2B	7.40591022714232e-05	9469.0	0.49377390561700896	-0.49377390561700896	9.37814189597619e-10	9531.0	53.678044384364085	0.2	0.7293455936977031	0.6511728563112928	25	-0.3617652145624437
TMSB15B	TMSB15B	0.0349703256924643	9468.0	0.493757280939751	0.493757280939751	0.0280415945050547	2828.0	15.923172242874845	0.20833333333333334	0.7365352284507619	1.174010614693798	24	-0.20679365626888435
B3GNT2	B3GNT2	0.00133857739449518	9467.0	0.49364545026193896	-0.49364545026193896	0.000152724782546684	15827.0	89.14047538582854	0.5416666666666666	1.546513294191721	1.568205908628929	24	-0.6713836736212127
MIR100HG	MIR100HG	0.10898715938888401	9466.0	0.49362128318792	0.49362128318792	0.0001482291918777611	10794.0	60.791934212008556	0.3333333333333333	1.1526145883841152	1.5300499146031556	24	-0.43070052741849035
ANAPC2	ANAPC2	2.2066285030266e-05	9465.0	0.49357086677771206	-0.49357086677771206	9.495001121633539e-08	10320.0	58.122113326574286	0.4	1.0040174753250997	0.893389773951126	25	-0.5713593589614024
DCST2	DCST2	0.00757429448707218	9464.0	0.493513392000337	0.493513392000337	0.008448235886855705	7928.0	44.64909316210431	0.16666666666666666	0.7078265228293428	0.9121657928772843	24	-0.23494975639569704
CTDSP2	CTDSP2	5.6952195307317104e-08	9463.0	0.493505645665517	-0.493505645665517	0.00154872836294071	2114.0	11.90154331418272	0.04	0.39528362781764725	0.41249773114554483	25	0.2381152923559071
CD99P1	CD99P1	0.0193684742478996	9462.0	0.49337016753389396	0.49337016753389396	0.0132912837084146	1218.0	6.854793286020052	0.12	0.47562700926288876	0.7854491453276279	25	0.022589824403722716
C22orf39	C22orf39	9.046232086142321e-05	9461.0	0.493325535560442	-0.493325535560442	1.8268511308768398e-05	4898.0	27.582516615973866	0.08	0.48315613638798643	0.6334842484043876	25	0.016053120812506597
TRIM52.AS1	TRIM52.AS1	0.0162616375856686	9460.0	0.4931938405083471	-0.4931938405083471	0.0012921449282968802	956.0	5.3790695054635576	0.04	0.2982424341800078	0.28619454069169425	25	0.6811849235739005
STK40	STK40	0.00021611800959486698	9459.0	0.4931587850443929	-0.4931587850443929	0.000425517624497618	7784.0	43.8380083361496	0.04	0.48973186274350616	0.37143454058532366	25	0.009226180999447324
DCP2	DCP2	0.00023132054278944902	9458.0	0.49308594374156295	0.49308594374156295	0.000764668107877784	8779.0	49.44237918215613	0.12	0.5929830982116076	0.628192145760566	25	-0.1590232465404306
FURIN	FURIN	7.27180535669099e-06	9457.0	0.493052915600829	-0.493052915600829	1.64815109365537e-07	10709.0	60.31316886335473	0.32	0.7329010758475663	0.5678650337916088	25	-0.4223682494505466
PGR	PGR	0.217849269992341	9456.0	0.49297518528430895	-0.49297518528430895	5.9349123293213e-05	15910.0	89.60797566745522	0.5217391304347826	2.1897070745527163	2.309697294910672	23	-0.7346122338226267
PHACTR3	PHACTR3	0.44138583933589504	9455.0	0.49291097089458297	0.49291097089458297	0.000304674315702106	11792.0	66.41320265855582	0.2916666666666667	1.1799780544546803	1.5008654547793843	24	-0.45778059676980903
TMEM208	TMEM208	4.36378277029494e-06	9454.0	0.492767126414468	0.492767126414468	3.12389183978022e-07	9256.0	52.129097668131124	0.12	0.6332719674037507	0.6488698819579861	25	-0.21653777574835917
RAP1GAP2	RAP1GAP2	0.0156722266849841	9453.0	0.49273554694291294	-0.49273554694291294	2.11731807471843e-05	6413.0	36.11580488903908	0.08	0.5629201380021944	0.6394753125170993	25	-0.10975340202426466
EDEM3	EDEM3	0.0013134112433965401	9452.0	0.49270348399815095	0.49270348399815095	8.91285964515013e-09	12439.0	70.05745184183846	0.2	0.7167950384419879	0.47304753302218705	25	-0.4737188946154519
WNT5B	WNT5B	0.0799692315971344	9451.0	0.492577581923876	0.492577581923876	0.00023753835472549803	7059.0	39.75442153880815	0.3333333333333333	1.0756270097229426	1.57070542092696	24	-0.37120227639819114
COA6	COA6	0.00360301104869616	9450.0	0.49255896878081895	0.49255896878081895	3.13689497548521e-10	10193.0	57.40678157035034	0.2	0.7816825259511253	0.6272922257477829	25	-0.4609072857959427
AAGAB	AAGAB	3.4441655248126196e-05	9449.0	0.49247894311522705	0.49247894311522705	1.11220942642145e-07	9975.0	56.17888926439112	0.04	0.5377670086608142	0.2782157312113854	25	-0.16278039113172119
RNF126	RNF126	0.00155042706547771	9448.0	0.492347353139152	-0.492347353139152	3.4539142321354e-07	11223.0	63.20829108933198	0.16	0.6991427399052195	0.41434672268134226	25	-0.49908778191327857
DENND6B	DENND6B	0.007822945878033229	9447.0	0.49232591490835803	-0.49232591490835803	0.00038101103077086296	6958.0	39.18553565393714	0.12	0.7395448251803391	1.4348714526710942	25	-0.17229342030031272
AGAP2	AGAP2	0.110654856375365	9446.0	0.49218952946330896	-0.49218952946330896	1.458487934685276e-13	13203.0	74.3607074462093	0.4166666666666667	1.2068664269936773	1.4950265461215362	24	-0.47803625921186127
ZNF41	ZNF41	0.000896864990144254	9445.0	0.492160834093331	0.492160834093331	0.000957070870896974	4861.0	27.374112875971612	0.04	0.3829673330399923	0.2577701731205456	25	0.42360797500909697
PDE9A	PDE9A	4.6851021709231007e-07	9444.0	0.492156968978484	0.492156968978484	0.012942772728008901	4951.0	27.881040892193308	0.16666666666666666	0.6756249237764056	1.0387121736483615	24	-0.17663021523422676
DLGAP1.AS2	DLGAP1.AS2	0.0437582483844799	9443.0	0.492088461291337	-0.492088461291337	4.364590025058315e-05	8196.0	46.15861214374225	0.16666666666666666	0.6157137919935165	0.665571332384736	24	-0.18574317234973312
DCLRE1C	DCLRE1C	4.34614912088126e-06	9442.0	0.49188113710198705	0.49188113710198705	0.0026789647533353197	4818.0	27.131913934887912	0.04	0.4160330080273043	0.4347389356160679	25	0.17446822187020924
ATP8B2	ATP8B2	0.0210536932156675	9441.0	0.491811901571579	-0.491811901571579	1.00864900138802e-06	12172.0	68.55356539371408	0.4	1.0327237880151965	1.220096783261865	25	-0.4433352287000691
CPSF6	CPSF6	4.016934870524961e-06	9440.0	0.491788910698825	0.491788910698825	0.000798628578902467	1671.0	9.406330967669257	0.08	0.40514413705302404	0.5753065562943057	25	0.15060626842826505
DSEL	DSEL	0.0306070013923035	9439.0	0.491706108841818	-0.491706108841818	0.0227326424550154	4735.0	26.66441365326124	0.12	0.5329701362386323	0.6098542521293433	25	-0.0676621131241415
KCNJ4	KCNJ4	0.6950741634502889	9438.0	0.49162530535416604	0.49162530535416604	4.996372834993331e-07	17230.0	97.04291990537344	0.75	2.6834025130545123	1.766643458351765	24	-1.2406449062139684
CENPBD1P1	CENPBD1P1	9.607348831714309e-06	9437.0	0.491547001483568	-0.491547001483568	0.0116065285102186	257.0	1.4419285794750478	0.04	0.2449838650148436	0.25560058684237363	25	0.964642294114831
CYP2C9	CYP2C9	0.3216719867305	9436.0	0.49152812743279906	0.49152812743279906	3.309288011729299e-05	17317.0	97.5329503210544	0.7083333333333334	2.980102223422016	2.515242409868536	24	-0.989397318614426
CACNA1A	CACNA1A	0.0582475573617783	9435.0	0.491349751060016	0.491349751060016	4.3289057042786176e-05	11656.0	65.6471781007097	0.4583333333333333	1.445910511014841	1.6705948908033008	24	-0.5713897278207448
TMEM198B	TMEM198B	0.00279562121739067	9434.0	0.491326271174464	-0.491326271174464	4.2127765304582407e-08	6645.0	37.422552664188345	0.16	0.6904950677744356	0.8232570417719167	25	-0.24192783844435223
PPP4R4	PPP4R4	0.354171529299317	9433.0	0.49127184257813	-0.49127184257813	0.006525287202871235	11722.0	66.0189253126056	0.3333333333333333	1.0025358457392584	1.1025685569439865	24	-0.4637026876389529
RNF40	RNF40	0.000192534926425485	9432.0	0.49111541227270594	0.49111541227270594	7.620364564066379e-05	4280.0	24.101610904584884	0.12	0.43704285329015746	0.405939020319944	25	0.13320364950363917
SIK3	SIK3	9.2544696645155e-06	9431.0	0.49096517482874497	-0.49096517482874497	3.3011469287039804e-05	4780.0	26.917877661372085	0.08	0.4133677724505435	0.344418144562765	25	0.22529998376453278
PEX5L	PEX5L	0.25860386317736606	9430.0	0.49087688847773797	-0.49087688847773797	0.002090725587657162	12580.0	70.85163906725245	0.4166666666666667	1.3643627465525132	1.3560799751980093	24	-0.6441256224193064
SASS6	SASS6	0.0268191373198623	9429.0	0.490806277363206	0.490806277363206	1.1862867637249401e-05	9875.0	55.61563591303368	0.08	0.5765711626501465	0.32571546099721777	25	-0.26331229418573143
SELL	SELL	0.0916400723165839	9428.0	0.490617594684629	-0.490617594684629	6.845710116721074e-05	14168.0	79.7961022868086	0.5	2.0192117494986284	2.7577655030233728	24	-0.5542872130129203
PDIA2	PDIA2	0.10183429989116699	9427.0	0.490518946628014	-0.490518946628014	0.008674059907349225	15009.0	84.53306297172468	0.5	1.8787644798607015	2.0733052432245973	24	-0.669580872266333
DUS3L	DUS3L	6.46813836971856e-05	9426.0	0.49031270472162103	-0.49031270472162103	3.00579202285783e-11	12043.0	67.826968570463	0.2	0.805268634571323	0.6999694825594762	25	-0.4499566591075494
ZMAT2	ZMAT2	0.00136040115521579	9425.0	0.490195533109437	0.490195533109437	0.00329598385482949	1962.0	11.04539822011941	0.0	0.335575932357089	0.26715908877496475	25	0.5787547841300964
PPA2	PPA2	3.5692341769921898e-06	9424.0	0.49001928711682596	0.49001928711682596	1.8041572411213798e-12	10067.0	56.69708234763996	0.2	0.6560273640131089	0.4322444478682855	25	-0.3840606344742901
TLR6	TLR6	0.0468999799147222	9423.0	0.49000200807340794	0.49000200807340794	0.00134378457087511	6204.0	34.938605384702036	0.20833333333333334	0.7347917428141751	1.1569079346734363	24	-0.21158964114967774
FOXA2	FOXA2	0.20764403434188802	9422.0	0.489879918461664	-0.489879918461664	0.05158117340796365	11716.0	65.98513011152416	0.375	1.1350892657837444	1.137894930470326	24	-0.5670201439911469
ZNF880	ZNF880	0.0023884255329638	9421.0	0.489830745737366	0.489830745737366	0.0013119055601513005	14528.0	81.82381435169539	0.5	2.2450618253235337	2.587975519324716	24	-0.6782255343915164
KLHL28	KLHL28	0.00145972747098344	9420.0	0.48958840095881895	0.48958840095881895	8.76736301974293e-07	9910.0	55.812774586008786	0.2	0.639366980393564	0.46378685068856784	25	-0.32294701588105423
ING3	ING3	1.10806872189351e-05	9419.0	0.4895230959548689	-0.4895230959548689	0.0015953685748107801	6780.0	38.18294468852089	0.2	0.6057985523140423	0.7944574065026343	25	-0.14635832633374518
DDR2	DDR2	0.10812110126766698	9418.0	0.48945770962050295	-0.48945770962050295	0.0034029505591752895	10150.0	57.16458262926664	0.20833333333333334	1.2624444423692747	2.00125540518111	24	-0.38625091567401304
TMEM37	TMEM37	0.0462144749318721	9417.0	0.48942130943537804	-0.48942130943537804	5.12600599976344e-07	11641.0	65.56269009800607	0.24	1.0489094388182876	1.510977112031856	25	-0.37028233249049625
TRAPPC13	TRAPPC13	2.13642414142626e-05	9416.0	0.489232814588662	0.489232814588662	3.4559558529369604e-05	9236.0	52.01644699785963	0.04	0.527104106409181	0.4012703155155807	25	-0.09437850335841384
BMT2	BMT2	0.00335401607574624	9415.0	0.48919703119633795	0.48919703119633795	0.000722706079794946	5278.0	29.72287935113214	0.12	0.6645449711273325	1.1816550108302326	25	-0.14839182191407524
FAM95C	FAM95C	0.266330303330165	9414.0	0.48918537539583296	0.48918537539583296	0.0012982171046748599	3008.0	16.937028275318237	0.24	0.7728327674470706	1.1482724928073686	25	-0.24702097614283064
RANBP3	RANBP3	2.69091134645971e-06	9413.0	0.489046533489004	-0.489046533489004	1.69528049576621e-06	7552.0	42.53126056100034	0.12	0.5640398309146092	0.466831830504266	25	-0.16064306785721602
SFXN2	SFXN2	0.00525008222979517	9412.0	0.489005480208707	0.489005480208707	5.571964830669821e-05	3805.0	21.42615748563704	0.08	0.49268510399445176	0.65305237623269	25	-0.005634500263166757
ZNF174	ZNF174	0.00057657951886071	9411.0	0.48893382006327	0.48893382006327	0.0199480849116416	1007.0	5.666328714655853	0.08	0.31524127285816744	0.5120674182236998	25	0.33919859187218176
SEZ6L	SEZ6L	0.261886255704761	9410.0	0.488859865104298	-0.488859865104298	8.621770322214565e-07	16333.0	91.99053734369718	0.7083333333333334	2.411861375294828	2.3069020722668845	24	-0.8335861037659421
NAB2	NAB2	0.0130207725280337	9409.0	0.48871610213089706	-0.48871610213089706	0.000962129877602127	2024.0	11.394615297961021	0.08	0.4405305857058041	0.5500444160014097	25	0.08760295536746154
ZC2HC1B	ZC2HC1B	0.6668526472531779	9408.0	0.48860786762028	-0.48860786762028	0.000424447793156605	15649.0	88.13788442041229	0.6086956521739131	1.9026173867096408	1.5842037283201813	23	-0.8925679783551027
LINC01260	LINC01260	0.261769954431157	9407.0	0.48859617312166104	0.48859617312166104	9.391037168952744e-05	17160.0	96.64864255942322	0.625	2.546987643150306	1.9240714941458807	24	-1.06981028318929
KLHL18	KLHL18	2.8313813675537096e-08	9406.0	0.48849075334222997	-0.48849075334222997	0.000434021073442937	3155.0	17.765010701813676	0.16	0.43361212486937795	0.4863539900873408	25	0.11283680115998794
DUSP5	DUSP5	0.158838596491144	9405.0	0.488476442167291	-0.488476442167291	0.0195373428483316	2460.0	13.850399909879462	0.08	0.5483750076745371	0.8567057511751652	25	-0.06991731457980951
ORAI3	ORAI3	0.0222509447809515	9404.0	0.48836082058160496	0.48836082058160496	0.0217075114660669	254.0	1.4250309789343245	0.08	0.36544069810509583	0.656072323740002	25	0.1873575793836134
TTC1	TTC1	0.00273324893699765	9403.0	0.48834661393697903	0.48834661393697903	6.42281368089237e-07	7112.0	40.0529458150276	0.12	0.5570762306748727	0.5161662000511916	25	-0.13315404366089306
HIVEP2	HIVEP2	0.0235592705915558	9402.0	0.488275321229118	-0.488275321229118	0.0152888920288687	2404.0	13.534978033119296	0.08	0.47730963196900716	0.7153257966454731	25	0.01532964323603947
PDE10A	PDE10A	0.132782229258753	9401.0	0.48820117481439	-0.48820117481439	0.039262363910008605	5579.0	31.418271938718036	0.20833333333333334	0.702188500046052	1.0941624847333107	24	-0.19557179872038744
TCP11L2	TCP11L2	0.0112621993401871	9400.0	0.48817798795577205	-0.48817798795577205	0.0009804201352433494	5907.0	33.265742931170436	0.125	0.49206090833332955	0.47159721261650467	24	-0.008233552433472558
CPXCR1	CPXCR1	0.758884850546573	9399.0	0.487978078282853	0.487978078282853	0.00950370290344313	15588.0	87.79429987608425	0.5714285714285714	2.097010772186773	1.9080150560931277	21	-0.8433018852579667
ACO2	ACO2	0.0127792636423003	9398.0	0.48785779371697796	-0.48785779371697796	0.00047180758070457804	2139.0	12.042356652022079	0.12	0.3439961684838096	0.3627772801111505	25	0.3965563256582411
PAXIP1.AS1	PAXIP1.AS1	2.0376721595659398e-05	9397.0	0.487803185438534	0.487803185438534	0.0153229865259331	2119.0	11.92970598175059	0.04	0.35045877821429905	0.4417720493659905	25	0.3108942890826726
SRI	SRI	0.00726955329691649	9396.0	0.48767673167017994	0.48767673167017994	6.13845178554264e-10	5021.0	28.275318238143516	0.08	0.4330715894612767	0.3828243833882741	25	0.1426375763361989
DENND6A	DENND6A	4.33395199613895e-08	9395.0	0.48763511568523	-0.48763511568523	0.0056618495005465895	1286.0	7.237805564943112	0.12	0.5016893881182899	0.7266211709133434	25	-0.019341952857489762
ZNF518B	ZNF518B	0.0105252396847757	9394.0	0.487557257549731	0.487557257549731	2.234624732676785e-08	11261.0	63.4223273628478	0.25	0.7828618626179376	0.8368894645342108	24	-0.35285974741307663
GFM2	GFM2	4.41264521643669e-06	9393.0	0.487527910301229	0.487527910301229	9.252209242899641e-07	6177.0	34.78652697983553	0.08	0.474605699313154	0.41787672808262594	25	0.030923499969397476
CBLN4	CBLN4	0.522548507441299	9392.0	0.487526366614964	0.487526366614964	0.000898652123815486	15534.0	87.49014306635124	0.6086956521739131	1.5571040056590655	1.2286920455846575	23	-0.8705009875238156
KCNT1	KCNT1	0.168515840254943	9391.0	0.487425334426532	-0.487425334426532	1.9691585905702978e-07	16654.0	93.79858060155458	0.5833333333333334	2.2885410987131443	2.0714257196939196	24	-0.8695053591169809
SDR42E1	SDR42E1	0.0416261733612882	9390.0	0.487281833679936	0.487281833679936	0.008348769610175149	2701.0	15.207840486650895	0.20833333333333334	0.8337930724873611	1.460923072741176	24	-0.23718650575985167
OSGIN2	OSGIN2	0.000429341126796537	9389.0	0.487227086687392	-0.487227086687392	4.134437837672489e-05	5997.0	33.772670947392136	0.12	0.5106413913868912	0.5361105845724172	25	-0.043674393629392065
THSD7A	THSD7A	0.0547747470552429	9388.0	0.487030962349817	-0.487030962349817	0.007610428528406671	8549.0	48.146896474034016	0.2	0.7324925640345807	0.9106029600935299	25	-0.26955941551030305
BEST4	BEST4	0.252981746247027	9387.0	0.48701278257870295	0.48701278257870295	0.06402178177525586	6929.0	39.022192182043476	0.08333333333333333	0.5530112072234323	0.590419538778213	24	-0.11178225026445346
SEC61G	SEC61G	0.0126370223257011	9386.0	0.48700821658555604	0.48700821658555604	4.737421459737011e-10	12307.0	69.31395741804663	0.28	0.8211942553917878	0.3360052623755028	25	-0.9945857289364772
NXF1	NXF1	5.54751810312408e-07	9385.0	0.4868653639456911	-0.4868653639456911	0.000404741917584797	3813.0	21.471217753745634	0.12	0.44709249877318663	0.5130993420608165	25	0.07751494089382452
CLIC4	CLIC4	0.0163490116120622	9384.0	0.486836108701492	-0.486836108701492	0.19644508140647002	68.0	0.37737974540948516	0.04	0.2870256270934708	0.2877541446364762	25	0.6943791612817414
CSNK1A1P1	CSNK1A1P1	0.39783195592400894	9383.0	0.48680242073692603	0.48680242073692603	0.022361814731689727	6873.0	38.706770305283314	0.125	0.5779888047295965	0.7191682152595228	24	-0.12679423542065807
CCL1	CCL1	0.781594199071648	9382.0	0.486670039712725	-0.486670039712725	0.001306705364990824	17125.0	96.45150388644812	0.625	2.265774291672581	1.7333289213648169	24	-1.0264089117944193
ZNF707	ZNF707	0.0131962041553546	9381.0	0.48660023994075996	0.48660023994075996	1.01973759730959e-08	10380.0	58.460065337388755	0.2	0.7645336310523386	0.7387139458877463	25	-0.37623953447578873
UHMK1	UHMK1	0.00202196637208269	9380.0	0.486496141504019	0.486496141504019	3.3485465165283603e-07	11455.0	64.51503886448124	0.16	0.6984901972911395	0.4862917896271375	25	-0.4359400267680155
THAP8	THAP8	0.00807450016354741	9379.0	0.486334817313122	0.486334817313122	1.61615745943606e-06	7778.0	43.80421313506815	0.08	0.6820806363475246	0.8336559128017977	25	-0.23480409126653826
GPBP1L1	GPBP1L1	0.00667978797041971	9378.0	0.486270259301258	0.486270259301258	3.69220544266335e-06	5337.0	30.055198828433028	0.08	0.46269634225104234	0.48757855831508407	25	0.04834896171742991
SLC4A9	SLC4A9	0.18466571010775	9377.0	0.48583077701043703	-0.48583077701043703	0.00673180872338967	10070.0	56.713979948180686	0.3333333333333333	0.9694975135747499	1.088102950407242	24	-0.4445045722771839
RNF180	RNF180	0.18360085468965698	9376.0	0.48582375145967	0.48582375145967	0.03347261854831565	6965.0	39.22496338853216	0.16666666666666666	0.9161395183034299	1.2565178053920993	24	-0.342466907350731
BCDIN3D	BCDIN3D	0.000163216635406322	9375.0	0.485699879834986	0.485699879834986	2.02336826853026e-09	9789.0	55.13123803086628	0.08	0.5835221272572307	0.29130433343458256	25	-0.3358077316217213
PELI1	PELI1	0.0718942247924549	9374.0	0.48558120545182204	-0.48558120545182204	0.010203222009879	2272.0	12.791483609327475	0.08	0.3986261232693844	0.487263465285834	25	0.1784559860884067
TPGS1	TPGS1	0.00188990451895841	9373.0	0.4854407996351521	-0.4854407996351521	1.31120428965783e-09	13305.0	74.93522586459389	0.44	1.3974418264973196	1.1716767516125475	25	-0.7783725550643595
POMK	POMK	0.0327957281845575	9372.0	0.48532806707733794	0.48532806707733794	0.0260847613796774	6334.0	35.670834741466706	0.16	0.49344101598380363	0.41609050528603997	25	-0.019498039016507887
HCLS1	HCLS1	0.0774642050282534	9371.0	0.48528589725258	-0.48528589725258	4.13158771034145e-06	17222.0	96.99785963726484	0.7916666666666666	3.013448993400995	2.784366364206601	24	-0.9079850728870622
CD4	CD4	0.0304010214139677	9370.0	0.48526569235111894	-0.48526569235111894	0.0009553435337412295	12617.0	71.0600428072547	0.2916666666666667	1.1578110831644353	1.8419784350648845	24	-0.3651212077244681
TMEM68	TMEM68	0.0217743575044426	9369.0	0.48520220356412896	0.48520220356412896	1.3965633351128699e-09	10553.0	59.434493635237125	0.12	0.7003853186998541	0.5932122841500823	25	-0.3627421765953922
TMEM260	TMEM260	0.00530015604440736	9368.0	0.48506737142257794	0.48506737142257794	1.57285535365192e-06	7616.0	42.8917427058691	0.12	0.4861812091883956	0.4739731576738342	25	-0.0023500017834008403
QPCTL	QPCTL	0.000400818859936747	9367.0	0.48499734558547	0.48499734558547	9.319176761012142e-05	5330.0	30.01577109383801	0.12	0.5772601684857548	0.7551515220046349	25	-0.12217789438517285
KBTBD3	KBTBD3	0.0506142202235317	9366.0	0.4849118520514	0.4849118520514	1.45842693161056e-07	8234.0	46.37264841725808	0.12	0.6600112388870523	0.6595381473966805	25	-0.2654878834936266
BTBD16	BTBD16	0.266902519359714	9365.0	0.48459397680565997	-0.48459397680565997	0.0005012579210085731	12453.0	70.13630731102849	0.391304347826087	1.0922014741309785	1.0140204184677526	23	-0.5992063732241713
GRK6	GRK6	0.0200291681043337	9364.0	0.48457819627221704	-0.48457819627221704	4.77135763138907e-07	7311.0	41.1738199842289	0.12	0.6690141913259045	0.8264949468552684	25	-0.2231544134122636
GPRC5A	GPRC5A	0.16069966029565802	9363.0	0.484464164176745	-0.484464164176745	0.019347299302559424	11544.0	65.01633434718936	0.25	0.9239611573864731	1.1185172865424007	24	-0.3929282081712983
INTS5	INTS5	8.665379877613791e-07	9362.0	0.48436666096226394	0.48436666096226394	0.0069443476050036	1804.0	10.155457924974653	0.08	0.4065017589959983	0.5005973218295351	25	0.15554398429798325
C11orf49	C11orf49	0.0177361042981229	9361.0	0.484281925166171	0.484281925166171	0.000782048807401099	1090.0	6.133828996282528	0.04	0.38728624062719696	0.6759789157056392	25	0.14348921583999769
RPUSD1	RPUSD1	0.0015321356526808	9360.0	0.48426086160988896	0.48426086160988896	1.5784237584838698e-05	9667.0	54.4440689422102	0.16	0.6331925269494129	0.5049647281085671	25	-0.2949347886086485
CD164	CD164	0.000359908378079459	9359.0	0.484234038043076	0.484234038043076	2.99734109412365e-09	11582.0	65.23037062070519	0.08	0.6337960773561878	0.41073362319425916	25	-0.36413390788407757
CCDC81	CCDC81	0.170869496966604	9358.0	0.484168831418621	-0.484168831418621	0.0006220817257298311	10037.0	56.52810634223273	0.16666666666666666	1.0358513079667382	1.5129089725213485	24	-0.36465014522896716
ZBTB22	ZBTB22	8.24625691637137e-05	9357.0	0.4841519054012729	-0.4841519054012729	1.9326061343479396e-05	11270.0	63.47302016446997	0.28	0.7374837150442698	0.6552248513268962	25	-0.38663339635237354
OLA1	OLA1	2.1001706718786997e-10	9356.0	0.4841153261403371	0.4841153261403371	7.16090481041618e-10	9553.0	53.80196012166272	0.12	0.6456721425169962	0.6233702862831766	25	-0.25916669422910094
RWDD2B	RWDD2B	0.0278307007429639	9355.0	0.48400510480518794	0.48400510480518794	1.27728347194436e-09	8706.0	49.0312042356652	0.28	0.8460061150831502	1.0448638269050776	25	-0.3464575966326843
CCDC134	CCDC134	0.051411781797494005	9354.0	0.484004884139711	0.484004884139711	0.00657924526716581	1546.0	8.702264278472455	0.04	0.38060233594528853	0.44096671287804473	25	0.2344905979853854
MGA	MGA	3.0078223893004502e-06	9353.0	0.48393678449477295	0.48393678449477295	0.0132857070332918	4233.0	23.836881829446884	0.12	0.4686108943120154	0.4630844163402906	25	0.03309524061266519
USP12	USP12	0.00270203738174715	9352.0	0.48391319188732795	-0.48391319188732795	0.00437888625501759	3808.0	21.443055086177765	0.0	0.34974097367108753	0.26641028884031964	25	0.5036300166945138
EIF2B2	EIF2B2	0.00380141449978773	9351.0	0.48387735240122204	0.48387735240122204	0.0038700826465685708	15957.0	89.87270474259321	0.5416666666666666	1.8936016114227854	1.6582963896537726	24	-0.8501039185859246
YEATS4	YEATS4	0.00350509118008757	9350.0	0.483843226406374	0.483843226406374	0.000526141419064179	4656.0	26.219443505688858	0.04	0.44032154422278663	0.5193170003829682	25	0.08380561805504631
LINC00674	LINC00674	0.00600056540838484	9349.0	0.48345828905114	0.48345828905114	0.00958897011687106	3314.0	18.660583530472007	0.12	0.5851907615354741	0.9952596851584561	25	-0.1022170133095838
PSMB2	PSMB2	0.000293465534833341	9348.0	0.48344577842710207	0.48344577842710207	1.4317804114409198e-07	6254.0	35.22023206038075	0.16	0.5762448120703586	0.6329587048601778	25	-0.14661151340632259
CARD11	CARD11	0.12238037432475801	9347.0	0.483089970673965	0.483089970673965	1.009875283848141e-06	13356.0	75.22248507378619	0.375	1.368576278270064	1.838780419387785	24	-0.4815617450891272
IDNK	IDNK	0.0026654548609604603	9346.0	0.482863128824183	-0.482863128824183	0.00267005043824729	985.0	5.542412977357215	0.04	0.42673646627483114	0.5262021349517979	25	0.10666369218455042
B4GALT4	B4GALT4	1.82126464416029e-06	9345.0	0.482779044060606	0.482779044060606	1.25232949283172e-09	10106.0	56.91675115466936	0.16	0.6948410073010668	0.5574007011001437	25	-0.380447966466338
ARV1	ARV1	0.00146460949193264	9344.0	0.482754146985073	0.482754146985073	2.1085041865559497e-11	9140.0	51.47572378055649	0.2	0.6095913107511028	0.48316667921521966	25	-0.262512232780713
KLHL29	KLHL29	1.33813072036329e-07	9343.0	0.48237831033012896	-0.48237831033012896	8.63652053316128e-06	10254.0	57.75036611467838	0.16	0.7006036086251948	0.7230700434839794	25	-0.301803815911924
LHPP	LHPP	0.00166573293966596	9342.0	0.4822275855940779	0.4822275855940779	0.000719363355039034	3696.0	20.81221133265743	0.04	0.4944015522930385	0.7423023489134352	25	-0.016400280447422214
ST7L	ST7L	0.0032606563906801603	9341.0	0.481988074001586	-0.481988074001586	4.19399272453382e-06	7249.0	40.82460290638729	0.0	0.3722700124411433	0.23598036612062911	25	0.4649457213925869
ZNF316	ZNF316	4.3323319541157904e-08	9340.0	0.48194165319354704	-0.48194165319354704	2.82606057935245e-07	9916.0	55.84656978709023	0.32	1.104523622836443	1.4406476471464054	25	-0.43215422652172375
KANSL1.AS1	KANSL1.AS1	0.0259787416347703	9339.0	0.481923967546758	0.481923967546758	0.006253266493755429	4162.0	23.436971949983104	0.08333333333333333	0.6249381325428766	1.2075844300111447	24	-0.11842995110064371
ADAT1	ADAT1	0.00392589845770852	9338.0	0.481889561843302	0.481889561843302	3.12969116547143e-05	4885.0	27.509293680297397	0.12	0.4421690516923667	0.3670469072438827	25	0.10821644146028231
PDCD5	PDCD5	0.0312941869136504	9337.0	0.481846718535185	0.481846718535185	2.64202686697362e-06	7051.0	39.70936127069956	0.04	0.4709771446329917	0.44262284762126936	25	0.024557191208290047
TMEM212	TMEM212	0.37803770908107504	9336.0	0.481831533913951	-0.481831533913951	0.00688293035087585	15289.0	86.1101723555255	0.4583333333333333	1.5851518633687949	1.4612184578879932	24	-0.7550687055031827
SPANXB1	SPANXB1	0.8106342242184641	9335.0	0.48176655227504606	0.48176655227504606	1.5123244487841199e-05	16729.0	94.22102061507266	0.6086956521739131	2.540456870546155	2.6033763196446533	23	-0.7907770777265536
ACTR6	ACTR6	0.000375192304921106	9334.0	0.481687168499696	0.481687168499696	5.16025724131644e-07	11046.0	62.21133265742931	0.08	0.6512108120172949	0.38544992818060586	25	-0.4398071737041994
FKBP6	FKBP6	0.0355328199068116	9333.0	0.481645260907769	-0.481645260907769	4.813310799914164e-07	14030.0	79.01881266193533	0.5416666666666666	1.3811248245011063	1.4516032326580832	24	-0.6196456051880428
BTN3A2	BTN3A2	0.0483785826542819	9332.0	0.481626514463264	-0.481626514463264	0.00614468161370024	2154.0	12.126844654725694	0.16	0.617278334426461	1.074612438971592	25	-0.12623324934989236
SLC7A4	SLC7A4	0.32706065645082105	9331.0	0.48162254565955104	-0.48162254565955104	0.03095970222372025	10748.0	60.53283767038413	0.3333333333333333	0.9794202039572194	1.0345607584447671	24	-0.4811681230264299
VWA5B1	VWA5B1	0.5331688163609349	9330.0	0.48145457270872793	0.48145457270872793	6.62922976686958e-06	16235.0	91.43854905936689	0.7391304347826086	2.0645373945195202	1.3788557996827917	23	-1.148113401107631
TKT	TKT	0.0456702863501112	9329.0	0.48142338188636297	0.48142338188636297	0.0234027480233788	2393.0	13.473020164469977	0.04	0.3378419643149853	0.3394404870110159	25	0.4229943777057979
TSSC4	TSSC4	1.93456129417063e-05	9328.0	0.48138192071204794	-0.48138192071204794	0.00221328953900945	8404.0	47.33017911456573	0.08	0.4732682241547122	0.43226162072092067	25	0.018770337611291543
LNX1	LNX1	0.0232818064680747	9327.0	0.48137397477220795	0.48137397477220795	3.3703971721754803e-09	10262.0	57.79542638278697	0.04	0.6147937283531842	0.4002468423111779	25	-0.3333436756441594
LINC00944	LINC00944	0.22413740678319297	9326.0	0.481016864559881	0.481016864559881	0.005785260319261049	11323.0	63.77154444068942	0.4166666666666667	1.3724524371371887	1.6259411420144272	24	-0.5482582053818267
MGAT2	MGAT2	0.00169890638457518	9325.0	0.480886991207407	0.480886991207407	0.0324509108627468	762.0	4.286358003830123	0.12	0.38928330911589804	0.48230460239603584	25	0.18992910628766974
NPM1	NPM1	0.00035763047259986804	9324.0	0.48080187676459496	0.48080187676459496	1.06858317524186e-06	10705.0	60.29063872930043	0.08	0.601420066962088	0.45773335772684937	25	-0.2635119074486844
EXOSC1	EXOSC1	2.48883114236859e-07	9323.0	0.48079576297516297	0.48079576297516297	5.13152552198891e-06	5491.0	30.92260898952349	0.12	0.49443453064695164	0.49883507712469694	25	-0.027341236206569548
COL6A2	COL6A2	0.195509134991854	9322.0	0.480647651575884	-0.480647651575884	2.2632186597713703e-08	13686.0	77.08122113326574	0.4583333333333333	2.124203822000878	2.8271117186395074	24	-0.5813552254015358
CCNC	CCNC	0.000217187843720131	9321.0	0.480549996031693	0.480549996031693	7.291917359827841e-11	12134.0	68.33952912019826	0.24	0.8112066174727757	0.5817593344153086	25	-0.5683735556618198
ASB1	ASB1	3.4899771544413596e-06	9320.0	0.48053591569409204	-0.48053591569409204	1.3749632024729998e-05	3695.0	20.806578799143857	0.16	0.5154012309646068	0.6179714164058181	25	-0.05641897722922978
TSSK3	TSSK3	0.0029689462104016	9319.0	0.480534437929027	-0.480534437929027	4.86602332114219e-07	11249.0	63.35473696068491	0.12	0.7279049964580558	0.7442775156738786	25	-0.3323633366850486
PPBPP2	PPBPP2	0.836232174243609	9318.0	0.480487539615675	0.480487539615675	0.020993101603241936	15054.0	84.78652697983553	0.4583333333333333	1.5604664405491102	1.2492856407299622	24	-0.8644771585643133
COL16A1	COL16A1	0.109637575695021	9317.0	0.48048127926093104	0.48048127926093104	7.85337965055935e-07	13783.0	77.62757688408246	0.4166666666666667	1.4815159324341414	1.7237334194639675	24	-0.5807363492926325
MOB2	MOB2	0.000336352078285446	9316.0	0.48047599206899	-0.48047599206899	0.000187448401356318	4466.0	25.149262138109723	0.08	0.5324531281105342	0.43828306869312444	25	-0.11859261685953336
USP9X	USP9X	3.17255772552144e-06	9315.0	0.480267153410082	0.480267153410082	0.0150585251488455	2968.0	16.711726934775264	0.04	0.35133815876828467	0.3333351139096545	25	0.3867849178251939
CALM1	CALM1	4.01036461686425e-08	9314.0	0.48020971811564	-0.48020971811564	0.00327861313239222	1138.0	6.404190604934099	0.04	0.2807793628073513	0.24380011626314485	25	0.818007630041629
CTLA4	CTLA4	0.381610509907647	9313.0	0.480102364893742	-0.480102364893742	0.01420640069578047	14594.0	82.1955615635913	0.5	1.7198818715711381	1.7897967768786225	24	-0.6926928926755317
P2RX5	P2RX5	0.44767732112572206	9312.0	0.4800791341687321	0.4800791341687321	7.557475118023401e-10	13919.0	78.39360144192858	0.44	1.369740347662702	1.8566795616578537	25	-0.47916788220557543
FXR2	FXR2	9.77097302838069e-05	9311.0	0.480034005041731	-0.480034005041731	5.4093283284493396e-05	3129.0	17.61856483046074	0.08	0.42400644487787836	0.31256575115879665	25	0.17925047755916243
N4BP2L1	N4BP2L1	0.000176257400610902	9310.0	0.48003069427005396	-0.48003069427005396	0.033032450779979475	4982.0	28.055649431114116	0.25	0.9505305106921945	1.6940709592090342	24	-0.2777332400773921
SDE2	SDE2	0.00031826422827567404	9309.0	0.47981203857028	-0.47981203857028	0.00424996368123767	2129.0	11.986031316886335	0.08	0.5642975328751458	1.1468811919549817	25	-0.07366542837872446
PRSS55	PRSS55	0.857765744992879	9308.0	0.479549440105739	0.479549440105739	0.00038768765548973503	13835.0	77.92046862678832	0.4583333333333333	1.4622374813866716	1.3842557382973482	24	-0.7099035345084798
SSUH2	SSUH2	0.475781655173534	9307.0	0.47950340462089897	-0.47950340462089897	0.0023737515441499503	10616.0	59.78934324659231	0.2916666666666667	0.8825751095560114	0.9623144358384464	24	-0.4188565503373371
SLC35B3	SLC35B3	3.54493915782576e-05	9306.0	0.47922655134324604	0.47922655134324604	2.51946044810781e-08	9034.0	50.8786752281176	0.12	0.661592339038381	0.632231296387323	25	-0.2884478967384311
LZIC	LZIC	0.00347651474407055	9305.0	0.479215165876236	0.479215165876236	6.560015206020221e-07	8033.0	45.24050918102962	0.16	0.6079822981882339	0.5517646619171555	25	-0.23337328611184524
TBC1D7	TBC1D7	2.17701115832558e-08	9304.0	0.479099720852586	0.479099720852586	3.6840927498217797e-09	8727.0	49.14948743945026	0.12	0.6935389777313828	0.6546895408889108	25	-0.32754342858088115
TMEM106C	TMEM106C	0.0020166214153867	9303.0	0.479055742035359	0.479055742035359	3.5262269001195496e-11	10879.0	61.27069956066238	0.16	0.7510786063946605	0.6393868471237945	25	-0.42544332211862657
NOXA1	NOXA1	0.0104973166408777	9302.0	0.478863990743109	0.478863990743109	0.001668088254062275	10737.0	60.47087980173482	0.2916666666666667	0.9838626379438326	1.2412517235169622	24	-0.4068462807607312
ATAD3B	ATAD3B	0.0116190514555869	9301.0	0.47883526697612605	0.47883526697612605	8.42550481410995e-06	7966.0	44.86312943562014	0.24	0.6107454338425891	0.6286961390331913	25	-0.20981545563380494
DPH3P1	DPH3P1	0.263022579436523	9300.0	0.47874221770015596	0.47874221770015596	0.2731173196421355	1172.0	6.595696744395629	0.041666666666666664	0.41383637272359836	0.9960169547991266	24	0.06516540171713
NEU1	NEU1	0.000150101272341591	9299.0	0.478704193384841	0.478704193384841	0.000308599788393268	2635.0	14.836093274754983	0.12	0.5873999963664955	1.0836576020733995	25	-0.10030456370506986
UBA2	UBA2	0.029771812016419996	9298.0	0.47861737160265294	0.47861737160265294	0.00611127751384627	1630.0	9.175397093612705	0.04	0.29901474256391436	0.2607936385619253	25	0.6886771856442044
CCDC14	CCDC14	0.0140856506892514	9297.0	0.478533137893016	0.478533137893016	0.0015302753266945401	3349.0	18.85772220344711	0.04	0.3806171630199917	0.3106396097152766	25	0.3152076290682031
ISG20	ISG20	0.12780296252773	9296.0	0.47850051526952103	-0.47850051526952103	0.003991555467696304	8031.0	45.229244114002476	0.16666666666666666	0.7150156343709364	0.9599725638758609	24	-0.24637695701061763
MOG	MOG	0.6140751472337651	9295.0	0.47846469576821093	-0.47846469576821093	5.97831663071085e-05	17397.0	97.98355300214035	0.782608695652174	2.975090797266238	2.4438788641085964	23	-1.0215834091304974
CCAR1	CCAR1	5.64552952490186e-06	9294.0	0.47844531204022495	0.47844531204022495	0.000157475532823839	4457.0	25.098569336487554	0.08	0.4684411246615362	0.45994226621181367	25	0.02175096335695662
XPOT	XPOT	3.14422006569835e-05	9293.0	0.47840733057134704	0.47840733057134704	4.72364976892333e-05	6600.0	37.1690886560775	0.04	0.4444696571910052	0.3070304826696234	25	0.1105351920931581
EEPD1	EEPD1	0.00103066671029481	9292.0	0.478356874442214	-0.478356874442214	1.42131312323655e-07	10814.0	60.90458488228005	0.08	0.9211416229910842	1.358898311454439	25	-0.32584097339480417
ROR2	ROR2	0.164049810622928	9291.0	0.478338979951285	0.478338979951285	3.0006407493447397e-07	11512.0	64.83609327475499	0.2	0.9026715348375659	0.9474990723608973	25	-0.4478448235616372
C14orf180	C14orf180	0.560182444011261	9290.0	0.47829328498019397	0.47829328498019397	2.186762601138135e-06	17519.0	98.67072209079643	0.625	2.5677649269442653	1.977548184123616	24	-1.0565970825586009
ZNF550	ZNF550	0.0226556374723531	9289.0	0.478290817683896	0.478290817683896	0.00150716105500228	4471.0	25.177424805677592	0.08	0.5557466867700823	0.7972792802346569	25	-0.09715023456195848
SS18L1	SS18L1	0.0402264311567562	9288.0	0.478166315978063	0.478166315978063	0.000727155540157431	3047.0	17.15669708234764	0.08	0.4077586978049205	0.43633447509624085	25	0.16136157510270732
FAM102B	FAM102B	0.0261583702095481	9287.0	0.478137055775114	-0.478137055775114	0.088424097901446	465.0	2.613495550298524	0.16	0.3610870420344583	0.4381917069615783	25	0.26712055906370435
HEATR1	HEATR1	7.30747948689456e-08	9286.0	0.47810985620586893	0.47810985620586893	0.000495988331573949	5728.0	32.25751943224062	0.16	0.5921556269053587	0.6241108645724471	25	-0.18273319240743852
SLC39A10	SLC39A10	0.00258669287946573	9285.0	0.4780183797869871	0.4780183797869871	0.000244765172187578	6747.0	37.99707108257294	0.12	0.5689566687945294	0.6688128011048782	25	-0.13596971956474574
YIPF2	YIPF2	0.000318247718280884	9284.0	0.47800040271487804	0.47800040271487804	0.009030108813328159	2984.0	16.801847470992453	0.08	0.4017068211403555	0.5482813778327927	25	0.1391504155696302
FKBP1A	FKBP1A	1.5167352325644098e-15	9283.0	0.477985457335208	-0.477985457335208	0.00012355737847113602	3966.0	22.33299538132252	0.0	0.35159965911955626	0.2739837690076794	25	0.4612893627728338
CERK	CERK	0.0048138065824517	9282.0	0.47791210522640104	-0.47791210522640104	0.000404891817354156	3117.0	17.55097442829785	0.08	0.6437994098442676	1.1768303570102505	25	-0.1409611025324882
FOXP1	FOXP1	6.84205623938024e-07	9281.0	0.47784794721991397	-0.47784794721991397	0.00484251577431663	5601.0	31.542187676016674	0.125	1.0161457834885457	2.284639982967814	24	-0.23561604466423067
CMAS	CMAS	9.46951824406817e-06	9280.0	0.47773532912239497	0.47773532912239497	0.000311062751284299	5808.0	32.708122113326574	0.08	0.5620630848503229	0.5799035805566656	25	-0.14541685644875538
GDF11	GDF11	0.0363424584710078	9279.0	0.47769302204899294	0.47769302204899294	0.0611787615551644	1405.0	7.908077053058466	0.04	0.4509782378282972	0.952436693821722	25	0.028048881772394448
CUBN	CUBN	0.0672558876076036	9278.0	0.47747356231496296	-0.47747356231496296	1.4804615023679139e-08	15402.0	86.74664864255942	0.5833333333333334	1.8273229424097728	1.9346586604094622	24	-0.6977196586239766
RSPH4A	RSPH4A	0.287319781433562	9277.0	0.47726970964238896	-0.47726970964238896	8.203014373700335e-05	13881.0	78.17956516841275	0.4583333333333333	1.0300970925799902	0.6354493483734069	24	-0.869978676274832
TMEM138	TMEM138	7.4458445221818405e-06	9276.0	0.477038348817361	0.477038348817361	2.722808698102e-05	6846.0	38.554691900416806	0.12	0.6105132938388577	0.7680795893558808	25	-0.17377749242553114
NECAB2	NECAB2	0.35063764760852395	9275.0	0.47694235804001295	-0.47694235804001295	1.810609346184155e-05	14272.0	80.38188577222034	0.5	1.3320588884497515	1.2367146163906892	24	-0.6914420829806054
CHAC1	CHAC1	0.13952025040514401	9274.0	0.47685546927924105	-0.47685546927924105	0.00369186726052488	3635.0	20.46862678832939	0.25	0.8482687594159164	1.1580112433188465	24	-0.3207337513167914
ZNF628	ZNF628	0.000267462327917715	9273.0	0.476834260715858	-0.476834260715858	2.01168738182011e-09	13621.0	76.7151064548834	0.4	1.2322437165789035	0.7277373906101711	25	-1.0380247952213544
ELK4	ELK4	0.00044779196606788	9272.0	0.47678728646134794	0.47678728646134794	0.000379942317122325	5159.0	29.052607863016785	0.08	0.40388600410280623	0.40698754186549835	25	0.1791241128030258
ZFP69	ZFP69	0.000295938318782332	9271.0	0.476514398777752	0.476514398777752	0.0149781570986719	947.0	5.328376703841388	0.16	0.6259980046297207	1.1337137172173457	25	-0.13185304506932324
GET4	GET4	6.28358003894808e-05	9270.0	0.47645342073854297	0.47645342073854297	0.00225805333409529	3675.0	20.69392812887237	0.08	0.3955340906043314	0.4723803155594016	25	0.17130123222510948
BRF2	BRF2	1.39146084488742e-07	9269.0	0.476434691118228	-0.476434691118228	2.94767499953143e-06	4509.0	25.391461079193423	0.08	0.38981101688883885	0.3734690522337944	25	0.23194337980958618
POLR3E	POLR3E	5.1102381996490795e-05	9268.0	0.47643071190036795	0.47643071190036795	6.355210871963779e-05	2184.0	12.295820660132927	0.12	0.34811625423259507	0.385843459795438	25	0.33255574096241297
NDUFB3	NDUFB3	2.35065435884857e-05	9267.0	0.47639753555835607	0.47639753555835607	1.79622379664608e-11	11562.0	65.1177199504337	0.28	0.7551679681490124	0.46163872396104755	25	-0.6038714217877845
COPB2	COPB2	1.9995285975623102e-07	9266.0	0.476366978585194	0.476366978585194	1.06553829847909e-10	11053.0	62.250760392024326	0.16	0.6786373958191427	0.5051820127951974	25	-0.40039117013445585
NR2F6	NR2F6	0.000906525403350284	9265.0	0.476166408942174	0.476166408942174	0.0153764396070212	2539.0	14.29537005745184	0.08	0.42633442427846474	0.41463837459687314	25	0.120181796275267
GPR173	GPR173	0.0647947250195698	9264.0	0.476164952085073	0.476164952085073	3.0036721581067848e-06	16976.0	95.61225639292553	0.7083333333333334	2.448933598462573	1.9863948931208604	24	-0.9931402125576593
MPC2	MPC2	5.02366652299452e-06	9263.0	0.47610045742205603	0.47610045742205603	5.9890914400742005e-05	6425.0	36.18339529120198	0.12	0.5948700447168789	0.6958568690737558	25	-0.17068105895529231
CD84	CD84	0.22681434117146201	9262.0	0.475867280473903	0.475867280473903	0.02801162669485425	10389.0	58.510758139010925	0.2916666666666667	1.5723589460193483	2.5987249657977967	24	-0.4219344793991416
TIMM17A	TIMM17A	6.11132654646448e-05	9261.0	0.47584832376306296	0.47584832376306296	2.8405097975701897e-09	9399.0	52.93454996057226	0.2	0.7394312354656298	0.6753734328596646	25	-0.39027728790945293
MORF4L2	MORF4L2	0.000253779499862008	9260.0	0.47572618025654495	0.47572618025654495	9.089070513645571e-10	10597.0	59.6823251098344	0.16	0.5898948595625302	0.33590792115692447	25	-0.33988087840491743
GAA	GAA	0.00126478564266939	9259.0	0.47570087631680297	-0.47570087631680297	0.000154543852048492	7916.0	44.581502759941415	0.16	0.7008262160122193	0.8124217417396942	25	-0.2771040312305528
PRPF3	PRPF3	4.4317214348717896e-05	9258.0	0.475654291365975	0.475654291365975	2.05442161860918e-06	5757.0	32.420862904134275	0.12	0.47584788094282165	0.4802674597885045	25	-0.0004030870151642725
CHPF2	CHPF2	8.51508614450845e-06	9257.0	0.47557218509282795	0.47557218509282795	0.000336415184351529	4378.0	24.653599188915173	0.32	0.8623914085806623	1.358444971840068	25	-0.2847514853427388
HERC1	HERC1	3.76111284715261e-05	9256.0	0.475567732426698	-0.475567732426698	0.00859012749172864	876.0	4.9284668243776055	0.08	0.3222404471559001	0.44266948875117673	25	0.3463696712040226
HEATR5B	HEATR5B	2.3499349558022698e-08	9255.0	0.47552115766588204	-0.47552115766588204	0.000419883980797279	4034.0	22.71600766024558	0.08	0.44904103277744717	0.5176189024176334	25	0.0511575693328714
ZSWIM3	ZSWIM3	0.00213633441511405	9254.0	0.47547943543028004	0.47547943543028004	0.10247074031795698	3.0	0.01126506702714881	0.08	0.3494821612064154	0.6247794396514833	25	0.20166680627990718
FAM53C	FAM53C	2.6356492219978297e-06	9253.0	0.475437533328494	-0.475437533328494	9.779206064113192e-09	6510.0	36.662160639855806	0.08	0.46332714353170934	0.37739739494430746	25	0.03208922467144154
ELMOD2	ELMOD2	0.000698342970812094	9252.0	0.47543415712534204	0.47543415712534204	3.0550114352492704e-08	11464.0	64.5657316661034	0.04	0.6237357897384329	0.2918159639192594	25	-0.5082026035221413
ABCB7	ABCB7	1.94622047198728e-09	9251.0	0.47539561739771596	0.47539561739771596	0.0606044063344924	9192.0	51.76861552326236	0.24	1.063062905919426	1.484819190898183	25	-0.3957837372550552
VPS13B	VPS13B	0.000994646957369063	9250.0	0.475324372919814	0.475324372919814	0.0008122344672857611	5658.0	31.863242086290413	0.04	0.4588044146179795	0.4255726464934374	25	0.03881818636125443
PDCD6	PDCD6	4.18389185065893e-07	9249.0	0.47504721300656	0.47504721300656	2.5370207470931202e-08	4356.0	24.52968345161654	0.08	0.48660231877303234	0.53015859908725	25	-0.021795564169601777
NLRP2	NLRP2	0.5850336329860389	9248.0	0.474943804215644	0.474943804215644	0.002442502926816589	7976.0	44.919454770755884	0.20833333333333334	0.7190191156937072	0.8348804992834495	24	-0.29234760146816824
LINC00847	LINC00847	0.0011336950361654301	9247.0	0.4748605899711789	0.4748605899711789	0.00641796845662695	2600.0	14.63895460177988	0.16	0.6812606217397774	1.1724224540574621	25	-0.17604578542000743
EVL	EVL	0.00347455785283363	9246.0	0.474783811414504	-0.474783811414504	4.80636730975318e-06	9288.0	52.3093387405655	0.12	0.6976631019232891	0.7096426444482148	25	-0.31407257195216287
PAPLN	PAPLN	0.0463300336392075	9245.0	0.47476094984096207	0.47476094984096207	0.000466971954138188	5239.0	29.50321054410274	0.12	0.548071538649773	0.6254634632829134	25	-0.11721002602457473
SBNO2	SBNO2	0.0547035249395281	9244.0	0.47474475759493895	-0.47474475759493895	0.000629009710832615	7352.0	41.40475385828545	0.32	0.8905785836095116	1.0245311581186929	25	-0.40587718852606913
GNB2	GNB2	3.5692386918160103e-06	9243.0	0.47411876609670506	-0.47411876609670506	0.000377950095199966	6414.0	36.12143742255266	0.36	0.6895076602980477	0.555039138012596	25	-0.3880607320279721
ZBTB11.AS1	ZBTB11.AS1	0.00842860179457068	9242.0	0.474105608165627	-0.474105608165627	0.0005979853258224519	1081.0	6.083136194660359	0.08	0.335404982517396	0.3683349742650256	25	0.37656110697875983
UBE2K	UBE2K	0.00156939426577536	9241.0	0.47408338961410096	0.47408338961410096	0.0026081534054819603	3170.0	17.84949870451729	0.08	0.3711082199823503	0.38046651679538235	25	0.2706550119024836
WBP2	WBP2	8.03263922196384e-05	9240.0	0.474061063281524	-0.474061063281524	0.00472061241519504	2929.0	16.49205812774586	0.12	0.42328784192165614	0.4489734754837474	25	0.11308735177542978
RDH5	RDH5	0.00012604720312680502	9239.0	0.4740490882972179	-0.4740490882972179	1.4695472389636903e-05	5707.0	32.13923622845556	0.08	0.5927100592159043	0.8479258156109544	25	-0.13994263263843165
TOLLIP.AS1	TOLLIP.AS1	0.162649078593121	9238.0	0.474026474273815	0.474026474273815	0.03620626673048105	4543.0	25.58296721865495	0.08333333333333333	0.5516666675591907	0.7594106088537607	24	-0.10223743569050775
KCNMB3	KCNMB3	0.0044822634363853794	9237.0	0.473985249818348	0.473985249818348	2.0201110248629103e-06	7911.0	44.553340092373546	0.12	0.5890592114815858	0.6085524412454983	25	-0.18909456911835046
KIF16B	KIF16B	0.0087910211809916	9236.0	0.4739505035649779	0.4739505035649779	7.28360062969492e-05	4463.0	25.132364537569	0.12	0.5004707910363221	0.4786651622689849	25	-0.05540467441923659
P2RY13	P2RY13	0.0621170436780659	9235.0	0.47388824522397993	-0.47388824522397993	0.0017843329501355202	12840.0	72.31609778078179	0.4166666666666667	1.7232443870149154	2.352094109441836	24	-0.5311675824431251
SEMA3D	SEMA3D	0.329794884442719	9234.0	0.4738603113315179	-0.4738603113315179	0.00020441740780445652	10167.0	57.2603356989974	0.25	0.8832257233736258	1.0661300442696227	24	-0.3839732443921072
IL13RA1	IL13RA1	0.00494686615889893	9233.0	0.473830610866331	0.473830610866331	5.7599421663333206e-05	9385.0	52.855694491382216	0.12	0.7199160871398287	1.0908560638792275	25	-0.22558931872128518
CNTROB	CNTROB	0.0122482461883871	9232.0	0.4738187066014671	-0.4738187066014671	1.36884018287228e-05	5338.0	30.060831361946605	0.04	0.3989081443971528	0.3064435246425827	25	0.24445144432953994
CSF2	CSF2	0.47421242250640794	9231.0	0.473739391585214	0.473739391585214	0.00146533758988094	14732.0	82.97285118846456	0.5217391304347826	2.1197180443615613	2.241409146398029	23	-0.7343499313462938
TBC1D9	TBC1D9	0.000392561524626117	9230.0	0.473671491523721	-0.473671491523721	0.0457311290699257	497.0	2.7937366227329052	0.0	0.30543461189167936	0.2785086488399241	25	0.6040633938400155
ARCN1	ARCN1	9.48153955827789e-19	9229.0	0.473614564060464	0.473614564060464	1.65671574162653e-05	6799.0	38.289962825278806	0.04	0.4559762620811576	0.37166064967051987	25	0.04745808305222217
ZNF771	ZNF771	0.0033369052722918803	9228.0	0.47339086990617	0.47339086990617	2.6059644339012796e-06	5538.0	31.187338064661486	0.08	0.5006855364314213	0.5768763472544062	25	-0.047314587701780375
KLHL21	KLHL21	0.0299681612332859	9227.0	0.473362317703854	-0.473362317703854	5.6034944347735e-07	6497.0	36.58893770417934	0.08	0.4832107858741608	0.4698493159247182	25	-0.020960907755976692
CMTR2	CMTR2	0.0148694769770247	9226.0	0.47332294243171796	0.47332294243171796	2.11437725775586e-08	10860.0	61.16368142390447	0.16	0.6138844719852412	0.552936559061217	25	-0.2542091443404836
NARS2	NARS2	4.9102446367427595e-06	9225.0	0.473281874271916	0.473281874271916	1.36963040583457e-06	4519.0	25.447786414329165	0.04	0.4015048460065511	0.317553981896432	25	0.2260309501921926
FAM219A	FAM219A	0.0005715334808514559	9224.0	0.47322525392858	-0.47322525392858	3.11678579990186e-06	4806.0	27.06432353272502	0.08	0.5987695292306774	0.6274678464069435	25	-0.20008081054829988
CASP1	CASP1	0.000109079032945206	9223.0	0.47313267108012297	-0.47313267108012297	0.0253789288050085	8340.0	46.96969696969697	0.25	1.1670704215954983	1.7603634172076708	24	-0.3942014153055484
ACSM1	ACSM1	0.12581494521459	9222.0	0.473108063844818	0.473108063844818	0.00020024610793399394	12396.0	69.81525290075476	0.4166666666666667	1.5245977715496821	1.6772323264187383	24	-0.6269195335329764
LAMP2	LAMP2	0.00429032181958547	9221.0	0.473072159615757	0.473072159615757	9.63742594913779e-08	11264.0	63.439224963388526	0.12	0.6186710987861637	0.34958569129721473	25	-0.4164899845589496
METTL15	METTL15	0.0006018309891802269	9220.0	0.4729909262744241	0.4729909262744241	8.20654453361319e-07	8923.0	50.253464008110846	0.08	0.5720244682627618	0.40721605751827955	25	-0.24319655416312302
TMEM134	TMEM134	0.000162570598554859	9219.0	0.47280989365684895	0.47280989365684895	0.0669954923549876	1097.0	6.173256730877549	0.08	0.3780537593064068	0.4657295638255664	25	0.20345741758822933
SLC25A46	SLC25A46	0.0028048543555382302	9218.0	0.4727581316631	0.4727581316631	0.00093700549778273	4290.0	24.157936239720627	0.0	0.40897212250748555	0.27559289012794386	25	0.23145012603917983
SP2	SP2	1.97941990392149e-06	9217.0	0.472744302844831	-0.472744302844831	3.0302040430337103e-05	6288.0	35.41173819984228	0.2	0.628124813289107	0.6058811409953844	25	-0.2564537826495241
DGKD	DGKD	0.0408928705169574	9216.0	0.472563819058158	-0.472563819058158	0.0189176345560076	2517.0	14.171454320153204	0.0	0.3288960661947744	0.25946314215204286	25	0.5537116049384605
IGF2BP2	IGF2BP2	0.0267355414754261	9215.0	0.472501633583495	-0.472501633583495	4.62551561977775e-08	6972.0	39.264391123127176	0.08	0.6286189372573925	0.802531591476466	25	-0.19453103819461987
MITF	MITF	0.0237896083575163	9214.0	0.472433582036324	-0.472433582036324	0.00231877859004413	4756.0	26.7826968570463	0.125	0.6166582700270598	0.9974128154320141	24	-0.1445987917533093
ZNF500	ZNF500	0.000253180779813383	9213.0	0.47228152234890103	0.47228152234890103	0.00248795237260482	2250.0	12.667567872028837	0.16	0.49038702028077347	0.6353256628884021	25	-0.02849797983849545
NUTM1	NUTM1	0.6635914269011329	9212.0	0.47200826901537	0.47200826901537	4.491071872855457e-07	17628.0	99.28466824377604	0.9	4.0263165810875705	2.5608792981609687	20	-1.3879249657040211
BRD8	BRD8	4.99030162842767e-06	9211.0	0.471899498166091	0.471899498166091	6.32420934489533e-06	6795.0	38.267432691224506	0.08	0.44065425586713114	0.3637550874725202	25	0.08589637196846155
ARIH2	ARIH2	3.38925603407232e-10	9210.0	0.471882538337406	-0.471882538337406	0.0016863809239769099	1721.0	9.687957643347977	0.08	0.3282272466337822	0.39746833721100255	25	0.3614257495619381
ANKRD40	ANKRD40	3.6804279740425795e-06	9209.0	0.471853126927135	-0.471853126927135	0.000121193420207127	4984.0	28.066914498141266	0.12	0.43985567598321623	0.37123718424093055	25	0.08619139542646843
EEFSEC	EEFSEC	0.00021485656070246	9208.0	0.471733949205252	-0.471733949205252	3.2303135406459e-08	8490.0	47.81457699673312	0.12	0.6470678703198769	0.7354934801212264	25	-0.23838949746464885
SPIRE1	SPIRE1	0.0030372969675332	9207.0	0.47157230189161403	-0.47157230189161403	1.92056027168902e-06	9187.0	51.740452855694485	0.08	0.7197156288249478	0.889478519852009	25	-0.27897618817666303
ACVR2B.AS1	ACVR2B.AS1	0.153293631786971	9206.0	0.47148268866153203	0.47148268866153203	0.0305316158514084	6751.0	38.01960121662724	0.08	0.4271065038278678	0.5366019035230098	25	0.08269852295028497
ZNF789	ZNF789	1.91228639789248e-05	9205.0	0.471478370188297	0.471478370188297	0.0693770835781142	29.0	0.15771093838008335	0.04	0.2884121463538145	0.5090514541230431	25	0.35962223926824
TRIM23	TRIM23	0.00294738550387683	9204.0	0.471476592401044	0.471476592401044	5.08476114580774e-05	7648.0	43.071983778303476	0.04	0.4795919704439816	0.37190900740405164	25	-0.02182086984013497
MRPS27	MRPS27	6.346452871579509e-06	9203.0	0.47143634818032204	0.47143634818032204	0.000114387585490231	3329.0	18.745071533175622	0.08	0.3445349798056219	0.3012094088613559	25	0.42130612338577955
OSBPL1A	OSBPL1A	8.627612878326502e-09	9202.0	0.47140888913400003	-0.47140888913400003	0.0010545691417988	4055.0	22.834290864030642	0.04	0.3892025907539255	0.4345738684425163	25	0.18916530502557924
SYTL3	SYTL3	0.0887897382975145	9201.0	0.471390702587704	-0.471390702587704	0.0022252099803670104	10386.0	58.4938605384702	0.25	1.2086942949692108	1.700043084795616	24	-0.4336970039027849
FABP6	FABP6	0.126160929424937	9200.0	0.47128786123192495	-0.47128786123192495	8.8108721051088e-06	16613.0	93.56764672749803	0.7083333333333334	2.512113450083626	2.2521908638164714	24	-0.9061512599306973
LPCAT2	LPCAT2	0.0119811863280559	9199.0	0.471035221654286	0.471035221654286	0.00450732883171631	6980.0	39.309451391235775	0.08333333333333333	0.47714526229646065	0.40889850614726514	24	-0.014942682720327899
PGBD1	PGBD1	0.00840254356767553	9198.0	0.47090880227647297	-0.47090880227647297	0.0104776882314006	4312.0	24.281851977019265	0.12	0.5323541125191013	0.7500247601586023	25	-0.08192437570945643
TSHZ1	TSHZ1	0.0020128962763225396	9197.0	0.47088738482248405	-0.47088738482248405	5.48051115385123e-05	8795.0	49.53249971837332	0.16666666666666666	0.5464268576649866	0.4484062666069952	24	-0.1684621256836915
ILF2	ILF2	1.17493148039677e-05	9196.0	0.47082775708495794	0.47082775708495794	2.78330380616396e-06	6417.0	36.13833502309338	0.12	0.5202532637281858	0.5815425545674597	25	-0.08499035239130456
SCN1A	SCN1A	0.209882242753469	9195.0	0.47075071756212505	-0.47075071756212505	0.03419688612311508	14354.0	80.84375352033344	0.375	1.214542929054611	1.3020829279450037	24	-0.5712325962727788
CBR4	CBR4	0.00140493134518332	9194.0	0.47066097990224	0.47066097990224	1.48327079080006e-07	11110.0	62.57181480229807	0.08	0.6279062079749979	0.44355467765032897	25	-0.3545114863983472
PTPRK	PTPRK	0.0792299278124999	9193.0	0.47062516701940404	0.47062516701940404	0.000169255927070938	5850.0	32.9446885208967	0.08	0.5692119918617976	0.6086317897294085	25	-0.16198106393066367
RBBP7	RBBP7	0.00010058747611919201	9192.0	0.470541066904223	0.470541066904223	0.0024871223367180103	2372.0	13.354736960684916	0.04	0.26547335324586224	0.2552862141998116	25	0.80328549781327
AJUBA	AJUBA	0.074430983819786	9191.0	0.47046984335273706	-0.47046984335273706	0.0023407902060530433	12120.0	68.26067365100822	0.375	0.8896046100063835	0.58434392600194	24	-0.7172741052026523
MPP1	MPP1	0.029437172430217998	9190.0	0.470368570734033	-0.470368570734033	0.0195376313253814	2131.0	11.997296383913483	0.16	0.5712717706523801	0.819446307705016	25	-0.12313582838751433
SH3GLB1	SH3GLB1	0.00031687588257412597	9189.0	0.4702360742638879	-0.4702360742638879	1.8070540707501498e-06	6106.0	34.386617100371744	0.04	0.4091066177162517	0.24485764428709947	25	0.2496530452443665
CEP85L	CEP85L	0.0183735403368397	9188.0	0.47020674237154997	-0.47020674237154997	0.000420537920362009	8325.0	46.885208966993346	0.08	0.5850760867896608	0.5962877738295412	25	-0.1926407842984689
BCCIP	BCCIP	1.79302585521673e-05	9187.0	0.47015621575638006	0.47015621575638006	0.000247867661393789	5108.0	28.76534865382449	0.08	0.517529294254994	0.5609113438771359	25	-0.08445733718124047
POLN	POLN	0.00150006611900769	9186.0	0.470012845516031	0.470012845516031	0.13236282987261802	132.0	0.7378618902782471	0.04	0.32870986460789015	0.7000058042382235	25	0.20185972752313514
RNF141	RNF141	0.0015196970919782	9185.0	0.46993270055503206	0.46993270055503206	7.961539342920141e-10	10969.0	61.77762757688408	0.24	0.7232592050233454	0.49705974754637194	25	-0.5096500083114854
LRRC14	LRRC14	0.0114981703636958	9184.0	0.46983046006999896	0.46983046006999896	7.813486331354421e-07	7780.0	43.8154782020953	0.12	0.5846528516433768	0.514139211522595	25	-0.22332938044802617
DNAJC10	DNAJC10	0.00038869769203190603	9183.0	0.46961485667890207	0.46961485667890207	3.5511752416613396e-07	9554.0	53.80759265517629	0.08	0.5603653047041197	0.28778153220917674	25	-0.31534493311146466
ZNF212	ZNF212	5.2828790006784704e-05	9182.0	0.4692348841211861	0.4692348841211861	0.000156086153858988	4909.0	27.644474484623185	0.12	0.44031906604819787	0.49147425875235845	25	0.05883485769202444
MYO19	MYO19	0.0016081842632516801	9181.0	0.469175305598168	0.469175305598168	0.00637919605675189	934.0	5.255153768164921	0.08	0.34640828170216925	0.4200406950743499	25	0.29227411852146423
CBX4	CBX4	0.0145129949738141	9180.0	0.469172390110524	0.469172390110524	0.000260648625703651	5600.0	31.536555142503097	0.16	0.5891069862579779	0.5799665152832454	25	-0.20679572524782738
RABGGTA	RABGGTA	0.000230010993696906	9179.0	0.46915787905489004	-0.46915787905489004	0.0189844812941179	884.0	4.973527092486201	0.08	0.4141165206437077	0.5762762961606301	25	0.09551209858515546
WDR46	WDR46	2.78789686745286e-05	9178.0	0.46915081063673997	0.46915081063673997	0.0103429567647425	793.0	4.4609665427509295	0.04	0.3357152304853377	0.5642302632890863	25	0.23649135615938394
GNGT2	GNGT2	0.192825882767007	9177.0	0.46897579730933203	-0.46897579730933203	0.000219868213460242	13340.0	75.13236453756899	0.5	1.7966694645142856	2.109321461274375	24	-0.6294411219818573
ELOVL4	ELOVL4	0.29124128835566604	9176.0	0.46869861450854494	0.46869861450854494	2.480161967513065e-05	11961.0	67.36510082234989	0.3333333333333333	1.431382411776929	1.8193746582374204	24	-0.5291289470861466
FBXW4P1	FBXW4P1	0.0543409506407253	9175.0	0.46850672786774894	0.46850672786774894	0.00112195573888493	7888.0	44.42379182156134	0.12	0.5655365698107788	0.6570960210222188	25	-0.1476646317110311
TMOD4	TMOD4	0.0823367761927932	9174.0	0.468468091597669	-0.468468091597669	2.0531898151734098e-06	13778.0	77.59941421651459	0.5	1.255424898467428	1.3838310101787503	24	-0.5686798468030482
FSD1L	FSD1L	0.0422589361610654	9173.0	0.46842518977713204	-0.46842518977713204	7.601288211146608e-05	7726.0	43.511321392362284	0.16	0.6540760360760415	0.709699308152351	25	-0.261590851458257
KCNN1	KCNN1	0.21715225415142397	9172.0	0.46834097638082794	-0.46834097638082794	7.6382021399969e-12	15993.0	90.07547594908189	0.7083333333333334	1.7283523226985953	1.213903912205597	24	-1.0379827708343041
ZNF706	ZNF706	0.000681821406178304	9171.0	0.468130474929206	0.468130474929206	1.3678264733078999e-08	4813.0	27.103751267320042	0.08	0.4599444102743657	0.46403230178690485	25	0.01764115261656834
TRIO	TRIO	0.000200704028985947	9170.0	0.46791899020006	0.46791899020006	0.000656179073272623	4342.0	24.450827982426496	0.16	0.4848905500811481	0.6192302044290562	25	-0.02740751300517756
SNX22	SNX22	0.0022336127882628	9169.0	0.467886121426927	0.467886121426927	6.94194872966174e-05	8618.0	48.535541286470654	0.12	0.5419875676858876	0.449442632487591	25	-0.16487409271528458
RAP2A	RAP2A	0.0035978796383229397	9168.0	0.467874877496975	-0.467874877496975	0.0128308003094143	4612.0	25.971612031091585	0.12	0.3597563284024683	0.3352685250346253	25	0.32248344542136964
ENO3	ENO3	0.00130657395717801	9167.0	0.467852372477616	-0.467852372477616	4.3754793380206795e-10	10938.0	61.60301903796327	0.16	0.7132910277331597	0.5641175650332555	25	-0.43508422795002794
CDS1	CDS1	0.0290532674984437	9166.0	0.46774761775623297	0.46774761775623297	4.3439349699604e-06	13174.0	74.19736397431564	0.36	0.959592276809932	0.592676268250418	25	-0.8298706821948951
NUDCD2	NUDCD2	0.0101302201810627	9165.0	0.46763931457310604	0.46763931457310604	0.000375217211636489	4936.0	27.796552889489693	0.08	0.4619239167138442	0.4677505602663227	25	0.012218901151091446
LINC00888	LINC00888	0.0103816138071797	9164.0	0.467636715615431	0.467636715615431	1.47428720799318e-05	6869.0	38.684240171229014	0.12	0.7224995093972285	1.1064381070897178	25	-0.23034527837455568
SEC14L3	SEC14L3	0.470741911737046	9163.0	0.46747579337501005	-0.46747579337501005	1.555420246428256e-05	17541.0	98.79463782809508	0.7916666666666666	2.9859803102522107	1.8016703755353067	24	-1.3978719698540363
SMC6	SMC6	0.00122140969555774	9162.0	0.467384647592769	0.467384647592769	0.00114321315952571	4883.0	27.49802861327025	0.08	0.5261718485157151	0.7243443746292768	25	-0.08115918751082134
NLGN1	NLGN1	0.241717343785755	9161.0	0.46736411291030294	-0.46736411291030294	0.015083877362245202	8776.0	49.42548158161541	0.3333333333333333	1.156834115944667	1.3076424828982107	24	-0.5272618563953718
C17orf80	C17orf80	0.0019770165155032896	9160.0	0.467288535167576	0.467288535167576	0.000341051082568145	2440.0	13.737749239607975	0.08	0.44233425687013894	0.6315074273406248	25	0.03951541536498373
RPARP.AS1	RPARP.AS1	2.1889182161929396e-07	9159.0	0.46715968877378394	0.46715968877378394	0.0042211682993943895	3146.0	17.714317900191507	0.12	0.4595439562411332	0.5425515153388072	25	0.014036883719502555
UTP23	UTP23	0.0203095207450185	9158.0	0.46711625772804	0.46711625772804	0.007059343070929841	2107.0	11.862115579587698	0.12	0.5899095646169153	1.0639653571056513	25	-0.11541100099623078
BORA	BORA	0.00159502483107266	9157.0	0.46707004239813393	0.46707004239813393	8.967927559781669e-06	9230.0	51.982651796778185	0.04	0.4818693679214146	0.3871175157877532	25	-0.03822954250252724
INTS4	INTS4	4.17475994806883e-12	9156.0	0.46701186588837695	0.46701186588837695	3.82183811141219e-06	5774.0	32.51661597386504	0.12	0.49612799374848476	0.43099462324191135	25	-0.06755566378322388
ZNF232	ZNF232	0.0183442167348834	9155.0	0.46685924149678404	0.46685924149678404	1.53897245066634e-06	5170.0	29.114565731666104	0.04	0.39000474674870467	0.27857207508366566	25	0.27588728958204833
OAZ1	OAZ1	3.67295500055445e-08	9154.0	0.46684787037857706	-0.46684787037857706	0.15400717216597598	391.0	2.196688070294018	0.04	0.28388300744053085	0.38973214664362393	25	0.4694631030920619
TUBB2A	TUBB2A	0.14609975150889	9153.0	0.46645138451231105	0.46645138451231105	1.4848575718856e-12	12723.0	71.65709135969358	0.28	1.1696279962029352	1.646139819764747	25	-0.4271670020054047
TIGD5	TIGD5	0.0144399244870352	9152.0	0.466254900889941	0.466254900889941	7.29510752037088e-06	10824.0	60.96091021741579	0.2	0.9785724429558033	1.4318370013147228	25	-0.35780437409806337
USP3.AS1	USP3.AS1	8.814236812581329e-05	9151.0	0.466250200595759	0.466250200595759	1.93741737129635e-06	7647.0	43.0663512447899	0.08	0.54792015217425	0.4962167794452912	25	-0.16458522758901448
STAP2	STAP2	0.00631037787605192	9150.0	0.46615689723113	0.46615689723113	0.00551463398190889	10580.0	59.58657204010363	0.25	0.8112052482670246	0.8501365199342198	24	-0.4058740483970657
FRMD6	FRMD6	0.14207342532239498	9149.0	0.466090004554195	0.466090004554195	0.0141266388279373	6314.0	35.55818407119522	0.12	0.6199492473662483	0.975060135526005	25	-0.15779461923038476
SULT1A2	SULT1A2	0.12079957320853	9148.0	0.46606588801661797	-0.46606588801661797	0.0166086945738289	8284.0	46.6542750929368	0.0	0.43587430595065063	0.2942317555714156	25	0.10261156892237373
NAXE	NAXE	1.2712936851127301e-05	9147.0	0.466035753506248	0.466035753506248	8.27513414578008e-06	2674.0	15.055762081784385	0.12	0.4876860219160102	0.6574142540182519	25	-0.03293245967429406
CMIP	CMIP	0.00203999511022014	9146.0	0.46598166843470795	-0.46598166843470795	7.30807884222226e-17	10821.0	60.944012616875064	0.28	0.9995056467944802	1.1051534401372416	25	-0.48276009374184053
GUSBP1	GUSBP1	0.0027917563338997102	9145.0	0.46586316037121506	0.46586316037121506	0.000827321932612631	5418.0	30.511434043032555	0.16	0.5448590656404757	0.5575606925055733	25	-0.14168126686669366
GAS2L3	GAS2L3	0.110257269249307	9144.0	0.46576666841602504	0.46576666841602504	0.00775097293958125	6545.0	36.859299312830906	0.12	0.7434654461717811	1.0531663587798186	25	-0.26367987872067367
UFL1	UFL1	0.0018120622605200102	9143.0	0.46559863597434603	0.46559863597434603	4.23094286089217e-09	11185.0	62.99425481581615	0.12	0.7361833349823886	0.628386340296037	25	-0.43060245211658854
MTFP1	MTFP1	0.0294093088393244	9142.0	0.46554769980665506	0.46554769980665506	0.012011246844756998	5244.0	29.53137321167061	0.08	0.454442326664892	0.506831805765295	25	0.021911357999710425
LTB4R	LTB4R	0.00200950513961289	9141.0	0.46548060202318	-0.46548060202318	0.004813376212320079	1267.0	7.130787428185198	0.08	0.4352283249301948	0.7270249721853168	25	0.041611056360350084
MKX	MKX	0.0186418931377561	9140.0	0.465407680620833	-0.465407680620833	0.015763223532611715	9254.0	52.11783260110397	0.20833333333333334	1.0696171263396914	1.6489830962510175	24	-0.36641336535986074
AGPAT5	AGPAT5	0.0136476877494534	9139.0	0.465370250363554	0.465370250363554	0.0376037251171715	1419.0	7.986932522248507	0.04	0.36344166350924306	0.30866969226734275	25	0.33021896677186335
SSR3	SSR3	0.0010489640938907401	9138.0	0.465351547131209	0.465351547131209	2.5817641060607698e-09	10952.0	61.68187450715331	0.08	0.6558339759977937	0.401368635019726	25	-0.4745822474574354
JMY	JMY	8.825388841125091e-05	9137.0	0.46531984534924203	0.46531984534924203	0.0233385247131302	1057.0	5.947955390334573	0.08	0.31534893780288137	0.37422798943480146	25	0.4007474368041325
KHK	KHK	0.0457378853338791	9136.0	0.46523058405288703	-0.46523058405288703	2.3518438175931896e-05	10117.0	56.978709023318686	0.2	0.6955379810753722	0.754829406497356	25	-0.3051118504923959
SKIDA1	SKIDA1	0.119382992027251	9135.0	0.465019374199309	-0.465019374199309	1.7025111529540846e-07	12477.0	70.27148811535429	0.375	1.1149975014855937	1.3699712251887486	24	-0.47444655430389326
PSMD14	PSMD14	2.68607237654609e-07	9134.0	0.464904769977509	0.464904769977509	6.141012607188231e-10	10770.0	60.65675340768277	0.16	0.6950578571085195	0.5947266222545695	25	-0.38698971681899036
RTN4	RTN4	3.65813169030493e-05	9133.0	0.464816891928531	-0.464816891928531	0.000983733245587932	3207.0	18.057902444519545	0.08	0.3838173647543289	0.5965424626209883	25	0.1357816622446622
NUDT13	NUDT13	0.0476279552133222	9132.0	0.46468750636978795	0.46468750636978795	0.00154923186468733	2476.0	13.940520446096654	0.04	0.3530513510807983	0.3155584273570808	25	0.3537733288379713
MRPS28	MRPS28	0.00259886760196163	9131.0	0.464472578527786	0.464472578527786	6.414129779230931e-06	7876.0	44.35620141939844	0.12	0.5749037486232349	0.4673503696757089	25	-0.23629203539964308
RITA1	RITA1	5.618054887646379e-05	9130.0	0.464423365710589	0.464423365710589	0.00226402122832378	1106.0	6.223949532499718	0.0	0.27993975263859877	0.2633712026426587	25	0.700469949716929
ZNF154	ZNF154	0.0611032557134348	9129.0	0.46432860576572604	0.46432860576572604	0.05002998804679975	1963.0	11.051030753632983	0.041666666666666664	0.5185443477891732	0.949251993384919	24	-0.05711417242340504
LINC00870	LINC00870	0.714449317365634	9128.0	0.464248749658948	0.464248749658948	0.00219836611484062	13628.0	76.75453418947842	0.43478260869565216	1.142633146840499	0.9252450319562907	23	-0.7331943147505584
MGLL	MGLL	0.0227079931430963	9127.0	0.46420244327301596	-0.46420244327301596	0.00163073350764325	4968.0	27.976793961924074	0.08333333333333333	0.5893999543965327	0.9885510552239558	24	-0.126647491256942
OIT3	OIT3	0.27292336722976	9126.0	0.46417385110532106	-0.46417385110532106	7.05360418755909e-08	16559.0	93.263489917765	0.7391304347826086	1.8568303801246488	1.0869389934991145	23	-1.281264668347242
NDUFS7	NDUFS7	0.0028402921054654	9125.0	0.464039555642273	-0.464039555642273	0.00434350335536721	6876.0	38.72366790582404	0.04	0.44938343807955405	0.5382976815595683	25	0.027226789311551397
PPP1R37	PPP1R37	1.08604873743769e-07	9124.0	0.463969232370586	0.463969232370586	8.353184689132471e-05	6052.0	34.08246029063873	0.28	0.7079462514340779	0.7539020975823487	25	-0.32361896835927323
DUSP18	DUSP18	0.000156834238469358	9123.0	0.4639307891824879	-0.4639307891824879	0.0193118881657986	952.0	5.35653937140926	0.08	0.41912565576540045	0.6401805050557943	25	0.06998828152878933
NYX	NYX	0.885430211038292	9122.0	0.46392628903609706	0.46392628903609706	0.00462634387600514	13100.0	73.78055649431114	0.2916666666666667	1.1432887396507814	1.0081274541334324	24	-0.6738854773066879
ST3GAL6	ST3GAL6	0.0816633059039408	9121.0	0.46384408545768996	0.46384408545768996	0.00134531180483764	8753.0	49.29593331080319	0.04	0.6484744222650758	0.6056045963085833	25	-0.3048694444077637
BATF	BATF	0.258735911839405	9120.0	0.463841634434718	0.463841634434718	0.01261729219401872	11488.0	64.70091247042919	0.375	1.5308009825019238	2.0359180871127944	24	-0.5240679155124053
CD33	CD33	0.0714155217205381	9119.0	0.46379752550630504	-0.46379752550630504	0.008505541954030336	10232.0	57.62645037737974	0.3333333333333333	1.2061946441086755	1.5886684845686516	24	-0.4673077648443079
WDR4	WDR4	7.35054116789177e-05	9118.0	0.463753869656943	0.463753869656943	0.00022013861987381	1632.0	9.186662160639855	0.08	0.49123706425812264	0.7556200600339023	25	-0.036371711200926256
SLC35D2	SLC35D2	7.955999345254191e-05	9117.0	0.463700324217159	-0.463700324217159	0.0183327351814436	83.0	0.4618677481131013	0.12	0.46709462878962066	0.7520549972018482	25	-0.0045133728053011425
KRTAP5.9	KRTAP5.9	0.227555879441773	9116.0	0.46367980405507603	0.46367980405507603	0.16285961588791947	7839.0	44.14779767939619	0.20833333333333334	0.6833197344268805	0.7039694681816053	24	-0.3120020686964556
C8orf82	C8orf82	0.0240909419413716	9115.0	0.46362099984402294	0.46362099984402294	1.11502190393294e-06	9477.0	53.37388757463106	0.16	0.7161997614171106	0.7172150016805595	25	-0.3521660324745741
HP	HP	0.591095250406055	9114.0	0.46358300567052796	0.46358300567052796	0.0001298492105597553	17491.0	98.51301115241635	0.75	3.517496343097831	2.905305271845911	24	-1.0511505854553358
DNAJB1	DNAJB1	0.0410626001219479	9113.0	0.46344069104700997	-0.46344069104700997	0.000225423863335568	4380.0	24.664864255942323	0.16	0.7546856613477786	1.1858967954953974	25	-0.2455904859571728
HSPB11	HSPB11	0.000401972210105045	9112.0	0.46339850268581706	0.46339850268581706	3.2338970307101196e-09	10519.0	59.242987495775594	0.12	0.6002899033173793	0.3614364184808258	25	-0.37874268787561133
BTF3L4	BTF3L4	0.00106145381083714	9111.0	0.463252278592596	0.463252278592596	7.322223799120541e-05	7235.0	40.745747437197245	0.04	0.4633131216879513	0.29197706768187903	25	-0.00020838313035461707
NPM2	NPM2	0.266877389016771	9110.0	0.46319187469326706	0.46319187469326706	0.00010663110227849206	13879.0	78.1683001013856	0.5	1.1276475926768648	1.1610028228648772	24	-0.5723118883931689
TNFAIP8L2	TNFAIP8L2	0.0728807637078209	9109.0	0.46318004895654297	-0.46318004895654297	0.00694044458862924	11880.0	66.90886560775036	0.2916666666666667	1.4405839297304304	2.2408592084460954	24	-0.43617371278388334
CETN2	CETN2	0.00280530194176128	9108.0	0.463143930791199	0.463143930791199	1.81685410993288e-08	10164.0	57.24343809845668	0.12	0.6959049716112611	0.5404710572967767	25	-0.430663284698798
IQCJ.SCHIP1.AS1	IQCJ.SCHIP1.AS1	0.539620364670344	9107.0	0.463106187639702	-0.463106187639702	0.009235342143560515	11806.0	66.49205812774585	0.375	1.0848281030690772	1.0614792229886538	24	-0.5857127506263218
STAT5A	STAT5A	0.0153194765718693	9106.0	0.46302576510689797	-0.46302576510689797	3.6997134242479696e-06	11649.0	65.60775036611467	0.24	0.8969273140889265	0.911503221196826	25	-0.47602854152539925
FAM122B	FAM122B	0.00105750415482943	9105.0	0.46250227850874	0.46250227850874	0.00223194345916125	2493.0	14.036273515827418	0.08	0.4911862044563852	0.7143157991395437	25	-0.04015580501256945
ZMYND15	ZMYND15	0.10272446040699498	9104.0	0.462477492185711	-0.462477492185711	0.000157291314985608	12308.0	69.3195899515602	0.28	1.0291883803755517	1.485694260530988	25	-0.3814451622013387
SAMD4A	SAMD4A	0.128117776025056	9103.0	0.462471833532564	-0.462471833532564	0.000333248836515698	2750.0	15.483834628816041	0.16	0.5381568646765615	0.7391917148019487	25	-0.10238890619096808
CLASP2	CLASP2	7.80960369620493e-07	9102.0	0.462453121007494	-0.462453121007494	0.0476807393853483	566.0	3.182381435169539	0.04	0.2751206661614572	0.2649877377351494	25	0.7069476363214674
FARSB	FARSB	2.77859262842476e-11	9101.0	0.4624329489087729	0.4624329489087729	1.4432493777623998e-05	6102.0	34.364086966317444	0.12	0.5192440015692288	0.41705461613673844	25	-0.1362196951246055
NUMBL	NUMBL	0.0101221599445975	9100.0	0.46240165277339296	-0.46240165277339296	1.6794627817700402e-11	12958.0	72.98073673538357	0.36	1.1021892196178067	1.0749856231749833	25	-0.5951591845059223
TMTC3	TMTC3	0.0423710452039037	9099.0	0.46227655970743603	0.46227655970743603	8.20781161366803e-06	11111.0	62.57744733581164	0.08	0.6556473164833057	0.5993019070329471	25	-0.3226600057610678
TRAPPC5	TRAPPC5	0.010220185509081	9098.0	0.4622116739891479	-0.4622116739891479	3.7140109661013603e-06	10410.0	58.629041342795986	0.16	0.8344911688753244	1.0915946093558304	25	-0.34104189567761356
POLM	POLM	4.34002556535415e-10	9097.0	0.462101355147622	0.462101355147622	0.0330635586652829	579.0	3.2556043708460063	0.08	0.4735584610885208	0.7520076790605735	25	-0.01523535764317097
TMEM216	TMEM216	1.71933943637807e-06	9096.0	0.462098998417694	0.462098998417694	5.85423416716555e-05	3983.0	22.428748451053284	0.08	0.5908787855214329	0.7687714662694578	25	-0.16751374466153907
SPATA20	SPATA20	0.0103146530684636	9095.0	0.462079335951452	0.462079335951452	0.0199452506799633	1175.0	6.612594344936353	0.08	0.6548700384918916	1.4449697926899547	25	-0.1334219604560318
HNF4A	HNF4A	0.41784211051307896	9094.0	0.462019310360331	0.462019310360331	0.00013597512783040152	15938.0	89.7656866058353	0.5416666666666666	1.7619740174451648	1.6135005252511578	24	-0.8056735568043789
TOMM6	TOMM6	0.0006488703001997791	9093.0	0.461573257110837	0.461573257110837	5.37584317130918e-07	5910.0	33.28264053171116	0.16	0.5380098591979156	0.5955353658779295	25	-0.1283493919364416
ZCCHC10	ZCCHC10	0.0012749483443655302	9092.0	0.46136135632909997	0.46136135632909997	0.00107002832527954	7666.0	43.173369381547815	0.12	0.5751036537788579	0.6245643703001705	25	-0.18211461117305242
METTL21EP	METTL21EP	0.522849315744585	9091.0	0.46135363220408393	0.46135363220408393	0.00017018487057908135	16554.0	93.23532725019713	0.6818181818181818	2.2930779897626246	1.8169422053260305	22	-1.0081357305637897
IL17B	IL17B	0.222008333929131	9090.0	0.46132474805909707	0.46132474805909707	0.018949415950565096	14514.0	81.74495888250534	0.4583333333333333	1.4399496171765016	1.3874618406205599	24	-0.7053346192783956
XYLT2	XYLT2	0.00015514324756980401	9089.0	0.46118654295487	0.46118654295487	0.000929352237159884	4506.0	25.3745634786527	0.16	0.5130254100290577	0.700138014040901	25	-0.07404092626680218
MRPL19	MRPL19	0.00016587103987061202	9088.0	0.46117121096623	0.46117121096623	7.415906824194499e-05	6547.0	36.87056437985806	0.08	0.5078858320890427	0.4798256376291324	25	-0.09735749292937836
MYH9	MYH9	0.00022399799996223902	9087.0	0.46105750038812	-0.46105750038812	1.4509207670140098e-07	9649.0	54.34268333896586	0.28	0.6919770970922456	0.5418049314645544	25	-0.42620430951029964
LINC01424	LINC01424	0.38241176127939003	9086.0	0.46098555330839996	0.46098555330839996	0.22340797867748	4504.0	25.36329841162555	0.08	0.5571140524299996	0.9173707850729574	25	-0.10478696366372144
TMEM51.AS1	TMEM51.AS1	0.0251162731231131	9085.0	0.460980828007707	-0.460980828007707	0.0033439410010737804	6937.0	39.067252450152075	0.20833333333333334	0.7095342098504255	1.113731798846788	24	-0.2231716667334835
NTN4	NTN4	0.0344181148909006	9084.0	0.46096406247913	-0.46096406247913	0.0194825522532877	8001.0	45.060268108595245	0.2	0.720397635984086	0.9752205932337384	25	-0.2660255282804263
CDK18	CDK18	0.0318872341930988	9083.0	0.460809616266058	0.460809616266058	3.8081381754739795e-08	12075.0	68.00720964289737	0.3333333333333333	0.8056408524364239	0.7486827495626145	24	-0.46058392072185267
TSKS	TSKS	0.087088747932744	9082.0	0.46078298131598905	-0.46078298131598905	1.5149954349107595e-06	16563.0	93.2860200518193	0.7083333333333334	2.004946614602525	1.5010695762710766	24	-1.0287089004378551
MALSU1	MALSU1	0.00157282555403683	9081.0	0.460773117417062	0.460773117417062	7.79150264139435e-07	5721.0	32.2180916976456	0.08	0.4238431958439011	0.40041975397347107	25	0.09222802123695324
MRGBP	MRGBP	0.00241804651930969	9080.0	0.460635017711502	0.460635017711502	0.00146731011749084	1870.0	10.527205136870563	0.08	0.326906056937162	0.3368806900487546	25	0.39696238082089613
LINC01069	LINC01069	0.9221482780187729	9070.5	0.46057103292718893	-0.46057103292718893	0.0030107655887447802	16723.0	94.18722541399121	0.75	2.2379258109101956	1.5247114283092926	20	-1.1656991250822215
KRTAP4.6	KRTAP4.6	0.9221482780187729	9070.5	0.46057103292718893	-0.46057103292718893	0.035913324819158654	15337.0	86.38053396417708	0.45454545454545453	1.7683061202509374	1.5129403312175567	22	-0.8643665981667189
C1orf68	C1orf68	0.9221482780187729	9070.5	0.46057103292718893	-0.46057103292718893	2.11410776290712e-07	17727.0	99.84228906161991	0.7727272727272727	4.243017655173262	2.4357921398217557	22	-1.5528610017285227
MRGPRG.AS1	MRGPRG.AS1	0.9221482780187729	9070.5	0.46057103292718893	-0.46057103292718893	0.0022557500602542182	16527.0	93.08324884533063	0.75	1.9347601696009127	1.2907985585029922	24	-1.1420752889462624
OR7E24	OR7E24	0.9221482780187729	9070.5	0.46057103292718893	-0.46057103292718893	0.0017598435266793799	15070.0	84.87664751605271	0.5909090909090909	1.5593488981212955	1.2104547019280312	22	-0.9077397637796409
LINC00550	LINC00550	0.9221482780187729	9070.5	0.46057103292718893	-0.46057103292718893	0.00705334090783745	15280.0	86.05947955390334	0.47619047619047616	1.586636186435288	1.172384976610053	21	-0.9604909445053729
DHFRP3	DHFRP3	0.9221482780187729	9070.5	0.46057103292718893	-0.46057103292718893	0.402288871156015	10967.0	61.766362509856926	0.17391304347826086	0.8466710414172999	0.7868153651258043	23	-0.4907123393915639
PNLIPRP2	PNLIPRP2	0.9221482780187729	9070.5	0.46057103292718893	-0.46057103292718893	0.00295202981737954	17411.0	98.0624084713304	0.6086956521739131	3.0334774009152046	2.4897291014320495	23	-1.0334081593487918
EGFLAM.AS4	EGFLAM.AS4	0.9221482780187729	9070.5	0.46057103292718893	-0.46057103292718893	0.10501483558426256	12486.0	70.32218091697645	0.2916666666666667	1.1333996389758323	1.1614612978227363	24	-0.5792948997180716
LELP1	LELP1	0.9221482780187729	9070.5	0.46057103292718893	-0.46057103292718893	0.00599250935444381	17285.0	97.35270924862003	0.5714285714285714	2.767583370997885	2.143052195027769	21	-1.0765077693503413
TAS2R8	TAS2R8	0.9221482780187729	9070.5	0.46057103292718893	-0.46057103292718893	0.0018675590532819398	16864.0	94.98141263940519	0.6842105263157895	2.322895077266592	2.0970654292681807	19	-0.8880619642799148
STH	STH	0.9221482780187729	9070.5	0.46057103292718893	-0.46057103292718893	0.258209704262934	14340.0	80.7648980511434	0.34782608695652173	1.125514016340919	0.9898549767277451	23	-0.6717579837926293
ADIG	ADIG	0.9221482780187729	9070.5	0.46057103292718893	-0.46057103292718893	0.028896877244056603	14764.0	83.15309226089894	0.4090909090909091	1.5605110486793243	1.4752197189655758	22	-0.7456109768675091
OR7C2	OR7C2	0.9221482780187729	9070.5	0.46057103292718893	-0.46057103292718893	0.028476834263392002	14509.0	81.71679621493747	0.45454545454545453	1.7479455038449003	1.6471237448944775	22	-0.7815894069332274
VSTM2A.OT1	VSTM2A.OT1	0.9221482780187729	9070.5	0.46057103292718893	-0.46057103292718893	0.000774125442426374	15889.0	89.48969246367015	0.5652173913043478	1.8245112260731702	1.548204270429838	23	-0.8809820636699973
VENTXP1	VENTXP1	0.9221482780187729	9070.5	0.46057103292718893	-0.46057103292718893	0.000314680571623091	15821.0	89.10668018474709	0.5714285714285714	1.7412520831909257	1.3985657457418608	21	-0.9157102940372726
RBP3	RBP3	0.9221482780187729	9070.5	0.46057103292718893	-0.46057103292718893	2.89974014822782e-06	17526.0	98.71014982539145	0.7619047619047619	3.401602507805062	2.1392842594866766	21	-1.374773577581306
OR1I1	OR1I1	0.9221482780187729	9070.5	0.46057103292718893	-0.46057103292718893	0.0265824143490246	13825.0	77.86414329165258	0.36363636363636365	1.46435558033762	1.3002571089054087	22	-0.7719892785323389
NLRP8	NLRP8	0.9221482780187729	9060.5	0.460567780017443	-0.460567780017443	0.0045867037388260395	15244.0	85.85670834741467	0.6086956521739131	1.63852770026804	1.3724901656893242	23	-0.858264743674119
KRTAP11.1	KRTAP11.1	0.9221482780187729	9060.5	0.460567780017443	-0.460567780017443	0.000174677185220127	16766.0	94.4294243550749	0.6	2.0834242149203686	1.8441376459347552	20	-0.8800083000747665
EIF1AY	EIF1AY	0.914620102624747	9059.0	0.460565333889715	-0.460565333889715	0.07080691234864245	5298.0	29.835530021403628	0.125	0.7769484338446201	1.4577181493837759	24	-0.217039967629305
CDH9	CDH9	0.914620102624747	9058.0	0.460565290226101	-0.460565290226101	0.002268513997104012	15963.0	89.90649994367466	0.625	2.1086775060620595	1.8641303786313241	24	-0.8841185330856687
GK2	GK2	0.914620102624747	9057.0	0.46056517688111	-0.46056517688111	6.222523389091744e-05	16178.0	91.11749464909316	0.6363636363636364	2.377425077421224	2.102965391341069	22	-0.9115033031131935
APOA4	APOA4	0.914620102624747	9056.0	0.46056508651194294	-0.46056508651194294	7.03019840281591e-06	17595.0	99.09879463782809	0.782608695652174	4.151766920815332	2.9573115683164706	23	-1.2481612941461915
UTY	UTY	0.9221482780187729	9055.0	0.460564527107696	-0.460564527107696	0.0399759615336559	8174.0	46.034696406443615	0.25	0.7365576964992068	0.8117948408136617	24	-0.3399789645310912
DNAJB8.AS1	DNAJB8.AS1	0.887702443281679	9054.0	0.460559565630896	-0.460559565630896	0.00554917257819633	14975.0	84.34155683226315	0.5217391304347826	1.589585759258023	1.2242824656013176	23	-0.9221942038290937
GOT1L1	GOT1L1	0.8874866003371291	9053.0	0.46055954888642	-0.46055954888642	0.00181443554113738	15757.0	88.74619803987834	0.6086956521739131	1.8406770627274056	1.3449080073563573	23	-1.0261798623341074
SOX14	SOX14	0.887265343238617	9052.0	0.460559529177283	-0.460559529177283	0.0335219043352168	14166.0	79.78483721978145	0.43478260869565216	1.761481066908775	1.755215805221179	23	-0.7411746942237452
LINC00558	LINC00558	0.864154317637141	9051.0	0.46055818976863705	-0.46055818976863705	0.010568906102869445	14490.0	81.60977807817956	0.5	1.434283587680673	1.0262266848550177	20	-0.948840458236185
KDM5D	KDM5D	0.8398326609532779	9050.0	0.46055650158854	-0.46055650158854	2.633324934945224e-06	12242.0	68.9478427396643	0.2916666666666667	0.9961188823041666	0.8538983160932171	24	-0.6271969046220266
ASGR2	ASGR2	0.181724596363496	9049.0	0.46053123649999894	-0.46053123649999894	2.3207104930524604e-07	17306.0	97.47099245240508	0.7083333333333334	3.220354681137206	2.685736396249402	24	-1.0275853760224818
PIBF1	PIBF1	3.39748080359037e-05	9048.0	0.46042448509482503	0.46042448509482503	0.000638705032917768	9043.0	50.92936802973977	0.04	0.5341502053863539	0.39023449019896334	25	-0.18892671494500504
NIF3L1	NIF3L1	1.4305871962925598e-05	9047.0	0.46037407477340403	0.46037407477340403	1.11586991842794e-08	7741.0	43.5958093950659	0.08	0.5868504894022508	0.49636446234503373	25	-0.2548055395249676
ENKUR	ENKUR	0.29938428394093497	9046.0	0.460323704018128	-0.460323704018128	1.5111156362836651e-05	14149.0	79.68908415005069	0.5	1.451856104489093	1.433492542718274	24	-0.6916899606542508
TMEM31	TMEM31	0.524615563094907	9045.0	0.460262425598045	0.460262425598045	0.00290859506805751	15988.0	90.04731328151402	0.5652173913043478	2.1026200290124457	2.1314348008293456	23	-0.7705408595071058
APEX2	APEX2	3.75923013170886e-06	9044.0	0.460259268157214	0.460259268157214	0.04315214720955785	16431.0	92.54252562802748	0.5416666666666666	1.9209128409199367	1.5090753138696809	24	-0.9679129724925448
ZNF418	ZNF418	0.101489469059445	9043.0	0.46023706386540997	0.46023706386540997	0.00026032331340046603	5195.0	29.255379069505462	0.16666666666666666	0.651167076897478	0.8944286432052572	24	-0.21346589745589423
FOXJ1	FOXJ1	0.310154105541609	9042.0	0.46020316029983094	0.46020316029983094	0.002820439144951185	13966.0	78.65833051706657	0.5	1.3607995748641584	1.1969406277274095	24	-0.7524152775014908
ZBTB9	ZBTB9	2.44694824913078e-06	9041.0	0.46017385485320395	0.46017385485320395	0.006089752422116471	134.0	0.7491269573053959	0.08	0.37010829088452885	0.5502448788904047	25	0.16368269369502655
GSPT1	GSPT1	0.0030328797472262	9040.0	0.459955179790669	0.459955179790669	0.00027388053184455803	4063.0	22.879351132139238	0.08	0.4563254078709447	0.5785288806083936	25	0.006274141259650086
PRR5L	PRR5L	0.0157172133604151	9039.0	0.45987854323912797	-0.45987854323912797	8.04432821620983e-07	7447.0	41.93984454207502	0.08333333333333333	0.7223797331505808	1.2559943895945522	24	-0.20899869624114395
GAS6.AS1	GAS6.AS1	0.0344543991680972	9038.0	0.45985869356251396	-0.45985869356251396	4.69783004226636e-07	10225.0	57.58702264278472	0.24	0.749532880691607	0.7087107968563737	25	-0.4087339834725249
NUDT16P1	NUDT16P1	0.043073287345485	9037.0	0.4597727955578189	0.4597727955578189	0.0009968355716549711	9360.0	52.71488115354286	0.16	0.8642586322512621	1.1833443983543628	25	-0.34181582069932304
FBXO28	FBXO28	0.0005874353868729821	9036.0	0.45975417970174	0.45975417970174	0.00032705021283657004	7155.0	40.2951447561113	0.04	0.4399111077612146	0.43843819058496514	25	0.045258538983683656
CFAP57	CFAP57	0.21093152013116398	9035.0	0.45960869884999794	0.45960869884999794	6.93847976151298e-06	6512.0	36.67342570688295	0.04	0.5433333259666164	0.8899250353507797	25	-0.09408053913621718
LCN15	LCN15	0.755763487691191	9034.0	0.459521403309148	-0.459521403309148	1.4140797257407043e-05	17123.0	96.44023881942097	0.7727272727272727	3.1258389789541607	2.8284793812772024	22	-0.9426682030261202
HLCS	HLCS	0.0038361847212331603	9033.0	0.459478483802795	0.459478483802795	1.3020181780517099e-05	4564.0	25.701250422440015	0.12	0.581645273365255	0.791781190721048	25	-0.1542936242918411
ZBTB25	ZBTB25	5.566297441223579e-08	9032.0	0.45945182041814403	0.45945182041814403	2.54223347456304e-05	3382.0	19.043595809395068	0.08	0.3629213757108961	0.33249068126121856	25	0.2903252636768174
CNGA4	CNGA4	0.23725530419637098	9031.0	0.4593432730608811	-0.4593432730608811	0.147866227310725	2802.0	15.77672637152191	0.125	0.6201644092947284	0.925426609782914	24	-0.1737805402759843
CADPS	CADPS	0.146030061899986	9030.0	0.45928883602671505	0.45928883602671505	0.000118291390825904	14362.0	80.88881378844204	0.5652173913043478	1.8559082036020556	1.9464684841504514	23	-0.7175145032902518
RUBCNL	RUBCNL	0.20159134896728798	9029.0	0.4592381854906621	-0.4592381854906621	2.069701982032874e-05	13635.0	76.79396192407344	0.5	1.405408909014372	1.779292045582791	24	-0.5317680848810855
LUZP1	LUZP1	1.04929345586839e-05	9028.0	0.459147258258411	-0.459147258258411	0.0153936983551174	2115.0	11.907175847696292	0.12	0.41378103833752	0.4522444673556962	25	0.10031348793750945
MAB21L2	MAB21L2	0.519999475368564	9027.0	0.45912143375414094	-0.45912143375414094	5.022039363946124e-08	16562.0	93.28038751830573	0.6666666666666666	2.1915524799910435	1.8100523710799268	24	-0.9571165309450614
NOP14	NOP14	0.00107068200322247	9026.0	0.45909774435222794	0.45909774435222794	0.0409631267876217	123.0	0.6871690886560775	0.08	0.3011189611818821	0.4259587336694319	25	0.37087814072840763
IRX4	IRX4	0.615160885822434	9025.0	0.45895330671872797	0.45895330671872797	0.00025111470186152103	13762.0	77.50929368029739	0.4583333333333333	1.5677169622321119	1.6860611619173576	24	-0.6576058333806339
LINC01006	LINC01006	0.0612671599758459	9024.0	0.458816329787731	0.458816329787731	0.00555672976261359	399.0	2.2417483384026133	0.2	0.6386599973309893	0.996480097297479	25	-0.18047893583726
BANF1	BANF1	4.388590178315619e-06	9023.0	0.458722716349884	0.458722716349884	8.41415891005785e-06	4520.0	25.45341894784274	0.08	0.5364442805921479	0.6706994659542713	25	-0.11588135698256691
PLA2G2D	PLA2G2D	0.396181093393902	9022.0	0.458459326418427	0.458459326418427	5.12236696109649e-06	15735.0	88.62228230257969	0.625	1.958634801017662	1.8720919873276876	24	-0.801336411220186
PPP2R3B	PPP2R3B	0.0073507597952866596	9021.0	0.458409220626256	0.458409220626256	7.27959522377641e-13	12320.0	69.3871803537231	0.36	1.1124286992445689	0.9797636023399293	25	-0.6675278373847987
ATP6V1C1	ATP6V1C1	0.0121902279359216	9020.0	0.45840892773852604	0.45840892773852604	3.98820182227356e-07	9112.0	51.31801284217641	0.08	0.6039175898554636	0.38414285568565554	25	-0.378787890919433
NUMB	NUMB	0.00022228190121009901	9019.0	0.458406368203637	-0.458406368203637	0.0006721951708551	3134.0	17.646727498028614	0.16	0.4922907008802285	0.6017554886162815	25	-0.05630913771057996
CHD1L	CHD1L	2.0101416714156203e-12	9018.0	0.45821799502921295	0.45821799502921295	0.0059582034226955604	3273.0	18.429649656415457	0.08	0.4002701836750736	0.4271854448006862	25	0.13565024759019192
RIOK2	RIOK2	0.00576699114969794	9017.0	0.45817898031317295	0.45817898031317295	0.00119802838708935	6571.0	37.005745184183844	0.08	0.47181709608759775	0.482863372374405	25	-0.028244254078253046
LINC01278	LINC01278	0.0276003567166412	9016.0	0.458159261093699	0.458159261093699	0.0168913941613038	2261.0	12.729525740678156	0.08	0.3936276406998682	0.5294155063816494	25	0.1218921992574027
BAG2	BAG2	0.0655836100756513	9015.0	0.4580960810559121	-0.4580960810559121	0.0510194153042345	2798.0	15.754196237467612	0.0	0.275680556836574	0.17042407966322554	25	1.0703623841173666
DBF4B	DBF4B	0.000580420533550687	9014.0	0.45805802140894203	0.45805802140894203	7.86787721172236e-07	7958.0	44.818069167511545	0.04	0.5870239485298455	0.8214427610297986	25	-0.15699928618182213
GALM	GALM	0.0124639502534628	9013.0	0.45804245862692794	0.45804245862692794	0.000695281816547712	3629.0	20.434831587247945	0.08	0.6635024340891361	1.3169884574625659	25	-0.15600742307040924
DUSP4	DUSP4	0.256123109586409	9012.0	0.458035825826213	-0.458035825826213	2.7836525541874005e-05	8382.0	47.20626337726709	0.16666666666666666	0.6234960471258216	0.6689404036800242	24	-0.24734672982730105
GAMT	GAMT	0.0429163347248162	9011.0	0.45803344549103103	0.45803344549103103	4.47084104795298e-06	9622.0	54.190604934099355	0.24	0.8515431174095615	0.990049466641892	25	-0.39746465724915714
GPR156	GPR156	0.24954798046759502	9010.0	0.45790661385849996	0.45790661385849996	0.102236093027051	3476.0	19.57305395967106	0.2	0.5786506161428622	0.684753736257393	25	-0.17633200943788
IGFBP7	IGFBP7	0.028717726762235003	9009.0	0.4577914108667929	-0.4577914108667929	0.0005841981665430769	9830.0	55.36217190492283	0.24	0.8863384594162528	1.3657487748763357	25	-0.31378175579052847
PGBD5	PGBD5	0.19853306133718499	9008.0	0.45773918459029495	0.45773918459029495	0.005176606660662245	2638.0	14.852990875295706	0.20833333333333334	0.8802470362906504	1.5618516602998531	24	-0.2705172728242578
EDEM1	EDEM1	0.004685410839401679	9007.0	0.457702845615006	-0.457702845615006	0.000291017862734775	6705.0	37.760504675002814	0.2	0.5434651830852341	0.4819676153163081	25	-0.17794211632651608
MYL6B	MYL6B	0.00036438811370086003	9006.0	0.45751974131486206	-0.45751974131486206	0.00031210855087934704	1545.0	8.696631744958882	0.08	0.3633578541531105	0.45859524102136634	25	0.20532678654064898
ZER1	ZER1	2.1472571356495898e-06	9005.0	0.457457832181079	-0.457457832181079	2.55117284500467e-05	7863.0	44.282978483721976	0.12	0.5495653603731856	0.4328935897173698	25	-0.2127717535670656
PIPOX	PIPOX	0.0935107850953989	9004.0	0.4573285507937	0.4573285507937	1.0672436428768357e-09	14854.0	83.66002027712064	0.5833333333333334	1.6823212737088544	1.8860406151406803	24	-0.6495049539661063
ZNF503	ZNF503	0.174990793057874	9003.0	0.457295177279564	-0.457295177279564	1.2341694032106809e-06	9544.0	53.75126732004055	0.20833333333333334	0.8842759550481727	1.0578678612597465	24	-0.4036239245042806
UBXN4	UBXN4	2.7255590316103602e-05	9002.0	0.4572708588957371	0.4572708588957371	2.00660551467008e-08	10174.0	57.299763433592425	0.12	0.5863297336883491	0.5215004116196506	25	-0.24747607464352175
DBIL5P	DBIL5P	0.167905614940219	9001.0	0.457192759795398	-0.457192759795398	0.00025472762551959657	12649.0	71.24028387968907	0.25	0.9021056796622768	0.9949249636037817	24	-0.44718238675541033
SLC2A13	SLC2A13	0.0378807358496672	9000.0	0.457138868357035	0.457138868357035	0.000607657164639501	7073.0	39.83327700799819	0.12	0.5205916421258752	0.5164339285963794	25	-0.12286716703780301
BIRC3	BIRC3	0.20924317079243202	8999.0	0.457070314236361	-0.457070314236361	1.678215388401625e-08	13964.0	78.64706545003942	0.5	1.4048789226634135	1.4053237838944854	24	-0.6744414485040949
GIN1	GIN1	0.0178309546867116	8998.0	0.456957129436945	0.456957129436945	2.2722716518042698e-07	9171.0	51.65033231947729	0.04	0.584888604260008	0.48033250857173937	25	-0.26633940559939423
MGAT4D	MGAT4D	0.7787897389667241	8997.0	0.45694042779867605	0.45694042779867605	0.01684872948297982	15893.0	89.51222259772445	0.45454545454545453	1.7999706744341024	1.5410767505703504	22	-0.871488228044692
CFAP70	CFAP70	0.183181452764825	8996.0	0.45682733079759097	0.45682733079759097	4.63527177153904e-07	12027.0	67.7368480342458	0.24	0.7928598525818128	0.4427606995217075	25	-0.7589483939004098
MLN	MLN	0.80218707425164	8995.0	0.456817158952085	-0.456817158952085	0.001192772273181375	15086.0	84.9667680522699	0.5833333333333334	1.5751777579610848	1.327080863929158	24	-0.8427222706669214
MMD	MMD	0.0232423547613375	8994.0	0.45674245243652395	0.45674245243652395	4.89539127414654e-07	16109.0	90.72884983665652	0.5416666666666666	2.625781921195048	2.819439529227683	24	-0.7693158325522519
CENPX	CENPX	0.0019108694830498102	8993.0	0.456730423419906	0.456730423419906	0.00185563938705429	4845.0	27.283992339754423	0.12	0.5066184332766386	0.6186625380256547	25	-0.08063848510359266
MYRFL	MYRFL	0.23329521023183	8992.0	0.456449087445495	0.456449087445495	1.1569383377792974e-09	15120.0	85.15827419173144	0.6666666666666666	1.6710200816182743	1.1315610884500091	24	-1.0733587488736251
ATP2B2	ATP2B2	0.47275708100403896	8991.0	0.45640514234234997	-0.45640514234234997	3.556932342390585e-07	15791.0	88.93770417933986	0.625	2.170412822750439	1.8449765286922162	24	-0.9290132713086803
RFX5	RFX5	2.9445923727236303e-05	8990.0	0.456338029546545	0.456338029546545	0.00803843048206845	1444.0	8.127745860087867	0.12	0.4044850243593457	0.5731568806631554	25	0.09046913146572405
C17orf98	C17orf98	0.7850107570629591	8989.0	0.456233435460757	0.456233435460757	0.01092118463965025	10894.0	61.355187563365995	0.2916666666666667	1.232867134040509	1.249450566664903	24	-0.6215801723575045
WDR76	WDR76	6.02488270910333e-05	8988.0	0.456211504470321	0.456211504470321	0.0007285053921258901	7389.0	41.61315759828771	0.04	0.5158421389181587	0.7382128933196747	25	-0.08077701566506683
CDKN2AIPNL	CDKN2AIPNL	0.000489660883929074	8987.0	0.456107350787084	0.456107350787084	1.67783607974612e-05	2530.0	14.244677255829671	0.08	0.4092525667836405	0.4629632583844291	25	0.1012062688666685
EOMES	EOMES	0.431914519055688	8986.0	0.45600687219476593	-0.45600687219476593	0.0810267204882486	11635.0	65.52889489692463	0.25	1.1430778244384474	1.7008192593739204	24	-0.4039647061008679
BRSK1	BRSK1	0.0968084528303686	8985.0	0.455994712561143	0.455994712561143	8.03154763366073e-12	14696.0	82.77007998197588	0.6666666666666666	1.7261724945031391	1.5898449004871769	24	-0.798931884206299
NT5C2	NT5C2	2.01854272955595e-06	8984.0	0.45586744618484004	0.45586744618484004	8.6130204542761e-05	4524.0	25.47594908189704	0.04	0.3545860451854969	0.2626390010578435	25	0.38562970690341974
RFX1	RFX1	0.004363007143190679	8983.0	0.455806290254279	-0.455806290254279	4.923796223633221e-10	12291.0	69.22383688182944	0.4	1.0064105728133672	0.8020345549741664	25	-0.6865094267376338
PCDHA10	PCDHA10	0.16965915687072597	8982.0	0.45572255645888204	0.45572255645888204	0.01052044158667768	2546.0	14.334797792046862	0.125	0.548927633367858	0.6354992576511111	24	-0.14666433640453677
ZNF780B	ZNF780B	1.59469360094116e-05	8981.0	0.45568972751469394	0.45568972751469394	3.14170896045313e-05	7728.0	43.52258645938943	0.04	0.5711884928693087	0.8840010499241296	25	-0.1306545567615871
C15orf39	C15orf39	1.76393123937107e-05	8980.0	0.455596846144629	-0.455596846144629	4.99665866079218e-08	10360.0	58.34741466711726	0.2	0.6508249300421773	0.38415814574309404	25	-0.5081971736403248
ZNF296	ZNF296	0.0132328262741305	8979.0	0.455572612096596	0.455572612096596	4.00552695607473e-09	14315.0	80.62408471330404	0.5416666666666666	1.2929337535904082	1.1830603810802225	24	-0.7077923957940667
APOF	APOF	0.753500832274504	8978.0	0.45549335842547	0.45549335842547	0.0027654318441141	16757.0	94.37873155345274	0.625	2.0920387446723137	1.7644364822806493	24	-0.9275173137043177
MGAT1	MGAT1	0.00167844815578876	8977.0	0.455449690121575	-0.455449690121575	2.2943236490466e-05	9031.0	50.86177762757688	0.08	0.5637934412665211	0.5362438351333497	25	-0.20204195190048918
RHOXF1	RHOXF1	0.354362514114063	8976.0	0.45541583812080505	-0.45541583812080505	0.00524732458827167	13268.0	74.72682212459164	0.4166666666666667	1.225178916905141	1.0526267636620255	24	-0.731278270092978
ST8SIA1	ST8SIA1	0.0308492775524854	8975.0	0.455361825426786	-0.455361825426786	0.008638560060055735	8895.0	50.09575306973076	0.2916666666666667	0.9774091419091474	1.4733897027725704	24	-0.3543172016880476
NELFCD	NELFCD	0.0008347812155244691	8974.0	0.455332795091136	0.455332795091136	0.0056425472866537705	329.0	1.8474709924524049	0.08	0.317365492516681	0.3644476706519593	25	0.37856546682722847
CLDND1	CLDND1	4.2719715546070396e-05	8973.0	0.45529888251943895	-0.45529888251943895	0.0040222170412249295	3441.0	19.375915286695957	0.12	0.6044172524039391	0.9204997758185572	25	-0.161997182184967
CD300A	CD300A	0.0858857449541949	8972.0	0.45528826919380394	-0.45528826919380394	0.002388433923576235	13704.0	77.18260673651008	0.5	1.813324377655395	2.511434213521833	24	-0.5407412629603348
FBXW2	FBXW2	3.57648568958449e-08	8971.0	0.454990719529385	-0.454990719529385	0.00120923516926072	3435.0	19.34212008561451	0.08	0.3927483047645643	0.38383003977038277	25	0.16216139518953696
C6	C6	0.216119256387517	8970.0	0.45495149897670095	-0.45495149897670095	7.51243202950251e-05	17175.0	96.73313056212685	0.6086956521739131	2.088156432566365	1.5506846816674509	23	-1.0532153653787817
SACM1L	SACM1L	1.5191563815088501e-05	8969.0	0.4546029770382489	-0.4546029770382489	3.37014128749521e-05	6666.0	37.54083586797341	0.08	0.43027311498047544	0.41401218226091174	25	0.05876605351298753
KLK14	KLK14	0.23636166494105604	8968.0	0.454544588574809	-0.454544588574809	0.001619783167013535	15676.0	88.2899628252788	0.6666666666666666	1.6136443799713946	1.0923492119941651	24	-1.06110736261764
GLMP	GLMP	0.0009278942363010029	8967.0	0.4544250277714121	0.4544250277714121	0.000569320230712327	4879.0	27.47549847921595	0.08	0.3985992298542876	0.42525337993890194	25	0.1312765531108659
ZNF488	ZNF488	0.464770086682491	8966.0	0.45441970458051206	-0.45441970458051206	0.0003198466098135464	11305.0	63.67015883744508	0.2916666666666667	1.321280664716659	1.7972570980938212	24	-0.4823244048141713
OPRM1	OPRM1	0.39749400191471895	8965.0	0.45432360910431496	0.45432360910431496	0.0007493415273058306	14247.0	80.24107243438098	0.4583333333333333	1.3758989918829607	1.2288959727951516	24	-0.7499213954477381
ZNF717	ZNF717	0.00184431032066032	8964.0	0.45430679778440297	0.45430679778440297	4.4333317493243295e-05	6136.0	34.555593105778975	0.08	0.574067963713518	0.5094637383371678	25	-0.23507299326150657
GAREM1	GAREM1	0.12354837696146499	8963.0	0.454197770971855	0.454197770971855	2.07461443973633e-05	10979.0	61.833952912019825	0.16	0.9586578695688921	1.2576251667775913	25	-0.401121186123854
TBC1D4	TBC1D4	0.0304347519308053	8962.0	0.454112591909822	-0.454112591909822	0.0355191048317045	3283.0	18.4859749915512	0.08	0.48883924437886933	0.7831294130863076	25	-0.04434344041834648
TXNDC2	TXNDC2	0.45609239119019107	8961.0	0.45409970288229295	-0.45409970288229295	0.00417570273260947	15747.0	88.68987270474258	0.6666666666666666	1.9565159425600216	1.6738186933673933	24	-0.8975979570733335
BCAR1	BCAR1	0.00161421073743771	8960.0	0.454075343386803	-0.454075343386803	2.32791286790323e-05	11329.0	63.805339641770864	0.4	1.024327351079355	0.8916391799610274	25	-0.6395546769462026
ZC3H12B	ZC3H12B	0.0325075923783087	8959.0	0.4540490119148429	-0.4540490119148429	0.0288772521507452	1969.0	11.084825954714429	0.125	0.5543283795422821	0.9433004513608678	24	-0.10630692212939101
ALKBH7	ALKBH7	0.00048623035368815595	8958.0	0.453937975067275	-0.453937975067275	0.00024532628451589	7111.0	40.04731328151402	0.12	0.5441085535094209	0.5474536637638667	25	-0.16470906016447662
NOD1	NOD1	0.0111895215498494	8957.0	0.453863435609317	-0.453863435609317	3.63412769895045e-05	3036.0	17.094739213698322	0.16	0.510990578637813	0.5544871874121605	25	-0.1030269847985367
NRSN1	NRSN1	0.823662326188771	8956.0	0.45373790781838996	-0.45373790781838996	0.000338903378796105	16015.0	90.19939168638052	0.6521739130434783	2.1395201657523786	2.0558156972177692	23	-0.8200065113888545
PTBP3	PTBP3	0.009015983197666229	8955.0	0.453595776752724	0.453595776752724	2.24483027065823e-05	10186.0	57.36735383575532	0.12	0.5735219424836484	0.4703878295286754	25	-0.25495167647319744
SELENBP1	SELENBP1	0.110437162690551	8954.0	0.45356980083776205	-0.45356980083776205	0.023161011893552453	9287.0	52.30370620705193	0.3333333333333333	1.4548548267881447	2.566347714710912	24	-0.39015953302460926
CXCL16	CXCL16	0.0280036168759834	8953.0	0.45334452638216494	-0.45334452638216494	0.000627315393950093	9716.0	54.72006308437535	0.16	0.7497609981519338	0.9054501961649687	25	-0.3273691617995554
TLK1	TLK1	1.8757884093181798e-05	8952.0	0.45332749067598904	0.45332749067598904	0.00148669501604261	6842.0	38.532161766362506	0.12	0.5164908526147846	0.5063209195818661	25	-0.12474965875586887
POPDC2	POPDC2	0.0111119889217482	8951.0	0.453297422398556	-0.453297422398556	1.8921893049547748e-05	13046.0	73.47639968457811	0.4166666666666667	1.3077580592267808	1.5452180602977554	24	-0.5529709099203608
CDC23	CDC23	1.99537617782365e-06	8950.0	0.45318975620390506	0.45318975620390506	9.24636349429889e-05	4207.0	23.69043595809395	0.12	0.5078630151858738	0.653076833838964	25	-0.0837164268415164
CTSB	CTSB	0.0887796575924495	8949.0	0.453032558473938	0.453032558473938	0.00207437350603535	6561.0	36.9494198490481	0.12	0.7650365419023545	1.1473253994027302	25	-0.2719402739543971
STAR	STAR	0.29446763743161103	8948.0	0.45282069707494	-0.45282069707494	4.8523632009285897e-08	17379.0	97.88216739889602	0.7083333333333334	3.468801023617889	3.056063127804092	24	-0.9868841710446131
ANP32E	ANP32E	0.00211919631607563	8947.0	0.45277873643808203	0.45277873643808203	0.0006910894341351169	5557.0	31.294356201419397	0.12	0.6096679074915164	0.8237781230221175	25	-0.19045076176321585
RASSF9	RASSF9	0.290839306630841	8946.0	0.45275630186371707	-0.45275630186371707	0.001356940134973615	7456.0	41.99053734369719	0.125	0.804722010618356	1.2690841200998155	24	-0.27733836014507557
CHST11	CHST11	0.0925124868622884	8945.0	0.452683515890659	-0.452683515890659	0.00277682459357117	6111.0	34.41477976793961	0.04	0.4453169428199123	0.44768222891802345	25	0.01645491510473972
FAHD1	FAHD1	9.689547476846609e-05	8944.0	0.45259583288358296	0.45259583288358296	9.33168924814092e-06	4143.0	23.32995381322519	0.16	0.6324202403350732	0.9886199587197354	25	-0.1818943729240133
PGAM2	PGAM2	0.0103202719817935	8943.0	0.452594903323016	-0.452594903323016	9.214874596041969e-08	14747.0	83.05733919116818	0.5416666666666666	1.492094478228313	1.6047337753020277	24	-0.6477707336281697
SLC37A3	SLC37A3	0.0004950689176758849	8942.0	0.452583366811461	0.452583366811461	3.40114272925193e-09	8296.0	46.72186549509969	0.08	0.5423737579724838	0.3556788402760504	25	-0.2524479417761664
PON2	PON2	0.00247387159343824	8941.0	0.45256613117279404	0.45256613117279404	4.67039240414701e-08	8937.0	50.332319477300885	0.08	0.5607510598486786	0.410512601636388	25	-0.26353619412567864
TUBA1B	TUBA1B	9.63722395861762e-07	8940.0	0.45252921614392994	-0.45252921614392994	0.0048207238776378294	1452.0	8.172806128196463	0.0	0.2533055348552116	0.20636326368511906	25	0.9654028422069602
SPSB2	SPSB2	0.130208395183464	8939.0	0.45235027127624494	0.45235027127624494	0.0156522917849863	897.0	5.046750028162668	0.08	0.3414282801814469	0.5188056241699565	25	0.21380259952320974
SLC5A6	SLC5A6	0.026390161403772	8938.0	0.452076950468008	0.452076950468008	1.89871396955492e-07	6786.0	38.21673988960234	0.08	0.46324242948532507	0.4835662529491592	25	-0.02308986400358045
BEST1	BEST1	0.0114940753722549	8937.0	0.45197399284725703	-0.45197399284725703	4.46809905921141e-05	8635.0	48.631294356201415	0.08	0.5244129160865567	0.43286589237646217	25	-0.1673472650885133
PDS5A	PDS5A	0.000381347281482154	8936.0	0.45193561750518896	0.45193561750518896	0.0009416809294662301	2675.0	15.06139461529796	0.04	0.369130264253301	0.2971105113910806	25	0.2787022002829545
TIPRL	TIPRL	0.000659434232005328	8935.0	0.451882938597264	0.451882938597264	7.31868405492876e-09	10013.0	56.39292553790695	0.12	0.6733482142158086	0.6444814412653243	25	-0.3436332862956257
SLC22A17	SLC22A17	0.000186738583193529	8934.0	0.451801013531072	-0.451801013531072	8.006180826883363e-08	14406.0	81.13664526303931	0.5416666666666666	1.4560718231577017	1.3901062243286286	24	-0.7224417760676214
MARVELD1	MARVELD1	0.0173914260587727	8933.0	0.45178846121729	-0.45178846121729	3.21998160502731e-10	11581.0	65.22473808719161	0.16	0.737510894435973	0.7258909093445226	25	-0.3936162163494918
LY6H	LY6H	0.424517189789359	8932.0	0.4517497860087371	0.4517497860087371	4.64348175824962e-05	17545.0	98.81716796214937	0.7391304347826086	3.212657099693667	2.366806929924082	23	-1.1665114204196998
FOXE3	FOXE3	0.539279773694261	8931.0	0.451659402294813	0.451659402294813	0.0003494635794557605	15926.0	89.6980962036724	0.7083333333333334	1.6137760826952883	1.1727686094594387	24	-0.9909172798682996
GANAB	GANAB	2.49688139784355e-17	8930.0	0.451622032708017	0.451622032708017	0.00076574610422088	3780.0	21.28534414779768	0.12	0.5074703392812491	0.6679093024393431	25	-0.08361660238787288
BTN3A1	BTN3A1	0.00256997667268895	8929.0	0.451555949611957	-0.451555949611957	0.000537124209971816	2670.0	15.033231947730087	0.16	0.777652676735293	1.5132590391958862	25	-0.21549299801084745
NRDC	NRDC	4.09241631816768e-08	8928.0	0.45154706452026894	0.45154706452026894	0.00301181677462439	3637.0	20.47989185535654	0.04	0.37709087230860155	0.4390988509070477	25	0.1695659008395559
ZNF586	ZNF586	0.000591087909286039	8927.0	0.45151804381142496	0.45151804381142496	0.00406918812751469	1577.0	8.876872817393263	0.0	0.3549504324460061	0.35229809450894817	25	0.27410767435463973
TFDP2	TFDP2	0.000471844615654313	8926.0	0.45151766072693394	-0.45151766072693394	0.0138172381601533	658.0	3.7005745184183843	0.0	0.27249786172069324	0.23622705002887226	25	0.757829380608023
CDR2	CDR2	8.46006119199449e-08	8925.0	0.451505258581685	0.451505258581685	0.0027167068833525198	2014.0	11.338289962825279	0.16	0.42055260978621684	0.6295371881906299	25	0.04916730794638204
RBBP5	RBBP5	1.89815465546684e-08	8924.0	0.45142281204387896	0.45142281204387896	0.00160055068458537	4467.0	25.154894671623296	0.08	0.45931865054769344	0.5130780516035766	25	-0.01538915663832586
REC8	REC8	0.0308547025138063	8923.0	0.45141866482044896	-0.45141866482044896	1.179926707791115e-05	10569.0	59.52461417145432	0.16666666666666666	1.0582454383710587	1.8462139483202666	24	-0.32868713515176096
AVEN	AVEN	0.00363375009291805	8922.0	0.4512379332497439	0.4512379332497439	0.0057371152670484295	59.0	0.32668694378731555	0.04	0.30566570446683206	0.3758583664708498	25	0.3873060752904696
ZNF629	ZNF629	0.0012239299860132599	8921.0	0.451150120649062	0.451150120649062	0.101535327176841	901.0	5.069280162216965	0.12	0.519747998752595	1.0565684973646519	25	-0.06492515939537609
ZNF561	ZNF561	2.7384544642544497e-06	8920.0	0.451034897334763	0.451034897334763	9.81983806106724e-06	8533.0	48.05677593781682	0.04	0.5169390053938215	0.4821844763416256	25	-0.13667820365989092
RAB11B.AS1	RAB11B.AS1	0.0142795850287488	8919.0	0.450984859246347	-0.450984859246347	0.0007603333787889685	12855.0	72.40058578348541	0.4583333333333333	1.2880760072819768	1.8021881448953214	24	-0.46448599187974987
MAP3K9	MAP3K9	0.0006414301797312281	8918.0	0.450924677808601	0.450924677808601	0.124851451624053	1311.0	7.378618902782471	0.04	0.6161828879316423	1.641571380608009	25	-0.10067074272568799
FGD2	FGD2	0.12905332425747099	8917.0	0.45080577904447205	-0.45080577904447205	0.004014509878532655	11974.0	67.43832375802636	0.2916666666666667	1.6400880195728547	2.358807897754504	24	-0.5041878321929201
TANGO2	TANGO2	0.0007072885599373071	8916.0	0.450786584361614	-0.450786584361614	0.009661755719496791	1398.0	7.8686493184634445	0.08	0.2960827754965207	0.3226717477629971	25	0.4794464031561992
NDUFAF2	NDUFAF2	0.0440850655795484	8915.0	0.45078552130422495	0.45078552130422495	1.2613662690154199e-06	9041.0	50.918102962712624	0.08	0.5151797992475812	0.39327719131277494	25	-0.16373763687745418
PARM1	PARM1	0.0730595985821853	8914.0	0.450757851898515	0.450757851898515	0.0007995951171671726	9568.0	53.88644812436634	0.20833333333333334	1.0499604737493557	1.6872153374389138	24	-0.35514294385231965
KLHDC2	KLHDC2	1.6125042777743e-07	8913.0	0.45070148396186205	0.45070148396186205	2.5602301559860297e-06	5703.0	32.11670609440126	0.04	0.3894879079415157	0.2681538128419859	25	0.2282778505797993
CSTF3	CSTF3	3.2681176919730896e-09	8912.0	0.45069802714464	0.45069802714464	0.0073135111219117905	4307.0	24.253689309451392	0.12	0.508317350289801	0.6798001323554296	25	-0.08475921142515314
TNK1	TNK1	0.00518737688830648	8911.0	0.450665216027129	0.450665216027129	0.0634309424963178	3859.0	21.730314295370057	0.08	0.537732609173785	0.7627122404243131	25	-0.11415497029157223
ERCC2	ERCC2	0.0058723933519947	8910.0	0.450614958324229	0.450614958324229	7.62192346988997e-06	6075.0	34.212008561450936	0.08	0.6207822721986944	0.8189019480340264	25	-0.2077993760828064
NUBP2	NUBP2	0.0058777645430318605	8909.0	0.45048082766344005	0.45048082766344005	0.00011033666117788799	4647.0	26.16875070406669	0.0	0.3039279085628608	0.15938432478137285	25	0.9194939295417264
TRAK1	TRAK1	1.12924181459574e-05	8908.0	0.450453871601331	-0.450453871601331	0.00191368679614356	1389.0	7.817956516841275	0.08	0.3611351224761806	0.41844421731338	25	0.21345437558827116
FOXN3	FOXN3	0.000227376178808698	8907.0	0.45042650369561105	-0.45042650369561105	0.0011800746376352	8881.0	50.016897600540716	0.08	0.5227522300819466	0.4394048650525767	25	-0.16459928448375616
ATP6V0E2.AS1	ATP6V0E2.AS1	0.0102557830610686	8906.0	0.4503391776326571	0.4503391776326571	0.000779156410530443	2358.0	13.275881491494873	0.16	0.709152335818094	1.2012232172161157	25	-0.2154580052034351
THUMPD2	THUMPD2	0.000337055995943302	8905.0	0.450196759977628	0.450196759977628	2.49942028285098e-05	6707.0	37.77176974202996	0.08	0.5245761430599238	0.566719429555403	25	-0.13124551445262292
SMG8	SMG8	0.000289810138540304	8904.0	0.450158727272043	0.450158727272043	0.00557604444794268	315.0	1.7686155232623633	0.12	0.3936553526967454	0.4906283803745495	25	0.11516532030243026
LGALS1	LGALS1	0.0712647818767612	8903.0	0.450154657285241	-0.450154657285241	0.00267671072136467	9269.0	52.202320603807586	0.2	0.7361485357794432	0.8039577018584959	25	-0.35573249417609254
LYRM1	LYRM1	0.00586505529195121	8902.0	0.45013237155370506	0.45013237155370506	2.47879951074975e-06	4568.0	25.72378055649431	0.04	0.494885551756611	0.5971363622874266	25	-0.07494633224389766
C3	C3	0.0834532994427202	8901.0	0.450115190920363	-0.450115190920363	0.000628502582045333	11403.0	64.22214712177536	0.2916666666666667	1.3601206386189981	2.1953706412958454	24	-0.41451107643559126
ARAP1	ARAP1	0.0045915886377544705	8900.0	0.45003705632752394	-0.45003705632752394	3.1239944851918596e-06	6195.0	34.88791258307987	0.08	0.5646246475066188	0.798179196967313	25	-0.1435612348886956
GALNT2	GALNT2	8.144210551308441e-07	8899.0	0.44982019274261603	0.44982019274261603	5.3258577108739095e-06	6706.0	37.76613720851639	0.16	0.5942899719502193	0.48665141132319184	25	-0.29686501640834423
ZBTB37	ZBTB37	0.000280343559352079	8898.0	0.44978799961307603	0.44978799961307603	0.00539632489124717	3021.0	17.010251210994706	0.04	0.3712278481489314	0.4663375006573888	25	0.16846200735175618
MPEG1	MPEG1	0.10577875231934199	8897.0	0.449609425069734	-0.449609425069734	5.45406848851687e-05	13764.0	77.52055874732454	0.4583333333333333	1.6908270116256638	2.1184621785683526	24	-0.585905001804063
RNPC3	RNPC3	0.0748143199562132	8896.0	0.44951198409848	0.44951198409848	1.8670038754185603e-05	8199.0	46.17550974428298	0.08	0.48144110418606895	0.3918258034844052	25	-0.08148804852475663
DRC3	DRC3	0.11982580758760901	8895.0	0.44949559107739895	-0.44949559107739895	0.0177043402448813	4418.0	24.87890052945815	0.04	0.5540248125536972	0.9238603572844949	25	-0.11314396234463532
GID8	GID8	0.000423324684498429	8894.0	0.449412857124101	0.449412857124101	0.0030064933288283897	1980.0	11.146783823363748	0.04	0.28627953174174875	0.29665606567036346	25	0.5499072638670459
SRSF5	SRSF5	0.000263667847442881	8893.0	0.44939965301429496	-0.44939965301429496	0.0016705818510375698	900.0	5.063647628703391	0.04	0.3295705268287755	0.31647629355444684	25	0.37863539426501763
DPYD	DPYD	0.00334841535880961	8892.0	0.44935708561404103	-0.44935708561404103	0.00211161364446027	8188.0	46.113551875633654	0.2	0.9199210144013545	1.3907507176178737	25	-0.3383524616067154
VIPAS39	VIPAS39	0.00288355100382821	8891.0	0.449306909941901	0.449306909941901	3.5665797911296204e-05	3294.0	18.54793286020052	0.04	0.4109280498457793	0.4797336900520655	25	0.08000034371560692
ZNF607	ZNF607	0.013861689933912	8890.0	0.44928808245254204	0.44928808245254204	0.0005305907428212969	3296.0	18.559197927227668	0.12	0.5172658343892684	0.7867077298920541	25	-0.08640788612316518
FZD1	FZD1	0.0954296067660345	8889.0	0.44927912569917605	-0.44927912569917605	0.000607138315002972	7000.0	39.42210206150726	0.12	0.764317386909632	1.4456550970981943	25	-0.21792076259601595
ZNF764	ZNF764	0.000357772637052198	8888.0	0.44887161876247705	0.44887161876247705	3.7409026867341794e-05	7099.0	39.97972287935113	0.08	0.4723756348174127	0.344362609484041	25	-0.06825368204216982
FCER1A	FCER1A	0.29738464573119605	8887.0	0.44885338552533294	0.44885338552533294	0.03627278766821505	14347.0	80.80432578573841	0.4583333333333333	1.7232390803379383	2.2227279038349756	24	-0.5733430945883428
UBLCP1	UBLCP1	0.0234021551119565	8886.0	0.448690153595138	0.448690153595138	8.86693932416141e-05	9845.0	55.44665990762645	0.08	0.5438569512526276	0.47465738045195305	25	-0.20049577142753983
CAPN14	CAPN14	0.29863250273298	8885.0	0.44845336912693107	0.44845336912693107	0.0034714535826412	16371.0	92.20457361721301	0.5833333333333334	2.817346335877113	2.8447872778109797	24	-0.8327135688588317
HYDIN	HYDIN	0.23329521023183	8884.0	0.44835267446446503	-0.44835267446446503	0.0017229369981275802	10105.0	56.911118621155794	0.2916666666666667	0.7519973555691847	0.6622799452101322	24	-0.4584838832895316
GNA13	GNA13	0.0186054837686509	8883.0	0.44832486476242994	-0.44832486476242994	0.0079610670332662	2659.0	14.97127407908077	0.04	0.3150544133873864	0.2559300692957645	25	0.5207299468239901
PRUNE1	PRUNE1	0.0012810524058141	8882.0	0.448278234245516	0.448278234245516	4.23237598159063e-05	2297.0	12.932296947166835	0.08	0.48233139934746533	0.7028076417884878	25	-0.04845303761252748
ALDH4A1	ALDH4A1	0.239557886050466	8881.0	0.4482533503831379	0.4482533503831379	1.8437152875569598e-06	9960.0	56.0944012616875	0.2	0.7222605855892702	0.7212841801000635	25	-0.37988804241917434
EIF4EBP1	EIF4EBP1	0.00139326593667681	8880.0	0.448184836771848	0.448184836771848	0.000122951519207307	4848.0	27.300889940295146	0.08	0.4704871899341842	0.5404873536096834	25	-0.04126341349781515
TMEM251	TMEM251	2.48728592212464e-06	8879.0	0.448083504358615	0.448083504358615	1.6622917641793501e-09	9577.0	53.93714092598851	0.12	0.6159942307427201	0.36470782438799687	25	-0.46039792720616857
PCCA	PCCA	0.00112700725985879	8878.0	0.44781104611561	0.44781104611561	0.000289244794618121	2787.0	15.692238368818293	0.12	0.5438365213747566	0.6819619873228971	25	-0.14080766530126285
HSPA1B	HSPA1B	0.24054474412462398	8877.0	0.447808620753757	0.447808620753757	0.0001369593614657525	8638.0	48.64819195674214	0.2916666666666667	0.9173124496980108	1.0962887650307496	24	-0.4282665698312477
ATP2A2	ATP2A2	0.00285582374521555	8876.0	0.447610632217344	0.447610632217344	0.000468765477259339	2924.0	16.463895460177987	0.04	0.35739331766433297	0.37414683750970756	25	0.24112809599966284
UHRF1BP1	UHRF1BP1	3.27019148127084e-06	8875.0	0.447559620317031	0.447559620317031	0.007330393798875979	3405.0	19.173144080207276	0.04	0.384764871322417	0.4894392425091358	25	0.12829937516389872
SLC25A31	SLC25A31	0.828249477524672	8874.0	0.447465431558029	-0.447465431558029	0.005428949093794095	17048.0	96.01779880590288	0.5454545454545454	2.256987677317771	1.888767398026637	22	-0.958043985538034
EBI3	EBI3	0.223821217389865	8873.0	0.447169562673141	-0.447169562673141	0.0007427563741056214	15417.0	86.83113664526303	0.5833333333333334	1.7994472812467803	1.75666722448866	24	-0.7697973183095435
RIN2	RIN2	0.00911740370204658	8872.0	0.44715600598095295	-0.44715600598095295	2.9347596236507502e-05	10921.0	61.50726596823251	0.16666666666666666	0.7813412157434186	0.7446770840956547	24	-0.4487652660458922
ZC3H3	ZC3H3	0.06151128918124501	8871.0	0.447141673795074	0.447141673795074	1.01786616086734e-08	11717.0	65.99076264503773	0.24	0.8349100303067971	0.6629417865166773	25	-0.5849206738787587
PTP4A3	PTP4A3	0.000302096038941317	8870.0	0.447137209161105	0.447137209161105	1.371568672426031e-08	12542.0	70.63760279373662	0.25	1.3695623640166277	2.2628531359867825	24	-0.40763810084973656
MPZL3	MPZL3	0.110697381339716	8869.0	0.447108707951992	0.447108707951992	1.34389110162249e-05	11170.0	62.90976681311253	0.28	0.8513015318441798	0.7182648431232495	25	-0.5627350799109501
NUDT12	NUDT12	0.0963058527393131	8868.0	0.446854622727466	0.446854622727466	1.5740791715709e-09	12284.0	69.18440914723442	0.16	1.1487534304570426	1.6626014585350286	25	-0.4221690075672387
ZNFX1	ZNFX1	0.00455035437167275	8867.0	0.44684668504733704	-0.44684668504733704	0.000197780334663816	6626.0	37.31553452743044	0.08	0.4695416803003352	0.5899718976728267	25	-0.03846792591735251
ATPAF1	ATPAF1	0.000125414602270714	8866.0	0.44682687956130496	0.44682687956130496	0.0064232654918516	593.0	3.334459840036048	0.04	0.27113116847019486	0.28127871434719937	25	0.6246320895588219
AATBC	AATBC	0.142875027480525	8865.0	0.446752737079414	0.446752737079414	0.0034247715136646794	4120.0	23.200405542412977	0.16666666666666666	0.7183677240813636	1.3023356173937763	24	-0.2085599006694629
HACE1	HACE1	0.00146170425758123	8864.0	0.4465610084412511	-0.4465610084412511	0.00239651116960511	3424.0	19.28016221696519	0.12	0.593808719222248	0.7824529646319914	25	-0.18818729998710076
MICA	MICA	0.00869609462424031	8863.0	0.44647263978852203	-0.44647263978852203	0.000842537611352382	1841.0	10.363861664976906	0.12	0.4397052473740205	0.6700593951211872	25	0.010099690361445606
BRD4	BRD4	0.00013591161198208898	8862.0	0.446455809798716	-0.446455809798716	9.436704084507729e-10	9871.0	55.59310577897938	0.24	0.7226315657354664	0.6391783739928943	25	-0.43207931803371774
LIN9	LIN9	0.0491250927910873	8861.0	0.44634145392799196	0.44634145392799196	6.60227332111307e-05	6740.0	37.957643347977914	0.08	0.5638376236675943	0.6556448644033147	25	-0.17920703130426027
TMEM205	TMEM205	0.00013914044784573202	8860.0	0.44628224736498706	0.44628224736498706	6.90363480428945e-05	4336.0	24.41703278134505	0.08	0.44567443498966336	0.45867608446720126	25	0.0013251451207222577
SORBS2	SORBS2	0.20689183190197896	8859.0	0.445990281151743	0.445990281151743	0.0984918041063015	5041.0	28.387968908415004	0.12	0.719379755202622	1.0913676048047882	25	-0.2505017308991684
EXOSC6	EXOSC6	0.0186890958283449	8858.0	0.44591712807932793	-0.44591712807932793	0.00225204826796267	867.0	4.877774022755435	0.08	0.43686199771821693	0.5279367495145112	25	0.017151922781352243
NDUFAF1	NDUFAF1	0.005682952039902721	8857.0	0.44585624060551204	0.44585624060551204	5.3776825864583045e-06	11184.0	62.98862228230257	0.3333333333333333	1.91817721458561	2.7499041208101156	24	-0.5354081121731457
TTC9	TTC9	0.0381225897516178	8856.0	0.445845998799504	0.445845998799504	0.00024053479055639502	9937.0	55.96485299087529	0.16	0.8017637447834758	1.0256230563214466	25	-0.3470258822578785
ZNF74	ZNF74	0.0105764295662101	8855.0	0.44571138294023604	0.44571138294023604	0.00042712097210949903	1970.0	11.090458488228004	0.04	0.4438637184021348	0.615642541784505	25	0.0030011969815237362
B3GALNT2	B3GALNT2	0.0135930414918635	8854.0	0.44551131774710107	0.44551131774710107	0.0332882495103709	1754.0	9.873831249295932	0.04	0.3348041115019305	0.421705159877428	25	0.2625227689349319
PAQR6	PAQR6	0.0693662360342564	8853.0	0.445379415804316	-0.445379415804316	1.391727208683778e-06	12408.0	69.88284330291765	0.3333333333333333	1.1075184065280328	1.241013726218517	24	-0.5335468711867637
CALML4	CALML4	0.0109456412556511	8852.0	0.44536579314936203	0.44536579314936203	0.00855415571347504	1453.0	8.178438661710036	0.0	0.27169680747578756	0.20352249332533412	25	0.8533159300282436
TRIP11	TRIP11	0.00192846005035125	8851.0	0.445324923947265	0.445324923947265	1.45837145474343e-08	10474.0	58.98952348766475	0.2	0.7376337207370628	0.5879183613096552	25	-0.49719283496886646
PCDH18	PCDH18	0.220006406929698	8850.0	0.445243399130823	-0.445243399130823	0.0012060398159744355	12478.0	70.27712064886785	0.375	1.4012309225216137	1.9657615379036468	24	-0.48631917196339464
PITPNM3	PITPNM3	0.10789004018238699	8849.0	0.44522561071079003	-0.44522561071079003	0.00196114510546823	7305.0	41.14002478314745	0.08	0.8504726697074286	1.5201804795205922	25	-0.2665782546585773
SKIV2L	SKIV2L	0.0012006129666643302	8848.0	0.445222388459401	0.445222388459401	0.00681579310990664	1465.0	8.246029063872928	0.08	0.3200994460874088	0.44038053876872796	25	0.28412459533708473
LPAR5	LPAR5	0.10905927974442098	8847.0	0.4450698111878689	0.4450698111878689	0.011143331359912814	5760.0	32.437760504675	0.125	0.867142044524546	1.5423959129426534	24	-0.27364714195295575
PUS3	PUS3	9.64308069531287e-06	8846.0	0.44504068773508004	0.44504068773508004	7.008835212602071e-08	8698.0	48.9861439675566	0.16	0.6095636113473849	0.4220971281096201	25	-0.38977503672940816
PLPPR4	PLPPR4	0.0651754470014796	8845.0	0.44494634092466295	-0.44494634092466295	7.70613867359732e-06	13900.0	78.28658330517067	0.4782608695652174	1.4208493228980958	1.7765186923934555	23	-0.5493344855598593
MELTF.AS1	MELTF.AS1	0.104502018724599	8844.0	0.44493537868954497	0.44493537868954497	0.00401420599057683	5441.0	30.640982313844766	0.24	0.5938275308011746	0.6659617602285617	25	-0.2235746269583542
ZNF169	ZNF169	0.00166573293966596	8843.0	0.44482924162103205	0.44482924162103205	0.0283580435710926	589.0	3.3119297059817505	0.04	0.270103017187474	0.28841675180496956	25	0.6058116365990758
PRMT9	PRMT9	0.000132060220747076	8842.0	0.44466767622443604	-0.44466767622443604	9.4957795648734e-05	4721.0	26.585558184071196	0.08	0.5042240086346521	0.5072809725372449	25	-0.11740304808267456
LRP12	LRP12	0.0553185601296895	8841.0	0.44464424352999704	0.44464424352999704	0.000653074486984983	8563.0	48.22575194322406	0.2	0.9366199364705171	1.6057007539124828	25	-0.30639313816211533
MECR	MECR	0.000598098432046332	8840.0	0.444357820460841	0.444357820460841	0.00172205770355896	2058.0	11.586121437422552	0.04	0.3127238337956291	0.4144757389713039	25	0.3175915362185421
GMPS	GMPS	0.0025611471456054	8839.0	0.44428744497641104	0.44428744497641104	0.000751425241855095	2222.0	12.509856933648754	0.08	0.44024153357060697	0.7218268492494763	25	0.005605099630210251
EEF2	EEF2	0.00585472275996591	8838.0	0.44426185904555393	-0.44426185904555393	1.1279495151708698e-07	9901.0	55.76208178438661	0.24	0.7108427422736479	0.5178098518171003	25	-0.5148238919993648
HTR2C	HTR2C	0.796840466512947	8837.0	0.444240386773334	-0.444240386773334	0.000282080364173719	17078.0	96.18677481131012	0.6956521739130435	2.722140490306587	2.609552937969355	23	-0.8729081791710344
EHD4	EHD4	0.000388274517660244	8836.0	0.44418355260584796	-0.44418355260584796	5.95596211631719e-05	3919.0	22.068266306184523	0.04	0.35562724813671287	0.28780863290348363	25	0.3076916198647605
DHRS11	DHRS11	0.00023845228026137997	8835.0	0.443872861865246	0.443872861865246	0.0127349501657949	2123.0	11.952236115804888	0.12	0.4921909359212849	0.8860340235383509	25	-0.054532978161585796
LRRC49	LRRC49	0.0109763914582911	8834.0	0.443833002203312	-0.443833002203312	1.2879303053635e-05	10270.0	57.84048665089557	0.24	0.9147566366180108	1.0517907274867535	25	-0.4477351074771
MEGF9	MEGF9	0.0231290029097507	8833.0	0.44366641685821295	-0.44366641685821295	1.42544139616477e-06	9155.0	51.56021178326011	0.08	0.597076039959048	0.39203323968586457	25	-0.39131789749196233
XRRA1	XRRA1	0.0241356514797576	8832.0	0.44349252745856604	0.44349252745856604	4.34213503531946e-07	7506.0	42.272164019375914	0.16	0.5574604231315115	0.4816378840782144	25	-0.2366256879710855
LINC00339	LINC00339	0.0435687953368392	8831.0	0.443481089899843	0.443481089899843	0.0046113451921346894	1995.0	11.231271826067363	0.08	0.33830464462139465	0.4187650766432806	25	0.2511585878209263
ZFP36L1	ZFP36L1	5.71741958666893e-07	8830.0	0.4433126408958521	0.4433126408958521	1.70781794528957e-06	5166.0	29.092035597611805	0.16	0.6604758572735993	0.8828018932732254	25	-0.24599314753682294
LRG1	LRG1	0.167905614940219	8829.0	0.44323741194256	0.44323741194256	0.00808449219277916	11810.0	66.51458826180016	0.2916666666666667	1.0956846636685007	1.4221257935051819	24	-0.45878308002404106
SNAI3.AS1	SNAI3.AS1	0.0171384301865045	8828.0	0.44318395487597795	-0.44318395487597795	0.00016716738034388347	10587.0	59.625999774698656	0.3333333333333333	0.9114072608795345	1.041290623817426	24	-0.44965670034272026
LINC00174	LINC00174	0.0019352674761349302	8827.0	0.443065040046998	0.443065040046998	0.0261165930316561	2125.0	11.963501182832037	0.12	0.4636162985701355	0.659998146915486	25	-0.031138357916888397
C9orf131	C9orf131	0.11665711291509101	8826.0	0.44298365549514	-0.44298365549514	0.0688870735107693	7271.0	40.94851864368593	0.12	0.6226608097354102	0.7048985388782554	25	-0.2548978956974439
MRE11	MRE11	0.000248933246276554	8825.0	0.44297363460839	0.44297363460839	3.7804649002034405e-08	9334.0	52.568435282189924	0.08	0.5947291746167002	0.45992819934516793	25	-0.3299548499621792
JAG2	JAG2	0.0103972875662767	8824.0	0.442868245214012	-0.442868245214012	9.565616110104342e-07	11869.0	66.84690773910104	0.36	0.9702554084321616	0.9008754572495121	25	-0.5854162847640783
DGAT2	DGAT2	0.259356270626666	8823.0	0.442846530676416	0.442846530676416	1.1963673131307334e-08	12956.0	72.96947166835642	0.4583333333333333	1.2496173175425176	1.2978253155770236	24	-0.6216328015665227
WDFY4	WDFY4	0.22886802271417897	8822.0	0.44275879393857503	-0.44275879393857503	0.0005133353774012975	14204.0	79.99887349329728	0.5416666666666666	1.6062305716879317	1.9544517394694887	24	-0.5952931731459209
TOR1B	TOR1B	0.0622739724592425	8821.0	0.44266542455771	0.44266542455771	1.9046544156800698e-05	4983.0	28.06128196462769	0.12	0.6399609221625085	1.1424777486217503	25	-0.1726908885908804
P2RY8	P2RY8	0.30432045795493895	8820.0	0.4425309225201479	-0.4425309225201479	4.2246016433322956e-06	15640.0	88.08719161879013	0.5833333333333334	2.1437073483995195	2.5803628627018105	24	-0.6592779839104208
CPNE3	CPNE3	0.0833224442878561	8819.0	0.442468674460664	0.442468674460664	3.59992950515835e-09	10747.0	60.52720513687056	0.24	0.7057158549542192	0.48971733099662856	25	-0.5375492428618326
CCDC137	CCDC137	0.0017017232544739	8818.0	0.44243438481548203	0.44243438481548203	0.000193630112000866	1392.0	7.834854117381998	0.08	0.3424883851132452	0.35154507193407547	25	0.28430493749313457
DLAT	DLAT	3.94925944108341e-06	8817.0	0.44241543721659204	0.44241543721659204	3.8592310847111295e-05	3128.0	17.612932296947168	0.08	0.4034138508513438	0.5180996577443957	25	0.0752781550465522
PEX1	PEX1	0.006020388142877029	8816.0	0.44240694718509294	0.44240694718509294	7.392170861593079e-07	7980.0	44.94198490481018	0.08	0.5021617018545977	0.3385106364770067	25	-0.1765225320285132
C15orf40	C15orf40	0.000323895691322202	8815.0	0.442405238988569	0.442405238988569	0.000292185905267473	7621.0	42.91990537343697	0.08	0.5323757726200724	0.46578992704338507	25	-0.19315688985074017
TAP1	TAP1	0.0941599746279587	8814.0	0.442397680258471	-0.442397680258471	0.012414398109071998	2628.0	14.796665540159962	0.12	0.7528404613526541	1.398545930251144	25	-0.22197539199762667
CDK2AP1	CDK2AP1	2.889770821083e-05	8813.0	0.442057343168307	0.442057343168307	0.00091791842066854	841.0	4.731328151402501	0.0	0.2919706785943215	0.2654363864929311	25	0.56543364893186
CRBN	CRBN	7.73322560354826e-05	8812.0	0.44204424828123207	-0.44204424828123207	0.0027717496113412897	5084.0	28.630167849498704	0.0	0.3408803101910122	0.23684440657107392	25	0.4271324772023352
ISYNA1	ISYNA1	0.116090146582107	8811.0	0.44203251000923405	0.44203251000923405	4.04428220551116e-08	12383.0	69.74202996507829	0.28	0.9202616145239747	0.8491259083599225	25	-0.5632016404238978
C5orf66	C5orf66	6.87967270390371e-06	8810.0	0.4419390104110871	0.4419390104110871	0.0313891620157488	843.0	4.74259321842965	0.04	0.291071039310637	0.43427505534265975	25	0.3474018810069794
ATP1B4	ATP1B4	0.742428975843927	8809.0	0.44190299002382794	-0.44190299002382794	2.8474397782328703e-07	17523.0	98.69325222485074	0.6521739130434783	3.3055347455715425	2.3887134407275528	23	-1.1988176173511675
TSPAN17	TSPAN17	3.15837250737883e-05	8808.0	0.441901403996568	0.441901403996568	0.0009462417430690359	1282.0	7.215275430888814	0.12	0.4183908432634724	0.530414149833506	25	0.044324912411321284
TCERG1	TCERG1	0.00130760123326994	8807.0	0.44186130286187997	0.44186130286187997	0.0162481289016926	3004.0	16.91449814126394	0.08	0.429231958302883	0.5817337506226734	25	0.021709836407942308
ZBTB20.AS1	ZBTB20.AS1	0.26637810463926104	8806.0	0.44169346377292207	0.44169346377292207	0.0019306388838851	10791.0	60.77503661146783	0.2916666666666667	0.9876754007876808	1.0857904425132123	24	-0.5028428282634427
TMOD3	TMOD3	0.0009131141280353179	8805.0	0.441670718254921	-0.441670718254921	4.1025641587704e-05	6763.0	38.08719161879013	0.04	0.4211466276427382	0.29586999972683964	25	0.06936860996765996
SNTG1	SNTG1	0.805375920739465	8804.0	0.441665183478099	0.441665183478099	2.29486328683441e-05	16379.0	92.24963388532161	0.6956521739130435	2.318010581396302	1.9575103509684737	23	-0.9585366417040326
TRIM56	TRIM56	5.495885840281379e-09	8803.0	0.44154358748063705	-0.44154358748063705	0.0004882909562883201	1056.0	5.942322856820998	0.16	0.4226276449105819	0.5067779722277952	25	0.0373258973488936
PCSK2	PCSK2	0.556485844306	8802.0	0.44154097506448997	-0.44154097506448997	0.005462199244768745	14418.0	81.2042356652022	0.5416666666666666	1.4656048453452355	1.3724388738563738	24	-0.7461635558334632
GDPD5	GDPD5	0.0029499095443893397	8801.0	0.4415359950231729	-0.4415359950231729	2.1301159764488946e-08	11931.0	67.19612481694266	0.25	0.8394583047755061	0.5788070833842694	24	-0.6874869385248227
SLC27A3	SLC27A3	0.265521099676089	8800.0	0.441275538783945	-0.441275538783945	2.24272537888606e-08	9091.0	51.19972963839135	0.16	0.7012408652439855	0.8363879229370111	25	-0.3108190820679972
CCDC28B	CCDC28B	0.0225549082790805	8799.0	0.441246256863256	0.441246256863256	3.16853312166985e-06	7323.0	41.2414103863918	0.12	0.7388661852836964	1.2092847169473833	25	-0.24611237060179436
C1QL1	C1QL1	0.407534926275223	8798.0	0.441226475110243	-0.441226475110243	8.841254045258484e-06	16965.0	95.55029852427622	0.75	2.409049906031797	1.935840554254641	24	-1.0165214416014894
ZFPM1	ZFPM1	0.0108243972118874	8797.0	0.44111555252747603	-0.44111555252747603	1.2669719110262502e-10	14250.0	80.2579700349217	0.52	1.2401177389271338	1.168459692303665	25	-0.6838080865454529
TMEM106A	TMEM106A	0.000213964644426349	8796.0	0.44107333073371396	0.44107333073371396	0.0431069941478353	3341.0	18.812661935338514	0.16	0.4927872429319454	0.582478299811083	25	-0.08878255587376215
MAML3	MAML3	0.00183972126545323	8795.0	0.44092466712256	-0.44092466712256	0.000686445879269204	3599.0	20.26585558184071	0.16	0.6199761818385082	1.1567342540959868	25	-0.15479053558060393
TAB3	TAB3	0.00444105685526549	8794.0	0.44090008897646293	0.44090008897646293	0.00018704741448608302	4265.0	24.017122901881265	0.08	0.4008541765723282	0.43733983169690527	25	0.0915670366651813
RRS1.AS1	RRS1.AS1	0.48713232716984994	8793.0	0.440897792827046	0.440897792827046	0.003134026561180915	16418.0	92.46930269235101	0.6363636363636364	2.2595958003859877	1.8767996981413437	22	-0.9690421462450458
TINF2	TINF2	1.21179427917401e-05	8792.0	0.440895563841865	-0.440895563841865	0.0011076036314494099	1926.0	10.84262701363073	0.0	0.2729764955489444	0.21884125617364159	25	0.7673099269713738
NKX2.1.AS1	NKX2.1.AS1	0.11108195813499401	8791.0	0.44071270294242604	0.44071270294242604	0.10241733493238325	10494.0	59.10217415793623	0.36363636363636365	1.0516844592720949	1.1090289618452032	22	-0.5509069441370887
LGR5	LGR5	0.342171185967254	8790.0	0.440552831777667	0.440552831777667	0.000145942548523543	12278.0	69.15061394615297	0.3333333333333333	1.2450040776458007	1.4880532943596623	24	-0.5406064748603674
CTDP1	CTDP1	0.00667978797041971	8789.0	0.44038859738457203	-0.44038859738457203	1.1707772529684999e-08	11655.0	65.64154556719612	0.12	0.7021961414384738	0.5112438329396098	25	-0.512099173008171
TMEM196	TMEM196	0.833852152169016	8788.0	0.4402876001003571	0.4402876001003571	0.001281609163755524	15538.0	87.51267320040553	0.5416666666666666	1.8958397422396451	1.785378330034998	24	-0.8152625791704079
LRRN2	LRRN2	0.15079624230800304	8787.0	0.440224932749599	0.440224932749599	1.4029753858806366e-06	12225.0	68.85208966993353	0.4166666666666667	1.3550583468710535	1.6947009922651743	24	-0.5398199554357186
PLS3	PLS3	0.0705568187763587	8786.0	0.44011270650791295	0.44011270650791295	0.00106300793490908	8286.0	46.665540159963946	0.16	0.8919864989971604	1.5395407951531337	25	-0.2935120614613534
TTC12	TTC12	0.00247380261997321	8785.0	0.440048866508915	0.440048866508915	2.28420526804736e-07	7807.0	43.96755660696181	0.08	0.5475594393550413	0.5017904979039245	25	-0.2142539033624961
PPIP5K1	PPIP5K1	8.085955506555161e-06	8784.0	0.44002292803351595	0.44002292803351595	0.000799334684436325	6537.0	36.814239044722314	0.16	0.7828543423618396	1.3282782916854967	25	-0.2581020983888048
GEMIN5	GEMIN5	5.62663731488467e-10	8783.0	0.4399911556517179	0.4399911556517179	0.00875118910134659	691.0	3.8864481243663396	0.04	0.403717614456573	0.7830028237757449	25	0.0463261946109326
ZNF827	ZNF827	0.00487269454042416	8782.0	0.43992268709542104	0.43992268709542104	0.00027283403229925296	3519.0	19.81525290075476	0.16	0.8308477448498064	1.7005734507392305	25	-0.22987837284208584
PIWIL4	PIWIL4	0.187719446128684	8781.0	0.439883310616993	0.439883310616993	0.00672179012850171	2189.0	12.323983327700798	0.08	0.4118009287337899	0.7489527883655153	25	0.037495530184871846
PAXBP1	PAXBP1	0.00828446394783026	8780.0	0.439807234209125	0.439807234209125	0.000632593643337821	6317.0	35.575081671735944	0.04	0.4193797686644437	0.47372257726346767	25	0.04312115682280485
RAE1	RAE1	7.01715267974037e-06	8779.0	0.439803795074497	0.439803795074497	3.80425759673686e-06	3543.0	19.950433705080545	0.08	0.5298269585865593	0.8113888482369457	25	-0.11094947103065587
TSFM	TSFM	1.02827742419404e-08	8778.0	0.439732985903235	0.439732985903235	6.930472024340299e-07	7624.0	42.93680297397769	0.12	0.5644872155696479	0.5966701952302222	25	-0.20908406463687543
PPP4C	PPP4C	0.000180638318604402	8777.0	0.439706669379329	0.439706669379329	0.00131864228015283	2043.0	11.501633434718936	0.04	0.33868591783522184	0.45252726534934823	25	0.22323682853920365
BORCS7	BORCS7	5.52820785869691e-05	8776.0	0.439475431578867	-0.439475431578867	2.9354448001294604e-05	7510.0	42.29469415343021	0.08	0.46363446400502334	0.38720407391596207	25	-0.06239353884329167
ASH1L.AS1	ASH1L.AS1	0.0028568871923632397	8775.0	0.439368427481813	0.439368427481813	0.000806459416769819	2454.0	13.816604708798016	0.04	0.3593328255069811	0.3260097768962017	25	0.2455006188366996
SCGN	SCGN	0.702961452466829	8774.0	0.43932212755491706	-0.43932212755491706	0.000348430460013729	16821.0	94.73921369832149	0.7391304347826086	2.9099887776570306	2.267344530294863	23	-1.0896741174932107
CHRNB2	CHRNB2	0.17061622716150798	8773.0	0.43929673547362896	-0.43929673547362896	0.00010877563065781631	11513.0	64.84172580826855	0.375	1.312072276581538	1.7789631814523488	24	-0.49060910883797687
ENDOV	ENDOV	0.000213666345179596	8772.0	0.43927313403063	-0.43927313403063	5.003519153279035e-05	11174.0	62.93229694716683	0.20833333333333334	1.0820906436526117	1.5169829691404542	24	-0.4237473476621903
CHKA	CHKA	0.0369518749210805	8771.0	0.43924380307280103	0.43924380307280103	4.7419868616227806e-08	7366.0	41.48360932747549	0.08	0.4843907787876248	0.4020556047562243	25	-0.1122903777008592
CTTNBP2NL	CTTNBP2NL	0.000758728789136411	8770.0	0.4391754944737671	-0.4391754944737671	0.000132355385658608	5143.0	28.962487326799593	0.08	0.44593423729655884	0.48781305993109914	25	-0.013855190395571612
ZNF48	ZNF48	2.12853820317269e-13	8769.0	0.43893021638289204	0.43893021638289204	2.11561688580291e-07	10682.0	60.161090458488225	0.24	0.7762472481081005	0.6739273874780105	25	-0.5005242968200558
BCAP31	BCAP31	6.0002327369764095e-06	8768.0	0.438899467332379	0.438899467332379	1.83258988537137e-08	6107.0	34.39224963388532	0.08	0.5090917115420277	0.48870533452770587	25	-0.14362897077332668
RRP9	RRP9	0.000179505859042812	8767.0	0.43874172521506705	-0.43874172521506705	0.00054025331635993	1176.0	6.618226878449927	0.04	0.34235311633414567	0.4791423072778259	25	0.20116906275410867
TRG.AS1	TRG.AS1	0.20252190522985802	8766.0	0.43855289286278903	-0.43855289286278903	0.087716515044192	8602.0	48.44542075025346	0.20833333333333334	1.161901915574862	1.9810527812261525	24	-0.3651336448816691
CDC42SE2	CDC42SE2	0.0144272007191928	8765.0	0.438339469450497	0.438339469450497	0.000238918314500494	5426.0	30.55649431114115	0.08	0.4520790382293671	0.4069253130888541	25	-0.03376435020612742
MAP3K20.AS1	MAP3K20.AS1	0.000812805026961915	8764.0	0.438273797659462	-0.438273797659462	0.000104248342774271	8062.0	45.403852652923284	0.04	0.5240821925628809	0.30884241170655147	25	-0.2778387671216293
ZNF646	ZNF646	6.643643331707571e-05	8763.0	0.438237783433192	0.438237783433192	2.2419915190249302e-08	11680.0	65.78235890503548	0.24	0.8931160986933075	0.8792707099065941	25	-0.517335912745732
KIF27	KIF27	0.0381537183410153	8762.0	0.4382092426554529	0.4382092426554529	7.607669831775101e-09	10729.0	60.42581953362622	0.08	0.629109718259853	0.47005093422763017	25	-0.40612721240109956
HCG18	HCG18	1.23733447608804e-09	8761.0	0.43813040141384296	0.43813040141384296	1.33812625756417e-05	3724.0	20.969922271037515	0.04	0.38285156626747296	0.31778086076180084	25	0.17395268869828312
TMEM165	TMEM165	0.000125402047809445	8760.0	0.43802296900190296	0.43802296900190296	1.80662758164542e-10	10204.0	57.468739438999656	0.2	0.5698385863206055	0.3924311258781669	25	-0.3358949090078691
SPIB	SPIB	0.5507936733548381	8759.0	0.437988217607869	0.437988217607869	0.0001662209840192685	15012.0	84.5499605722654	0.5833333333333334	1.8622833192186885	2.386446047181951	24	-0.5968268602982695
DCLK3	DCLK3	0.45406008048463203	8758.0	0.437988166039475	0.437988166039475	1.6825832781477921e-06	15536.0	87.50140813337839	0.5416666666666666	1.51700576848971	1.3266087777028928	24	-0.8133653422063303
SLC45A4	SLC45A4	0.22261661222141899	8757.0	0.43798665310665796	0.43798665310665796	0.00038488284922228	3409.0	19.195674214261576	0.16	0.57551253288454	0.6895806285302282	25	-0.19943408223488615
CENPJ	CENPJ	0.00046295346535969403	8756.0	0.43785564748459205	0.43785564748459205	0.0070206456507117794	5603.0	31.55345274304382	0.04	0.4872504752936911	0.5405972767275791	25	-0.09137084098555379
CFAP54	CFAP54	0.145466683738653	8755.0	0.43779678632456603	0.43779678632456603	0.0003012722819701955	11690.0	65.83868424017122	0.4583333333333333	1.0919121965222691	1.0731263213785511	24	-0.6095418565052235
TMEM217	TMEM217	0.24331418855123002	8754.0	0.43755489702745703	-0.43755489702745703	0.000684183590978718	4193.0	23.611580488903908	0.08	0.4786112075870882	0.7259646295908461	25	-0.05655414724925443
TRPC1	TRPC1	0.0614800300764585	8753.0	0.43752071884708793	-0.43752071884708793	0.0072966381050826095	4550.0	25.622394953249973	0.12	0.6523283895219454	0.89239214280751	25	-0.24070995291269806
LPGAT1	LPGAT1	0.00672498646218914	8752.0	0.437472144646886	0.437472144646886	0.000109239446340958	8759.0	49.32972851188464	0.04	0.4805504065695449	0.28238755851373126	25	-0.15255014119385926
ADD3.AS1	ADD3.AS1	0.0182931956635452	8751.0	0.43735733863954707	-0.43735733863954707	0.000992679359541319	5957.0	33.54736960684916	0.08	0.6378238747987992	1.0259040741342222	25	-0.1954047568515889
JAZF1	JAZF1	0.000749595927085899	8750.0	0.4373147208721429	-0.4373147208721429	0.000751234882345338	4119.0	23.194773008899404	0.04	0.5151348610632769	0.787125061030616	25	-0.09886629716660374
LUM	LUM	0.12109546088568302	8749.0	0.43728325161628795	0.43728325161628795	0.01080067021909293	9833.0	55.379069505463555	0.3333333333333333	2.0873916585579666	4.763199329935154	24	-0.3464285856296808
SRSF7	SRSF7	0.00188175090591423	8748.0	0.43722096036211894	-0.43722096036211894	0.000357810131499127	6180.0	34.80342458037625	0.16	0.6004717215941698	0.7535830239452661	25	-0.21663274787876333
UBE4A	UBE4A	4.19965620634936e-07	8747.0	0.43700392631125207	0.43700392631125207	2.56113765330877e-06	9356.0	52.69235101948856	0.16	0.6446397988488181	0.511907053654398	25	-0.4056124467426199
CEP57	CEP57	7.84339776965704e-06	8746.0	0.43694719819950106	0.43694719819950106	1.23072650757485e-05	6159.0	34.68514137659119	0.04	0.42659450040228897	0.3975771430388252	25	0.026039469266474175
SMIM20	SMIM20	0.00036442035405475	8745.0	0.436877012548249	0.436877012548249	8.09915961212593e-05	4150.0	23.36938154782021	0.12	0.459036953558313	0.5076711689035227	25	-0.04365018611934454
STRIP1	STRIP1	5.4624922294428e-05	8744.0	0.436863543852909	-0.436863543852909	7.04838948642259e-05	1371.0	7.716570913596936	0.04	0.35998485167501004	0.47842406349581074	25	0.16069152461971037
MRPL44	MRPL44	4.992579242513229e-07	8743.0	0.436730434522698	0.436730434522698	8.855646061948361e-10	8708.0	49.042469302692346	0.28	1.2227584241937368	1.5684753499052988	25	-0.5011414363117007
BRPF3	BRPF3	0.00042244652594525	8742.0	0.43669787483082206	0.43669787483082206	0.0026134004528707198	1424.0	8.015095189816378	0.04	0.32635293965913453	0.2854592626041092	25	0.3865523022972284
PHGDH	PHGDH	0.0214709638798474	8741.0	0.436691303464141	-0.436691303464141	0.00157537130032201	6437.0	36.250985693364875	0.28	0.6798809005919547	0.8806138350995604	25	-0.27615918287306856
SLC22A4	SLC22A4	0.17180936929524698	8740.0	0.436652757887026	-0.436652757887026	0.162673587502777	848.0	4.770755885997522	0.08333333333333333	0.4279596479777006	0.7161675690444715	24	0.012138374153026765
CD40	CD40	0.0241571345109997	8739.0	0.4366179981024221	-0.4366179981024221	0.03857431326950601	5833.0	32.84893545116593	0.2	0.7723824491048933	1.1190647671884668	25	-0.3000402307777451
GAB3	GAB3	0.0120637691642045	8738.0	0.43661123208228203	-0.43661123208228203	0.004273170799417145	11460.0	64.54320153204911	0.25	1.4765274652280278	2.3917680716096767	24	-0.4347897463343403
ZNF497	ZNF497	0.0660882233294212	8737.0	0.4366068283000121	-0.4366068283000121	0.048138277732122	389.0	2.185423003266869	0.08	0.4451683920506975	0.717525257268478	25	-0.011932073002249665
KIF21A	KIF21A	0.0410242272247248	8736.0	0.43659901410963	0.43659901410963	7.96328977695344e-06	9697.0	54.61304494761743	0.16	0.7948815620285459	0.8896052409618751	25	-0.40274329716350044
SERPINC1	SERPINC1	0.45956905971340095	8735.0	0.436535128172212	-0.436535128172212	1.444061146545888e-07	17627.0	99.27903571026248	0.6363636363636364	3.5805163035625203	2.6986608138117383	22	-1.1650153140029387
CYMP.AS1	CYMP.AS1	0.618577161985777	8734.0	0.436487321359948	0.436487321359948	0.07247671103519605	14198.0	79.96507829221584	0.4583333333333333	1.2033459369147361	1.088223745485722	24	-0.7046883683028856
ADAP2	ADAP2	0.0639831306815903	8733.0	0.43637447897375503	0.43637447897375503	0.130071917017253	1578.0	8.882505350906836	0.12	0.4121655781729048	0.4229341292395704	25	0.05724035760456957
KDM7A	KDM7A	0.0118397101203905	8732.0	0.436241481773855	0.436241481773855	0.0168089359563442	3067.0	17.26934775261913	0.08	0.46007727362934614	0.47472260933011245	25	-0.050209936049024774
CEP290	CEP290	0.0108799702852113	8731.0	0.43613987189491493	0.43613987189491493	4.28851171464811e-07	9884.0	55.66632871465585	0.04	0.6128066932171022	0.39325226921263906	25	-0.4492455229207086
CASC1	CASC1	0.30048173809684803	8730.0	0.4360783024732321	0.4360783024732321	4.413957042269605e-06	14608.0	82.27441703278134	0.5416666666666666	1.3011343954081307	0.9211099316058546	24	-0.9391453324434009
C1orf61	C1orf61	0.345550299476286	8729.0	0.43605802461012294	0.43605802461012294	0.00010043676195203265	16313.0	91.8778866734257	0.625	2.140705556889919	1.663160420324177	24	-1.0249447446251352
VAMP1	VAMP1	0.0948202107477948	8728.0	0.435899099663617	0.435899099663617	0.000468709111663069	2520.0	14.188351920693927	0.04	0.4678665738586972	0.7003175294232736	25	-0.045647114133221915
ZNF587B	ZNF587B	0.00036511216260537595	8727.0	0.435807818570164	0.435807818570164	9.20986240355522e-06	8883.0	50.02816266756787	0.12	0.5670219432252724	0.4763638149285534	25	-0.2754493950695822
KCNA3	KCNA3	0.199041211922242	8726.0	0.435748889807283	-0.435748889807283	0.000261528713602668	13838.0	77.93736622732905	0.5	1.62426310913252	2.0329511554818627	24	-0.5846250738097679
TAX1BP1	TAX1BP1	3.0722620476760305e-05	8725.0	0.43567515772967896	0.43567515772967896	7.44672632757948e-11	9861.0	55.53678044384364	0.16	0.6799435353333092	0.4819859641798109	25	-0.5067956242653217
LINC00598	LINC00598	0.133989789719834	8724.0	0.435526051774042	-0.435526051774042	0.00211479363706727	9242.0	52.05024219894108	0.125	0.7114343632300444	0.7700099035173065	24	-0.35831787382952945
CASP9	CASP9	0.0123025942508629	8723.0	0.43549925842080495	-0.43549925842080495	0.00569208680294333	3032.0	17.072209079644026	0.08	0.3722171269953945	0.4107157675530413	25	0.15407767713042078
CCNG2	CCNG2	0.0408516369279915	8722.0	0.4354800599275371	0.4354800599275371	9.71442841934651e-07	8501.0	47.876534865382446	0.16	0.6372209286306711	0.4905159028145038	25	-0.4112830339354472
ZAR1	ZAR1	0.5962375304483389	8721.0	0.435449807446016	0.435449807446016	6.10191144561165e-06	16382.0	92.26653148586233	0.6666666666666666	1.8576465901813097	1.2218498070904897	24	-1.1639702150642206
TUB	TUB	0.00908374263523785	8720.0	0.435381243563404	-0.435381243563404	0.000320954388741424	11178.0	62.954827081221126	0.2916666666666667	0.9268829781228294	1.0987435250453288	24	-0.4473307221893739
GCA	GCA	5.8884181037079696e-05	8719.0	0.43535040258270896	-0.43535040258270896	0.000121314479716205	6935.0	39.05598738312493	0.2	0.7570811021725485	1.0216406861077847	25	-0.3149157076110186
POLK	POLK	0.0126331056874731	8718.0	0.4352878346141239	0.4352878346141239	1.40367133228918e-05	9132.0	51.43066351244789	0.12	0.5628319222574597	0.4272842093645711	25	-0.29849941759610293
RASSF5	RASSF5	0.0378621919755589	8717.0	0.43522970180812104	-0.43522970180812104	0.0009967068504379345	8472.0	47.713191393488785	0.08333333333333333	0.999050205587929	1.7875881478169433	24	-0.3154085041727104
TNFRSF4	TNFRSF4	0.159732446310037	8716.0	0.43522020324668	-0.43522020324668	0.0001378677401251622	15567.0	87.6760166722992	0.625	1.9511332485624084	2.1025234196623077	24	-0.7209969844517611
TMEM237	TMEM237	0.027894958847236	8715.0	0.43518966168678797	-0.43518966168678797	0.0209974354424522	2432.0	13.69268897149938	0.16	0.7633322300250882	1.6078176230298333	25	-0.20409190920543324
TUBG1	TUBG1	0.000196723724112046	8714.0	0.43509626594943607	0.43509626594943607	0.00205909065525245	3226.0	18.16492058127746	0.04	0.31881003140835007	0.2937914135017003	25	0.39581223002765875
ITPRIPL1	ITPRIPL1	0.16979662563423303	8713.0	0.435003336240916	-0.435003336240916	0.0002067095013677132	10309.0	58.06015545792497	0.2916666666666667	0.8566278183948289	0.82127670666234	24	-0.5133768908013846
FDXR	FDXR	0.0205841434510573	8712.0	0.43492461933562204	0.43492461933562204	4.26290139608307e-05	9495.0	53.4752731778754	0.2	0.6477896681225256	0.6345545213871334	25	-0.3354558853691271
MED26	MED26	0.00447322230131343	8711.0	0.43488630342160906	-0.43488630342160906	7.91545546770309e-07	6644.0	37.416920130674775	0.12	0.6339810376952567	0.6919910154161656	25	-0.2877128890956936
TIMM8B	TIMM8B	0.0014726215607468302	8710.0	0.43478979903311604	0.43478979903311604	1.05522958784664e-06	6366.0	35.85107581390109	0.12	0.5185625145993499	0.4700496595590824	25	-0.1782209897669421
ANKDD1A	ANKDD1A	0.0616879053114261	8709.0	0.43472040092862896	-0.43472040092862896	8.196766672630909e-10	15157.0	85.36667793173369	0.625	2.1720064571924627	2.2654409678703216	24	-0.7668644122283214
ZSWIM8	ZSWIM8	1.85854110190673e-06	8708.0	0.43466816209688997	-0.43466816209688997	0.000354720686142546	7174.0	40.40216289286921	0.04	0.4171264896075243	0.3844403916831803	25	0.04562910887839764
SIN3B	SIN3B	0.00304464037398129	8707.0	0.43458988553028005	-0.43458988553028005	3.39022464558702e-10	12827.0	72.24287484510532	0.32	0.8611216771612616	0.647153494874121	25	-0.659089064664554
SPTLC2	SPTLC2	0.0351148599691831	8706.0	0.43447211456713497	0.43447211456713497	3.6677302760523904e-06	7775.0	43.78731553452743	0.08	0.5197891335249675	0.5233937215380238	25	-0.16300734121747457
IRX2	IRX2	0.199613676513137	8705.0	0.43442874521375896	-0.43442874521375896	0.0438254281494419	8427.0	47.45972738537794	0.125	0.6425415971495042	0.6498121223039074	24	-0.32026618893762954
USO1	USO1	5.279281835083589e-07	8704.0	0.43436139799859	0.43436139799859	2.2733611777399397e-05	8685.0	48.91292103188014	0.04	0.504354556275161	0.4334087848785976	25	-0.16149455368371646
G2E3	G2E3	0.00901600953861589	8703.0	0.43427996839904204	0.43427996839904204	4.8762091558023395e-06	8398.0	47.296383913484284	0.08	0.5741434186579949	0.5496264364791283	25	-0.25447001995557045
KDSR	KDSR	0.000331101991051595	8702.0	0.434180985695246	-0.434180985695246	3.0874819154689395e-05	1916.0	10.786301678494986	0.08	0.3781509396049792	0.4436254618498246	25	0.12630033870606372
PRDM8	PRDM8	0.280463789241175	8701.0	0.434142969024845	0.434142969024845	3.4541168641181e-07	12909.0	72.70474259321843	0.4166666666666667	1.3226262723886202	1.5293593075687755	24	-0.5809513166504987
POP1	POP1	0.0668919716063218	8700.0	0.43411372350108507	0.43411372350108507	7.29563137519833e-06	7906.0	44.525177424805676	0.16	0.6223323344632092	0.6936507600223317	25	-0.27134492140694055
MN1	MN1	0.270701842771685	8699.0	0.43410058280371705	-0.43410058280371705	2.040425012586109e-13	14470.0	81.49712740790807	0.625	1.6854270008240828	1.806059467905541	24	-0.6928489566689128
FAM9B	FAM9B	0.684147316960186	8698.0	0.434078643243255	-0.434078643243255	0.0277103429129209	10317.0	58.10521572603356	0.2916666666666667	1.1017617596515266	1.1443856458310058	24	-0.5834424075840513
KLHL12	KLHL12	9.414767379519769e-08	8697.0	0.434011286346789	0.434011286346789	0.000574105656142549	3926.0	22.107694040779542	0.0	0.3309819915486454	0.24273678957130387	25	0.42444861769863185
JMJD1C	JMJD1C	0.0447969563788847	8696.0	0.43391057691218704	-0.43391057691218704	0.0020417127609667603	5748.0	32.370170102512105	0.08	0.5887655079099914	0.5322718945038658	25	-0.2909320078644123
PODN	PODN	0.12472280918958699	8695.0	0.43386667283817604	-0.43386667283817604	8.58819868400841e-11	16463.0	92.72276670046186	0.6666666666666666	2.048929507376882	1.9494417490035938	24	-0.8284745288563782
NR3C1	NR3C1	0.0036266081345209603	8694.0	0.43378692155368603	-0.43378692155368603	0.000809159416812239	6433.0	36.228455559310575	0.16	0.5557470695868895	0.5574723024549745	25	-0.21877346640563156
ETV6	ETV6	9.65289894696665e-06	8693.0	0.433770415644768	0.433770415644768	3.03566960624355e-05	8750.0	49.27903571026247	0.2	0.6897675672436092	0.7820662652964526	25	-0.32733434870995504
RHBDF1	RHBDF1	0.00874147188576923	8692.0	0.43376343093861697	0.43376343093861697	0.0051661042707588	5897.0	33.20941759603469	0.125	0.7168658093465908	1.0218421896244014	24	-0.2770509784020895
PLCL2	PLCL2	0.0526865774415195	8691.0	0.433741489962989	-0.433741489962989	0.009158075269488091	3069.0	17.280612819646276	0.24	0.5805118505468163	0.6355762933051912	25	-0.23092485061168114
EVC	EVC	0.0305439859299779	8690.0	0.433402657021925	-0.433402657021925	3.78868867428875e-05	11616.0	65.42187676016673	0.2	1.0311293349655815	1.3817227441293418	25	-0.4325952369846087
HABP4	HABP4	0.000144967503678623	8689.0	0.43340233747506296	-0.43340233747506296	2.8101918401579803e-05	6030.0	33.95854455334009	0.16	0.5400681323757268	0.5596446326149762	25	-0.19059558277591432
LSM5	LSM5	0.0048566979860760005	8688.0	0.433165513904968	0.433165513904968	8.0080175913236e-11	11548.0	65.03886448124366	0.12	0.7280334199262875	0.5124833805049784	25	-0.5753706700318159
TCN2	TCN2	0.0961588923235688	8687.0	0.43303452119316	-0.43303452119316	0.010918955169561704	4970.0	27.988059028951223	0.041666666666666664	0.49932736624593804	0.6705499406373137	24	-0.0988633970942881
RBFADN	RBFADN	0.0051685051552056395	8686.0	0.43292252409899296	-0.43292252409899296	0.07690872542606965	278.0	1.5602117832601103	0.08333333333333333	0.3309679116165248	0.4610985693892001	24	0.22111240253363532
IRS1	IRS1	0.00335202013043403	8685.0	0.43289009459104	-0.43289009459104	0.0047015775597273705	4680.0	26.354624310014646	0.12	0.7495564994432349	1.2295436821360968	25	-0.2575479094016795
ING5	ING5	1.4236010754722598e-05	8684.0	0.43282486739706	-0.43282486739706	6.616283123840071e-05	6007.0	33.828996282527875	0.08	0.390907810658016	0.4362768407393062	25	0.09607903245107435
PIK3CD	PIK3CD	0.108187727740121	8683.0	0.432806256101567	-0.432806256101567	6.27264494723475e-08	12235.0	68.90841500506927	0.2	0.9102335694971195	0.8723494389434826	25	-0.5472890702764399
TMEM53	TMEM53	0.00743141299119882	8682.0	0.432737352883269	0.432737352883269	0.00256119676755229	868.0	4.88340655626901	0.08	0.32089934273768556	0.44672495591365396	25	0.25035093442865597
PEX6	PEX6	0.0589593403661671	8681.0	0.43267505304118203	0.43267505304118203	0.0019061079098733	4174.0	23.504562352145996	0.08	0.47973649783199585	0.696171813461144	25	-0.06760033066670616
ERO1B	ERO1B	0.0026253451332080603	8680.0	0.432666011107873	0.432666011107873	6.58337516681398e-07	9763.0	54.98479215951335	0.2	0.763005092813795	0.6614254456007265	25	-0.499435097187557
HOXD9	HOXD9	0.33885378230590807	8679.0	0.43266553089387894	0.43266553089387894	4.66884067116016e-06	14429.0	81.26619353385152	0.5217391304347826	1.2018600522224725	0.8653859959320173	23	-0.888845584449485
DNAAF2	DNAAF2	0.012090163486046999	8678.0	0.43266277535514003	0.43266277535514003	0.00011231669349840401	2253.0	12.684465472569562	0.08	0.41624272689544023	0.5581307117372017	25	0.029419718561252098
ELL2	ELL2	0.162427535787809	8677.0	0.432644625937471	0.432644625937471	7.47287865932831e-06	3744.0	21.082572941309	0.12	0.5847524244962637	1.0477134154333165	25	-0.14518073007195725
DNPEP	DNPEP	8.94317657731645e-07	8676.0	0.432640693548944	-0.432640693548944	0.00106473058392074	2991.0	16.841275205587475	0.12	0.4431039433407327	0.5008293673997857	25	-0.02089184555233247
SLC43A1	SLC43A1	0.0576850422179767	8675.0	0.43264067734552597	-0.43264067734552597	0.005634051879674771	4689.0	26.405317111636815	0.08	0.48528445700918516	0.7990664863753462	25	-0.06588160129510272
S100A11	S100A11	0.00161343101950655	8674.0	0.432638340130164	0.432638340130164	3.3570046652124397e-09	12559.0	70.73335586346738	0.28	0.8767024789585187	0.627372877824021	25	-0.7078153272556921
SLC36A4	SLC36A4	0.00695231360433584	8673.0	0.432551608924079	0.432551608924079	0.00415962094389293	4674.0	26.3208291089332	0.08	0.46896061620503793	0.5373617884057142	25	-0.06775511036797001
IPCEF1	IPCEF1	0.0399067498404601	8672.0	0.43242986405525796	0.43242986405525796	0.013275044478906326	7929.0	44.654725695617884	0.3333333333333333	1.3227755016131766	2.27816845806479	24	-0.3908164185164035
ASXL1	ASXL1	3.9234036127487495e-08	8671.0	0.43218444693376795	-0.43218444693376795	5.58676337346898e-06	5290.0	29.79046975329503	0.04	0.4225857607511796	0.33424911434997856	25	0.028717162650543228
MYO18B	MYO18B	0.713103958897157	8670.0	0.4321485842236721	0.4321485842236721	8.395648760905305e-08	17533.0	98.74957755998648	0.8333333333333334	3.1563621698056306	2.2384998271210677	24	-1.2169818163826114
ARID3B	ARID3B	0.0236305205288908	8669.0	0.43208761903763304	-0.43208761903763304	1.52031760809933e-11	12243.0	68.95347527317787	0.16	0.7853922499406538	0.39035653286482924	25	-0.9050818960556793
GPR45	GPR45	0.606623164566554	8668.0	0.43199417647554295	-0.43199417647554295	0.00129280712653349	13823.0	77.85287822462543	0.4166666666666667	1.1033901208893886	0.7307883701926132	24	-0.9187282827679462
NCOR2	NCOR2	0.00658861029898235	8667.0	0.431933905849536	-0.431933905849536	2.95160824859025e-11	13469.0	75.85896136082009	0.48	1.2246018113070596	1.083009565266506	25	-0.7319121925414063
KAT2A	KAT2A	0.0055952388068728	8666.0	0.431910934623503	0.431910934623503	1.54974546426734e-05	5351.0	30.13405429762307	0.16	0.5781084893039532	0.6177582809540538	25	-0.23665818684723344
MITD1	MITD1	0.00711512005213201	8665.0	0.431743768148041	0.431743768148041	0.000129784856328489	8072.0	45.46017798805902	0.08	0.49343973591917994	0.4363998397439535	25	-0.1413748634906408
ARHGAP19	ARHGAP19	3.76114362508576e-08	8664.0	0.43166201659640296	-0.43166201659640296	0.0325111479035842	1165.0	6.556269009800609	0.08	0.42331638824783574	0.6128063065426997	25	0.013618705061393994
ANXA2P3	ANXA2P3	0.19376676678003402	8663.0	0.43155811214805395	0.43155811214805395	0.0014363406444433614	10111.0	56.94491382223724	0.16666666666666666	0.8663239992825944	1.1049206431416598	24	-0.39348154985896117
VPS13C	VPS13C	0.00169193852724716	8662.0	0.43148753760185493	0.43148753760185493	6.21847311708797e-06	10040.0	56.545003942773455	0.2	0.6954100544959284	0.5642507752242866	25	-0.46773975062624545
PRRC2B	PRRC2B	0.000161614961233003	8661.0	0.43146413522026	-0.43146413522026	2.46763148757179e-06	6188.0	34.848484848484844	0.08	0.4890108189462436	0.4044297613264213	25	-0.14229092225370826
SLC12A1	SLC12A1	0.616733424038443	8660.0	0.431441333492409	-0.431441333492409	0.00130625119102275	16565.0	93.29728511884645	0.7391304347826086	2.838851119622258	2.0815558893318333	23	-1.1565434291089884
C12orf73	C12orf73	0.0026510753798551	8659.0	0.4313751038546721	0.4313751038546721	0.000484597998784117	3029.0	17.055311479103302	0.08	0.4222511612124668	0.512418513982191	25	0.017805645957832014
WDR24	WDR24	0.00344249336630637	8658.0	0.431300105595502	0.431300105595502	4.08207603949545e-06	9021.0	50.80545229244114	0.08	0.5199835849737869	0.2928927018860786	25	-0.30278487243693286
KLHL17	KLHL17	0.0185826457689424	8657.0	0.431150475058345	0.431150475058345	1.4171075334827601e-06	10099.0	56.87732342007435	0.32	0.9163482281895377	0.9521737691965481	25	-0.5095684935120681
DNAJC21	DNAJC21	0.000707153054826798	8656.0	0.431119894624654	0.431119894624654	8.02576327171813e-05	6618.0	37.27047425932184	0.12	0.5089424350156054	0.4533256570992595	25	-0.17167027537978405
TMEM198	TMEM198	0.0309130733466646	8655.0	0.431106663841644	0.431106663841644	7.575964102392291e-07	11360.0	63.97994818069167	0.32	0.8844579425998006	0.7461900363688451	25	-0.6075547201947133
SENP8	SENP8	0.0836878032115936	8654.0	0.43103693868799103	0.43103693868799103	0.0144768629253162	5219.0	29.39055987383125	0.04	0.3585325151114321	0.28722180722583235	25	0.25243356093623937
EGR4	EGR4	0.607381611654366	8653.0	0.43103399309676	-0.43103399309676	0.000436550593929589	16341.0	92.03559761180578	0.6666666666666666	1.810180371672798	1.1981406208472434	24	-1.151072215213603
CTPS1	CTPS1	0.0523167897856695	8652.0	0.430924878516813	0.430924878516813	8.34592908049316e-05	4602.0	25.915286695955842	0.12	0.501300877688462	0.6946284935802809	25	-0.10131458732554191
MAP3K10	MAP3K10	0.000524270952939819	8651.0	0.430795774545067	-0.430795774545067	3.35463283242463e-11	12161.0	68.49160752506477	0.32	1.1823297022447823	1.0871372663642125	25	-0.6912962612468632
METTL23	METTL23	2.88940656257011e-06	8650.0	0.43066123345567303	0.43066123345567303	0.00011492157598586101	3622.0	20.395403852652922	0.08	0.44439884785909556	0.5176251935147453	25	-0.026539694310746854
NDUFA7	NDUFA7	0.0005281351455277349	8649.0	0.43065437311171995	-0.43065437311171995	0.0186840692529367	549.0	3.086628365438774	0.08	0.36482342617210123	0.49758058685644074	25	0.1323020806649997
PADI2	PADI2	0.422283747073123	8648.0	0.430555726647975	0.430555726647975	5.001483096648615e-05	11167.0	62.89286921257181	0.25	1.116409677175432	1.7177862369390648	24	-0.3992661809595034
COL27A1	COL27A1	0.0400322981829007	8647.0	0.43052745547526794	0.43052745547526794	2.5645165551145898e-05	10694.0	60.22868086065112	0.24	0.9805863600244333	1.2455825679543655	25	-0.4416077413900657
SMTNL1	SMTNL1	0.342179993509085	8646.0	0.430497591271217	-0.430497591271217	9.656038533253115e-09	15890.0	89.49532499718373	0.7083333333333334	1.7870988491485367	1.501544739722005	24	-0.9034704208204145
CSNK1G2	CSNK1G2	0.00101385428659174	8645.0	0.430479513870058	-0.430479513870058	9.28130773416119e-10	11075.0	62.374676129322964	0.28	0.837011766833914	0.5860625128658197	25	-0.6936670475235335
OCRL	OCRL	0.000121863327123323	8644.0	0.430475553341055	0.430475553341055	0.000664033678542784	6653.0	37.467612932296944	0.08	0.4015545481419368	0.3866153094637652	25	0.07480563881247111
LINC00837	LINC00837	0.8017760973003009	8643.0	0.430463062354082	0.430463062354082	7.139270162834659e-05	17450.0	98.2820772783598	0.631578947368421	3.2078287744601686	2.467853690820524	19	-1.125417492307923
LINC01013	LINC01013	0.47909860942146293	8642.0	0.430409623984669	-0.430409623984669	1.94962027002716e-06	16183.0	91.14565731666103	0.7083333333333334	1.7274376692253952	1.1870370427211872	24	-1.092660126483832
CBFB	CBFB	0.0020828736558588102	8641.0	0.43039151642043605	0.43039151642043605	0.00048145611211678494	5938.0	33.440351470091244	0.12	0.522942151712914	0.5263738808177443	25	-0.17582680042690685
ZNF283	ZNF283	0.0166176154969032	8640.0	0.430321138031071	0.430321138031071	1.9678606772875196e-06	9124.0	51.3856032443393	0.08	0.5347997614069877	0.2893192035709876	25	-0.3611188683169512
F2RL2	F2RL2	0.215505285252266	8639.0	0.430310168230154	-0.430310168230154	0.004809364594125965	14721.0	82.91089331981524	0.5416666666666666	1.9759273222049976	2.467962489544555	24	-0.6262725468976136
TMEM235	TMEM235	0.617479062938659	8638.0	0.4302623889988811	-0.4302623889988811	5.0853289041385345e-05	17157.0	96.63174495888249	0.7083333333333334	2.4692391285113793	1.909501503966609	24	-1.0678057782499413
RPL26L1	RPL26L1	0.00769722117394304	8637.0	0.430156614216137	0.430156614216137	3.7368250444809196e-06	8917.0	50.2196688070294	0.24	0.8953442842308919	1.205559797269059	25	-0.3858685990263936
C1orf52	C1orf52	0.0071124976179737405	8636.0	0.430075685039465	-0.430075685039465	0.000157375053881873	6541.0	36.83676917877661	0.08	0.5177364794358809	0.6189963493924071	25	-0.14161762744232934
TACC3	TACC3	0.0264451377488195	8635.0	0.43006362038469503	0.43006362038469503	3.29615193511022e-06	9014.0	50.766024557846116	0.12	0.6022475380584149	0.6273069935653118	25	-0.2744811064437671
ABHD1	ABHD1	0.0304714741925174	8634.0	0.43003623977175803	-0.43003623977175803	0.00303160112117648	8246.0	46.44023881942097	0.12	0.6629057165915393	0.8282459508585818	25	-0.28115981319121763
TBC1D10B	TBC1D10B	4.78504439396727e-06	8633.0	0.429944956468665	0.429944956468665	2.91272556685551e-06	5118.0	28.821673988960235	0.16	0.5043654705492466	0.46985168121894566	25	-0.158391503223977
SLC9A8	SLC9A8	0.0118709365268059	8632.0	0.429899286666409	-0.429899286666409	0.0043431465975768	831.0	4.6750028162667565	0.08	0.3835412681162992	0.42713882101891537	25	0.10853150373811815
HARBI1	HARBI1	0.00016097851744166999	8631.0	0.42984859405801096	0.42984859405801096	8.10384126772261e-05	3395.0	19.116818745071534	0.08	0.5541459172136737	0.7268851949676165	25	-0.17099993783915257
DGKH	DGKH	0.0308471054228777	8630.0	0.4297851693968979	-0.4297851693968979	0.000915881936655444	4708.0	26.512335248394727	0.04	0.441828043611169	0.3353569089252071	25	-0.03591061908599874
LINC00960	LINC00960	0.24973309854742	8629.0	0.42971168035278295	0.42971168035278295	0.000150743010342052	8079.0	45.499605722654046	0.12	0.6152482077711584	0.6126967648320412	25	-0.30281949908652883
METTL8	METTL8	0.00141828616966204	8628.0	0.42963045906056896	0.42963045906056896	0.000198631986673663	6619.0	37.276106792835414	0.16	0.695541526947899	0.7861280615686473	25	-0.3382541355370632
SPAG16	SPAG16	0.0203884478194713	8627.0	0.42960176325828703	0.42960176325828703	1.35361489212668e-10	9417.0	53.0359355638166	0.08	0.8730090449279284	1.3464146271682862	25	-0.32932446864618076
FAM201A	FAM201A	0.20873551695207898	8626.0	0.429594276917034	0.429594276917034	0.0153098315971158	7643.0	43.04382111073561	0.16	0.7770142209371432	1.2636252458862378	25	-0.27493906532110146
CAPS	CAPS	0.19127038125846502	8625.0	0.429574516638523	-0.429574516638523	0.0014616244832921883	9333.0	52.56280274867635	0.25	0.9333757786757824	1.4078686844482486	24	-0.3578467705137584
SEC61A1	SEC61A1	0.00044397239186094294	8624.0	0.429493416189885	0.429493416189885	0.0102110188996397	3214.0	18.097330179114568	0.12	0.45785941383666773	0.5559693191707753	25	-0.051020796775423545
TTC21A	TTC21A	0.00444281336143973	8623.0	0.42947882176676794	-0.42947882176676794	0.000766279998724541	6820.0	38.40824602906387	0.16	0.6587376137487142	0.890482715329808	25	-0.25745451094694827
CYC1	CYC1	0.008256814904126641	8622.0	0.42924678633508795	0.42924678633508795	0.00703308472444404	1536.0	8.645938943336711	0.08	0.3803801506946279	0.5539470666387258	25	0.0882153523024791
FAM20B	FAM20B	2.4818995269422102e-05	8621.0	0.42908745207604604	-0.42908745207604604	0.0015666482295941199	2537.0	14.284104990424693	0.0	0.320856113940326	0.22454034279280793	25	0.48201288369631334
DENND2D	DENND2D	0.0256133054231865	8620.0	0.429073287493053	0.429073287493053	4.031994796784986e-05	11188.0	63.01115241635687	0.25	0.8388037337078353	0.8493464100487869	24	-0.48240675579148823
MTHFD2	MTHFD2	0.0937432084320347	8619.0	0.42905876744865706	0.42905876744865706	1.9070782440251e-07	10593.0	59.6597949757801	0.16	0.7461665563135809	0.7304960573359383	25	-0.4340992476008577
ZNF592	ZNF592	7.99835608518233e-07	8618.0	0.429001648228491	-0.429001648228491	0.000142306006337648	5841.0	32.89399571927453	0.04	0.42761428046318556	0.3053477933149348	25	0.004543565716469847
AMPD2	AMPD2	0.0254346126650306	8617.0	0.42895784316019103	-0.42895784316019103	0.000172727572247359	4517.0	25.436521347302016	0.04	0.41136244326606636	0.372360219275476	25	0.047253704835498046
COA4	COA4	2.4228609116352902e-08	8616.0	0.42854171598906204	0.42854171598906204	6.060257426133339e-08	8526.0	48.01734820322181	0.2	0.5623778128512404	0.4795667648915164	25	-0.27907708928172636
KIAA1109	KIAA1109	2.6320734516780202e-05	8615.0	0.428519070277615	-0.428519070277615	0.00576954948352463	3010.0	16.948293342345387	0.08	0.39706720631785	0.37945029007932973	25	0.08288796920721693
FCRLB	FCRLB	0.14679783449059303	8614.0	0.42851513574808897	0.42851513574808897	0.00039569545321815197	11531.0	64.94311141151289	0.375	1.4738521278740855	1.836267246062285	24	-0.5692727975013607
SPCS3	SPCS3	7.25294383608636e-05	8613.0	0.428507352774193	0.428507352774193	1.04318866982836e-06	7043.0	39.66430100259096	0.08	0.5147528619784232	0.3920289274355878	25	-0.2199978194680563
FAM98A	FAM98A	6.49458589660525e-05	8612.0	0.428498503289311	0.428498503289311	0.000308689425455623	3841.0	21.62892869212572	0.04	0.3921318457816202	0.4317313200788397	25	0.08423446670732572
GMNC	GMNC	0.70863792014239	8611.0	0.42845482220403996	-0.42845482220403996	0.00792739599734245	13242.0	74.5803762532387	0.43478260869565216	1.5653358543943294	1.6259205288719447	23	-0.6992230013720606
ELOVL7	ELOVL7	0.10073604561845699	8610.0	0.428441029423536	-0.428441029423536	2.59120199266716e-08	11151.0	62.80274867635462	0.36	0.9032819683381458	0.7270917333565937	25	-0.6530688180465525
CRYL1	CRYL1	0.0009232771984593429	8609.0	0.42838530568536	-0.42838530568536	7.47999631303043e-05	2559.0	14.40802072772333	0.20833333333333334	0.6028387887541146	0.9361737653316293	24	-0.18634733158427735
PCDHB10	PCDHB10	0.0909748402168889	8608.0	0.428293190009517	-0.428293190009517	0.03390097120203346	5498.0	30.96203672411851	0.16666666666666666	0.6989034898528912	1.0408366841096202	24	-0.25999304595501144
PELI2	PELI2	0.00152213237132153	8607.0	0.428263055510351	-0.428263055510351	4.909662024657574e-06	6504.0	36.62836543877436	0.125	0.7272784897105794	1.3151549201247752	24	-0.22736137745039145
WDR11.AS1	WDR11.AS1	0.30107324220063003	8606.0	0.428247414943728	-0.428247414943728	0.00356732268510222	8695.0	48.96924636701588	0.25	0.7306511420477787	0.7202647650989266	24	-0.4198507850963893
MEGF6	MEGF6	0.25655201485714996	8605.0	0.428172428471058	-0.428172428471058	3.842394432426645e-12	14691.0	82.74191731440801	0.5833333333333334	1.7606362741216646	1.9015240856816626	24	-0.7007346663047616
APBA2	APBA2	0.181863859323094	8604.0	0.42810351057557106	0.42810351057557106	5.92786788401408e-08	13150.0	74.06218316998985	0.5	1.3605396844746263	1.7928836323634918	24	-0.5200762375580724
UBD	UBD	0.598257358168143	8603.0	0.42808483183745294	0.42808483183745294	0.00050536796089013	15564.0	87.65911907175847	0.5833333333333334	2.1453458130876935	2.149260219329734	24	-0.7990009612636779
AK3	AK3	0.000512764992130446	8602.0	0.42800165372786	-0.42800165372786	0.000570474708820066	4451.0	25.064774135406108	0.12	0.7063031627151227	1.2870261337881717	25	-0.21623609783907285
JADE3	JADE3	0.0440455696018072	8601.0	0.427982949106481	0.427982949106481	0.0119147346456393	1674.0	9.42322856820998	0.0	0.273688817052961	0.22637238282921848	25	0.6815943275639048
CSNK1A1	CSNK1A1	0.0137569922911215	8600.0	0.427935132770551	0.427935132770551	4.15603041808899e-09	11472.0	64.610791934212	0.16	0.7302606361450672	0.593638281407059	25	-0.5092756192507252
LINC01465	LINC01465	0.046383148494687006	8599.0	0.4279070056783871	-0.4279070056783871	1.6309934755463818e-05	13845.0	77.97679396192407	0.5	1.735505830282495	1.8920393783971452	24	-0.691105502102102
COX20	COX20	0.0384593430863899	8598.0	0.42787881066343897	0.42787881066343897	0.000110865401317759	5350.0	30.128421764109497	0.04	0.40165078857477077	0.3623208435304224	25	0.07238894078823803
SLC22A31	SLC22A31	0.20254978359866102	8597.0	0.427866372130427	0.427866372130427	0.01539542526435695	13171.0	74.18046637377492	0.3333333333333333	1.3203172322772871	1.3973763267437487	24	-0.6386617857098692
PGP	PGP	0.00514663280741257	8596.0	0.42784127373625896	0.42784127373625896	2.19653062315031e-05	8607.0	48.47358341782133	0.16	0.5774681256447262	0.5085598682499979	25	-0.29421678989997224
FUT4	FUT4	0.127756064268943	8595.0	0.427793765409695	0.427793765409695	0.01255870176610472	1507.0	8.482595471443053	0.08333333333333333	0.37967746666200486	0.4298427360584049	24	0.11193930875489386
TMEM11	TMEM11	2.65567707473394e-06	8594.0	0.427694095127193	-0.427694095127193	9.06907228940931e-05	2654.0	14.943111411512897	0.12	0.47459959679378066	0.5706238820415035	25	-0.08220038302423537
CTSS	CTSS	0.11711887553384301	8593.0	0.427660723659102	-0.427660723659102	0.0074257205806660745	8604.0	48.45668581728061	0.25	1.1534556693107614	1.9025867046685412	24	-0.3814779867170908
CUL4B	CUL4B	0.00211768863832947	8592.0	0.427199099350795	0.427199099350795	0.000492974107095548	4972.0	27.99932409597837	0.04	0.4310435986703006	0.4668562743409332	25	-0.00823486698327654
MAMLD1	MAMLD1	0.0833103740006234	8591.0	0.427181068203368	-0.427181068203368	3.5138726020241254e-07	12002.0	67.59603469640643	0.20833333333333334	1.193820276051869	1.6074661410637545	24	-0.47692401616694147
PCNX2	PCNX2	0.007540340018575559	8590.0	0.42717020766315006	0.42717020766315006	0.000383340960006893	382.0	2.1459952686718484	0.2	0.7487012300173894	1.5138553137458133	25	-0.21239217475721503
SUB1	SUB1	0.006778298395869679	8589.0	0.42708900305580394	0.42708900305580394	6.4088100047575e-05	9264.0	52.174157936239716	0.12	0.6003231172074065	0.5369419874770507	25	-0.32263096981032185
PRKACA	PRKACA	0.000239475063440743	8588.0	0.427065175169416	-0.427065175169416	0.000170083892832366	5886.0	33.147459727385375	0.12	0.5694738992830682	0.6093401088768331	25	-0.23370974934859826
DOCK7	DOCK7	0.00144970670446005	8587.0	0.42690215221467503	0.42690215221467503	4.297746719189045e-05	16685.0	93.97318914047538	0.5833333333333334	2.8085387786083946	2.968945448165082	24	-0.8021826833718547
HMOX1	HMOX1	0.336343183181599	8586.0	0.426855901050933	-0.426855901050933	0.00019215497649320101	11918.0	67.12290188126619	0.24	0.8487121210607194	0.9630192676354843	25	-0.43805584601186254
ACTR1A	ACTR1A	7.931570693985651e-08	8585.0	0.426764111727935	-0.426764111727935	0.0134647202829412	1423.0	8.009462656302803	0.0	0.2701173371118292	0.2668270473680368	25	0.5870723232942782
GGACT	GGACT	0.0074475517346067706	8584.0	0.42655474487906203	0.42655474487906203	0.012851478782668001	3161.0	17.798805902895122	0.08	0.45067977125116593	0.704308101755401	25	-0.03425351250677828
ATP6V0E2	ATP6V0E2	0.0272998235480556	8583.0	0.42651411066308403	0.42651411066308403	0.0012910195401588	2079.0	11.704404641207613	0.16	0.7582948243141578	1.4500525643650861	25	-0.22880599076513197
CD96	CD96	0.344399264880761	8582.0	0.426362984460941	-0.426362984460941	0.002456360867829405	12355.0	69.58431902669821	0.4166666666666667	1.8014700272784852	2.5677581342051954	24	-0.5355282588728647
MYO15A	MYO15A	0.0838681441033429	8581.0	0.426318328903433	0.426318328903433	0.005187038737798805	8393.0	47.26822124591641	0.20833333333333334	0.9811572854537506	1.644488448969533	24	-0.33739303970057677
NTHL1	NTHL1	0.0350743101202219	8580.0	0.42617193494401095	0.42617193494401095	0.00785020530885027	3152.0	17.748113101272953	0.08	0.488822435753058	0.68294912202863	25	-0.09173523881683923
FAM43B	FAM43B	0.34129184314644395	8579.0	0.42615895610336796	-0.42615895610336796	1.38060224424072e-07	14517.0	81.76185648304607	0.6956521739130435	1.5151155859329213	1.0200059789005858	23	-1.0675982811427107
SNX33	SNX33	0.00041088535020487703	8578.0	0.42612142380242496	-0.42612142380242496	0.00256303354650467	5803.0	32.6799594457587	0.12	0.6443029981785336	0.9138530682027596	25	-0.23874907462443407
RUBCN	RUBCN	0.00160565343057096	8577.0	0.4260514671440221	-0.4260514671440221	0.00346082440213167	1101.0	6.195786864931846	0.04	0.3499064807512603	0.4493688352056617	25	0.16944874772615837
SERINC3	SERINC3	2.05867562816332e-08	8576.0	0.4260204504370829	-0.4260204504370829	6.83485230805099e-07	7136.0	40.18812661935338	0.04	0.5275499006596959	0.6081525997265039	25	-0.166947325832813
PRDX3	PRDX3	5.1495037329158295e-11	8575.0	0.425934442644209	0.425934442644209	1.4329007407739e-07	8397.0	47.29075137997071	0.12	0.571453574188833	0.3472489254599714	25	-0.4190628706823703
BCAS3	BCAS3	0.000238799544176963	8574.0	0.42588263806148996	-0.42588263806148996	8.628940398487691e-05	3158.0	17.7819083023544	0.08	0.7387501093809407	1.5270501272190131	25	-0.20488356324571297
FUOM	FUOM	0.016425330270411	8573.0	0.425877023497508	-0.425877023497508	0.007598093094274045	7105.0	40.013518080432576	0.25	1.073419709662159	1.6870361052979046	24	-0.38383451553356346
CNP	CNP	1.00355047621851e-05	8572.0	0.4257440155260179	0.4257440155260179	1.19726787066181e-05	4004.0	22.547031654838346	0.08	0.4621686762382307	0.5498933063001705	25	-0.06623950554569878
SEMA3C	SEMA3C	0.0448365354499627	8571.0	0.425682432966397	0.425682432966397	8.13729023781225e-05	11378.0	64.081333783936	0.24	0.9063776589665155	1.1207880197461035	25	-0.4288904034761294
SVIP	SVIP	0.0276867420625205	8570.0	0.425654926303147	0.425654926303147	2.7269807174526e-09	10473.0	58.98389095415117	0.12	0.6128998131295773	0.39333519091047797	25	-0.47604407424874107
ARFGAP1	ARFGAP1	0.00531913833251209	8569.0	0.42558256267396005	0.42558256267396005	2.25230353184032e-06	7632.0	42.981863242086284	0.2	0.6660289259789597	0.6988530493551608	25	-0.3440585449642984
HAUS4	HAUS4	0.0028565232988404	8568.0	0.425569114519864	0.425569114519864	0.00371025604017302	1340.0	7.541962374676129	0.04	0.2849931778998059	0.29741961541725004	25	0.47265186737211035
LLGL2	LLGL2	0.0165442856387882	8567.0	0.42555099317581196	0.42555099317581196	0.0306125230190483	6273.0	35.32725019713867	0.08	0.5816316749012247	0.6326245308127595	25	-0.24671930050655683
PLCB1	PLCB1	0.0293343803704743	8566.0	0.42541039950458603	0.42541039950458603	3.5815601651343953e-07	9731.0	54.80455108707896	0.0	0.5049543464709245	0.2814528458526282	24	-0.2826190892665145
ZNF548	ZNF548	7.013367646023989e-05	8565.0	0.425396254545964	-0.425396254545964	0.00527479849025919	1936.0	10.898952348766475	0.04	0.342799099223688	0.2679237718736132	25	0.3082860275692121
IL4	IL4	0.7268317213220359	8564.0	0.42533557341596295	0.42533557341596295	0.000191067464346285	16278.0	91.68074800045059	0.6956521739130435	1.942046197216718	1.481938753817701	23	-1.0234637699388565
RASSF8.AS1	RASSF8.AS1	0.035838565364291995	8563.0	0.425291464696445	-0.425291464696445	0.0282287634065421	5688.0	32.032218091697644	0.08	0.5839414359134916	0.8419820335564423	25	-0.18842441393544468
TRIM47	TRIM47	0.00218721842924556	8562.0	0.425226496612145	0.425226496612145	0.00031247628237275	5689.0	32.03785062521121	0.12	0.8752621049516608	1.473588350188734	25	-0.30540117142068623
TMEM209	TMEM209	0.000490188788048672	8561.0	0.42510340125745705	0.42510340125745705	1.35391321037048e-06	8804.0	49.58319251999549	0.24	0.6166505334666139	0.4191561720752986	25	-0.4569827309491382
WDR70	WDR70	1.00973167453765e-05	8560.0	0.425004242436715	0.425004242436715	1.3768064606685e-05	5798.0	32.65179677819083	0.04	0.3891699542026306	0.29039505249397735	25	0.12339841166828261
SPACA6	SPACA6	0.0938621268967808	8559.0	0.42494503487927293	-0.42494503487927293	2.8995198118571004e-05	8941.0	50.354849611355185	0.041666666666666664	0.66551544325424	0.9795539895712915	24	-0.2455917804798634
TBC1D5	TBC1D5	1.90686431722527e-06	8558.0	0.42492132354823403	-0.42492132354823403	0.0153412270379441	538.0	3.0246704967894558	0.08	0.32100164300811945	0.42471067332018614	25	0.24468346822489748
DPF3	DPF3	0.292777412599643	8557.0	0.42488137951502397	0.42488137951502397	2.86671193005051e-07	10812.0	60.893319815252895	0.25	0.9723229766918471	1.1977683591208577	24	-0.45705130963606044
ZNF234	ZNF234	0.005465381883256471	8556.0	0.42465761632645005	0.42465761632645005	0.00222681536743709	3756.0	21.150163343471895	0.0	0.3658009277364603	0.28191802379786224	25	0.20877235090222732
SSBP1	SSBP1	0.000180604361261511	8555.0	0.42457491917857	0.42457491917857	3.0732895590226496e-07	9142.0	51.48698884758364	0.08	0.6436913306891593	0.5177354855204932	25	-0.4232207712985054
TRAK2	TRAK2	0.0017692221428266101	8554.0	0.424212924330019	-0.424212924330019	0.0278815600449823	228.0	1.2785851075813899	0.04	0.294000403106344	0.5200744276516902	25	0.25037285876874976
CMTM8	CMTM8	0.05564938291978099	8553.0	0.424097437674508	-0.424097437674508	0.0204359219946995	4271.0	24.05091810296271	0.08	0.43886166766695417	0.44687873265851485	25	-0.033038560382170436
ERCC6	ERCC6	0.00014346520190028	8552.0	0.4239390057929339	0.4239390057929339	2.07770021610142e-06	7578.0	42.67770643235327	0.08	0.506059912423341	0.42111316150567735	25	-0.1950091190139636
CC2D2A	CC2D2A	0.00672681308246751	8551.0	0.42390443666051597	-0.42390443666051597	0.0060717164574144895	2183.0	12.290188126619352	0.08	0.49002993681906076	0.9897981757169877	25	-0.06680705398415687
ZNF547	ZNF547	0.0120706142543916	8550.0	0.42389601759513496	-0.42389601759513496	0.00403193421700989	1227.0	6.905486087642221	0.0	0.26962134504446794	0.19936428979353213	25	0.7738330305313889
RPS6KA6	RPS6KA6	0.32900819615020693	8549.0	0.423870091569329	0.423870091569329	8.13317665523548e-06	12537.0	70.60944012616875	0.2916666666666667	1.002418928228449	0.9604900841154497	24	-0.6023475371866298
C1orf159	C1orf159	0.0190929150496194	8548.0	0.4238025295561	0.4238025295561	0.00116625550647684	6125.0	34.49363523712966	0.16	0.5848992205322197	0.7487322104398975	25	-0.21515929023738894
FMNL3	FMNL3	0.0056309408971206105	8547.0	0.42373579391235905	-0.42373579391235905	1.2264113771382699e-05	6053.0	34.0880928241523	0.08	0.5443596916019168	0.6367549019064234	25	-0.1894353656774588
HLA.B	HLA.B	0.0358767253738502	8546.0	0.42369497601703704	-0.42369497601703704	0.006447154588764921	7154.0	40.28951222259772	0.16	0.858779170343875	1.5319706070706929	25	-0.284002964755812
MR1	MR1	0.00047597507089205596	8545.0	0.42369440097185096	0.42369440097185096	1.097664589660537e-05	8163.0	45.97273853779429	0.16666666666666666	0.694097929377723	0.9387176770464999	24	-0.2880562868024881
COPG2	COPG2	0.00304464037398129	8544.0	0.423662885530008	0.423662885530008	0.00128930250953745	2995.0	16.86380533964177	0.08	0.3658457492012681	0.38511248846739426	25	0.150130515265373
ARHGEF18	ARHGEF18	0.00734871482357345	8543.0	0.42356791145976597	-0.42356791145976597	6.4173820758409e-08	9375.0	52.79936915624648	0.08	0.5765784611777715	0.3940245011238262	25	-0.3883275006543828
GSR	GSR	0.00324889489551228	8542.0	0.423341168838434	0.423341168838434	0.00227502520325064	2471.0	13.912357778528781	0.08	0.4607542709111776	0.863503034612291	25	-0.04332712286244823
SLC30A9	SLC30A9	0.0089304394631116	8541.0	0.423303504588916	0.423303504588916	1.8391670279908802e-09	10298.0	57.998197589275655	0.08	0.6028307185625991	0.4644774293910714	25	-0.38651439793111736
PROSER2.AS1	PROSER2.AS1	0.11610627425911502	8540.0	0.42311985970644506	-0.42311985970644506	0.0011784888883876056	6603.0	37.18598625661822	0.20833333333333334	0.580458869297265	0.4181072823961149	24	-0.3763125308153732
SH3GL1P1	SH3GL1P1	0.0052106738113115204	8539.0	0.423065642739283	0.423065642739283	1.0360948812565675e-05	8282.0	46.64301002590965	0.08333333333333333	0.5979197185319406	0.5722439728584641	24	-0.30555861500686377
TMEM79	TMEM79	1.8462989360516002e-05	8538.0	0.423055892546366	0.423055892546366	1.33475727783991e-05	6215.0	35.00056325335135	0.08	0.4933425046456199	0.6027229173190669	25	-0.11661513123126506
C16orf72	C16orf72	0.00185700608068797	8537.0	0.42305571535266706	0.42305571535266706	8.681013303319201e-05	4182.0	23.549622620254592	0.08	0.4729625033147351	0.5690568243903781	25	-0.08770088648973225
MID1IP1	MID1IP1	0.12780296252773	8536.0	0.423022588903736	-0.423022588903736	1.6056259057313598e-09	11171.0	62.91539934662611	0.44	1.011560802037844	1.3677325963227283	25	-0.43030210343487146
CDCA4	CDCA4	0.00253223762279154	8535.0	0.42296937941333207	0.42296937941333207	0.0007283907147498929	1961.0	11.039765686605834	0.08	0.5135233194368642	0.6929524155708077	25	-0.130678439080034
DDX42	DDX42	3.53169727359498e-06	8534.0	0.422844280727389	0.422844280727389	0.000355035787320645	3263.0	18.37332432127971	0.12	0.41557031942460815	0.4925601526484919	25	0.014767660891098927
DNTTIP2	DNTTIP2	0.000923202476129209	8533.0	0.42284405067967495	-0.42284405067967495	6.247990407690569e-07	9336.0	52.57970034921707	0.16	0.6595568042133906	0.6714419197696686	25	-0.3525439007664543
HTRA3	HTRA3	0.175020615203196	8532.0	0.42277510754352793	0.42277510754352793	7.85972273989516e-06	12070.0	67.9790469753295	0.4166666666666667	1.4286092394559047	2.012923587309518	24	-0.4996881840193341
RFWD3	RFWD3	0.00194274274704978	8531.0	0.422761810863979	0.422761810863979	0.00295188588748261	2130.0	11.99166385039991	0.12	0.4744616431532131	0.7569315345178538	25	-0.06830186077815553
RBM15B	RBM15B	2.4097702124343397e-10	8530.0	0.422566459755271	-0.422566459755271	8.41843757701647e-06	6287.0	35.40610566632871	0.08	0.45100365432281736	0.4173666106527816	25	-0.06813480964150245
UQCRFS1	UQCRFS1	0.0308140177936675	8529.0	0.42252449657251	0.42252449657251	0.00775214786465928	214.0	1.1997296383913483	0.08	0.315105735660592	0.41991968430632487	25	0.25580787213956296
TSPAN15	TSPAN15	0.0401472361909204	8528.0	0.422175781300303	0.422175781300303	0.0131740997662206	8489.0	47.808944463219554	0.2	0.6333523673216483	0.6547828812930685	25	-0.32251390812831393
RAB3GAP2	RAB3GAP2	0.0009131141280353179	8527.0	0.422170779211311	0.422170779211311	0.0069199152664929	4340.0	24.439562915399346	0.08	0.4196156245385654	0.393191250933626	25	0.006498503378898867
MYL12B	MYL12B	0.000120593265238718	8526.0	0.421875898252788	-0.421875898252788	6.2013413345939696e-09	8540.0	48.096203672411846	0.2	0.5980746410726105	0.414622246859627	25	-0.4249621050350339
ERLEC1	ERLEC1	4.23465419689496e-09	8525.0	0.421755314935751	0.421755314935751	6.54496551413011e-11	10548.0	59.406330967669255	0.04	0.6308547273826796	0.509543478246925	25	-0.4103661834046649
HLA.C	HLA.C	0.0317220290202861	8524.0	0.421744832491434	-0.421744832491434	0.00075232884312851	7371.0	41.51177199504337	0.12	0.8228463117681593	1.3174941853119522	25	-0.30444269412980646
ADCY5	ADCY5	0.0910858664283046	8523.0	0.421705812338714	-0.421705812338714	0.00935385522644979	10940.0	61.61428410499042	0.24	0.8438416921855452	0.9551534422643456	25	-0.4419560891139018
IFT20	IFT20	2.80633533357417e-06	8522.0	0.421689618082146	0.421689618082146	7.3792249684799e-12	7533.0	42.42424242424242	0.04	0.5064510753891117	0.42280719216704626	25	-0.20047307348896146
HDAC1	HDAC1	0.0091176999297913	8521.0	0.421670028258411	0.421670028258411	0.0117777825592408	707.0	3.9765686605835304	0.08	0.3033665503459979	0.29660650364680996	25	0.3988566550559703
RHOBTB1	RHOBTB1	0.0153180100563928	8520.0	0.42161957975031006	-0.42161957975031006	0.0723205090953119	1313.0	7.38988396980962	0.08	0.38561744582012436	0.49849378585732396	25	0.07222183094673526
GGT3P	GGT3P	0.19784824764556302	8519.0	0.42150034668104797	0.42150034668104797	0.0582456258323183	2963.0	16.68356426720739	0.16666666666666666	0.576903473284409	0.769090964049407	24	-0.2020607884731017
NCK2	NCK2	3.53252584097303e-05	8518.0	0.42139289896744603	-0.42139289896744603	0.00037434940315386	5675.0	31.958995156021178	0.08	0.43000035276367427	0.35286946282016196	25	-0.024392742084953324
USP7	USP7	4.3644749298163105e-05	8517.0	0.4213807732224079	0.4213807732224079	0.0134413460215027	1837.0	10.341331530922607	0.08	0.3918993046962831	0.6235720986000397	25	0.047278363788746565
CDKN2C	CDKN2C	0.00481541971718114	8516.0	0.42118030104742604	0.42118030104742604	2.3304384413433803e-05	10765.0	60.6285907401149	0.16	0.8763399567619987	1.1459905562096622	25	-0.39717574743373363
PARK7	PARK7	0.0013774113343722801	8515.0	0.42115145757384703	0.42115145757384703	0.00037479462832405	3497.0	19.691337163456122	0.08	0.4077535521043712	0.503275172415933	25	0.026621431383472068
LY6G5B	LY6G5B	0.0031845728161575	8514.0	0.42108802992784905	-0.42108802992784905	2.88691140879364e-06	4505.0	25.368930945139123	0.12	0.44954277743740706	0.407213615586996	25	-0.06987670947235068
WDR12	WDR12	0.000391693444274098	8513.0	0.420875941607448	0.420875941607448	2.45856035472058e-07	9048.0	50.95753069730765	0.16	0.6259434216802217	0.5584208755195511	25	-0.36722746061737077
ZNF653	ZNF653	0.00881268768901297	8512.0	0.42075931004670203	-0.42075931004670203	1.7661165246121301e-07	10544.0	59.383800833614956	0.28	1.010509900481504	1.1275387444605391	25	-0.5230424172403608
PKD1L1	PKD1L1	0.11078706278689	8511.0	0.420748478623468	-0.420748478623468	0.00010524578961522736	8253.0	46.47966655401599	0.125	0.7078755443168597	0.8824702438325104	24	-0.32536741912839773
LRRC41	LRRC41	0.00473209650895329	8510.0	0.42058239606607706	0.42058239606607706	0.0091719812988796	324.0	1.819308324884533	0.08	0.3581237625173429	0.5668677870777354	25	0.1101820124066586
FBXW4	FBXW4	0.007886327319611029	8509.0	0.420573068324171	-0.420573068324171	0.0012156149562804301	3213.0	18.09169764560099	0.16	0.5533027641727674	0.7995339078433031	25	-0.16600883908304412
WDR36	WDR36	0.0019020903999268602	8508.0	0.420442031751644	0.420442031751644	5.75063878828413e-05	6979.0	39.3038188577222	0.08	0.5077355559054976	0.4019819037811648	25	-0.21715784549688422
SLC7A5	SLC7A5	0.349341848352968	8507.0	0.42016773155768106	-0.42016773155768106	2.4685130506374197e-11	14563.0	82.02095302467049	0.56	1.1742751244711838	0.8632537598703652	25	-0.8735639831174867
RAB4A	RAB4A	0.00286623268513002	8506.0	0.42014325657242796	0.42014325657242796	3.95839890130743e-07	4196.0	23.628478089444634	0.08	0.43285918381801053	0.4070797021260036	25	-0.031236947406546454
CORO2A	CORO2A	0.0796578654831516	8505.0	0.42010997140417405	0.42010997140417405	6.33356128285491e-05	10691.0	60.211783260110394	0.24	0.8012351008718126	1.0766873553004488	25	-0.3539793864870697
CARHSP1	CARHSP1	5.102461004055279e-05	8504.0	0.419995035860427	-0.419995035860427	1.25265282998703e-05	10811.0	60.887687281739325	0.24	0.6882086288395969	0.6430905552646803	25	-0.4170697124742871
FGFR3	FGFR3	0.392205546428461	8503.0	0.419987185058824	0.419987185058824	0.0006132758774154011	12257.0	69.03233074236792	0.3333333333333333	1.0306608131610353	1.2699565562330835	24	-0.4808618256309316
TBCA	TBCA	0.00795541191580437	8502.0	0.419891865887348	0.419891865887348	1.25852056677113e-05	7192.0	40.503548496113545	0.04	0.4906070556380107	0.45420029451646105	25	-0.1556916422212929
GDI1	GDI1	0.000627301456650814	8501.0	0.41986413133999295	-0.41986413133999295	0.000224890064584818	2192.0	12.340880928241521	0.16	0.5087345026740347	0.5543390953223567	25	-0.16031770460346534
ZNF19	ZNF19	0.0933688715311208	8500.0	0.41982447298587	0.41982447298587	9.0137594257455e-05	7265.0	40.914723442604476	0.12	0.5301596757174147	0.36960255792409374	25	-0.2985239153951001
GPR26	GPR26	0.5890814525310389	8499.0	0.419823514113279	-0.419823514113279	0.0003093913136301635	13955.0	78.59637264841726	0.5	1.6106056553712946	1.410721579252126	24	-0.8440943689890189
RHOA	RHOA	0.000246077348722958	8498.0	0.419792678634469	-0.419792678634469	0.000976722983062394	5234.0	29.475047876534866	0.08	0.4540613931785545	0.484488874473413	25	-0.07073168518334268
GFER	GFER	0.00167545860144101	8497.0	0.4197592022309539	0.4197592022309539	0.00120422102514133	1910.0	10.75250647741354	0.16	0.49316097046254564	0.5389196783746388	25	-0.136201684920782
RALB	RALB	4.99039767216844e-06	8496.0	0.41975307377282595	-0.41975307377282595	1.97941439942655e-06	5137.0	28.928692125718147	0.04	0.39882714767650657	0.3484640132789481	25	0.060051900049627266
PBDC1	PBDC1	0.0145506130843951	8495.0	0.419740800821082	0.419740800821082	9.757699887161574e-09	9462.0	53.28939957192745	0.16666666666666666	0.6140719415912738	0.46023232366577477	24	-0.42224574584925706
HES7	HES7	0.312964821868455	8494.0	0.41970923467888793	-0.41970923467888793	0.01265648775244935	11920.0	67.13416694829334	0.3333333333333333	1.2961222491617306	1.5824441138156662	24	-0.5538350497380871
ARVCF	ARVCF	0.011869438008469001	8493.0	0.4196929665260779	-0.4196929665260779	4.6386480229361795e-09	11861.0	66.80184747099244	0.36	1.1049205416867374	1.2307358268932005	25	-0.5567625157142041
COX7B	COX7B	0.0288243995983304	8492.0	0.419687958771085	0.419687958771085	6.55422983479846e-12	12146.0	68.40711952236116	0.24	0.7303848621575639	0.3962350286078336	25	-0.7841227578442731
ZNF565	ZNF565	0.000266142050145161	8491.0	0.419646079727841	0.419646079727841	0.0293940413135498	602.0	3.385152641658218	0.04	0.3528827226896404	0.31539332601030545	25	0.21168284656733397
PHC3	PHC3	2.47603672443292e-05	8490.0	0.419451785110791	0.419451785110791	1.97799647003243e-06	9597.0	54.04979159625999	0.04	0.5925505385298614	0.5500298315652852	25	-0.31470793670674685
MTMR1	MTMR1	0.000302300130386004	8489.0	0.419429491797084	0.419429491797084	0.079437493367318	99.0	0.5519882843302918	0.12	0.34301376646542814	0.5761609018720484	25	0.13262914071983659
C1orf74	C1orf74	0.0358869594437419	8488.0	0.41917981073862604	0.41917981073862604	3.39186258192033e-05	7508.0	42.28342908640306	0.24	0.8487672124672582	1.0197626166562173	25	-0.42126215916527837
CIZ1	CIZ1	0.000154424402864672	8487.0	0.419170396680122	-0.419170396680122	9.85107206329995e-09	9594.0	54.03289399571927	0.12	0.5731688293658406	0.45307096241735384	25	-0.33989914485815215
TKFC	TKFC	0.000325432457736736	8486.0	0.419136120348031	0.419136120348031	0.00581600622118965	1226.0	6.899853554128647	0.08	0.3673556920908955	0.514334013353167	25	0.10067471120479929
SLC39A2	SLC39A2	0.609083197878034	8485.0	0.41911975875983	0.41911975875983	0.0285149516510775	10647.0	59.96395178551312	0.4166666666666667	1.2378198650576788	1.3025510293008613	24	-0.6285359175043473
TRIM41	TRIM41	0.00014872753966718998	8484.0	0.418804579405526	0.418804579405526	8.90902894639409e-06	5818.0	32.76444744846231	0.08	0.42184481944354046	0.3300563563605911	25	-0.009211275527422196
FAM71F1	FAM71F1	0.680412207505277	8483.0	0.418618137223991	0.418618137223991	0.000801611181836723	13760.0	77.49802861327025	0.4782608695652174	1.5993523785902493	1.5800632924245155	23	-0.7472702182420111
MYO1A	MYO1A	0.325481802373088	8482.0	0.418530152136951	-0.418530152136951	6.457095776168014e-08	16503.0	92.94806804100484	0.75	2.494383573602953	2.0039426252322157	24	-1.035884658237385
DCTD	DCTD	1.24865087219325e-05	8481.0	0.418514487691346	0.418514487691346	0.000325647035951746	1479.0	8.32488453306297	0.04	0.3095764148427026	0.2951738708999112	25	0.36906407913586164
SERPINI1	SERPINI1	0.105055313121752	8480.0	0.4184147658484051	0.4184147658484051	0.00010632561244997335	8564.0	48.23138447673763	0.20833333333333334	0.8300702113491832	1.0162262621354468	24	-0.4050824711376245
CEP250	CEP250	0.00532662780033238	8479.0	0.41827758354711203	0.41827758354711203	0.0355399997652254	833.0	4.6862678832939055	0.04	0.29360828559141383	0.36438327178525426	25	0.34213781918389174
ZNF567	ZNF567	0.0106063503631556	8478.0	0.418059030353802	0.418059030353802	0.0005145694236747389	6149.0	34.628816041455444	0.12	0.5461549409875769	0.5811651516897305	25	-0.220412236111091
COX15	COX15	1.1902438313399e-08	8477.0	0.41795392292284206	0.41795392292284206	9.20130936962549e-06	6381.0	35.935563816604706	0.08	0.5098057915762209	0.4905157539472409	25	-0.18725569548834153
SLC35F4	SLC35F4	0.606820622490731	8476.0	0.417835635059055	0.417835635059055	0.00797919373596149	12918.0	72.75543539484059	0.375	1.5542037584752748	1.592001243028038	24	-0.7137985151662387
HCRTR1	HCRTR1	0.0475204657300111	8475.0	0.41782503123475895	-0.41782503123475895	1.4605857500895601e-08	17755.0	100.0	0.7894736842105263	6.226709244628025	4.264880014695582	19	-1.3620275818727554
CSE1L	CSE1L	0.0011274413764510401	8474.0	0.41772855279964594	0.41772855279964594	0.00023172941997803	7900.0	44.49138222372423	0.04	0.4507260677098348	0.5023527343840063	25	-0.06568594664991921
FBXW7	FBXW7	0.000274990757405954	8473.0	0.41769664660053	0.41769664660053	0.006687351187789871	4626.0	26.050467500281627	0.08	0.4230260337152002	0.46538027207834776	25	-0.011451682493694033
C17orf67	C17orf67	0.0360255794945798	8472.0	0.41746705447700394	-0.41746705447700394	0.0383163303045647	481.0	2.7036160865157144	0.08	0.5806762644509014	1.2189117599013677	25	-0.1338974775229866
MAPKBP1	MAPKBP1	0.000109109914593528	8471.0	0.417463564608396	-0.417463564608396	4.4776447650585596e-08	7351.0	41.399121324771876	0.08	0.47108559662541355	0.3884681290190609	25	-0.1380345722374215
PEPD	PEPD	0.00655674724564444	8470.0	0.417324085671845	-0.417324085671845	0.000151640825379368	2721.0	15.320491156922383	0.04	0.3342816179166009	0.32907192857058215	25	0.25235354506220803
ARL5B	ARL5B	0.0985531038518559	8469.0	0.417316652934206	-0.417316652934206	0.0202721528980692	2901.0	16.334347189365776	0.0	0.3969994956028058	0.27581766811893765	25	0.07366155137907657
ZNF292	ZNF292	0.00724152226225607	8468.0	0.417247697901085	0.417247697901085	0.000201782623458754	9037.0	50.895572828658324	0.04	0.5382794063024593	0.4757663960086363	25	-0.25439314213183156
NRG4	NRG4	0.0778864977638779	8467.0	0.41703887072149604	0.41703887072149604	3.240023293348689e-05	8365.0	47.11051030753632	0.16	0.6919303807089731	0.5404732618415713	25	-0.5086125982455277
APOBEC4	APOBEC4	0.5446396302629339	8466.0	0.4167081715405229	-0.4167081715405229	2.112400005821064e-06	15682.0	88.32375802636025	0.5833333333333334	1.450767804311057	0.8698567191530989	24	-1.1887700698309311
ORMDL3	ORMDL3	0.000745999804216134	8465.0	0.416655031689214	0.416655031689214	0.0015161701207153302	4953.0	27.892305959220458	0.16	0.5566501381486926	0.7082307117670882	25	-0.1976687880566213
CCDC144NL.AS1	CCDC144NL.AS1	0.0005007588237311941	8464.0	0.41658512002656495	-0.41658512002656495	0.00626603224219838	1071.0	6.026810859524614	0.04	0.2679110792144469	0.2657018251841959	25	0.5595521999483851
PTAR1	PTAR1	0.0434715369215483	8463.0	0.41656168297717994	0.41656168297717994	0.00267015736631157	3530.0	19.87721076940408	0.04	0.42294613357433486	0.4864290841302091	25	-0.01312514157859424
UBXN6	UBXN6	0.00219876970699753	8462.0	0.4165445437075979	-0.4165445437075979	3.6185516934356e-06	7575.0	42.660808831812545	0.2	0.6071749539717075	0.39242049989038535	25	-0.4857809679090626
PAFAH1B1	PAFAH1B1	1.9953269993488e-05	8461.0	0.41653626513678604	-0.41653626513678604	0.00118210358698805	1521.0	8.561450940633096	0.08	0.39909070734489227	0.5494929001523379	25	0.03174846806402281
MAVS	MAVS	0.000192818318375403	8460.0	0.416516255318012	-0.416516255318012	0.00413497522628193	825.0	4.64120761518531	0.08	0.3981150565552671	0.4678317511149274	25	0.03933294120993617
CDK5	CDK5	0.000268134484292763	8459.0	0.416513474378948	0.416513474378948	0.004321747488602029	1647.0	9.27115016334347	0.08	0.47368842954155227	0.7303245820646856	25	-0.07828704738510396
LINC01356	LINC01356	0.508192853616569	8458.0	0.416481067506055	0.416481067506055	0.010098932268826084	13005.0	73.24546581052157	0.3333333333333333	1.3283887705687538	1.410660724833866	24	-0.6464401305069966
SPATA2	SPATA2	0.00627198069902457	8457.0	0.41644648790584005	-0.41644648790584005	0.00036456614154754705	4961.0	27.937366227329054	0.04	0.40396638508802957	0.3482555903650388	25	0.03583604445438746
MINPP1	MINPP1	0.0009400230084910061	8456.0	0.41637332051005105	0.41637332051005105	0.032521749344922	221.0	1.2391573729863692	0.04	0.2518481288328546	0.31844834371531444	25	0.5166464041159473
ZBTB46.AS1	ZBTB46.AS1	0.49776540442866796	8455.0	0.416257955680425	-0.416257955680425	0.13687797951513303	10988.0	61.884645713641994	0.25	0.9259588639808741	0.8143837201184118	24	-0.6258731550114218
CELF2.AS1	CELF2.AS1	0.3102653647146861	8454.0	0.416014654715941	0.416014654715941	0.006385063308970714	10750.0	60.544102737411286	0.4166666666666667	1.091652793134596	1.3407432572775428	24	-0.5039280524077202
SLC25A18	SLC25A18	0.45043762847538704	8453.0	0.415977695578522	0.415977695578522	0.00392132090591507	12315.0	69.35901768615523	0.3333333333333333	1.0993755755918688	0.98500730112854	24	-0.6937998116667421
TUSC3	TUSC3	0.266894119074131	8452.0	0.41595446832742994	0.41595446832742994	0.006069403470099686	3539.0	19.92790357102625	0.125	0.6069142509794594	0.9033103593544758	24	-0.2113999697606626
CD47	CD47	0.023867520104734	8451.0	0.415953870426654	-0.415953870426654	3.35032624666746e-12	12147.0	68.41275205587473	0.28	0.8800047624083008	0.6071736800628557	25	-0.7642803158621887
PTGES3L	PTGES3L	0.11102093600910301	8450.0	0.41589113818223106	0.41589113818223106	1.8499421213529098e-06	9662.0	54.41590627464233	0.2	0.8241193044681785	1.039819844300846	25	-0.39259509089329975
BCO2	BCO2	0.0282971952627753	8449.0	0.415733896382894	-0.415733896382894	0.0219008766451141	4376.0	24.642334121888027	0.125	0.6441870123368035	1.2860441133500324	24	-0.1776401863531797
UBOX5	UBOX5	0.000410969750492866	8448.0	0.415705432416933	-0.415705432416933	0.000302273553735958	510.0	2.866959558409372	0.08	0.3216406045661612	0.34056062224023226	25	0.2762058256530263
MARK2	MARK2	4.59690776658529e-08	8447.0	0.41559741309697495	0.41559741309697495	0.00270503803546628	8497.0	47.854004731328146	0.16	0.5847703636335896	0.7088865768438879	25	-0.23864600637496647
NRIP1	NRIP1	0.0516255347157496	8446.0	0.415501476949177	0.415501476949177	0.00160641206004157	5344.0	30.09462656302805	0.08	0.5942684700824632	0.7216676612088958	25	-0.24771373686583947
DNAJC5B	DNAJC5B	0.45865009472385293	8445.0	0.415441956340551	0.415441956340551	0.036939401518032655	10758.0	60.58916300551988	0.3333333333333333	1.09989331727466	1.3350053157806707	24	-0.5126956071585848
VAPA	VAPA	1.0868918142777801e-05	8444.0	0.4153525521326789	-0.4153525521326789	6.77691938795442e-10	9146.0	51.50951898163794	0.12	0.6198801606854173	0.5616112383327678	25	-0.36418004945896576
SPOCD1	SPOCD1	0.222988013128212	8443.0	0.41525303311765	-0.41525303311765	0.018119456445346516	7808.0	43.973189140475384	0.20833333333333334	0.7322259252483274	0.806117877479535	24	-0.3932091087245791
LPCAT3	LPCAT3	0.000290952858154261	8442.0	0.41524073334078104	-0.41524073334078104	0.000716185723456891	760.0	4.275092936802974	0.08	0.33113334283694745	0.3876775845427619	25	0.21695190502961956
KBTBD11	KBTBD11	0.226480019568636	8441.0	0.41513081010373293	-0.41513081010373293	5.4934433355963256e-06	10408.0	58.61777627576883	0.2916666666666667	1.0486115809452188	1.6390425452122888	24	-0.38649440351131176
PLIN1	PLIN1	0.132258026575144	8440.0	0.415096300437933	0.415096300437933	3.9172524340156096e-10	17623.0	99.25650557620817	0.7391304347826086	3.4846234680679165	2.492419043705517	23	-1.2315453837435262
CCDC88B	CCDC88B	0.10441386836050401	8439.0	0.41509318984427207	-0.41509318984427207	3.94078953752248e-08	14234.0	80.16784949870451	0.5	1.4296022195419935	1.451455424353154	24	-0.6989598252043054
CLUHP3	CLUHP3	0.10672585683488	8438.0	0.41498314138505	0.41498314138505	0.00027189353336507297	12624.0	71.09947054184971	0.4166666666666667	1.3143363783064475	1.7449255222055458	24	-0.5154106725338258
MTCP1	MTCP1	0.0214538837439592	8437.0	0.41474385043913103	0.41474385043913103	9.36794126212057e-06	7283.0	41.01610904584882	0.12	0.5102731576110432	0.4550190854406712	25	-0.20994571486907
ZC3H8	ZC3H8	0.0012325891267050198	8436.0	0.414743464749781	0.414743464749781	0.00640303274111344	3478.0	19.58431902669821	0.04	0.411430954468201	0.49983590070282324	25	0.0066271955994402975
TRPS1	TRPS1	0.030522888313089	8435.0	0.41463467213965793	0.41463467213965793	8.9781774100353e-11	12912.0	72.72164019375914	0.32	1.0102542306577333	0.9633621559118606	25	-0.618271700692143
RBMX2	RBMX2	0.00371062896547961	8434.0	0.414633603674938	0.414633603674938	1.15429616977688e-07	4351.0	24.501520784048665	0.12	0.5284279706429176	0.6150301648355853	25	-0.1850224159304446
TPM1	TPM1	0.0181281721940622	8433.0	0.41458580476891493	0.41458580476891493	0.0260162559262573	4938.0	27.807817956516843	0.08	0.45506874322353214	0.5145641484476295	25	-0.07867423056337826
CCS	CCS	0.0146866192560033	8432.0	0.41448621640259103	0.41448621640259103	0.0411669933610061	669.0	3.762532387067703	0.04	0.28077219998511693	0.2653516576541085	25	0.5039124970976181
TAF3	TAF3	2.25596903765172e-05	8431.0	0.4143994487179	-0.4143994487179	0.000551149771116564	2755.0	15.511997296383912	0.12	0.5551691027704618	0.770308487635457	25	-0.18274451899740723
TBC1D19	TBC1D19	0.0392572084109347	8430.0	0.41432596818607204	0.41432596818607204	2.5202446974401802e-09	9776.0	55.05801509518981	0.16	0.7327941881223107	0.737664663936073	25	-0.43172492259143586
SLC46A3	SLC46A3	0.00025438012853761297	8429.0	0.414307097439407	0.414307097439407	0.006414835553002124	3972.0	22.366790582403965	0.125	0.8043910659002976	1.4885057314751107	24	-0.2620641360072675
IFIT2	IFIT2	0.000134062656739093	8428.0	0.414263316391166	-0.414263316391166	0.00536158945510045	11262.0	63.42795989636138	0.3333333333333333	1.354332941367238	1.958070167367134	24	-0.4801000702850763
KCNAB1	KCNAB1	0.0461923662297856	8427.0	0.41411017995787797	-0.41411017995787797	0.000818778509701025	6028.0	33.94727948631294	0.12	0.7430921938978117	1.0809883736070565	25	-0.3043344609176342
TBC1D1	TBC1D1	0.0012358383331005	8426.0	0.4140963587285139	-0.4140963587285139	2.1797724255703396e-07	6004.0	33.81209868198715	0.0	0.42523978803810697	0.24016015149079345	25	-0.04639999283986228
MANEA	MANEA	0.0718340187802806	8425.0	0.41400740322755397	0.41400740322755397	0.0013155107154129199	5539.0	31.19297059817506	0.12	0.49634490156620875	0.48183261356742224	25	-0.17088402905946795
PRSS30P	PRSS30P	0.328952172053615	8424.0	0.41395676863330794	-0.41395676863330794	0.013891432758447515	6723.0	37.86189027824715	0.125	0.8044563350084181	1.192198353382724	24	-0.3275458024808649
MPRIP	MPRIP	0.00577862738775139	8423.0	0.413923704563645	-0.413923704563645	3.78408479717546e-06	2840.0	15.990762645037737	0.12	0.4689419138168695	0.3885817737293728	25	-0.1415872101390474
DGKZ	DGKZ	0.0049975463891985894	8422.0	0.413857513593573	-0.413857513593573	1.2352171085064e-09	11736.0	66.09778078179565	0.36	0.9603047893002737	0.8265453694053737	25	-0.6611219370811081
SLC16A10	SLC16A10	0.144360036546575	8421.0	0.413777485877243	0.413777485877243	0.0303615070451603	5135.0	28.917427058691	0.16	0.5303512149175786	0.5882997603091558	25	-0.19815362321255292
GTDC1	GTDC1	0.000182720468771103	8420.0	0.4137522631510421	-0.4137522631510421	0.11616166306260699	120.0	0.6702714881153543	0.04	0.256984591754522	0.2984825781271838	25	0.5252154828605144
SERPINB1	SERPINB1	0.0510547722684741	8419.0	0.41369053459860794	-0.41369053459860794	2.33853841266339e-06	10676.0	60.12729525740678	0.16	0.7341301676208881	0.7296190431313763	25	-0.43918759527851486
ZBED5	ZBED5	0.0049404976248343105	8418.0	0.41359639323446507	0.41359639323446507	0.000581324645219787	4755.0	26.777064323532723	0.08	0.406782571140069	0.45112109383351967	25	0.015104197492726028
YBEY	YBEY	0.00841184076768304	8417.0	0.413577396160627	0.413577396160627	0.00880046121636716	1308.0	7.361721302241748	0.04	0.3815412991736495	0.6010518761364914	25	0.05330005322153344
APBB1IP	APBB1IP	0.0826135107636886	8416.0	0.413434322993745	-0.413434322993745	3.0141597315871798e-05	12818.0	72.19218204348316	0.4583333333333333	1.2255758953200393	1.2378338693716833	24	-0.6560990068388841
ZNF606	ZNF606	8.60737178719749e-06	8415.0	0.41341936803663204	0.41341936803663204	0.000429534321002211	5822.0	32.78697758251661	0.2	0.5702140020859219	0.732620687586115	25	-0.21401884591316514
SYT9	SYT9	0.34332122329605796	8414.0	0.41341291616599	0.41341291616599	0.00042409723074667097	10335.0	58.2066013292779	0.3333333333333333	1.2592948371340758	1.5298476826358423	24	-0.552919045842968
SEMA5B	SEMA5B	0.45060351057765297	8413.0	0.4132962769676571	0.4132962769676571	0.00010648357907572044	15788.0	88.92080657879914	0.5833333333333334	1.6613644816550195	1.7913149888950564	24	-0.6967329656841721
KDELR1	KDELR1	0.00012873313024738898	8412.0	0.41325324360515403	0.41325324360515403	0.00739639899349523	819.0	4.607412414103864	0.12	0.3238711446639173	0.40834080758538643	25	0.2188909295394054
RHOU	RHOU	0.00325045982343547	8411.0	0.4131877139370821	-0.4131877139370821	0.12178217437317598	364.0	2.044609665427509	0.08	0.493274855392057	0.7947336359480602	25	-0.10077230638342959
ETF1	ETF1	0.00216148692040602	8410.0	0.413084784461607	-0.413084784461607	4.21522248150099e-05	2833.0	15.951334910442716	0.08	0.4291568589607102	0.4990307933064155	25	-0.03220657866143863
DCAF4L1	DCAF4L1	0.140210961572688	8409.0	0.413068835420096	0.413068835420096	0.00171279702952837	15256.0	85.92429874957756	0.5416666666666666	1.8365367989677448	1.8543905778466325	24	-0.7676203603237769
PRSS37	PRSS37	0.731267588479065	8408.0	0.41304865212511505	0.41304865212511505	0.02230710501008549	14102.0	79.4243550749127	0.4166666666666667	1.8281184472178353	2.2329417720176252	24	-0.6337244494351959
APEX1	APEX1	0.00304129396250296	8407.0	0.41303707595638794	0.41303707595638794	2.25255770811453e-07	6362.0	35.82854567984679	0.12	0.5867884921118551	0.7190198102997758	25	-0.24165038802342073
RAD51C	RAD51C	0.000665167484815605	8406.0	0.41301940154356703	0.41301940154356703	3.4149658339436403e-09	9505.0	53.53159851301115	0.12	0.7079530952441766	0.5841018274038031	25	-0.5049354065737498
ACAD10	ACAD10	0.00014273693142012099	8405.0	0.41288463274565296	0.41288463274565296	0.000452361622938434	1200.0	6.753407682775713	0.08	0.3966275936969194	0.5133321371778721	25	0.03166963038415887
DPY19L4	DPY19L4	0.0728625805392491	8404.0	0.412819637326693	0.412819637326693	4.23040805240456e-06	8034.0	45.2461417145432	0.08	0.5135879846720589	0.3821625182695397	25	-0.2636793053427962
UPP1	UPP1	0.0327493702470173	8403.0	0.41281551278803996	-0.41281551278803996	0.0070363809104331205	8144.0	45.865720401036384	0.08	0.5617679473757576	0.7628798834829447	25	-0.19525018002529063
GLIPR1L1	GLIPR1L1	0.325558458177215	8402.0	0.4125130777478401	0.4125130777478401	0.00060787361600989	10982.0	61.85085051256055	0.20833333333333334	0.9543553721361753	1.164819865106586	24	-0.46517260790255693
SLC8A1.AS1	SLC8A1.AS1	0.0350450805333219	8401.0	0.412508911444702	-0.412508911444702	0.1528979388453235	5555.0	31.28309113439225	0.25	1.2369205034748123	1.7326908513047903	24	-0.4757984330610929
TFAM	TFAM	0.00021931036966041698	8400.0	0.41248567390606106	0.41248567390606106	0.0015305826625379199	7501.0	42.24400135180804	0.12	0.5752888449091952	0.6052908953972134	25	-0.2689668261015175
PIH1D2	PIH1D2	0.0885983035366546	8399.0	0.41243345453725705	0.41243345453725705	9.034657600467599e-11	11891.0	66.97082347639967	0.24	0.8514788136570067	0.5672131030768555	25	-0.7740395218977523
TTC37	TTC37	2.8434794234462702e-05	8398.0	0.41242620307399497	0.41242620307399497	9.05668514514211e-08	10334.0	58.20096879576433	0.16	0.6487470847989375	0.525353683467656	25	-0.4498319687511849
NAPSA	NAPSA	0.325871592641812	8397.0	0.412390750315165	0.412390750315165	0.002289638296227255	16222.0	91.36532612369044	0.5833333333333334	2.290840320689707	2.415555089569296	24	-0.7776471662707879
INTS7	INTS7	8.02449211798668e-06	8396.0	0.41237126796626294	0.41237126796626294	4.5256655128893295e-05	5694.0	32.06601329277909	0.08	0.532694392876462	0.6496043776065504	25	-0.18522523717208672
ACTN4	ACTN4	0.00332234013984033	8395.0	0.412103740895621	-0.412103740895621	1.81235069589689e-05	6114.0	34.43167736848034	0.12	0.5036250872239583	0.4201505422778351	25	-0.21782988981082038
NRP1	NRP1	0.0443183452195579	8394.0	0.41193842802675	-0.41193842802675	0.00156219968646975	8828.0	49.71837332432128	0.16	0.8143193845295178	1.1918993005799678	25	-0.33759643646654774
CRK	CRK	2.6829041779927395e-07	8393.0	0.411932372887142	-0.411932372887142	4.28760541640515e-05	3305.0	18.609890728849837	0.12	0.5121329143026869	0.7081474609255985	25	-0.14149671776634734
TRPV1	TRPV1	0.0058783876727419105	8392.0	0.411862718903855	0.411862718903855	0.081960679482861	93.0	0.5181930832488453	0.04	0.33523500835805214	0.638131274060575	25	0.12008142158305961
SLC38A2	SLC38A2	0.00012586207914509	8391.0	0.41182897451974293	-0.41182897451974293	0.000277592417377228	7904.0	44.51391235777852	0.04	0.45448495264307687	0.2896220929815878	25	-0.14728150633883347
RNF208	RNF208	0.0529051568828959	8390.0	0.41177771442404204	0.41177771442404204	1.9030514733397045e-05	11639.0	65.55142503097893	0.3333333333333333	1.0624209391541894	1.1324971914791973	24	-0.5745208285067073
PARD3.AS1	PARD3.AS1	0.53901853673253	8389.0	0.411729218761589	0.411729218761589	0.3614632837878895	2284.0	12.859074011490367	0.125	0.5757863383183112	0.6580182737412709	24	-0.24932000539126137
SWSAP1	SWSAP1	0.0762950351160044	8388.0	0.41169768616079205	0.41169768616079205	0.0136086029385301	2234.0	12.577447335811646	0.04	0.36169415131158983	0.36028621461515625	25	0.1387883655293724
ELFN1	ELFN1	0.292810481999454	8387.0	0.41169203424874795	-0.41169203424874795	6.897481439454015e-11	15858.0	89.31508392474935	0.6666666666666666	1.719624078076598	1.2363133302845184	24	-1.0579292577285804
KCTD9	KCTD9	0.011509687764485	8386.0	0.411558611930945	-0.411558611930945	0.000298858628850256	6286.0	35.40047313281514	0.08	0.4484234480286441	0.3403455797588783	25	-0.1083158950494271
PGGT1B	PGGT1B	0.00765667456148775	8385.0	0.411544827392371	0.411544827392371	2.98144312022042e-06	8352.0	47.03728737185986	0.16	0.5507998253200446	0.39081665810389504	25	-0.356317969155383
PRKD2	PRKD2	0.00444105685526549	8384.0	0.411399670605451	-0.411399670605451	6.269211903039e-06	9387.0	52.86695955840937	0.08	0.5163801587586065	0.34023803822841414	25	-0.30855012184933395
RGS10	RGS10	0.0369537227312703	8383.0	0.41123829111508103	0.41123829111508103	0.0024313915407718698	7144.0	40.233186887461976	0.08	0.6112428530987074	0.7520567661108002	25	-0.2659434380438242
MPPE1	MPPE1	4.27994154411616e-05	8382.0	0.41116057312673704	-0.41116057312673704	0.00237707886880867	1315.0	7.401149036836769	0.08	0.3404595163533225	0.3866973129998929	25	0.1828330696816456
TRAF1	TRAF1	0.142180954304697	8381.0	0.41097175413776005	-0.41097175413776005	0.006224913102256655	7679.0	43.246592317224284	0.25	1.1831719332510424	2.088472796445304	24	-0.3697439489887586
TMEM169	TMEM169	0.24361370656311102	8380.0	0.41093685356907705	0.41093685356907705	1.140778306487579e-05	13369.0	75.29570800946266	0.4166666666666667	1.3246803395500504	1.3235259732831683	24	-0.6903857607828584
STXBP2	STXBP2	0.013085263044857999	8379.0	0.410900388014	-0.410900388014	0.0178606752012588	2090.0	11.766362509856933	0.2	0.5759188754356447	0.7620524385191313	25	-0.21654479282596237
C1orf35	C1orf35	0.00228429685112803	8378.0	0.410859819099789	0.410859819099789	0.00981391896727658	1787.0	10.059704855243888	0.04	0.3092985228358762	0.362286825338164	25	0.2803339485754525
RORB	RORB	0.275025827147983	8377.0	0.410804649014751	-0.410804649014751	7.299042948650935e-05	11532.0	64.94874394502646	0.4583333333333333	1.2311455848077952	1.363584920884913	24	-0.6016060483132032
MLLT3	MLLT3	0.00662221881288258	8376.0	0.41059624364746505	0.41059624364746505	7.78694885957516e-05	6789.0	38.23363749014306	0.2	0.6269641816639339	0.7552655429155907	25	-0.28647929201325995
LZTR1	LZTR1	0.000399824748506703	8375.0	0.41046317768832796	-0.41046317768832796	0.000100953188138567	3925.0	22.10206150726597	0.04	0.4999832392929605	0.7903811279627663	25	-0.11326189155777731
BAG1	BAG1	0.000342522743535144	8374.0	0.410388293211401	-0.410388293211401	0.00775964501907375	427.0	2.3994592767826965	0.12	0.395737605069168	0.5077562462741253	25	0.028853782203052358
PIGN	PIGN	0.0208897885328175	8373.0	0.410209392976247	0.410209392976247	2.0651588452886897e-07	11027.0	62.104314520671394	0.08	0.6296483216005416	0.3957821419152564	25	-0.5544437340259789
LINC00894	LINC00894	0.161541906962455	8372.0	0.410169684243491	0.410169684243491	0.0222957835515731	392.0	2.2023206038075926	0.08	0.49816011223788437	1.0106917413048515	25	-0.08705960917499288
HPCAL4	HPCAL4	0.546803363842434	8371.0	0.410137352415714	0.410137352415714	7.324612575015315e-08	17158.0	96.63737749239607	0.75	2.29332573082569	1.612019599764439	24	-1.1682168000222592
SRGAP3.AS2	SRGAP3.AS2	0.48585889845353203	8370.0	0.41004086543941104	-0.41004086543941104	0.0001469894845180905	15393.0	86.69595584093724	0.5416666666666666	1.49296844521645	0.9611263715439771	24	-1.126727568651974
MORC2.AS1	MORC2.AS1	0.0217764146976142	8369.0	0.409850040349517	0.409850040349517	0.008037559124867609	3492.0	19.66317449588825	0.12	0.5110032642826315	0.7719878704216105	25	-0.1310295508631128
TAC3	TAC3	0.414451483061915	8368.0	0.4095824767522179	0.4095824767522179	0.0005433260732352371	15634.0	88.05339641770868	0.5833333333333334	2.1367326797676442	2.0403672795557957	24	-0.846489855194816
ADPRHL1	ADPRHL1	0.10472451793347999	8367.0	0.40954245535753003	0.40954245535753003	4.102426793272841e-07	12425.0	69.97859637264841	0.4583333333333333	1.0570446324089773	1.0265254915839463	24	-0.6307706748249772
JSRP1	JSRP1	0.00337145561976892	8366.0	0.409504515464027	-0.409504515464027	1.04026187003896e-05	7205.0	40.576771431790014	0.04	0.4649127810529008	0.41046393329445685	25	-0.13498936470290376
KANK1	KANK1	0.0538868743936567	8365.0	0.409318378328346	-0.409318378328346	1.3197533145432198e-05	3785.0	21.313506815365553	0.12	0.5486065956810744	0.5539006387974176	25	-0.25146787635980933
SKAP2	SKAP2	9.03655371852524e-07	8364.0	0.409276673601185	-0.409276673601185	1.10312144503846e-10	11343.0	63.8841951109609	0.28	0.9005972021111652	0.8069978274899438	25	-0.6088250944096906
NLGN4X	NLGN4X	0.559247531171041	8363.0	0.40923599731958293	-0.40923599731958293	0.0006851296835259606	11013.0	62.02545905148135	0.2916666666666667	1.0696316702990445	1.2350515634698427	24	-0.5347110132989901
PCMTD2	PCMTD2	0.0395638961348763	8362.0	0.40920953285483597	0.40920953285483597	0.000115556100567682	7517.0	42.33412188802523	0.04	0.4376536042557648	0.47320672459327007	25	-0.06010918679436998
ZNF521	ZNF521	0.191803131995673	8361.0	0.40897525382181504	-0.40897525382181504	1.389053567166617e-07	15632.0	88.04213135068153	0.6666666666666666	2.5188522046228736	4.6792322084335165	24	-0.4509023824460701
CWC27	CWC27	9.39807782537098e-05	8360.0	0.408938254904074	0.408938254904074	0.0006596176360977441	4069.0	22.913146333220684	0.04	0.4151181253216091	0.3275628995298937	25	-0.01886620989863082
MSANTD1	MSANTD1	0.0868322510365699	8359.0	0.4087963612114629	0.4087963612114629	1.6262128642154651e-06	17683.0	99.59445758702263	0.625	6.077592936624581	6.176207500023125	16	-0.9178442556199565
MYO10	MYO10	0.0164459504496787	8358.0	0.40877306997165	-0.40877306997165	0.0022293268443282803	4386.0	24.69865945702377	0.12	0.4934817458596731	0.5293475786740561	25	-0.1600246781145326
CCDC173	CCDC173	0.40212686297440603	8357.0	0.40876084009137603	-0.40876084009137603	0.0115223405384622	8481.0	47.763884195110954	0.16	0.6704594040325724	0.8672263244054375	25	-0.30176501401824324
MAGED2	MAGED2	0.0319483876053821	8356.0	0.408636184903424	0.408636184903424	0.0018394945082731398	994.0	5.593105778979385	0.12	0.4840217234557431	0.8087801727736446	25	-0.09320893499872858
EVI2B	EVI2B	0.0889557861313909	8355.0	0.408533471123124	-0.408533471123124	0.0323219548095582	10228.0	57.60392024332544	0.25	1.5720775273347491	2.6291145943603236	24	-0.44256117961062896
DANCR	DANCR	0.0130682504405045	8354.0	0.40851351296423905	0.40851351296423905	0.00107541144587954	4782.0	26.929142728399235	0.08	0.5120587542495147	0.5628484570656228	25	-0.18396646554758753
CSDE1	CSDE1	0.000231483120111021	8353.0	0.40846977090823905	-0.40846977090823905	0.005816299845482271	1386.0	7.801058916300552	0.0	0.28841149921729714	0.21847643672487085	25	0.5495250357004506
CUL5	CUL5	0.0023023885477326898	8352.0	0.4084279085265429	0.4084279085265429	1.38513083881653e-06	10509.0	59.18666216063985	0.08	0.5919084407943731	0.4222664429997096	25	-0.43451364727070285
FH	FH	3.5710743154957803e-06	8351.0	0.40837297230905495	0.40837297230905495	1.68744628562039e-09	7092.0	39.94029514475611	0.08	0.4978871315474253	0.403009955634465	25	-0.22211401477029716
CFAP45	CFAP45	0.34369574027747196	8350.0	0.40831789066622703	0.40831789066622703	0.0033734268484468645	11854.0	66.76241973639743	0.4583333333333333	1.1576969832961062	0.9235788615023601	24	-0.8113861456409742
ARL8A	ARL8A	3.32189314719435e-05	8349.0	0.40825921231188	-0.40825921231188	6.59861921811633e-07	6988.0	39.35451165934437	0.28	0.6868240186059169	0.8465120626266873	25	-0.32907364063976047
EBP	EBP	0.060442253162950994	8348.0	0.408223099869264	0.408223099869264	0.000159805573628627	5073.0	28.568209980849385	0.16	0.533264916471737	0.6025204511041077	25	-0.2075312404306546
BNIP2	BNIP2	7.00918184098668e-05	8347.0	0.40802576121559503	-0.40802576121559503	0.00106697778609572	4149.0	23.363749014306634	0.12	0.4663453354825642	0.4862906946083359	25	-0.11992739098974618
ANKRD26	ANKRD26	0.00193677441007377	8346.0	0.40795498787187895	0.40795498787187895	1.59058424121785e-05	10292.0	57.9644023881942	0.04	0.5480422908613827	0.3243518013298438	25	-0.4318992600477172
KMO	KMO	0.0333600724612156	8345.0	0.407786854849091	-0.407786854849091	1.20404279250569e-06	10279.0	57.89117945251774	0.12	0.6102196702852148	0.4679990731041303	25	-0.43254960761659955
ZNF583	ZNF583	0.10024530566218101	8344.0	0.407632373670312	-0.407632373670312	0.0001436128899391517	8275.0	46.60358229131463	0.16666666666666666	0.699507329080996	1.0396297712911111	24	-0.28074893916149196
SNRNP48	SNRNP48	0.0034850333355472803	8343.0	0.40758273087965996	0.40758273087965996	0.00535335822227728	3275.0	18.440914723442607	0.04	0.37463022579319555	0.41362832262537985	25	0.07966694562236072
C14orf93	C14orf93	0.00207937067193705	8342.0	0.40757798686852903	0.40757798686852903	0.0304235147756568	137.0	0.7660245578461191	0.04	0.28752260512589733	0.3269437708394056	25	0.3672049827846475
CFAP97	CFAP97	0.010917307577104001	8341.0	0.40756355542361294	0.40756355542361294	5.64605723973858e-06	7009.0	39.47279486312943	0.08	0.6123300563200301	0.6948830450659004	25	-0.2946776473399172
CLIC2	CLIC2	0.15406677885026998	8340.0	0.407520710824281	-0.407520710824281	6.716899885215891e-05	10081.0	56.77593781683001	0.20833333333333334	1.3279819087852625	2.0867866146881204	24	-0.4410902348530487
DOK3	DOK3	0.21345524993718698	8339.0	0.40747396820842796	-0.40747396820842796	4.11468106571184e-06	13577.0	76.46727498028612	0.44	0.9662461157174954	0.7092366698192082	25	-0.787850052439483
SLC47A2	SLC47A2	0.23534966550358802	8338.0	0.40739132863503397	-0.40739132863503397	0.0044024427207297705	12887.0	72.58082685591978	0.391304347826087	1.2498837183912181	1.2142660534014087	23	-0.6938284961489205
HES1	HES1	0.12427886997517802	8337.0	0.40735690299519606	-0.40735690299519606	0.00326661869992775	10021.0	56.43798580601554	0.08	0.6786573151020723	0.7209213773008604	25	-0.3763245489024458
DOHH	DOHH	0.00036770427379324	8336.0	0.407202663281378	-0.407202663281378	4.1086840766069605e-06	9377.0	52.810634223273624	0.36	0.9392968960840865	1.0449968132135217	25	-0.5091826368029191
IRX3	IRX3	0.31631709281807596	8335.0	0.40707600525366	0.40707600525366	0.015570507430005778	7794.0	43.89433367128534	0.2916666666666667	0.943582765811879	1.5602742504635678	24	-0.3438541400005924
HACL1	HACL1	0.00020501741086141598	8334.0	0.407059584420424	-0.407059584420424	7.92038281233592e-05	5480.0	30.86065112087417	0.04	0.43828826574555535	0.41948932592705607	25	-0.07444451955032969
MAP7D1	MAP7D1	0.0038936654300694797	8333.0	0.40693725588211604	-0.40693725588211604	1.21347318178047e-06	8774.0	49.414216514588254	0.24	0.6968658737761452	0.5021381323199378	25	-0.5773881711682093
AIMP2	AIMP2	1.13000761970983e-05	8332.0	0.40692539946154793	0.40692539946154793	5.78107308768316e-07	5100.0	28.720288385715897	0.12	0.49734270468076874	0.46193964097376333	25	-0.195734024966167
XAGE3	XAGE3	0.796300398716739	8331.0	0.4069206896632971	0.4069206896632971	2.019527228674531e-05	17564.0	98.92418609890728	0.8181818181818182	2.991151843395897	1.8425058148190145	22	-1.402563363951415
CCDC6	CCDC6	0.0264307318984807	8330.0	0.40680794246417	0.40680794246417	2.8022936770631803e-06	8378.0	47.18373324321279	0.08	0.5749277608073793	0.6092636722721166	25	-0.27593934448158197
PTPN23	PTPN23	8.384795907530892e-05	8329.0	0.406767489556275	-0.406767489556275	3.7271915642365e-09	10079.0	56.764672749802855	0.16	0.795753162619957	0.6987536462668297	25	-0.5566849992724645
RBM38	RBM38	0.0703788595130476	8328.0	0.4067646160361861	-0.4067646160361861	8.29331335970118e-12	13506.0	76.06736510082234	0.44	1.1167740239237505	0.8174487750096963	25	-0.8685674620763149
HMGN5	HMGN5	0.118949782708669	8327.0	0.406761411081106	0.406761411081106	7.07481898184444e-06	11302.0	63.653261236904356	0.16	0.8513316232534965	0.8837784045590998	25	-0.5030335770584689
HDX	HDX	0.0245817724527123	8326.0	0.406717444050251	0.406717444050251	1.6301136505028875e-06	11066.0	62.323983327700795	0.16666666666666666	1.023722677885612	1.5323406389975591	24	-0.40265540058964916
MBLAC2	MBLAC2	0.079515250387351	8325.0	0.406547505429657	0.406547505429657	0.0034247405497351	1732.0	9.749915511997296	0.12	0.5207817493607583	0.7146099707469582	25	-0.15985537371063543
ERBB4	ERBB4	0.17693950315297702	8324.0	0.40640665964867895	-0.40640665964867895	0.00048330507638910246	13086.0	73.7017010251211	0.375	1.1505084833774937	1.0357892319836846	24	-0.7183911559919901
ASNS	ASNS	0.000666714757082849	8323.0	0.406302362048277	0.406302362048277	4.465907830790871e-09	12245.0	68.96474034020503	0.36	1.5493418455744767	1.8222298157545804	25	-0.6272751513797782
EPO	EPO	0.729807615415495	8322.0	0.4062588801293329	-0.4062588801293329	0.012726597977442161	14197.0	79.95944575870226	0.4166666666666667	1.263233876535302	1.0869662954314474	24	-0.7884099074717046
LINC00685	LINC00685	0.211674403659714	8321.0	0.406166087218927	0.406166087218927	4.897401816586635e-07	15331.0	86.34673876309563	0.6666666666666666	1.6640928693301886	1.5227777190347322	24	-0.826073803410155
TDRD6	TDRD6	0.131634282113189	8320.0	0.406022729013104	0.406022729013104	8.748595589227131e-05	11179.0	62.9604596147347	0.375	1.1671135189088184	1.3411440643313377	24	-0.567493687022487
MLST8	MLST8	0.0235677243201135	8319.0	0.40598010746061103	0.40598010746061103	5.256124294018711e-06	5450.0	30.691675115466936	0.08	0.5441397505325869	0.7073671123784772	25	-0.19531533294984949
SH3D19	SH3D19	0.000183991975798095	8318.0	0.40589825302260396	-0.40589825302260396	0.0005244807477980371	4698.0	26.456009913258985	0.04	0.3678545060448626	0.26698571349053596	25	0.14249356821517695
WDCP	WDCP	0.00261657915911253	8317.0	0.4058596293265	0.4058596293265	0.00027054359688747097	6134.0	34.54432803875183	0.08	0.4896009413912212	0.5231742012015946	25	-0.1600639172810686
DCUN1D3	DCUN1D3	0.0474658725567466	8316.0	0.40585957610664203	-0.40585957610664203	5.12539187139927e-05	8581.0	48.3271375464684	0.12	0.48310126808345816	0.3463600786047882	25	-0.2230098003440871
PRPH2	PRPH2	0.0853888599115249	8315.0	0.40580024244091994	-0.40580024244091994	2.6670680223648086e-05	12646.0	71.22338627914836	0.375	1.1817414826266306	1.2523308130842101	24	-0.6195976590839773
OGDH	OGDH	0.0352228858123252	8314.0	0.40564134727059104	-0.40564134727059104	3.8408669028532505e-06	7320.0	41.22451278585107	0.04	0.5179814243436257	0.39891020016371237	25	-0.28161745933528504
ATP8B3	ATP8B3	0.27683724578650004	8313.0	0.40557857023793104	0.40557857023793104	0.0214843474368313	2766.0	15.573955165033231	0.2	0.6501279087813532	1.0856662610845962	25	-0.22525277546998085
SP140	SP140	0.22293442363640803	8312.0	0.40555516768429495	0.40555516768429495	0.0684293721542288	7638.0	43.01565844316773	0.25	0.9507341454132523	1.330236352481672	24	-0.40983617438500936
FAM86B1	FAM86B1	0.155156974513419	8311.0	0.405517501819502	-0.405517501819502	0.0629238727668034	181.0	1.013856032443393	0.08	0.30370112910474445	0.4051174974409905	25	0.2513255373018988
GUCD1	GUCD1	0.000362837659248937	8310.0	0.4054937661760061	-0.4054937661760061	0.00015393991686313602	5259.0	29.615861214374224	0.16	0.4514856326884623	0.4216411546145033	25	-0.10907821973522848
NOSIP	NOSIP	0.0052544644813973295	8309.0	0.40537339232445097	-0.40537339232445097	0.011862324290437	1297.0	7.29976343359243	0.08	0.3252376013284438	0.33354534915717093	25	0.24025455968281578
ZNF879	ZNF879	0.008509385030542991	8308.0	0.405220709089759	0.405220709089759	0.0049781156167296	9013.0	50.76039202433254	0.16	0.6021649813047868	0.6199023416532911	25	-0.31770209431662055
C17orf75	C17orf75	0.00173798139979307	8307.0	0.405077844014791	0.405077844014791	6.5780778804206e-05	6658.0	37.495775599864814	0.12	0.5635505737329135	0.6711601878065225	25	-0.2361175954670987
HCCAT5	HCCAT5	0.7845984178993399	8306.0	0.404983956955214	-0.404983956955214	0.0096213936999165	15029.0	84.64571364199617	0.45454545454545453	1.3421226901368957	0.9148267073227405	22	-1.0243893468351375
ZNF512B	ZNF512B	0.00705137291882119	8305.0	0.40482250564350203	0.40482250564350203	0.000756310951479817	8460.0	47.64560099132589	0.16	0.6389830223622812	0.9471192987894567	25	-0.24723444767524766
PHYHD1	PHYHD1	0.186356745080924	8304.0	0.40477975799179294	-0.40477975799179294	0.019358265951600895	5456.0	30.725470316548382	0.125	0.5547506048283815	0.6051467849735178	24	-0.24782556986261023
PDK2	PDK2	0.008241354491363559	8303.0	0.404719207674586	-0.404719207674586	0.000238643264403712	4417.0	24.873267995944577	0.08	0.5640753098179789	0.8702030781198953	25	-0.18312518784429888
FBXO41	FBXO41	0.130501715347106	8302.0	0.4046822192098711	0.4046822192098711	1.48455392931607e-08	9781.0	55.086177762757686	0.08	0.770874677892467	1.1106275791404203	25	-0.3297166985228421
PCDHA9	PCDHA9	0.26840137602799696	8301.0	0.40467600175169	0.40467600175169	0.02081258699011245	5492.0	30.928241523037062	0.08333333333333333	0.5484559158318308	0.7196998925838407	24	-0.19977759558077376
CCDC92	CCDC92	0.000439255481747035	8300.0	0.404551781346632	-0.404551781346632	1.0719549376852899e-06	8770.0	49.39168638053396	0.24	0.7181189268916205	0.735123363038371	25	-0.42655037414260677
STAM	STAM	0.000134442002894992	8299.0	0.404455266648302	-0.404455266648302	0.0115704806682836	349.0	1.960121662723893	0.04	0.3149507798074604	0.3942818851402989	25	0.22700633788689753
B3GNTL1	B3GNTL1	0.0152061029016578	8298.0	0.40438535598238395	0.40438535598238395	0.009524876192467509	100.0	0.5576208178438662	0.08	0.3991198738551499	0.6383657159345305	25	0.008248378626545887
MAP3K5	MAP3K5	0.0067524281142048795	8297.0	0.40429698096142797	0.40429698096142797	4.8903967354025e-06	5520.0	31.085952461417147	0.16	0.6464456141473015	0.7962521913033684	25	-0.30411047634230753
AHSA1	AHSA1	0.0130963351890697	8296.0	0.40420562400716104	0.40420562400716104	0.000229023068152746	1079.0	6.07187112763321	0.04	0.338537489139921	0.4167389109230637	25	0.15757620214005738
TEC	TEC	0.004305147617216979	8295.0	0.40419701182862294	0.40419701182862294	0.029723007742511	3915.0	22.045736172130226	0.08	0.6350142674813893	1.1262408917326436	25	-0.20494483671043948
KLHL42	KLHL42	0.000466288270019183	8294.0	0.40407739575466706	-0.40407739575466706	0.00598808566960539	353.0	1.9826517967781907	0.08	0.29011078510293953	0.42073294387624455	25	0.27087636542492843
MANSC1	MANSC1	0.0754977074596718	8293.0	0.404054530063346	0.404054530063346	0.00391052206411685	6816.0	38.38571589500957	0.16	0.6711703532651023	0.8856576729246598	25	-0.3016016587082389
URM1	URM1	0.00015683780493277	8292.0	0.404044445984675	-0.404044445984675	0.0145793144875782	440.0	2.472682212459164	0.04	0.32542922740351826	0.3873224194870024	25	0.2029709994202772
OSGEPL1	OSGEPL1	0.006414268738345921	8291.0	0.403902682791526	0.403902682791526	1.10687687510318e-05	8069.0	45.4432803875183	0.08	0.495480421757903	0.40242409465591966	25	-0.22756524816109167
KDM4B	KDM4B	0.0017937548440282102	8290.0	0.403657324076824	-0.403657324076824	7.7559739180506e-06	7547.0	42.50309789343246	0.2	0.6600902549878446	0.6845199908598504	25	-0.3746171541154056
PDCD1	PDCD1	0.492420335546913	8289.0	0.40359034503042496	-0.40359034503042496	1.144919757828078e-09	17072.0	96.15297961022867	0.75	2.4822793722470693	2.05584466941215	24	-1.011111908474596
PRELID3B	PRELID3B	0.0134141258083942	8288.0	0.40357031793665404	0.40357031793665404	6.59544491315841e-10	9947.0	56.02117832601103	0.24	0.7182389576753413	0.5534201408827671	25	-0.5685890637025887
HEATR6	HEATR6	0.000255826592925726	8287.0	0.40353003618204497	0.40353003618204497	0.0061064015435076295	2416.0	13.602568435282189	0.08	0.415738063886324	0.4970460732899196	25	-0.024561159136566143
UBE2H	UBE2H	1.14837308030547e-06	8286.0	0.40343317502808795	0.40343317502808795	1.6877293856354097e-05	5205.0	29.31170440464121	0.04	0.371163711760914	0.2492708847034882	25	0.12945540473192046
ZNF37BP	ZNF37BP	0.000539043355456324	8285.0	0.40335797311045796	-0.40335797311045796	0.0196128043128094	1055.0	5.936690323307424	0.12	0.4233095421263514	0.6419985236740108	25	-0.031077281769614027
NKAPL	NKAPL	0.33894171178651306	8284.0	0.4032010416922	-0.4032010416922	9.282178835098451e-05	12998.0	73.20603807592654	0.375	1.115228314383464	1.1164302108726771	24	-0.6377714126301683
ELOVL6	ELOVL6	0.379204404438423	8283.0	0.40319419199715706	0.40319419199715706	4.4421819221300396e-05	8521.0	47.98918553565393	0.16	0.6371420431559306	0.7054241199021629	25	-0.33164141196535835
PTRH1	PTRH1	0.0734312143646827	8282.0	0.40314164270665104	-0.40314164270665104	0.00478141987441695	1883.0	10.60042807254703	0.12	0.47711404448051975	0.5377181219090922	25	-0.13756724715031018
TRIB2	TRIB2	0.0636118032105157	8281.0	0.403114178121448	-0.403114178121448	0.0542268622347262	275.0	1.543314182719387	0.16666666666666666	0.7748401268104229	1.5503017636421552	24	-0.2397765115197132
CACYBP	CACYBP	0.00468889269474898	8280.0	0.403044305819669	0.403044305819669	1.47510613184035e-05	4595.0	25.87585896136082	0.04	0.4100702489936839	0.4025741048062839	25	-0.01745254622722376
CARMN	CARMN	0.16476439568559803	8279.0	0.403043301057669	-0.403043301057669	1.8762194013532247e-06	17688.0	99.62262025459052	0.7727272727272727	4.299806352585578	3.3128736987996423	22	-1.1762486004038815
B4GALT5	B4GALT5	0.0760079667190666	8278.0	0.40296527178032704	-0.40296527178032704	0.0152249219361686	2151.0	12.109947054184971	0.08	0.42500702631104126	0.5373569806471966	25	-0.041018829799450957
NSUN2	NSUN2	0.000196873852808735	8277.0	0.40290523156566904	0.40290523156566904	0.000869350723632017	2128.0	11.98039878337276	0.04	0.3064225584042569	0.3676881894897983	25	0.26240351449768035
CD320	CD320	0.0597766886278956	8276.0	0.4026449551284221	-0.4026449551284221	9.880726058183709e-06	7191.0	40.497915962599976	0.08	0.5102510141115846	0.3300366012253238	25	-0.3260428042939919
TPH2	TPH2	0.7357940086920101	8275.0	0.402605056713427	0.402605056713427	0.0020659311015910602	14334.0	80.73110285006196	0.5652173913043478	1.8922736402719378	1.8969375681107652	23	-0.7853018510472806
DPY30	DPY30	8.898309925577421e-07	8274.0	0.40259139948333206	0.40259139948333206	8.672848732162309e-11	8351.0	47.031654838346284	0.12	0.5569120307600414	0.3591969473060365	25	-0.42962678952064653
ZNF25	ZNF25	0.000120007356289274	8273.0	0.402577229208887	-0.402577229208887	0.0264954128033112	2218.0	12.487326799594456	0.2	0.8494094759481986	1.527221346023025	25	-0.29257857605440707
CAHM	CAHM	0.220483743160474	8272.0	0.402574570743637	0.402574570743637	2.812750748901635e-05	12173.0	68.55919792722766	0.3333333333333333	0.9238538796028587	0.9947654877096379	24	-0.5240223100817687
C16orf70	C16orf70	0.00122140969555774	8271.0	0.402481544688911	0.402481544688911	1.37748710612438e-06	4005.0	22.552664188351923	0.08	0.41810439675135297	0.5143657010380144	25	-0.03037304398585346
MEMO1	MEMO1	9.76254380165347e-06	8270.0	0.402421517019659	0.402421517019659	0.000174673738607453	3878.0	21.837332432127972	0.04	0.4058180556430663	0.31163289834305224	25	-0.010899165785982877
SLC25A42	SLC25A42	0.0389080466458323	8269.0	0.4024153476158329	-0.4024153476158329	1.0313059863591801e-08	9487.0	53.43021290976681	0.12	0.7040351211386643	0.6993852517001697	25	-0.43126413202109876
UBC	UBC	0.0296680177829138	8268.0	0.40222602543713204	-0.40222602543713204	0.00160323126043795	4341.0	24.445195448912923	0.04	0.39133685351199676	0.38354117055119125	25	0.02839114223249183
CSNK1E	CSNK1E	3.15386994820815e-06	8267.0	0.402171757774644	-0.402171757774644	3.14767221671633e-06	7987.0	44.9814126394052	0.04	0.39681688429725426	0.29509459485358563	25	0.018146294682376676
BCL7A	BCL7A	0.000725410177922844	8266.0	0.402120717150528	0.402120717150528	7.586439517300699e-05	5391.0	30.359355638166047	0.12	0.7863765258691138	1.1354714024677854	25	-0.3384108202843863
KRT9	KRT9	0.8141868644192991	8265.0	0.40211056229204	-0.40211056229204	0.0003586348934855175	17268.0	97.25695617888925	0.5909090909090909	2.595952610092852	1.9330600503338538	22	-1.1349063095178646
FGGY	FGGY	0.00124463439404041	8264.0	0.40206756855960896	0.40206756855960896	2.6474998036704197e-09	7923.0	44.62093049453644	0.32	1.0449350922419236	1.515945415858257	25	-0.4240703635878297
GABRD	GABRD	0.42243810581887	8263.0	0.40203191348795003	0.40203191348795003	6.47672042323849e-08	16529.0	93.09451391235777	0.6666666666666666	1.9231720126846579	1.434453764654484	24	-1.060431598897232
MRPL35	MRPL35	1.50245000007327e-06	8262.0	0.40198830815528297	0.40198830815528297	8.44532561395091e-07	11921.0	67.13979948180692	0.32	1.290226836108277	1.3775930731873613	25	-0.6447756926491078
GPR132	GPR132	0.385474389372022	8261.0	0.401846518813546	-0.401846518813546	0.003327309138177235	13445.0	75.7237805564943	0.375	1.1632173194957016	1.2182454934418308	24	-0.624973213347257
PHLDA3	PHLDA3	0.0281526406513217	8260.0	0.40180443315809006	0.40180443315809006	0.011287707602606351	3262.0	18.367691787766137	0.125	0.4995958803184228	0.5494505809846248	24	-0.17798042361715002
TRIM24	TRIM24	0.0341316060833649	8259.0	0.40180070753079705	0.40180070753079705	0.0124071293143834	1319.0	7.4236791708910665	0.12	0.4974159682736202	0.8339923269408797	25	-0.1146476504089002
WASH5P	WASH5P	0.00247140085302274	8258.0	0.4017926768647	0.4017926768647	0.000262547675278841	1173.0	6.601329277909204	0.12	0.538014098729733	0.7214061784981424	25	-0.18882763403638333
TPRXL	TPRXL	0.532921104394926	8257.0	0.401747563087835	-0.401747563087835	0.000849146767397908	15058.0	84.80905711388982	0.5416666666666666	1.8945121353350733	2.0235942950295076	24	-0.7376797690692596
RANBP3L	RANBP3L	0.46432896232193105	8256.0	0.4016807223186579	-0.4016807223186579	0.01728305652591732	13562.0	76.38278697758251	0.4166666666666667	1.3680537734963527	1.4755415642209366	24	-0.6549277056034168
SH3BGRL3	SH3BGRL3	0.041606551492854	8255.0	0.401676027467808	-0.401676027467808	0.003455753169351285	8742.0	49.23397544215388	0.20833333333333334	0.9834164897127026	1.952244058023415	24	-0.2979855207416475
PLEKHJ1	PLEKHJ1	0.000413729427886415	8254.0	0.40167357280739596	-0.40167357280739596	0.000494796503697261	1769.0	9.958319251999548	0.12	0.40744942384505767	0.40947273375969423	25	-0.014105581547833557
C1orf50	C1orf50	0.00397672858898363	8253.0	0.40165368070128	0.40165368070128	0.00041634909109057003	197.0	1.1039765686605834	0.08	0.36580644020774095	0.5099180326538801	25	0.07030000548710007
MORN1	MORN1	0.0939553752822438	8252.0	0.401635265773916	0.401635265773916	0.0678932071714727	90.0	0.5012954827081221	0.04	0.4429326545573505	0.8219122682959292	25	-0.05024549501987159
UTP18	UTP18	5.54887450389613e-06	8251.0	0.401582090934603	0.401582090934603	0.000399847257483863	3905.0	21.98941083699448	0.08	0.43848045857877055	0.5337908454059436	25	-0.06912514135776651
ASB12	ASB12	0.25433489128643105	8250.0	0.401568638923098	-0.401568638923098	9.14227509146631e-05	13850.0	78.00495662949194	0.5	1.2725675945069528	1.1205945019256836	24	-0.7772650625066322
AFAP1	AFAP1	0.0326851503502346	8249.0	0.40155147360607296	0.40155147360607296	0.0352882550408135	938.0	5.277683902219218	0.04	0.39561801796979873	0.4509154288481543	25	0.01315868842951551
ZNF224	ZNF224	2.52669465630964e-07	8248.0	0.401420490454961	0.401420490454961	0.000357429627307603	4288.0	24.146671172693477	0.08	0.38424084994850743	0.3960163821255582	25	0.04338113593746908
METTL5	METTL5	0.00047270617006747197	8247.0	0.40131213241292	0.40131213241292	1.81318504359744e-11	12636.0	71.16706094401262	0.28	0.8540404144913056	0.5016909702538511	25	-0.9024046851975613
USP37	USP37	0.0123284637154745	8246.0	0.401222528894865	0.401222528894865	0.00044150090323118396	5439.0	30.62971724681762	0.08	0.49570428520344345	0.43714469722476423	25	-0.21613382687334604
FGF8	FGF8	0.742428975843927	8245.0	0.401167066665808	0.401167066665808	0.01906749753934849	13074.0	73.6341106229582	0.2916666666666667	1.2597219643071536	1.1975200002807127	24	-0.7169440990046848
CELF6	CELF6	0.0156106581837513	8244.0	0.40109870317812607	-0.40109870317812607	0.00028587169926500705	10506.0	59.169764560099125	0.16666666666666666	0.9812092601966395	1.4156282252848431	24	-0.4097901883114739
WDR37	WDR37	0.000549375095368819	8243.0	0.40102687994787795	-0.40102687994787795	0.009245680017391721	527.0	2.962712628140137	0.04	0.2927902814290812	0.41270251749087267	25	0.2622629955757188
OSTCP1	OSTCP1	0.53572070350687	8242.0	0.400937011969269	0.400937011969269	0.00021845014738327642	11220.0	63.191393488791256	0.16666666666666666	0.8161015601857664	0.7395117629792112	24	-0.5614035759809386
ZNF622	ZNF622	0.00295965998903263	8241.0	0.400898342956902	0.400898342956902	4.973841564692739e-07	5148.0	28.990649994367466	0.12	0.4924146613006349	0.5940100485830835	25	-0.15406526970718842
BRD1	BRD1	0.0116004825021578	8240.0	0.4007751952152679	-0.4007751952152679	1.0766992371659801e-09	7341.0	41.34279598963614	0.16	0.6451607993821221	0.6174848206309546	25	-0.39577588954678694
PCDHB13	PCDHB13	0.24436626666730601	8239.0	0.400659871191163	0.400659871191163	0.097225274100982	551.0	3.097893432465923	0.08333333333333333	0.502011212229179	1.0004835308550895	24	-0.1013023582221223
BAIAP3	BAIAP3	0.18903349768623398	8238.0	0.40051163121091204	0.40051163121091204	7.483302949407808e-05	8551.0	48.15816154106116	0.16	0.6473422865698438	0.5112148336831046	25	-0.4828315594455909
PARP2	PARP2	0.00195209673707457	8237.0	0.40041573483107107	0.40041573483107107	5.31405024367665e-06	7582.0	42.70023656640757	0.12	0.6038847737583104	0.6813158600840296	25	-0.2986412776331739
TLR9	TLR9	0.260348862793797	8236.0	0.4003988331471	0.4003988331471	1.4628071391924585e-06	13883.0	78.19083023543989	0.5	1.4150489138873679	1.4416170479127879	24	-0.7038277482978615
PTS	PTS	0.00013027964535741398	8235.0	0.40035876583160707	0.40035876583160707	9.88550824025021e-10	9621.0	54.18497240058578	0.16	0.6142756923051214	0.3481313386203122	25	-0.6144719039696158
EIF4G3	EIF4G3	0.0137444630159819	8234.0	0.40030854958478296	0.40030854958478296	0.0399954847741618	2371.0	13.34910442717134	0.0	0.3092514567841964	0.22590111208309097	25	0.40308386249596645
SAR1A	SAR1A	9.36414603529479e-10	8233.0	0.400198088374877	-0.400198088374877	0.000245578846406729	5106.0	28.754083586797343	0.2	0.5447240046958647	0.5911722857649417	25	-0.24447342982930895
CCDC107	CCDC107	0.00014834785653782	8232.0	0.40015545856273294	-0.40015545856273294	0.0158705687763178	292.0	1.639067252450152	0.12	0.42380105972753185	0.649870092481589	25	-0.03638511979295123
GSK3B	GSK3B	0.00196361815994813	8231.0	0.400117034323106	-0.400117034323106	0.18714092653961498	332.0	1.8643685929931282	0.08	0.3608884724663933	0.5397779074957647	25	0.07267537502360738
PIGU	PIGU	0.0136853689132499	8230.0	0.400105214378804	0.400105214378804	3.09873701323486e-08	5146.0	28.979384927340316	0.08	0.5157093864347885	0.5989597648289241	25	-0.19300824336506736
PROX2	PROX2	0.0597766886278956	8229.0	0.40004192751401796	0.40004192751401796	0.1431743134140125	136.0	0.7603920243325447	0.041666666666666664	0.20796873491388243	0.21872277718859964	24	0.8781581647279251
ITGB2	ITGB2	0.320486570121581	8228.0	0.40003419225591996	-0.40003419225591996	4.86433245439056e-06	14471.0	81.50275994142164	0.5833333333333334	1.4874821735909596	2.2397159186899374	24	-0.48552942462949206
GRK2	GRK2	0.0239305999756433	8227.0	0.3999612252764799	-0.3999612252764799	1.05076513449052e-05	8118.0	45.719274529683446	0.32	0.8540789646687418	0.9643299617060261	25	-0.47091530640494467
ACAA1	ACAA1	0.00087868318317048	8226.0	0.39994676435902604	-0.39994676435902604	0.10057238322138799	258.0	1.4475611129886221	0.08	0.2854044826864788	0.37414715367523177	25	0.3061423307578402
YIF1A	YIF1A	0.0020979991362958896	8225.0	0.39987218779724504	0.39987218779724504	0.0194186490166687	696.0	3.9146107919342117	0.12	0.31846743617256495	0.38147886142361376	25	0.21339256209607918
FGD4	FGD4	0.009531947735800371	8224.0	0.39985625206508	-0.39985625206508	0.000832216697467993	8127.0	45.769967331305615	0.12	0.6100529467016508	0.5316885770006843	25	-0.39533799244346046
CALHM3	CALHM3	0.6148876312485461	8223.0	0.399843765596183	0.399843765596183	0.04200519653626475	8980.0	50.574518418384585	0.25	1.0419971625070776	1.3381989886980288	24	-0.4798639083830601
VASH2	VASH2	0.10231508734569	8222.0	0.399828241971167	-0.399828241971167	1.0054255058581598e-05	11929.0	67.1848597499155	0.2916666666666667	1.0500631165451508	1.3750761570218712	24	-0.47287189967882015
TCTN1	TCTN1	0.0205816774424123	8221.0	0.39977449511024393	0.39977449511024393	0.000344127602671981	1896.0	10.673651008223498	0.08	0.38349985919224666	0.47985955223987287	25	0.03391541512934577
DNAH3	DNAH3	0.421368326748221	8220.0	0.399736346809118	0.399736346809118	0.00902087123941048	10281.0	57.902444519544886	0.3333333333333333	0.9205711521009624	0.915635521300963	24	-0.5688232852214233
ZNF225	ZNF225	0.000157522776471866	8219.0	0.399710918142144	0.399710918142144	0.0025490677885501582	5057.0	28.478089444632197	0.08333333333333333	0.4627442683739109	0.6041843528688797	24	-0.10432800838429929
RAP2B	RAP2B	0.0102615291130148	8218.0	0.399560294413772	0.399560294413772	1.6964607838359197e-05	9188.0	51.74608538920806	0.2	0.7764905080808556	0.8398000380951396	25	-0.44883328955550944
EBNA1BP2	EBNA1BP2	0.0208970258225645	8217.0	0.39955365994643705	0.39955365994643705	5.1474369326505405e-06	6506.0	36.639630505801506	0.12	0.58568347547635	0.8184478246287652	25	-0.22741805882902613
DROSHA	DROSHA	2.6917003303017096e-08	8216.0	0.399407756525646	0.399407756525646	0.00507553645611772	620.0	3.486538244902557	0.08	0.4712641674740726	0.9117859636691907	25	-0.07880841975156486
LINC00638	LINC00638	0.34491601741007	8215.0	0.399388917164674	0.399388917164674	0.1145559179523558	895.0	5.035484961135519	0.08333333333333333	0.5150010842110432	1.0660397904624364	24	-0.10845014236871767
GLI4	GLI4	0.0260166312600505	8214.0	0.39937848072443394	0.39937848072443394	1.05296621295169e-05	8610.0	48.490481018362054	0.28	0.7845867124214229	0.8878924853509725	25	-0.4338455815905695
NYAP2	NYAP2	0.20585352049389	8213.0	0.399333931106152	-0.399333931106152	0.000274315932296032	13913.0	78.35980624084712	0.5	1.2049689744115704	1.0895138367127184	24	-0.7394445266855727
DCTN1	DCTN1	0.00060716459753817	8212.0	0.399176756066725	-0.399176756066725	4.666061970932559e-08	4313.0	24.28748451053284	0.08	0.4737758836572696	0.6360373974486807	25	-0.1172873291567163
DDX46	DDX46	2.85156780708899e-06	8211.0	0.399038973120486	0.399038973120486	5.53466032097332e-06	5464.0	30.770530584656978	0.08	0.5277356052865018	0.507401437018066	25	-0.25363868285897967
NONO	NONO	9.752960044387128e-07	8210.0	0.39890151532403	0.39890151532403	0.00202832622362945	2481.0	13.968683113664525	0.04	0.32018000877443137	0.3081053308854628	25	0.25550192956207923
TMEM94	TMEM94	0.0006886121909778331	8209.0	0.39887672060272406	-0.39887672060272406	6.83430837312225e-07	8390.0	47.251323645375685	0.16	0.6184268533247035	0.5935915216655495	25	-0.369867366208242
GLRA1	GLRA1	0.792589095611866	8208.0	0.39878322693243706	-0.39878322693243706	0.0066456853729176596	10741.0	60.49340993578911	0.2916666666666667	1.2019823132192071	1.3819249350141298	24	-0.5812175943395634
MAP6D1	MAP6D1	0.00516665057248622	8207.0	0.39876058991333796	-0.39876058991333796	7.649423861741729e-07	6845.0	38.54905936690323	0.125	0.6816675805476079	0.8122119308879387	24	-0.34831671374857304
SPATA17	SPATA17	0.31623921196503496	8206.0	0.39873461597964793	0.39873461597964793	3.040644199983886e-07	14510.0	81.72242874845105	0.5416666666666666	1.1766806269479226	0.6394482366853537	24	-1.2165895006620688
JMJD6	JMJD6	0.0035712661311990005	8205.0	0.398692872719286	-0.398692872719286	0.00128234044436353	413.0	2.320603807592655	0.04	0.24931796893050123	0.2985136336645335	25	0.500395583126534
VPS45	VPS45	1.2457182598863199e-11	8204.0	0.39868843732219605	0.39868843732219605	1.0364231211709e-07	7740.0	43.59017686155232	0.08	0.5261750525628657	0.4707445820324793	25	-0.2708190813163169
PEX12	PEX12	0.0500996187787905	8203.0	0.39862279812028295	0.39862279812028295	1.6558362677319e-07	3606.0	20.305283316435734	0.08	0.4608884355088515	0.5813636024517904	25	-0.10710274452335004
GABRB3	GABRB3	0.533992277296115	8202.0	0.398582010189894	-0.398582010189894	0.005554762165748571	12786.0	72.01194097104877	0.3333333333333333	0.9836559988579792	0.8575155937488425	24	-0.6822896200759322
SOD1	SOD1	0.00114845030137758	8201.0	0.39849697398624606	0.39849697398624606	5.97158326452909e-09	8293.0	46.70496789455897	0.12	0.5407784186677409	0.5606486106834552	25	-0.25378007181369366
ZNF662	ZNF662	0.0241643954777952	8200.0	0.398454449767436	-0.398454449767436	0.00439958094749258	4140.0	23.313056212684465	0.20833333333333334	0.834852946988161	1.376745792203368	24	-0.31697826838628307
NMI	NMI	0.0309754471405768	8199.0	0.398289886582077	0.398289886582077	6.9754634725206695e-06	10981.0	61.84521797904697	0.24	0.8157927239329146	0.7947549002894854	25	-0.5253227595058103
MGST3	MGST3	0.0109509610079954	8198.0	0.3982165205588621	-0.3982165205588621	7.39357536231495e-07	6825.0	38.436408696631744	0.04	0.4460161185989571	0.5025965151551504	25	-0.09510531131585624
PXK	PXK	0.0134131796856057	8197.0	0.398215650929996	-0.398215650929996	0.0349012847359548	2496.0	14.05317111636814	0.2	0.595145341090321	0.9251627543558174	25	-0.21285950956536875
MAN1A2	MAN1A2	0.032417401328636006	8196.0	0.398102538447546	0.398102538447546	1.5480624487583998e-07	10331.0	58.18407119522361	0.2	0.7511257362150511	0.9262465929763458	25	-0.3811330594298018
OSBP2	OSBP2	0.0033291984149468198	8195.0	0.39801829867144606	0.39801829867144606	5.902943983490981e-07	9296.0	52.3543990086741	0.2	0.9699508964989103	1.260898828956795	25	-0.45359118804214676
GEMIN7	GEMIN7	0.00421568264627128	8194.0	0.398000606841572	0.398000606841572	4.07039637351172e-06	9239.0	52.033344598400355	0.12	0.5890913383870008	0.5331553100462407	25	-0.35841475822280644
ROGDI	ROGDI	0.0126362574577357	8193.0	0.397926287322168	0.397926287322168	0.000501547252253105	6885.0	38.774360707446206	0.08	0.5132738069986105	0.7291475044206507	25	-0.15819504143827887
DENND4B	DENND4B	0.004622552388172971	8192.0	0.397873182933609	-0.397873182933609	1.4326984319316899e-07	7432.0	41.85535653937141	0.16	0.6680331708501582	0.9548811320534102	25	-0.282925255142059
CR1	CR1	0.45443059300955796	8191.0	0.39782735066089103	0.39782735066089103	9.890852554107403e-05	15724.0	88.56032443393038	0.625	1.9793710843104957	2.126786116232297	24	-0.7436308341392526
SLC25A39	SLC25A39	6.94048343479866e-05	8190.0	0.397807505262343	0.397807505262343	0.0045104216172431105	1122.0	6.314070068716909	0.04	0.35675397083669513	0.3974100975056632	25	0.10330269583817717
YDJC	YDJC	0.0005007588237311941	8189.0	0.397782170809442	0.397782170809442	0.00547568536978783	4772.0	26.87281739326349	0.12	0.6424879030981023	0.8973921486416329	25	-0.27268539473971015
EXTL3	EXTL3	0.0258918744019888	8188.0	0.39770539455032705	-0.39770539455032705	3.2306208109753702e-06	8982.0	50.58578348541173	0.08	0.5338628394131874	0.3665782048596838	25	-0.37142809653666586
CD3G	CD3G	0.319338549998722	8187.0	0.397653213201455	-0.397653213201455	0.001960375377551765	14477.0	81.53655514250309	0.5	1.849586428620799	2.387491669620584	24	-0.608141688573968
CDH18	CDH18	0.7332300132761981	8186.0	0.397651642569322	0.397651642569322	5.9505601526994895e-05	14088.0	79.34549960572265	0.5217391304347826	1.8675420253593473	2.238454791074471	23	-0.6566540403902772
CENPA	CENPA	0.0450618675511542	8185.0	0.397617889597582	0.397617889597582	0.0012091408795542454	5070.0	28.551312380308662	0.25	1.0818605820504112	1.686738517948423	24	-0.4056602046919948
NIPA1	NIPA1	0.000273426213308325	8184.0	0.39755913721253605	0.39755913721253605	0.0435291652656069	251.0	1.4081333783936012	0.08	0.34143233077954527	0.48740893390743834	25	0.11515342154899766
BNIP3	BNIP3	0.0407158069843876	8183.0	0.39748408889895603	0.39748408889895603	8.99289789497431e-07	7709.0	43.415568322631515	0.12	0.5708031948917999	0.747022686517273	25	-0.23201317593295914
OVOL3	OVOL3	0.343848493005718	8182.0	0.397481927589291	-0.397481927589291	0.0726223676798291	9909.0	55.80714205249521	0.041666666666666664	0.6016608454025544	0.490474297210725	24	-0.4162887208858998
AKIP1	AKIP1	0.00317273662296993	8181.0	0.39745700496830605	0.39745700496830605	2.3729985390232897e-05	2744.0	15.450039427734595	0.12	0.49122286312912267	0.7679202215624451	25	-0.12210364505057097
PRKD1	PRKD1	0.0451783100782265	8180.0	0.397450586025667	-0.397450586025667	0.01740909664489025	7519.0	42.345386955052376	0.125	0.752707983402272	1.1151983832286358	24	-0.31855982103210306
COMT	COMT	0.00324999514817033	8179.0	0.39744152718408793	-0.39744152718408793	0.0034666870491892	3632.0	20.45172918778867	0.08	0.4747740472389436	0.8201542469818742	25	-0.09429021472416368
CEP41	CEP41	0.000439255481747035	8178.0	0.397431736799757	0.397431736799757	5.54717551724821e-06	3872.0	21.803537231046526	0.08	0.4818302348088183	0.6121513919683058	25	-0.13787193677316842
LARP1B	LARP1B	0.0017353309123118099	8177.0	0.397429721759414	0.397429721759414	1.33231595390944e-06	6784.0	38.20547482257519	0.08	0.580690813068816	0.6612040531897087	25	-0.27716268589905607
MOAP1	MOAP1	2.0184757452837697e-05	8176.0	0.397342172377949	-0.397342172377949	0.004115328790673061	875.0	4.922834290864031	0.08	0.3265210494897231	0.4353249281987966	25	0.16268565914949062
AP2M1	AP2M1	0.00233229124035601	8175.0	0.39721249835037103	-0.39721249835037103	0.0161776969382654	232.0	1.3011152416356875	0.04	0.30079139764075125	0.357111441043571	25	0.27000283280718385
IGSF22	IGSF22	0.10026380476149799	8174.0	0.39717356416371596	0.39717356416371596	0.001824263846298645	8595.0	48.40599301565844	0.25	0.6335672144209977	0.828479772971037	24	-0.2853342446847473
STK4	STK4	0.0238666889234665	8173.0	0.39712006596925803	-0.39712006596925803	0.143372222463129	607.0	3.4133153092260895	0.04	0.2549375321683771	0.26525669324950824	25	0.5360186469154987
AMZ2	AMZ2	2.72355272326086e-11	8172.0	0.397031488249404	0.397031488249404	2.8665197170694002e-06	9108.0	51.29548270812211	0.08	0.8730524391132386	1.7139513159636366	25	-0.2777330641951174
MRPS18B	MRPS18B	0.0109148610322451	8171.0	0.39698476966045	0.39698476966045	3.6963973655742696e-09	6080.0	34.240171229018806	0.12	0.5427635036994437	0.5152554463362548	25	-0.28292516862375633
TIMM10	TIMM10	0.0231584182978778	8170.0	0.396961132356285	0.396961132356285	0.00863447173714954	3185.0	17.93398670722091	0.24	0.7511701721833519	0.9907872175175367	25	-0.3575026338294453
FTCD	FTCD	0.34867008122677307	8169.0	0.39677102605664	0.39677102605664	2.5797262721204103e-05	17359.0	97.76951672862452	0.6956521739130435	2.7040334035319304	2.0198561320763866	23	-1.142290453678725
CD81	CD81	0.000102358439031268	8168.0	0.39670203493949896	-0.39670203493949896	6.89501417120352e-06	9708.0	54.675002816266755	0.16	0.7149365732632821	0.7627397965624515	25	-0.4172255594345755
CEACAM21	CEACAM21	0.292885244671532	8167.0	0.396567063722549	-0.396567063722549	0.002311059722034395	12345.0	69.52799369156246	0.4583333333333333	1.5335704225182543	2.1549586707637425	24	-0.5276218863133639
OXSR1	OXSR1	0.000319445040930538	8166.0	0.396391576695005	-0.396391576695005	0.0138552654338957	1508.0	8.488228004956628	0.04	0.3013555384993804	0.2693892560086114	25	0.3527833277530068
EBLN3P	EBLN3P	0.0074741152425881	8165.0	0.39638946521121005	0.39638946521121005	6.7715530666007694e-06	7069.0	39.8107468739439	0.04	0.4324713467301766	0.32657387728045506	25	-0.11048612283210939
ZMYM6	ZMYM6	0.000271682887480529	8164.0	0.39630168969838203	0.39630168969838203	6.0197473466167e-05	8575.0	48.293342345386954	0.04	0.5043649799237833	0.37072430381611965	25	-0.29149232762198657
RABL6	RABL6	0.00045206696819158495	8163.0	0.396216092478437	-0.396216092478437	3.8980232155832204e-07	9637.0	54.27509293680297	0.24	0.8393231260856209	0.9825778919751978	25	-0.45096377317877695
EYS	EYS	0.000168759945456306	8162.0	0.396188079468682	0.396188079468682	1.2135851898272199e-05	7979.0	44.93635237129661	0.12	0.6538205550920256	0.7465253820269087	25	-0.34510879579718995
DIAPH3.AS1	DIAPH3.AS1	0.6795543943617719	8161.0	0.39617764881604106	0.39617764881604106	0.0791368186110462	7143.0	40.2275543539484	0.04	0.5709575123775077	0.657735684391014	25	-0.26572963533716776
C12orf40	C12orf40	0.3607353885276479	8160.0	0.395944747914142	0.395944747914142	0.003874804990295875	8920.0	50.23656640757012	0.20833333333333334	0.8163113394280738	0.9570668437528422	24	-0.4392238580385816
ZNF84	ZNF84	0.00111257039411646	8159.0	0.39592927178493703	0.39592927178493703	1.89157661137782e-05	3856.0	21.713416694829334	0.04	0.40192477107466024	0.43443773524668483	25	-0.013800595121689435
PARP10	PARP10	0.0350228594434888	8158.0	0.39591111799258893	0.39591111799258893	5.15587265309003e-06	8591.0	48.38346288160414	0.32	1.1025051854723271	1.686803846290927	25	-0.4188952195203083
ANKUB1	ANKUB1	0.0332437837497303	8157.0	0.395880411320758	-0.395880411320758	1.57995083643333e-05	5670.0	31.930832488453305	0.04	0.39555223473990947	0.3186787565011067	25	0.0010298037574004704
CCNG1	CCNG1	0.0309766160871844	8156.0	0.395810725021936	0.395810725021936	7.559592836080161e-06	4915.0	27.67826968570463	0.08	0.5091933732975675	0.5138362632409031	25	-0.22065910171558692
SLC39A9	SLC39A9	0.00930888525181451	8155.0	0.395808087554689	0.395808087554689	1.55728465511219e-07	8747.0	49.26213810972175	0.12	0.550590306465962	0.3759071416502576	25	-0.41175652644365474
ZMAT1	ZMAT1	0.19014085300362402	8154.0	0.395749285908844	0.395749285908844	0.009938069960716552	5144.0	28.96811986031317	0.16666666666666666	1.0045800291655576	1.9609791906862601	24	-0.3104728220209457
MSANTD2	MSANTD2	0.00239637947540015	8153.0	0.39571205139941995	0.39571205139941995	0.00214938549821781	2220.0	12.498591866621606	0.08	0.35342645144803925	0.41566567518300296	25	0.1017298335561719
NFKB1	NFKB1	0.00904757464503282	8152.0	0.39570633766114294	-0.39570633766114294	2.1357276477778957e-05	11896.0	66.99898614396756	0.3333333333333333	1.4786470738880482	2.407753204154534	24	-0.4497723165141306
RNASE6	RNASE6	0.040033171918077	8151.0	0.39567595591801	0.39567595591801	0.0004482650330906675	12707.0	71.5669708234764	0.4583333333333333	1.5832642155038512	2.2031068953363353	24	-0.5390515830619916
PTPN6	PTPN6	0.0264418295554353	8150.0	0.3955800512712321	-0.3955800512712321	0.01176821550033119	8608.0	48.47921595133491	0.125	0.6503029978404692	0.9734832061458079	24	-0.2616613671002403
PSMA1	PSMA1	4.44399240822394e-05	8149.0	0.395563433892568	0.395563433892568	1.72979180081847e-06	5763.0	32.45465810521572	0.08	0.5516203921225625	0.6070895414551302	25	-0.2570575632977342
GTPBP10	GTPBP10	0.0031150256553932	8148.0	0.39552061895095103	0.39552061895095103	3.3813132888118197e-06	10033.0	56.50557620817843	0.04	0.6439643982337832	0.45487840436855875	25	-0.5461762459963566
EFCAB1	EFCAB1	0.421447601113279	8147.0	0.39542595429803706	-0.39542595429803706	0.000435605291115743	14703.0	82.8095077165709	0.5	1.666204101525852	1.7093395907333067	24	-0.7434322320251477
PIGW	PIGW	0.043186874394544	8146.0	0.39532908979772796	0.39532908979772796	1.36236655182019e-06	6982.0	39.32071645826292	0.04	0.43063656990121785	0.36490832987953764	25	-0.0967571228509513
SGTA	SGTA	0.000659080401011582	8145.0	0.395037076104902	-0.395037076104902	3.75755282948994e-08	7878.0	44.36746648642559	0.08	0.5603559188543711	0.5251835577456413	25	-0.3147829750403893
NRF1	NRF1	1.73054847512861e-07	8144.0	0.395035135077305	-0.395035135077305	0.000389023505149301	1503.0	8.460065337388757	0.08	0.3757393850148992	0.4494900701278772	25	0.04292808972824757
KLRG1	KLRG1	0.294681586466586	8143.0	0.39503315886542	-0.39503315886542	0.05634879611308715	5630.0	31.70553114791033	0.16666666666666666	0.7367498998100301	1.203736768494999	24	-0.28387995605704536
GIMAP2	GIMAP2	0.0819489958891386	8142.0	0.395029171142674	-0.395029171142674	0.0358763863933918	8210.0	46.23746761293229	0.25	1.341664135708701	2.0737731932674106	24	-0.4564795068425593
SH2D1A	SH2D1A	0.418777652116753	8141.0	0.39499935318823204	-0.39499935318823204	0.0006663655869311145	14915.0	84.00360482144868	0.5833333333333334	1.831457035739643	2.412241599487727	24	-0.5954866555889189
STXBP1	STXBP1	0.0044922709331022	8140.0	0.394917196828702	-0.394917196828702	2.79493776303045e-06	9237.0	52.02207953137321	0.16	0.5616484893474553	0.4104604320089909	25	-0.40620551828270035
NAT9	NAT9	0.0062198979298685	8139.0	0.39490814571756294	0.39490814571756294	0.0019937257290972	2197.0	12.369043595809394	0.04	0.334322521044027	0.3529337208612307	25	0.17166289615425412
PREPL	PREPL	0.00137056720323501	8138.0	0.39489514003893	0.39489514003893	0.00016160744811149	7939.0	44.71105103075363	0.04	0.4564311570702629	0.45678596802209304	25	-0.13471520873941692
TSPYL1	TSPYL1	0.00011452712529865701	8137.0	0.394887209336383	-0.394887209336383	0.000309121944502502	5085.0	28.635800383012278	0.12	0.5097155777643845	0.548064737082564	25	-0.20951606746175863
FAM114A1	FAM114A1	0.00140194597422384	8136.0	0.39482409234295	0.39482409234295	4.00887184295856e-08	11643.0	65.57395516503323	0.36	0.9663789502369744	0.9703000219826301	25	-0.5890496186181228
HERPUD2	HERPUD2	2.93930368802273e-05	8135.0	0.39480055137705794	-0.39480055137705794	5.45648734911202e-06	6629.0	37.33243212797116	0.04	0.43428483717563354	0.3836290754554456	25	-0.10292307941388368
ATF5	ATF5	0.10730965480184698	8134.0	0.394722488220342	0.394722488220342	7.44163997111681e-05	9711.0	54.69190041680748	0.28	0.9162960618322218	1.2490645491915326	25	-0.4175713528572023
LINC01126	LINC01126	0.12100646879274499	8133.0	0.3945839083542079	0.3945839083542079	0.0002374026175249215	9423.0	53.06973076489805	0.25	0.9599867097751175	1.374218307627606	24	-0.4114359401869691
MTHFD1	MTHFD1	0.00261449060231655	8132.0	0.39448873278603597	0.39448873278603597	5.35541903467471e-05	3940.0	22.186549509969584	0.0	0.3333737565549708	0.2590269752750316	25	0.23594058559412215
FBXO44	FBXO44	0.13764592674145001	8131.0	0.39446794429731197	0.39446794429731197	5.757142064418319e-08	14969.0	84.3077616311817	0.625	1.6031324885854197	1.8789036942684938	24	-0.6432817967068143
EIF2AK2	EIF2AK2	0.0189031281665961	8130.0	0.39435518861171404	0.39435518861171404	0.00547816934076898	193.0	1.0814464346062858	0.2	0.7085324497041019	1.1995230241517647	25	-0.2619184915725618
RRP36	RRP36	0.00210492561212736	8129.0	0.39432689528632797	0.39432689528632797	0.0008111523620239731	502.0	2.821899290300777	0.16	0.4526733975933797	0.6230030524597585	25	-0.09365363793433501
KCNJ12	KCNJ12	0.5405786967565109	8128.0	0.394300661310379	-0.394300661310379	6.141254931988165e-08	13362.0	75.25628027486763	0.375	1.2189918464146883	1.4237096776115399	24	-0.5792551656232591
NT5C3A	NT5C3A	0.00422579749656629	8127.0	0.394234022528437	0.394234022528437	6.00317792434686e-08	9357.0	52.69798355300214	0.2	0.6823985019206356	0.5324202730537138	25	-0.5412349866758864
NF2	NF2	0.00106168189143951	8126.0	0.394221283344371	-0.394221283344371	0.000783293280000417	2926.0	16.475160527205137	0.08	0.42437325845433466	0.5852830324737737	25	-0.05151691307797266
ESM1	ESM1	0.474169760833309	8125.0	0.394214020134674	-0.394214020134674	0.000883535789282924	14692.0	82.74754984792159	0.5416666666666666	1.871866939433997	2.113487226682597	24	-0.699153938876034
RBM27	RBM27	0.00046556402194920896	8124.0	0.394136745899707	0.394136745899707	0.0106919142833336	3212.0	18.086065112087418	0.08	0.3912451717676385	0.4453731105574508	25	0.006492475777105715
TGIF1	TGIF1	0.012585961799337	8123.0	0.394132305457318	-0.394132305457318	2.43260133362523e-05	5994.0	33.75577334685141	0.08	0.4706937068951483	0.47750194562713205	25	-0.16033736016986821
BRIX1	BRIX1	0.0069648826679854295	8122.0	0.39403685565998203	0.39403685565998203	6.420072726032411e-07	7466.0	42.04686267883294	0.08	0.5428748584505	0.6534242652697819	25	-0.22778156658915413
GPR84	GPR84	0.44197384027681996	8121.0	0.39400458052896	0.39400458052896	0.07370182800196956	11345.0	63.895460177988056	0.2916666666666667	1.7010217933413274	2.2091127127809864	24	-0.5916480427868265
TTC28.AS1	TTC28.AS1	0.000432351383380147	8120.0	0.39398533886231696	-0.39398533886231696	4.39127368425012e-06	4481.0	25.23375014081334	0.04	0.3824766931027765	0.3672914661708216	25	0.03133382291596173
ZNHIT2	ZNHIT2	4.824857497515371e-05	8119.0	0.3939797105926579	0.3939797105926579	5.40876143358979e-05	10978.0	61.82832037850625	0.16	0.7289971835099847	0.7100977686427792	25	-0.47179062899697716
COX11	COX11	5.24069224708161e-06	8118.0	0.393974165968462	0.393974165968462	1.31331879075854e-06	6500.0	36.60583530472006	0.08	0.5025762167503214	0.5424205402804865	25	-0.2002174377941165
TMEM160	TMEM160	0.0355830996509175	8117.0	0.393911829618058	-0.393911829618058	6.51421129753954e-09	11836.0	66.66103413315308	0.4	1.193772834352951	1.1677443788561064	25	-0.6849624106248469
RSBN1L	RSBN1L	0.008680093920499909	8116.0	0.39390383821308	0.39390383821308	7.825141336640649e-06	7738.0	43.578911794525176	0.12	0.6055551628550879	0.5716429653487062	25	-0.370250903923744
RENBP	RENBP	0.105890522790886	8115.0	0.393816720096176	-0.393816720096176	2.7442310476998296e-06	12727.0	71.67962149374789	0.4583333333333333	1.2063431292984759	1.1772962768743667	24	-0.6901630669889627
ZFAND1	ZFAND1	0.00796930666946382	8114.0	0.39374884773315794	0.39374884773315794	3.1681134889865103e-13	12997.0	73.20040554241297	0.32	0.8494851097809044	0.4307605543439002	25	-1.0579804892810747
EXOC6	EXOC6	1.0775583464716401e-05	8113.0	0.39360075188792204	-0.39360075188792204	7.148897307572429e-05	8906.0	50.15771093838008	0.16	0.6347178791928837	0.5447621327409476	25	-0.44260992608240046
PCBP1	PCBP1	0.00043963852103408	8112.0	0.39359020482419	-0.39359020482419	1.4288650570883402e-05	6280.0	35.36667793173369	0.2	0.5990788438328968	0.6335880243443822	25	-0.3243253204183274
GSAP	GSAP	0.0027232914675127	8111.0	0.393585892323539	-0.393585892323539	2.5050194231750754e-08	11807.0	66.49769066125943	0.20833333333333334	1.032365016632787	1.1469859312430692	24	-0.5569197554297445
SHANK2.AS3	SHANK2.AS3	0.4155348365835129	8110.0	0.3935675008270329	0.3935675008270329	0.046631325040442845	11595.0	65.30359355638166	0.375	1.1320100699270697	0.9683902066510496	24	-0.7625465065923861
ADAM17	ADAM17	0.000141467835774921	8109.0	0.39353687433556495	-0.39353687433556495	5.58168085333424e-06	6662.0	37.518305733919114	0.08	0.5336172391939507	0.5148902289013766	25	-0.2720586971659489
SYVN1	SYVN1	0.000815424551378669	8108.0	0.39351008003566207	0.39351008003566207	0.0178832846632675	2018.0	11.360820096879575	0.04	0.3431479421574977	0.40969779380876187	25	0.122925089271221
NFE2	NFE2	0.249818370514513	8107.0	0.39348236223415894	-0.39348236223415894	0.0001420860787338425	14712.0	82.86020051819308	0.5833333333333334	1.2988039117358239	1.2394338008070998	24	-0.7304315477858792
YIPF6	YIPF6	0.059786568028212	8106.0	0.39346767079392997	0.39346767079392997	2.4663289654549605e-07	8865.0	49.92677706432353	0.04	0.5316635131777888	0.520230438225845	25	-0.26564351531438957
SAXO2	SAXO2	0.370469165935065	8105.0	0.393412229475223	-0.393412229475223	1.616125126887635e-08	13157.0	74.10161090458487	0.2916666666666667	0.8533299879371653	0.43529325448105677	24	-1.0565699186178341
DBIL5P2	DBIL5P2	0.6935651253789151	8104.0	0.39337855781282594	0.39337855781282594	0.03165920451916	12258.0	69.03796327588148	0.4166666666666667	1.1380126422214973	1.2211577403616398	24	-0.6097771481906602
FAM200A	FAM200A	0.000410286443681699	8103.0	0.39334558672706105	0.39334558672706105	0.00102274084502257	3123.0	17.584769629379295	0.12	0.47400753274330976	0.6498820387101218	25	-0.12411782633098398
AHR	AHR	0.0799958408506914	8102.0	0.39330728118365704	0.39330728118365704	2.0900113853406896e-05	10057.0	56.64075701250422	0.16	0.6638202574435025	0.5812739374218042	25	-0.4653795032677448
NGFR	NGFR	0.426218459842716	8101.0	0.39323244773978	0.39323244773978	3.794083723757255e-10	16891.0	95.13349104427171	0.6666666666666666	2.3090597972128415	1.9091598374126983	24	-1.0034923802238576
FAM200B	FAM200B	0.0300365229874814	8100.0	0.393206292142292	0.393206292142292	8.80355629077336e-06	8095.0	45.58972625887124	0.08	0.5408741164478827	0.48460080961083585	25	-0.3047205480819915
SMIM2.AS1	SMIM2.AS1	0.45661567698875005	8099.0	0.39317249387270703	0.39317249387270703	0.001107115453293871	11381.0	64.09823138447673	0.25	0.8417021812127917	0.6547811309340223	24	-0.6850070445681182
PSMB8.AS1	PSMB8.AS1	0.0990297070415593	8098.0	0.393158988337574	-0.393158988337574	0.084190823076702	3372.0	18.987270474259322	0.08	0.5936733599080756	1.061629599444642	25	-0.18887413432650552
MTMR9	MTMR9	0.0009735415192844689	8097.0	0.393154023147825	-0.393154023147825	0.0162878760791492	2487.0	14.002478314745971	0.04	0.377533855598033	0.6305718074688565	25	0.02477143342721277
SYNC	SYNC	0.0411273423559682	8096.0	0.39313505335861293	-0.39313505335861293	0.00046664222019768	4428.0	24.935225864593896	0.08	0.4897683534494912	0.5736714653449886	25	-0.16844710941438573
SLC45A3	SLC45A3	0.18578749770214398	8095.0	0.39289570771522403	0.39289570771522403	0.0005420897121672633	11076.0	62.38030866283654	0.3333333333333333	1.2433164603063702	1.8087368884991275	24	-0.4701738312512757
CISH	CISH	0.0837580725502489	8094.0	0.39279846639673405	-0.39279846639673405	0.04319069536249159	6593.0	37.12966092148248	0.08333333333333333	0.44234542878296357	0.4771689912764381	24	-0.1038352518542545
STX18.AS1	STX18.AS1	0.00983983348207609	8093.0	0.39270961647284097	0.39270961647284097	2.1310976356375798e-05	4888.0	27.52619128083812	0.08	0.5242230585587506	0.6744637106536273	25	-0.19498964882552255
LMLN	LMLN	0.0129596196550306	8092.0	0.392651605294105	0.392651605294105	1.6238109539359e-08	9485.0	53.41894784273966	0.04	0.5224889950854178	0.32592053899052953	25	-0.39837130299752477
USP22	USP22	0.000281370199072455	8091.0	0.39263173682329705	-0.39263173682329705	0.000133752734086075	4002.0	22.5357665878112	0.12	0.4172924857192447	0.42996276427806973	25	-0.057355545514166474
TNFRSF14	TNFRSF14	0.0729291453573906	8090.0	0.3925713756575271	-0.3925713756575271	2.6302927240821397e-05	12551.0	70.68829559535878	0.2916666666666667	1.1124820707374254	1.5472146387715524	24	-0.4652946508129528
BECN1	BECN1	0.00041411166503922404	8089.0	0.39256047621052104	0.39256047621052104	0.000138151866165376	6616.0	37.25920919229469	0.12	0.47593281439059854	0.44046288083581847	25	-0.18928346021319864
SSH1	SSH1	0.0050659239274267	8088.0	0.39252786801323397	-0.39252786801323397	0.0006013402003542309	1216.0	6.843528218992903	0.12	0.3893990302860586	0.38208662169410434	25	0.00818881779556337
REST	REST	0.00611615591248055	8087.0	0.39250190356900605	0.39250190356900605	0.00188877216829427	4300.0	24.21426157485637	0.08	0.4945683672772257	0.6018289229683238	25	-0.1695938161376663
LSM11	LSM11	0.00638640873329207	8086.0	0.39244561737696604	0.39244561737696604	0.0705267335618691	104.0	0.5801509518981638	0.04	0.30163065800310634	0.5959285289700422	25	0.15239236747201446
S100A16	S100A16	0.00011830674224499199	8085.0	0.39244538535581003	0.39244538535581003	0.002875511157449009	9511.0	53.56539371409259	0.2916666666666667	0.8027893527525732	0.9739612402868615	24	-0.4213144737422039
EXTL2	EXTL2	0.0178111197005473	8084.0	0.39243072333271706	-0.39243072333271706	0.00568743714675634	2992.0	16.84690773910105	0.08	0.4731569506631513	0.6063453890346312	25	-0.1331357156998576
GUK1	GUK1	0.00249714871648419	8083.0	0.392380090324082	-0.392380090324082	0.00530557543741768	1528.0	8.600878675228117	0.08	0.45336622879662847	0.6933311830007611	25	-0.08796104944911949
NDUFAF8	NDUFAF8	0.000815424551378669	8082.0	0.392357400030481	0.392357400030481	1.15017106210755e-05	7615.0	42.88611017235552	0.16	0.645656650991942	0.7140144306781663	25	-0.354753685749571
PCDHA5	PCDHA5	0.28993225750976	8081.0	0.3921251034527539	0.3921251034527539	0.040272432144130295	4535.0	25.537906950546358	0.125	0.52277879208296	0.6645051095147668	24	-0.1966180346237091
SH3BGRL2	SH3BGRL2	0.156397516532156	8080.0	0.392042748936287	0.392042748936287	0.000395636421841908	8359.0	47.07671510645488	0.24	0.9742206946724131	1.320625778715042	25	-0.44083490957035576
NEMF	NEMF	0.000205424884597335	8079.0	0.39200000317559996	0.39200000317559996	6.03882393695729e-06	9926.0	55.90289512222597	0.12	0.5981843402529303	0.43034298363049084	25	-0.47911629774442477
GMIP	GMIP	0.11102093600910301	8078.0	0.391989869294852	-0.391989869294852	1.76267326122159e-08	10676.0	60.12729525740678	0.32	0.8346601634172751	0.8742867142629268	25	-0.5063216527264962
ABHD12	ABHD12	0.0158176092646586	8077.0	0.391937803700132	0.391937803700132	0.00347359713457638	492.0	2.765573955165033	0.08	0.4529116447373396	0.7863248575119932	25	-0.07754281255985553
CCDC78	CCDC78	0.293750967829325	8076.0	0.391920155974146	-0.391920155974146	0.0001615657788977515	9303.0	52.393826743269116	0.25	0.8827671124142434	1.415496013822394	24	-0.3467667528887053
FAM214B	FAM214B	0.0018803191104790802	8075.0	0.39175344847271004	-0.39175344847271004	0.000496132603891393	3286.0	18.502872592091922	0.08	0.37574232853435574	0.4561070028742896	25	0.03510386781491102
MBTD1	MBTD1	0.00420552498990401	8074.0	0.39146545671846894	0.39146545671846894	0.00807099755116732	2407.0	13.55187563366002	0.04	0.3152889525346102	0.3395862775728873	25	0.22432150300157094
GATAD2A	GATAD2A	0.0009129695036716439	8073.0	0.391419527840745	-0.391419527840745	1.75398023098469e-07	10041.0	56.55063647628703	0.12	0.6667552760890583	0.6606127860617048	25	-0.41678840321839516
AASS	AASS	0.0449266682822037	8072.0	0.391386669526475	-0.391386669526475	2.7155882794101497e-06	11396.0	64.18271938718036	0.375	1.0448381212734679	1.0366265155503742	24	-0.6303634355716409
TUBA8	TUBA8	0.0624537357590859	8071.0	0.39119967473113104	-0.39119967473113104	9.72168316912049e-10	13306.0	74.94085839810747	0.28	0.9857591387669871	0.8694987945806146	25	-0.6837956162120155
SMC4	SMC4	0.121621988001703	8070.0	0.391178148718485	0.391178148718485	0.0147866578130143	5680.0	31.98715782358905	0.04	0.49935936848103984	0.6716893864187028	25	-0.16105840281227735
C5orf22	C5orf22	0.00043564435421167204	8069.0	0.391090907811707	0.391090907811707	1.31648489235259e-08	11754.0	66.19916638503999	0.2	0.733571541211678	0.5276916571902974	25	-0.649016577642168
PUSL1	PUSL1	0.0679026152685622	8068.0	0.390873108926384	0.390873108926384	0.0251778896064403	86.0	0.4787653486538245	0.08	0.4077718306231851	0.6068890152055553	25	-0.027844830394693286
KRBA2	KRBA2	0.0170446328296391	8067.0	0.390840054889725	0.390840054889725	0.000103200995848293	11514.0	64.84735834178213	0.25	1.093720275697849	1.6781240986785304	24	-0.41884877367628526
ERICH3.AS1	ERICH3.AS1	0.538605992595637	8066.0	0.39056613415678293	-0.39056613415678293	0.00129253449873299	13875.0	78.1457699673313	0.43478260869565216	1.1340415067775513	1.0775823543870464	23	-0.6899476124436672
EPB41L4B	EPB41L4B	0.043186874394544	8065.0	0.390522351486903	0.390522351486903	0.0049128384675417	7880.0	44.37873155345274	0.16	0.7154004278683008	0.7960421300816897	25	-0.40811668642218585
UVSSA	UVSSA	0.0016239365161208	8064.0	0.390520067886025	0.390520067886025	8.38203724559698e-05	2255.0	12.69573053959671	0.08	0.4061785153351473	0.40880159927613646	25	-0.03830329303224027
SPTLC3	SPTLC3	0.198621765883235	8063.0	0.39039397904717604	0.39039397904717604	1.24086400041256e-05	9499.0	53.4978033119297	0.20833333333333334	0.7867653026375359	0.9637663867064704	24	-0.4112732390936567
CCR4	CCR4	0.373114762260184	8062.0	0.39033365013966603	-0.39033365013966603	0.00106932059856357	12535.0	70.5981750591416	0.4583333333333333	1.7580499729634147	2.233569746745709	24	-0.6123454728989319
KBTBD2	KBTBD2	0.000174575570584009	8061.0	0.390241552384876	-0.390241552384876	0.00404431393856073	3137.0	17.663625098569337	0.12	0.4577659852190327	0.5634017467083327	25	-0.11985130189721159
PDGFRA	PDGFRA	0.15378028942750901	8060.0	0.390197037074776	-0.390197037074776	0.000452688244506542	11859.0	66.7905824039653	0.3333333333333333	1.5229668821398021	1.9394115994831764	24	-0.5840791327467011
ATP6AP1L	ATP6AP1L	0.123102879390734	8059.0	0.390114529481515	0.390114529481515	8.0899734154476e-06	6488.0	36.53824490255717	0.20833333333333334	0.6570949460656089	0.7580893268047171	24	-0.35217540617461796
SCNN1A	SCNN1A	0.189953143044473	8058.0	0.39004947390394895	0.39004947390394895	0.0026716109196278153	12388.0	69.77019263264616	0.4166666666666667	1.1363341517290946	1.2595453840850894	24	-0.5925032057238915
GGH	GGH	0.15440047943780302	8057.0	0.389944971979258	0.389944971979258	5.7167284274563e-07	8636.0	48.63692688971499	0.04	0.5259074053356481	0.4425314436550359	25	-0.30723790434737136
IDI2	IDI2	0.0454546558847894	8056.0	0.38992142125818896	-0.38992142125818896	0.0148319708062137	1098.0	6.178889264391123	0.0	0.2502372446123297	0.17491769903204124	25	0.7985708560016677
CDC42BPB	CDC42BPB	0.0617721735487267	8055.0	0.38990856484984493	-0.38990856484984493	0.0005022913139351731	4578.0	25.780105891630054	0.12	0.46713254942293503	0.4297182628139747	25	-0.17970840724198034
MTHFD2L	MTHFD2L	0.135876177339851	8054.0	0.38989222993253	0.38989222993253	2.17696507544397e-06	8140.0	45.843190266982084	0.08	0.516193965315199	0.37776156386236887	25	-0.33434247277916546
MMP27	MMP27	0.8385053017184109	8053.0	0.38987953702162104	0.38987953702162104	0.00100548948032307	16050.0	90.39653035935564	0.6086956521739131	2.030733123409069	1.642947306847492	23	-0.9987256313995476
GOT1	GOT1	0.0285934656767257	8052.0	0.389796334136699	0.389796334136699	2.91675707355101e-06	4037.0	22.732905260786303	0.12	0.49137461457258635	0.5999943940213914	25	-0.1692987158681116
MSC.AS1	MSC.AS1	0.31469848332775	8051.0	0.38979354498538704	0.38979354498538704	0.010560567992840945	9713.0	54.703165483834624	0.20833333333333334	1.133464094185537	1.9834091957404727	24	-0.37494559912157355
EFCAB7	EFCAB7	0.00912471663059646	8050.0	0.389689082764005	0.389689082764005	6.873345775672209e-07	9914.0	55.83530472006308	0.12	0.6639028336044265	0.5576282215310389	25	-0.4917501307368069
USP53	USP53	0.00407861302079674	8049.0	0.389569884381924	-0.389569884381924	0.0214569720432874	8849.0	49.83665652810634	0.25	0.9259873757256281	1.293253654187395	24	-0.414781345953944
DNAJB11	DNAJB11	0.00528374919909714	8048.0	0.38954104844013104	0.38954104844013104	2.39283948281287e-06	9073.0	51.09834403514701	0.08	0.5185878887671498	0.3663827891452674	25	-0.3522186198431195
SNAI3	SNAI3	0.0919394868379135	8047.0	0.38942843993265003	-0.38942843993265003	7.751195534059276e-12	13839.0	77.94299876084263	0.4583333333333333	1.0881480892163813	1.092788403080727	24	-0.6393915302486195
GRB10	GRB10	0.0633306073272261	8046.0	0.389402293444481	-0.389402293444481	0.00264638053328884	3920.0	22.073898839698096	0.08	0.45298367363995246	0.7177080418967708	25	-0.08858947717436397
ATG101	ATG101	0.00680365782193643	8045.0	0.389384806436497	-0.389384806436497	0.00150338170124963	3249.0	18.294468852089672	0.08	0.4171507862333241	0.5581143364701873	25	-0.049749626523543485
CD2BP2	CD2BP2	0.00313922436978676	8044.0	0.38929830684019795	0.38929830684019795	0.0017454902648401	170.0	0.9518981637940745	0.04	0.32587709520520397	0.5172181535020856	25	0.12261984852149674
LINC01558	LINC01558	0.25255541879897503	8043.0	0.389220464075334	-0.389220464075334	0.002351529273596755	10671.0	60.0991325898389	0.20833333333333334	1.0157273457582707	1.2365677343274772	24	-0.5066498698703878
CCDC159	CCDC159	0.00237733775699245	8042.0	0.38918927714804796	0.38918927714804796	0.0152497341265472	5340.0	30.07209642897375	0.08	0.45957928826968714	0.6541392082778138	25	-0.10760708153690803
TWNK	TWNK	0.0450207011044724	8041.0	0.389183354864989	0.389183354864989	3.37418144688578e-06	1953.0	10.994705418497238	0.16	0.48607169446219656	0.5676806080005576	25	-0.17067403436319667
MKRN1	MKRN1	1.0587584733969301e-07	8040.0	0.389154824714462	0.389154824714462	6.754860932091059e-05	1406.0	7.91370958657204	0.12	0.46737261652668066	0.6519161373863226	25	-0.11998137080301656
ABCA7	ABCA7	0.0334916619000784	8039.0	0.38913268065689793	0.38913268065689793	1.17599220512855e-06	9899.0	55.75081671735946	0.24	0.8104687248484006	1.128539378306147	25	-0.37334633801072714
NDE1	NDE1	0.028205063540027	8038.0	0.389035519638959	-0.389035519638959	5.4058944281899e-08	9745.0	54.88340655626901	0.16	0.8970397890578639	1.122530971678996	25	-0.45255256401439947
LRRC8D	LRRC8D	1.31636143196737e-05	8037.0	0.389018009896689	0.389018009896689	3.8096620711559e-07	9099.0	51.24478990649994	0.08	0.53812153104587	0.4029185011147604	25	-0.3700587606095381
WDR45B	WDR45B	0.0132925122331693	8036.0	0.38892698161034	0.38892698161034	0.0164034706328571	266.0	1.4926213810972173	0.08	0.38824729089485194	0.462822867119378	25	0.0014685763469693743
PLCXD2	PLCXD2	0.273371543915858	8035.0	0.388881788547685	-0.388881788547685	5.3298863098666895e-05	4365.0	24.580376253238708	0.08333333333333333	0.6276720876140379	1.2831630739913837	24	-0.18609505206814916
APOL1	APOL1	0.0129284804678159	8034.0	0.388830604665264	-0.388830604665264	0.02638530775922284	11139.0	62.735158274191726	0.3333333333333333	0.9203200068140567	1.1484900888528407	24	-0.46277230191830937
FBXL14	FBXL14	0.0205816774424123	8033.0	0.38882277692844003	-0.38882277692844003	3.76940589551345e-08	12669.0	71.35293454996057	0.32	0.8009610042469211	0.5476409063592297	25	-0.7525702016279542
TAF1	TAF1	1.6188427701922698e-05	8032.0	0.388810439566702	0.388810439566702	0.0384892891201592	702.0	3.9484059930156583	0.04	0.27708486758128614	0.35107929248185443	25	0.31823458226659845
RASSF7	RASSF7	0.146812648762876	8031.0	0.38880579716488706	0.38880579716488706	0.0364760968251455	4390.0	24.721189591078065	0.08	0.4561703604760018	0.586775118366528	25	-0.11480473728784728
CFAP73	CFAP73	0.12102786449250301	8030.0	0.388729944526552	-0.388729944526552	1.87322043949057e-06	8212.0	46.24873267995944	0.12	0.5759278720216706	0.6353587364846962	25	-0.29463343579856105
HLA.J	HLA.J	0.22193724022756897	8029.0	0.388665956655629	-0.388665956655629	0.0131587615572396	5297.0	29.829897487890054	0.04	0.5208102535048731	0.8555443855734871	25	-0.15445638949598783
FRMD1	FRMD1	0.6631184597662939	8028.0	0.388616258484816	0.388616258484816	2.9983004667559754e-08	16089.0	90.61619916638503	0.75	1.636094190803341	0.9835564329638252	24	-1.2683338652561147
ESCO1	ESCO1	0.000986429636362886	8027.0	0.38861274097620896	0.38861274097620896	8.76282381885837e-05	8495.0	47.842739664301	0.08	0.5093062488231024	0.47409966934526315	25	-0.25457412365119864
ANXA4	ANXA4	0.08982733446665199	8026.0	0.388551018838841	0.388551018838841	1.22317272667266e-08	11029.0	62.11557958769854	0.12	0.6897875199182978	0.5275625054352181	25	-0.5709967974902778
CYP2U1	CYP2U1	8.94317657731645e-07	8025.0	0.388503834216191	-0.388503834216191	0.00385335710439612	335.0	1.8812661935338513	0.08	0.707422242793604	1.604344648365804	25	-0.19878422563522458
TWF2	TWF2	0.0116711225463443	8024.0	0.38845559737811697	-0.38845559737811697	0.00289307402320358	2519.0	14.182719387180352	0.04	0.3442265093504976	0.322112960101161	25	0.1373092470844049
PLK5	PLK5	0.6874222681078221	8023.0	0.3884103912243161	-0.3884103912243161	0.0006713454485488665	15627.0	88.01396868311366	0.5416666666666666	1.5128340906055866	1.1571734983467787	24	-0.9716984540241398
TRMO	TRMO	0.009611885317020041	8022.0	0.388364321360389	-0.388364321360389	9.05245907763066e-05	7749.0	43.64086966317449	0.04	0.4105344704061341	0.3049341915860258	25	-0.07270470041563254
RAP1B	RAP1B	0.000309779046997899	8021.0	0.388361546736004	-0.388361546736004	0.00973366219476941	2073.0	11.670609440126167	0.08	0.4283340642334075	0.5613950864074174	25	-0.07120211499035906
MFHAS1	MFHAS1	0.0366235313133189	8020.0	0.38833378645402505	-0.38833378645402505	5.373470915697371e-05	5459.0	30.74236791708911	0.12	0.5071194198588426	0.5010027604621706	25	-0.23709576628926918
STAB1	STAB1	0.18309183431852602	8019.0	0.388321673835115	-0.388321673835115	6.04750423567611e-08	14776.0	83.22068266306184	0.5833333333333334	1.4663210976416654	1.3144591217779262	24	-0.8201087473518823
SGSM1	SGSM1	0.139822775664105	8018.0	0.388190501061493	-0.388190501061493	0.0358492149806699	5140.0	28.94558972625887	0.16	0.8394593455251226	1.4561326104589034	25	-0.30990916707882205
NDUFA11	NDUFA11	0.00313687916142614	8017.0	0.38813466052898793	-0.38813466052898793	0.0828394370397105	141.0	0.7885546919004168	0.04	0.3510296431405939	0.5396703648933808	25	0.06875496562744296
AIP	AIP	0.0276342584973992	8016.0	0.387953085231409	-0.387953085231409	0.0753489194624598	65.0	0.36048214486876196	0.0	0.18720236936502835	0.1759656971611311	25	1.1408514222096025
NFIA	NFIA	0.0429255330349016	8015.0	0.38782984948256605	-0.38782984948256605	0.00108761349061147	8789.0	49.49870451729188	0.2	0.8691755642015759	1.4075095927239405	25	-0.3419839674324819
ALDH1A2	ALDH1A2	0.200967201245644	8014.0	0.38777101633180394	-0.38777101633180394	2.140951183332301e-06	13659.0	76.92914272839923	0.5	1.3287615973831735	1.454452100509589	24	-0.6469725477529851
ACVR1	ACVR1	5.34386295309439e-06	8013.0	0.38775819526614097	0.38775819526614097	0.0291607646560934	2949.0	16.60470879801735	0.04	0.3759003204044689	0.4003110786768529	25	0.029621650494575016
CDC42BPA	CDC42BPA	0.0808030263910245	8012.0	0.38751777694359	0.38751777694359	0.000771932097252245	8676.0	48.86222823025797	0.04	0.49095955336827685	0.2930531190326089	25	-0.3529796125909056
ZNF257	ZNF257	0.415609847491405	8011.0	0.38747145812176703	0.38747145812176703	0.0526920560505645	4980.0	28.044384364086966	0.25	0.6061528144616484	0.66079715463973	24	-0.33093568094903125
BTF3	BTF3	0.0137291475262879	8010.0	0.387464837579021	0.387464837579021	6.144087860075429e-05	4655.0	26.213810972175285	0.08	0.41233205577783605	0.394419008465528	25	-0.06304771744029275
PSMC4	PSMC4	0.0078027561828806205	8009.0	0.38738836315680497	0.38738836315680497	1.7939778705170502e-06	7290.0	41.05553678044384	0.12	0.6261467331932975	0.7977152727454465	25	-0.29930274396624357
L3MBTL4	L3MBTL4	0.0170561420882073	8008.0	0.38733505943385704	-0.38733505943385704	0.00038021594143482803	4893.0	27.554353948405993	0.20833333333333334	1.0724576187750638	1.8327348832789048	24	-0.3738252409510913
TBC1D17	TBC1D17	0.0151324415806757	8007.0	0.387326409340127	-0.387326409340127	6.65802684264848e-06	9035.0	50.88430776163118	0.08	0.5183417726280173	0.3738897519186789	25	-0.350411752704006
NAV3	NAV3	0.236509724215622	8006.0	0.38725372411608294	-0.38725372411608294	0.002301271912357555	9351.0	52.66418835192069	0.375	1.1444103647664219	1.795038019525645	24	-0.4218053503125379
TDG	TDG	0.017010015107447	8005.0	0.387209300911484	0.387209300911484	3.3141580307069704e-05	7642.0	43.03818857722203	0.08	0.56348636503647	0.6574243826529844	25	-0.2681328359219562
SLFN11	SLFN11	0.00809328480501288	8004.0	0.3871333345287179	-0.3871333345287179	0.0377920616650765	3401.0	19.15061394615298	0.16	0.9117253474813551	1.8734689121405597	25	-0.28001105839181334
GTF3C1	GTF3C1	0.000502879554089067	8003.0	0.387080609823509	0.387080609823509	4.04974308136807e-05	6298.0	35.46806353497803	0.12	0.44228913893698796	0.3696659713025101	25	-0.14934706843303128
RAPGEFL1	RAPGEFL1	0.36108306381895	8002.0	0.38700137947046004	0.38700137947046004	0.0111922899062513	7924.0	44.626563028050015	0.08	0.7660648250082828	1.0863186708102066	25	-0.3489431377029603
ADAMTS3	ADAMTS3	0.138763189963942	8001.0	0.38688227586581697	-0.38688227586581697	0.007789964645284224	6732.0	37.91258307986932	0.2916666666666667	0.8281449079497553	1.1218806835011332	24	-0.3933240304190446
ZCCHC18	ZCCHC18	0.115143295120604	8000.0	0.38686884468743304	0.38686884468743304	4.023537482910963e-06	11773.0	66.3061845217979	0.375	1.162621408206092	1.4565907275435137	24	-0.5325810118446496
CALML6	CALML6	0.33587250634519106	7999.0	0.38685874768774203	0.38685874768774203	1.7386006677340453e-06	14369.0	80.92824152303706	0.5416666666666666	1.4327602841947937	1.3893958821340542	24	-0.7527743172094267
DNAJB12	DNAJB12	0.00190211085791534	7998.0	0.38681448942874797	-0.38681448942874797	0.000175512987087132	4133.0	23.273628478089446	0.08	0.3617578836327908	0.3619281442574802	25	0.06923088517297389
B4GALT2	B4GALT2	0.0273065464332648	7997.0	0.38667142355430106	0.38667142355430106	2.0191955558177503e-06	8138.0	45.83192519995494	0.12	0.8720263852833082	1.2406144585003647	25	-0.391221429351788
SLAMF7	SLAMF7	0.488230073125038	7996.0	0.38662105027799204	0.38662105027799204	0.0012686670858188195	13949.0	78.56257744733581	0.5	1.9438595997100154	2.408627007520692	24	-0.6465254041284536
CCDC71L	CCDC71L	0.101810588910996	7995.0	0.386497572854726	-0.386497572854726	0.00359391530887964	3804.0	21.420524952123465	0.12	0.6563689959884748	1.3322624661363853	25	-0.20256625852140583
UBE2O	UBE2O	0.00045623051906387805	7994.0	0.386405277847379	0.386405277847379	0.000155806708818084	4430.0	24.946490931621042	0.08	0.4216503482682926	0.3600630500211395	25	-0.09788582977021489
NRAV	NRAV	0.0773536487144013	7993.0	0.38632044677363003	0.38632044677363003	3.0816843483461396e-11	12666.0	71.33603694941985	0.32	0.7198659284422504	0.5166220250655555	25	-0.645627684236451
ZFHX2	ZFHX2	0.141671308565758	7992.0	0.3863150363051429	0.3863150363051429	1.2963254601493002e-07	10838.0	61.03976568660583	0.24	0.9457257314564754	1.142392163577056	25	-0.4896835893899227
NUCB1	NUCB1	0.0112954816236453	7991.0	0.386125357903374	-0.386125357903374	3.69535117677927e-05	10126.0	57.029401824940855	0.16	0.5711823805663914	0.39228188588829493	25	-0.47174501122826173
SORBS1	SORBS1	0.28249762992006106	7990.0	0.386120707744451	-0.386120707744451	6.702289140234748e-08	12270.0	69.10555367804437	0.25	0.8696034038357997	0.8874124283587937	24	-0.544822993955038
SLC25A40	SLC25A40	0.0089258420883922	7989.0	0.386100366557219	0.386100366557219	5.1438582187440005e-06	8527.0	48.02298073673538	0.12	0.6789097818344274	0.7419165718990065	25	-0.3946662284786747
CAP2	CAP2	0.0346629872555413	7988.0	0.38601208110769303	-0.38601208110769303	0.182605635836462	1362.0	7.6658781119747665	0.08333333333333333	0.5797935944946263	1.1918949106810113	24	-0.16258271736072152
STK38	STK38	1.65497005394361e-05	7987.0	0.38575392778565204	0.38575392778565204	3.25608839161443e-05	7049.0	39.69809620367241	0.08	0.43485363205431893	0.3629913553188365	25	-0.13526411455595067
FAM222A.AS1	FAM222A.AS1	0.509066838541239	7986.0	0.385735990446738	0.385735990446738	0.13313742549442448	7430.0	41.84409147234425	0.125	0.7541589278665993	0.7895486583570193	24	-0.46662473999578036
FBXW5	FBXW5	0.00357268931024069	7985.0	0.3857281555726021	-0.3857281555726021	9.210872551554269e-06	9878.0	55.6325335135744	0.2	0.7004798252753481	0.6235504149804835	25	-0.5047734106833968
CLCF1	CLCF1	0.38903303331717604	7984.0	0.385727343325937	-0.385727343325937	0.08796209123976245	3169.0	17.843866171003718	0.08333333333333333	0.7260089566220215	1.5894010860037011	24	-0.21409423731530788
MRPL45	MRPL45	0.007870943749939071	7983.0	0.38553743073719104	0.38553743073719104	1.4492251596249699e-09	7867.0	44.30550861777627	0.16	0.6106246178701622	0.49364147965053434	25	-0.45597300148342085
SASH3	SASH3	0.23726877705269697	7982.0	0.385518106289154	-0.385518106289154	3.5690054467690583e-05	14817.0	83.4516165371184	0.5833333333333334	1.966530961020361	2.4384429648004224	24	-0.6483698317137416
ETV2	ETV2	0.27271584482621203	7981.0	0.38544087253269	0.38544087253269	1.7053343109482682e-10	14432.0	81.28309113439225	0.625	1.4354637764397495	1.2560769490106165	24	-0.8359542818886526
ALDH6A1	ALDH6A1	0.0186146503980455	7980.0	0.385393901222573	0.385393901222573	0.0109254191355882	2698.0	15.190942886110172	0.0	0.3340756081905388	0.272323717597324	25	0.18844591827993798
EML3	EML3	0.000339081429819037	7979.0	0.38538785689607397	-0.38538785689607397	2.47036493171932e-10	11851.0	66.7455221358567	0.36	1.4073547118799354	1.7232896211873499	25	-0.5930325595994272
LSM14B	LSM14B	0.0410256846620851	7978.0	0.38534076768700304	0.38534076768700304	2.0145910323561e-05	7659.0	43.1339416469528	0.2	0.6274389101714406	0.690449984978985	25	-0.3506382037097245
TMEM241	TMEM241	0.005403416558250371	7977.0	0.385336439052884	0.385336439052884	3.59779992127651e-09	9185.0	51.72918778866734	0.12	0.6641653050103393	0.7474819086313693	25	-0.37302423341320423
BOD1	BOD1	1.89478995586257e-05	7976.0	0.38527464018732793	0.38527464018732793	0.00229528913186156	1435.0	8.077053058465697	0.08	0.3540341151808729	0.4571211796279436	25	0.06834188919420024
FBXO45	FBXO45	0.00216461947615518	7975.0	0.385268463073411	0.385268463073411	3.6624450823393e-05	5928.0	33.3840261349555	0.08	0.42115362647116916	0.36038463710095603	25	-0.0995746202902248
ZSWIM8.AS1	ZSWIM8.AS1	5.5487253485448895e-06	7974.0	0.38524289611621904	-0.38524289611621904	0.000130699888795031	6175.0	34.775261912808375	0.04	0.5837486651233454	0.6071086843759629	25	-0.32696908167467126
EIF4EBP2	EIF4EBP2	2.6705508140690698e-05	7973.0	0.38515500513880896	-0.38515500513880896	0.000795435220254279	1785.0	10.048439788216738	0.04	0.3321384158354521	0.36155685035513774	25	0.1466341717804033
CEP44	CEP44	0.0032718143547412	7972.0	0.38501689592074895	0.38501689592074895	2.55974196476393e-05	9143.0	51.492621381097216	0.12	0.5452459204003344	0.353682947670282	25	-0.45303010941018734
POMC	POMC	0.44406286842433207	7971.0	0.385014000472603	-0.385014000472603	3.24512322714604e-05	17092.0	96.26563028050016	0.6666666666666666	2.271676832273981	1.6602210673717952	24	-1.1363925376444297
DHDDS	DHDDS	0.000315652970139754	7970.0	0.384947956209367	0.384947956209367	0.000348235550373626	1911.0	10.758139010927113	0.04	0.34292228739357306	0.28464023782450715	25	0.14764486264132679
ZNF404	ZNF404	0.22477728418537	7969.0	0.384895763690786	0.384895763690786	0.03521479234592785	5249.0	29.55953587923848	0.20833333333333334	0.870906767117753	1.256700296899503	24	-0.38673580695893855
RSRC1	RSRC1	0.00257377017043148	7968.0	0.384872140270433	0.384872140270433	5.86321294750173e-05	6305.0	35.50749126957305	0.0	0.4535814761945304	0.2354666292581457	25	-0.2918007368626757
YARS2	YARS2	2.8484656155108197e-05	7967.0	0.38486382290671795	0.38486382290671795	8.6474258756486e-09	4596.0	25.881491494874396	0.08	0.45849921851925535	0.5471323096048701	25	-0.1345842574453621
COX14	COX14	0.0483186430787907	7966.0	0.38484201617151	0.38484201617151	2.53863206373638e-07	8530.0	48.0398783372761	0.12	0.6173968324877195	0.5360730397204917	25	-0.4338118112365127
TTLL4	TTLL4	0.000136513842731615	7965.0	0.384784042855694	0.384784042855694	0.205781740543617	36.0	0.1971386729751042	0.04	0.23900922673126374	0.3287423623298874	25	0.4434317959245779
KANSL3	KANSL3	7.67220265602594e-08	7964.0	0.384665752485791	-0.384665752485791	0.00197567137356169	380.0	2.1347302016446994	0.04	0.3258997000094182	0.44254949480815364	25	0.13278978547212675
TAGLN	TAGLN	0.164118895068752	7963.0	0.384620196574441	-0.384620196574441	0.00016980632204444473	13458.0	75.79700349217077	0.4583333333333333	1.6022453370964131	2.4783838687747095	24	-0.49129804138208627
ADAMTS10	ADAMTS10	0.112784892085741	7962.0	0.384560835741127	-0.384560835741127	9.95148992401312e-16	15723.0	88.5546919004168	0.6666666666666666	2.152987495592775	1.9897376021377786	24	-0.8887738051246789
ZCCHC7	ZCCHC7	5.5091357100946495e-05	7961.0	0.38453734376359405	0.38453734376359405	0.0001290004419377	5780.0	32.55041117494649	0.08	0.4452332206769376	0.4058592759796181	25	-0.14954906911229904
WDTC1	WDTC1	0.00550874800001062	7960.0	0.38445391851166294	-0.38445391851166294	2.46091052150295e-05	8468.0	47.69066125943449	0.16	0.6249776700911414	0.5025285673580634	25	-0.47862702183078004
DHX15	DHX15	0.000610281120536672	7959.0	0.38438846644081803	0.38438846644081803	0.0018701362446179	3896.0	21.93871803537231	0.12	0.4711094679355537	0.5526650592176768	25	-0.15691421060251806
AMIGO3	AMIGO3	0.0241350394175167	7958.0	0.384374367439462	-0.384374367439462	5.3715403127174894e-05	6637.0	37.37749239607975	0.16	0.5858651642451442	0.5633571792832656	25	-0.3576608308463026
MDM2	MDM2	0.09088555733127	7957.0	0.384247565173378	0.384247565173378	0.00516429968312699	6454.0	36.34673876309564	0.04	0.452196008232676	0.42214013849467363	25	-0.16096181543313579
RRNAD1	RRNAD1	0.000717986488456925	7956.0	0.384121779617349	0.384121779617349	5.5797980559577194e-05	3620.0	20.384138785625776	0.12	0.4092466895407439	0.4423012176579845	25	-0.05680497570509306
SMARCC1	SMARCC1	5.6503807873322905e-09	7955.0	0.38404692234231397	0.38404692234231397	0.0159938892162609	1597.0	8.989523487664751	0.04	0.2799712444280961	0.2529274469530309	25	0.411484317609646
EMC1	EMC1	0.0193891127727951	7954.0	0.38392005284509206	0.38392005284509206	0.12078072134145401	13.0	0.06759040216289287	0.04	0.24287939163868294	0.35840005549101994	25	0.39352856966826844
CD163	CD163	0.21062270900005198	7953.0	0.38389897928667105	-0.38389897928667105	0.00246343582202673	13982.0	78.74845105328376	0.5	1.8335679700239222	2.5735125156238596	24	-0.5633036489763598
NOL8	NOL8	0.00747641820433669	7952.0	0.383824923290271	0.383824923290271	5.8485643386981895e-05	5526.0	31.119747662498593	0.16	0.553572315267317	0.6188051294237615	25	-0.2743147784426362
ZFC3H1	ZFC3H1	0.00149068133367428	7951.0	0.38380382718194	0.38380382718194	0.00607193359037926	1699.0	9.56404190604934	0.08	0.4569850167512821	0.6507120475838166	25	-0.11246324674804153
MARS2	MARS2	0.0286563947856562	7950.0	0.383734496215052	0.383734496215052	0.0096591182780158	2671.0	15.038864481243662	0.08	0.4875318973587541	0.6681805253309979	25	-0.1553433499012617
FBXO7	FBXO7	1.9345255091069302e-06	7949.0	0.38358797433409997	-0.38358797433409997	0.00593622894945482	1455.0	8.189703728737186	0.08	0.41997325301153465	0.652013796294411	25	-0.05580446132309329
NMNAT2	NMNAT2	0.500468525897653	7948.0	0.383445540415061	0.383445540415061	0.0012616837677021599	12534.0	70.59254252562802	0.391304347826087	1.4884487343943689	1.9496493131173165	23	-0.5667702322385895
CCNT2.AS1	CCNT2.AS1	0.272314327106583	7947.0	0.38336563109337607	0.38336563109337607	0.0279714025467351	2406.0	13.546243100146445	0.0	0.3426220655532722	0.21704285840957172	25	0.18772129080247624
LIG3	LIG3	0.011869438008469001	7946.0	0.38333504474781604	0.38333504474781604	0.00047638155230197597	2564.0	14.4361833952912	0.12	0.3809366915988005	0.35264402445112725	25	0.0068010599435179946
TBC1D20	TBC1D20	2.7825093748044997e-08	7945.0	0.3833091569981379	-0.3833091569981379	0.000532785865662589	2112.0	11.89027824715557	0.04	0.383856694353588	0.4961209100954398	25	-0.0011036369246052737
IFIT3	IFIT3	0.0719485365048736	7944.0	0.383269319889278	-0.383269319889278	2.381498473540754e-05	11492.0	64.7234426044835	0.4583333333333333	1.29330234847647	1.5573768326020452	24	-0.5843370785648073
S100A5	S100A5	0.353112370735104	7943.0	0.38322844842741205	0.38322844842741205	9.507687620622901e-09	14249.0	80.25233750140812	0.5	1.5583340396116787	1.0686557462580912	24	-1.099610978838518
SNRPC	SNRPC	0.000640377854948126	7942.0	0.383117043147513	0.383117043147513	9.27869525408611e-09	7452.0	41.96800720964289	0.16	0.5703975821575348	0.6727352113603642	25	-0.2783867052704354
KIF3A	KIF3A	0.0358294686180621	7941.0	0.383098824820647	0.383098824820647	9.945233782508622e-07	7695.0	43.336712853441476	0.04	0.5604107590771166	0.6708637422849736	25	-0.2643039459138782
PPP2R5E	PPP2R5E	0.000876182144477111	7940.0	0.38301838595505106	0.38301838595505106	8.07686167718277e-06	7001.0	39.42773459502084	0.12	0.4611638527929751	0.3899317486766686	25	-0.20040806398332617
PPIL3	PPIL3	0.000385781975128787	7939.0	0.3829686341978929	0.3829686341978929	5.26070667399632e-08	8537.0	48.07930607187112	0.12	0.5379333973402204	0.44116275559147705	25	-0.3512643829929901
PIGC	PIGC	0.000248525136027863	7938.0	0.382738385758873	0.382738385758873	4.6449064244687994e-09	4413.0	24.850737861890277	0.12	0.456989570274277	0.33852807846472444	25	-0.2193353793639342
CYTH4	CYTH4	0.17651802787546697	7937.0	0.38265046508833295	-0.38265046508833295	0.00035050979343112347	13493.0	75.99414216514587	0.4166666666666667	1.5142033043058971	1.9798040483618404	24	-0.5715478964465452
PRMT5	PRMT5	0.0126331056874731	7936.0	0.38260628075548403	0.38260628075548403	0.004386242505625	247.0	1.3856032443393036	0.0	0.21829500151407646	0.21831902155297378	25	0.7526200789679631
ITIH1	ITIH1	0.571138367473472	7935.0	0.382550622016617	-0.382550622016617	1.0988395293603466e-06	17646.0	99.38605384702038	0.7727272727272727	3.8897912778053647	2.726775594659399	22	-1.2862226956475442
RPS15	RPS15	0.0325520314128108	7934.0	0.382429804367179	-0.382429804367179	0.0371280890848625	619.0	3.4809057113889827	0.0	0.28609284573175736	0.27067420174710116	25	0.3559148157216404
RASGRF1	RASGRF1	0.39813470092459297	7933.0	0.382322527325965	-0.382322527325965	0.000390705331318516	11759.0	66.22732905260786	0.2916666666666667	0.9620648382661438	0.9119582374187561	24	-0.6357114691798881
FBXO33	FBXO33	8.41541389763126e-05	7932.0	0.382236092380863	-0.382236092380863	0.00339942231746298	1205.0	6.781570350343585	0.08	0.4129554979027874	0.5285664373086917	25	-0.05811834303808393
RSF1	RSF1	2.6507661627406398e-05	7931.0	0.38198065382970897	0.38198065382970897	4.38073801197589e-05	5912.0	33.293905598738306	0.12	0.5038606525739919	0.4076189660752965	25	-0.2990047296321559
ZNHIT3	ZNHIT3	2.59538800409755e-05	7930.0	0.38182680270717206	0.38182680270717206	4.1320612457611205e-07	4145.0	23.341218880252338	0.08	0.4326877804077451	0.44273142485492045	25	-0.1148799810567767
APOD	APOD	0.258075216440791	7929.0	0.38163193411434204	0.38163193411434204	0.06824502987170375	12085.0	68.06353497803312	0.3333333333333333	1.4819615004196598	2.050639865400951	24	-0.5365786478993355
CYTH3	CYTH3	0.0268191373198623	7928.0	0.381558409771555	-0.381558409771555	0.00025611209745977204	8873.0	49.97183733243212	0.0	0.4177918924092234	0.29646446022448775	25	-0.12221863831580965
STARD5	STARD5	0.0891691412147588	7927.0	0.38147923866166705	-0.38147923866166705	0.00799418673561246	2874.0	16.182268784499268	0.08	0.3629306482547474	0.393347969187157	25	0.04715567858466336
MAP3K4	MAP3K4	0.000310319720445756	7926.0	0.38143795136436603	-0.38143795136436603	0.00541693501887259	2739.0	15.421876760166722	0.04	0.36099713967945735	0.3053163864330424	25	0.06694960569825648
L1CAM	L1CAM	0.0624953211505858	7925.0	0.38137965463768	-0.38137965463768	2.037502924095335e-09	14722.0	82.91652585332882	0.5416666666666666	1.482899244936698	1.5239302153864167	24	-0.7228149814062911
GAPLINC	GAPLINC	0.20430641362721802	7924.0	0.381114792888679	0.381114792888679	0.003348536096338845	11157.0	62.836543877436064	0.16666666666666666	0.620002186231374	0.44106865758597863	24	-0.5416104482466613
KDM4A	KDM4A	0.0126273314095285	7923.0	0.38109046641163397	0.38109046641163397	0.0013115591558596198	2398.0	13.50118283203785	0.08	0.31205733326240653	0.30345592805464516	25	0.22748981570989846
TIMM23	TIMM23	0.00018534479916750801	7922.0	0.380968209635634	0.380968209635634	0.000178270113734701	2008.0	11.30449476174383	0.08	0.3795783992414848	0.5164087268842686	25	0.0026912992011861804
CXCL1	CXCL1	0.483607121792228	7921.0	0.38090554512013597	-0.38090554512013597	1.299178892746219e-05	15208.0	85.65393714092599	0.625	1.8398985517247892	2.1640683329993755	24	-0.6741898970364326
ITGA9	ITGA9	0.128480916418728	7920.0	0.380840092812867	-0.380840092812867	3.8666515188500604e-10	12035.0	67.7819083023544	0.3333333333333333	1.0030566218521553	1.1802097126020015	24	-0.5272084464272804
PLXDC1	PLXDC1	0.0725742763615436	7919.0	0.380795528296574	0.380795528296574	0.000142491427838464	8131.0	45.792497465359915	0.12	0.8562117349379279	1.2521152681835113	25	-0.3796904476143457
HILPDA	HILPDA	0.110307027804779	7918.0	0.380687101779742	0.380687101779742	7.11860967728643e-08	11954.0	67.32567308775486	0.12	0.8262422550003152	0.5680814717248115	25	-0.7843155874592718
TAOK2	TAOK2	0.00151905630792573	7917.0	0.38067373744559707	-0.38067373744559707	4.8761872005109e-09	9803.0	55.210093500056324	0.4	0.896089753861448	0.8362809384609375	25	-0.6163192208642285
RMND1	RMND1	0.0132170187100695	7916.0	0.3806672694710361	0.3806672694710361	0.000182178276913959	4864.0	27.391010476512335	0.12	0.5729867611557393	0.8220797405091322	25	-0.23394262406417596
SEC14L1P1	SEC14L1P1	0.0736740566306489	7915.0	0.380656565293165	0.380656565293165	9.6335551450652e-05	4889.0	27.531823814351696	0.12	0.6346081213811313	1.2040301879618551	25	-0.21091793098464384
ITIH4	ITIH4	0.14633194862757098	7914.0	0.38051308996265903	-0.38051308996265903	1.3534027489646284e-08	16257.0	91.56246479666554	0.75	2.1564593517467636	1.9873988939346852	24	-0.8936033260379133
HMGCL	HMGCL	0.0309221349042417	7913.0	0.38048423261765296	0.38048423261765296	5.03231866351744e-06	5584.0	31.44643460628591	0.12	0.5730910416405114	0.7279352481350538	25	-0.26459332683272413
LYPLAL1	LYPLAL1	0.0275484805425829	7912.0	0.38048351226784294	0.38048351226784294	6.87950496001686e-11	12520.0	70.51368705643799	0.2	0.7712960019984095	0.42029993168493734	25	-0.9298419063829995
SLC25A17	SLC25A17	0.00149725167734514	7911.0	0.380431277761127	0.380431277761127	4.85109041154981e-06	6225.0	35.0568885884871	0.12	0.5465306165376427	0.7177214573791938	25	-0.23142590634399884
MED13L	MED13L	0.000580318526136493	7910.0	0.380382333280636	-0.380382333280636	0.137198594929455	1041.0	5.857834854117382	0.12	0.3202514362930184	0.395122606478278	25	0.1521828819757072
OAF	OAF	0.154373329041944	7909.0	0.380233962667747	-0.380233962667747	1.2691078430282289e-06	11335.0	63.83913484285231	0.2916666666666667	0.8098064740035523	0.79778837501487	24	-0.5384542126573335
LDB3	LDB3	0.382348721936849	7908.0	0.380222224349251	-0.380222224349251	7.421090707386582e-08	17219.0	96.98096203672411	0.6666666666666666	2.8065610046712686	2.1384168560406347	24	-1.1346425620748621
ACTL6A	ACTL6A	0.000229140067094972	7907.0	0.38021821498453495	0.38021821498453495	2.83801673716595e-07	8387.0	47.23442604483496	0.12	0.5798459986893203	0.6371297044867826	25	-0.3133236173089567
VAMP3	VAMP3	0.00328053719675937	7906.0	0.380110570039108	-0.380110570039108	6.577744776542551e-07	6382.0	35.94119635011828	0.12	0.45497544321389344	0.4336435442230482	25	-0.17264150284750485
DENND4A	DENND4A	0.019829617129078998	7905.0	0.380106856808561	-0.380106856808561	0.000208373668543293	6249.0	35.19206939281288	0.12	0.4483713630700044	0.366661851345596	25	-0.18617837119111944
CAMK1	CAMK1	0.0370312353393514	7904.0	0.38008845340915504	-0.38008845340915504	4.91005627951974e-09	11438.0	64.41928579475048	0.24	0.7904564027373611	0.7541568191326047	25	-0.544141402580158
SLC37A2	SLC37A2	0.25139766474410796	7903.0	0.380088100591035	0.380088100591035	0.0180707938465463	8136.0	45.820660132927785	0.125	0.7279019251093679	0.9496547042577863	24	-0.3662529369452983
FARP1	FARP1	0.0008852712050722029	7902.0	0.38006329996412797	-0.38006329996412797	0.0018612545153132698	878.0	4.939731891404754	0.08	0.3560573190198925	0.5077157823920866	25	0.047282321678345396
POLR2E	POLR2E	0.00383599156074665	7901.0	0.37995659388848996	-0.37995659388848996	0.00012747066275391102	5288.0	29.77920468626788	0.04	0.3895583110476702	0.2746565471541359	25	-0.03495899609409929
CDV3	CDV3	0.000751499307267188	7900.0	0.37994849390916996	-0.37994849390916996	0.00637521548719623	3243.0	18.260673651008226	0.08	0.4625262698306799	0.6254705141091855	25	-0.1320250500363231
TRIM32	TRIM32	0.00176059562002275	7899.0	0.37993717750854106	0.37993717750854106	0.0180789345028172	3802.0	21.40925988509632	0.04	0.30952638918261133	0.29921675706826084	25	0.23531699566500813
RAB21	RAB21	0.00894985699012843	7898.0	0.379887976768556	-0.379887976768556	9.12410959370875e-05	5836.0	32.86583305170665	0.24	0.5442677664013087	0.4525209389792055	25	-0.36325344414682736
MBNL3	MBNL3	0.0164035882451135	7897.0	0.379877085728131	0.379877085728131	0.00345405937780402	4538.0	25.55480455108708	0.2	0.724837118952516	0.9249152585641772	25	-0.37296393375528814
SV2B	SV2B	0.41082294215090104	7896.0	0.37984946572459205	0.37984946572459205	0.000274271220624644	15485.0	87.21414892418609	0.625	1.7001574504974055	1.5410441482387631	24	-0.856761946944722
EEF1AKMT1	EEF1AKMT1	0.008123056834288841	7895.0	0.37984944682289706	-0.37984944682289706	0.037540160580157	2459.0	13.844767376365889	0.041666666666666664	0.46263649817648717	0.7514823289057275	24	-0.11016500078470326
MMP21	MMP21	0.413167597374531	7894.0	0.37984226301011	0.37984226301011	0.06055102972647725	8010.0	45.110960910217415	0.125	0.7238951989225727	0.9130692330046832	24	-0.3768092533139796
MRPL49	MRPL49	4.41238702334151e-05	7893.0	0.379794809281622	0.379794809281622	0.000793330392044099	1843.0	10.375126732004054	0.12	0.49036601119324147	0.7659116671642346	25	-0.14436547535697697
PFAS	PFAS	0.00152980415212602	7892.0	0.379652340145386	0.379652340145386	1.9416918919582502e-13	10476.0	59.000788554691894	0.2	0.7497617782223819	0.6615282163439262	25	-0.5594764198003268
MXI1	MXI1	0.0300488781704854	7891.0	0.37936183132729406	-0.37936183132729406	6.82282788475223e-06	4178.0	23.527092486200292	0.16	0.6084856751244929	0.8155183741087539	25	-0.2809548516274679
RNF113A	RNF113A	0.00599451346891185	7890.0	0.37933918246618503	0.37933918246618503	1.50255854958637e-07	6289.0	35.41737073335586	0.16	0.6854724462063585	0.8553442934418178	25	-0.3579064782303329
CLSTN1	CLSTN1	0.00557966385350666	7889.0	0.379252254660801	0.379252254660801	0.00033793630446127997	5378.0	30.28613270248958	0.04	0.41620440739064124	0.3160403423702015	25	-0.11692226521687367
TRAPPC6A	TRAPPC6A	0.0322807727713676	7888.0	0.37914213950490294	0.37914213950490294	0.0036918532000093205	5531.0	31.147910330066463	0.08	0.5866743080010869	0.803279363233266	25	-0.2583561560212997
HNRNPAB	HNRNPAB	0.00480878585327287	7887.0	0.379079672380962	0.379079672380962	0.0105380856160743	1240.0	6.978709023318689	0.12	0.4117118446959708	0.556600522089316	25	-0.05862763511704427
VKORC1L1	VKORC1L1	0.0647324538421444	7886.0	0.37907175529390796	0.37907175529390796	0.00558344352574851	789.0	4.4384364086966315	0.04	0.39075371528231506	0.44837890995298263	25	-0.026053767760022606
ZNF790.AS1	ZNF790.AS1	0.0328452018956561	7885.0	0.379046992994331	0.379046992994331	0.00712503521194137	4577.0	25.77447335811648	0.16666666666666666	0.6720472064653947	0.9196991908435231	24	-0.3185826587520773
RAPGEF3	RAPGEF3	0.14085397794532098	7884.0	0.37897331599771605	-0.37897331599771605	5.90002259159325e-05	8746.0	49.25650557620818	0.2916666666666667	0.8812868513483537	1.2362355647803251	24	-0.4063250966573648
EMC2	EMC2	0.0545213059032029	7883.0	0.37896020104774797	0.37896020104774797	3.29308764028875e-11	11952.0	67.31440802072773	0.2	0.7331851579031735	0.43630938863472557	25	-0.8118664555072859
GLIS2	GLIS2	0.137418532296513	7882.0	0.378810466840878	-0.378810466840878	3.3054203346352896e-10	13229.0	74.50715331756223	0.4	1.113564220034277	0.7012114520713241	25	-1.047834787955892
ATP9B	ATP9B	0.00116004675318042	7881.0	0.378795656472738	-0.378795656472738	0.0198201529900974	2424.0	13.647628703390785	0.04	0.3132397962700797	0.2568292095778604	25	0.25525079608510953
BICD1	BICD1	0.028258757797247996	7880.0	0.37877567207421897	0.37877567207421897	0.0004962409165533401	1540.0	8.66846907739101	0.12	0.4433383384248136	0.5434578865901821	25	-0.1187997597305657
HAAO	HAAO	0.0320715114271717	7879.0	0.378752269964627	-0.378752269964627	7.0056936700753955e-09	12402.0	69.8490481018362	0.4166666666666667	1.3345471874700838	1.7182954045274874	24	-0.5562459836574434
CEP152	CEP152	0.0026539817999885	7878.0	0.378730661564951	0.378730661564951	0.000641088805405995	8268.0	46.56415455671961	0.08	0.4843409272881385	0.4458448241404354	25	-0.23687673379812885
GSTM4	GSTM4	0.0016111313294409	7877.0	0.37872746596915796	-0.37872746596915796	0.0661124019512834	2167.0	12.200067590402162	0.16	0.7303186461035641	1.2481735517924488	25	-0.2816845298712675
IKZF1	IKZF1	0.23335065991032802	7876.0	0.37869933841240994	-0.37869933841240994	3.416633062324335e-05	13826.0	77.86977582516616	0.5	1.6957790867143023	2.5479725778762004	24	-0.516912842680478
PTP4A2	PTP4A2	0.0361904606256896	7875.0	0.37861882800614094	0.37861882800614094	0.0026304066730634397	2324.0	13.084375352033344	0.04	0.3790666291240638	0.3792734634112789	25	-0.0011806813846010479
SLC9A3	SLC9A3	0.220618207462656	7874.0	0.37848804581147605	0.37848804581147605	2.222897721815113e-05	11233.0	63.26461642446772	0.3333333333333333	0.8950372393778291	0.7619707383641494	24	-0.6779121133645053
USP19	USP19	6.16278190868623e-05	7873.0	0.378483987730456	-0.378483987730456	0.000109347792341683	7150.0	40.26698208854342	0.12	0.58099099228478	0.6190615691898874	25	-0.3271193280812561
COQ6	COQ6	0.00012816224811163402	7872.0	0.37840824909254206	0.37840824909254206	0.000206436869916432	790.0	4.444068942210206	0.04	0.36971566310690074	0.5006566997605882	25	0.017362368245142982
PRRX2	PRRX2	0.47271062655430707	7871.0	0.37839142786341295	0.37839142786341295	1.5458189586047902e-09	14108.0	79.45815027599414	0.4583333333333333	1.5378259300279724	1.5936961250357484	24	-0.727512907856604
GLYR1	GLYR1	5.5091357100946495e-05	7870.0	0.378387783925466	0.378387783925466	0.000156333988943505	4277.0	24.084713304044158	0.08	0.44605952428014894	0.5201929512355554	25	-0.13008969113085808
TUT1	TUT1	5.3500753235198904e-05	7869.0	0.37834179230828	0.37834179230828	0.0019499150511294	726.0	4.083586797341445	0.04	0.3023038646573393	0.43379549124966166	25	0.17528519586935656
ARHGEF1	ARHGEF1	0.0287503684431367	7868.0	0.37830596547096706	-0.37830596547096706	2.62128049053284e-07	11521.0	64.88678607637715	0.32	1.037382065637417	1.0791663493807842	25	-0.610727067745044
BLOC1S4	BLOC1S4	0.0011680967408548	7867.0	0.378223767418175	0.378223767418175	0.0100439647674124	3741.0	21.065675340768276	0.04	0.3827248019586035	0.3426343175338945	25	-0.013136554951134565
TRIB1	TRIB1	0.4041206467265949	7866.0	0.37816038642233507	-0.37816038642233507	0.0051421330923654	6923.0	38.98839698096203	0.12	0.5438980195421032	0.5425311147376061	25	-0.3054896366633768
ZBED3.AS1	ZBED3.AS1	0.0346049859828335	7865.0	0.378148470362011	0.378148470362011	0.000678247891241176	4284.0	24.12414103863918	0.08	0.5432799412114848	0.7572334142734921	25	-0.2180720868054996
TMEM234	TMEM234	0.0387493370545988	7864.0	0.37795741496530705	0.37795741496530705	0.000131411752474828	1734.0	9.761180579024444	0.04	0.36999308836586076	0.5918207349947435	25	0.013457329438646705
POC1B	POC1B	0.0145085976251467	7863.0	0.37793317970622703	0.37793317970622703	8.047666892194201e-08	11361.0	63.98558071420524	0.2	0.7073386391520785	0.5642454095181245	25	-0.5837982088807235
SLC11A2	SLC11A2	0.00035116505411084397	7862.0	0.377843810507491	0.377843810507491	6.224081921615819e-07	7670.0	43.195899515602115	0.12	0.588467894993799	0.5918724558874433	25	-0.3558605952873781
AICDA	AICDA	0.665515282252916	7861.0	0.377827047038346	0.377827047038346	1.190218244102338e-05	16855.0	94.93071983778303	0.7083333333333334	2.6144774127662793	2.0790447030867996	24	-1.0758067695259912
POLDIP2	POLDIP2	5.54887450389613e-06	7860.0	0.37770892199174105	0.37770892199174105	0.0159987114874015	203.0	1.1377717697420298	0.0	0.19850736385789067	0.16544123787904388	25	1.0831734604456167
SPTY2D1	SPTY2D1	0.00052068173143577	7859.0	0.37764586018034296	0.37764586018034296	1.90954807552645e-05	5731.0	32.27441703278134	0.08	0.4896075266566314	0.4650281219294655	25	-0.24076321666686326
HTT	HTT	0.00022426910816598399	7858.0	0.37764503164085406	-0.37764503164085406	0.0012814817249164	17592.0	99.08189703728736	0.7142857142857143	4.6635645626565605	3.4462334040327463	21	-1.2436532957983544
SLC25A16	SLC25A16	0.0265946489311449	7857.0	0.377639466066319	0.377639466066319	1.30087256323557e-07	4793.0	26.991100597048554	0.08	0.47494200155090044	0.5769399580050885	25	-0.16865279330110686
DMXL2	DMXL2	0.0200930414289068	7856.0	0.37758131535517103	0.37758131535517103	0.00029105130504379905	7714.0	43.443730990199384	0.12	0.5745187817932929	0.5592039667460591	25	-0.35217465924656677
NCKAP5L	NCKAP5L	1.66861687530082e-05	7855.0	0.3775424574158979	-0.3775424574158979	1.1693208544861e-11	11778.0	66.33434718936577	0.28	1.0522015242623624	1.143351999127825	25	-0.5900711831186808
TTI1	TTI1	1.36763689888541e-06	7854.0	0.377507545588373	0.377507545588373	0.00029628791763531697	1156.0	6.5055762081784385	0.08	0.38313039458451437	0.592859087660288	25	-0.009484292495762969
SNHG1	SNHG1	0.0501604639308138	7853.0	0.37750133952765597	0.37750133952765597	2.828547693228085e-05	17043.0	95.98963613833502	0.75	2.591255493216113	2.2926535863163187	24	-0.9655859772715896
MED18	MED18	0.000133666542447574	7852.0	0.37746998417007394	0.37746998417007394	0.00270220293135016	5407.0	30.44947617438324	0.12	0.41429976249876804	0.37431164745640544	25	-0.09839335371732862
LARP1	LARP1	8.643420032300541e-05	7851.0	0.37746300122101895	0.37746300122101895	0.000352808619617783	1792.0	10.08786752281176	0.12	0.3878212057540631	0.3736263409924133	25	-0.027723432201089044
RPS6KB1	RPS6KB1	0.000374290186680581	7850.0	0.3774572290201779	0.3774572290201779	6.708304025497739e-05	4052.0	22.81739326348992	0.04	0.3752060198211694	0.28995541998686053	25	0.007763983853485211
SH3YL1	SH3YL1	0.0145371005916317	7849.0	0.37740241577808903	0.37740241577808903	6.400663238844489e-10	11631.0	65.50636476287033	0.16	0.8285267233443396	0.7686689749390788	25	-0.5868902248877739
METTL21A	METTL21A	0.000721126672336565	7848.0	0.377377902403103	0.377377902403103	2.57405861336969e-06	5761.0	32.443393038188574	0.08	0.43177070454745253	0.5073597152387885	25	-0.10720756991664111
PVR	PVR	0.0265533795795988	7847.0	0.377283287209815	-0.377283287209815	0.00874123350846722	4153.0	23.386279148360934	0.16	0.583031845392432	0.8591427247065936	25	-0.23948123200703625
PARG	PARG	2.5728610646859003e-09	7846.0	0.37727474003844796	0.37727474003844796	0.000155400664514475	5885.0	33.1418271938718	0.04	0.4149587156599093	0.29082403370949267	25	-0.1295765523254667
PAQR7	PAQR7	0.154728360271035	7845.0	0.37727324612415797	0.37727324612415797	0.0075708996824832295	2134.0	12.014193984454206	0.08	0.45267367593605407	0.6284971877809108	25	-0.11996939887371477
ZNF10	ZNF10	0.00828932447927427	7844.0	0.37713836526656397	-0.37713836526656397	0.0117558849966765	2574.0	14.492508730426945	0.12	0.5779600634276959	0.9248452549169994	25	-0.21714086447808478
C2CD4C	C2CD4C	0.45361107572115505	7843.0	0.377040293697025	-0.377040293697025	4.784712485524729e-09	16051.0	90.40216289286921	0.625	1.7421419039322767	1.3662090674859253	24	-0.9991893940122126
GLYCTK.AS1	GLYCTK.AS1	0.10223821215369999	7842.0	0.3770147976254679	-0.3770147976254679	6.558518348409345e-06	10501.0	59.141601892531256	0.16666666666666666	0.6547282314568347	0.5373202047531915	24	-0.5168490434096545
RAP2C	RAP2C	0.0540911949224411	7841.0	0.376927270958955	0.376927270958955	1.08834069327548e-06	9274.0	52.23048327137546	0.16	0.573482823212083	0.5638756499473164	25	-0.34857960664109616
SBF1	SBF1	0.0958206931708808	7840.0	0.376821582458238	-0.376821582458238	4.44251493436354e-08	11508.0	64.81356314070068	0.4	1.0044473761474848	0.9197740884579827	25	-0.682369509605856
CLCN7	CLCN7	0.0480079237002911	7839.0	0.3768158657641	0.3768158657641	1.36880695360131e-08	9202.0	51.8249408583981	0.32	0.9108610141480413	0.925778210811962	25	-0.5768607881962919
HAUS3	HAUS3	0.00241299997661798	7838.0	0.37671643207216204	0.37671643207216204	0.000474493509248385	5659.0	31.86887461980399	0.04	0.4021473282974744	0.3666744011269822	25	-0.06935552672111803
ASXL3	ASXL3	0.275741171730283	7837.0	0.376671283356039	0.376671283356039	0.000511527863451794	12623.0	71.09383800833615	0.25	1.1102544063399895	0.9788136308227261	24	-0.7494614908124532
LPAR2	LPAR2	0.0550969008687338	7836.0	0.376589720050062	-0.376589720050062	0.0218511840340472	4588.0	25.8364312267658	0.125	0.4859813706082798	0.5217146691583618	24	-0.20967716076431214
KIF9	KIF9	0.020172927558964	7835.0	0.376573573745527	-0.376573573745527	0.000748344348191108	3618.0	20.372873718598626	0.04	0.38608239335707323	0.36356797097149207	25	-0.02615417300412254
RGS22	RGS22	0.319261577316334	7834.0	0.376467556179224	-0.376467556179224	0.015781047019090225	13202.0	74.35507491269573	0.3333333333333333	1.0740962447473954	1.0883692022755447	24	-0.6409853265873204
SPAST	SPAST	0.00150810796542542	7833.0	0.376342364470626	0.376342364470626	0.0052736141861016795	3419.0	19.25199954939732	0.08	0.35018611803546856	0.3112241597846628	25	0.08404311044892873
PLEKHB2	PLEKHB2	0.000602675339541783	7832.0	0.37632527379239594	-0.37632527379239594	5.497051074176721e-05	6396.0	36.02005181930832	0.12	0.5358498388022466	0.6954399078543471	25	-0.22938655548548337
SLITRK5	SLITRK5	0.30172759589746995	7831.0	0.376132707272313	-0.376132707272313	0.00670032362331144	6355.0	35.78911794525177	0.2	0.9489035614447537	1.6412594237768776	25	-0.34898252273511793
ZFP14	ZFP14	0.0114925298521847	7830.0	0.37609368440332597	0.37609368440332597	0.000325079718581707	4918.0	27.695167286245354	0.04	0.4847275824951003	0.5318096163893514	25	-0.20427215820076608
SFT2D2	SFT2D2	0.009122118187674829	7829.0	0.376058479956599	0.376058479956599	0.00025871478992956	2614.0	14.717810070969922	0.08	0.4141115358469397	0.45220535439376275	25	-0.08414994541883637
PATZ1	PATZ1	0.0111939211136377	7828.0	0.376020382365538	0.376020382365538	0.000159654385596368	2268.0	12.768953475273177	0.12	0.43517687487524753	0.47841952984568076	25	-0.12364982785880649
NOD2	NOD2	0.0448223718500722	7827.0	0.375708524739594	-0.375708524739594	8.149999544517729e-07	16392.0	92.32285682099808	0.5833333333333334	2.442488744968921	2.344978298859509	24	-0.8813643270108364
CARD19	CARD19	0.0279203487180193	7826.0	0.375662915803841	-0.375662915803841	0.000262231214234617	6020.0	33.902219218204344	0.16	0.6203345189787276	0.8671414168464721	25	-0.28215882487159055
STAT2	STAT2	0.008810643110978941	7825.0	0.375597921872849	0.375597921872849	0.000125482436361324	5240.0	29.508843077616312	0.16	0.5699577511266323	0.7102654618459234	25	-0.2736439256790799
CLDN16	CLDN16	0.39745733920819903	7824.0	0.37557032196284995	0.37557032196284995	3.73333801120621e-05	16335.0	92.00180241072434	0.7083333333333334	2.4674099740319475	1.9711011893981998	24	-1.0612543198290905
UNC119	UNC119	0.00067750016382173	7823.0	0.375546923014014	0.375546923014014	0.00173564248568321	1441.0	8.110848259547144	0.04	0.3003281062745986	0.2732711449759272	25	0.27525341816107773
TM9SF2	TM9SF2	0.00786614606699865	7822.0	0.375540582281914	0.375540582281914	2.09264687580708e-09	9510.0	53.55976118057902	0.12	0.6302921274258192	0.5679372669803083	25	-0.4485557823990057
PPID	PPID	0.00433864421409761	7821.0	0.375528536322091	0.375528536322091	1.76641277281143e-06	7134.0	40.17686155232623	0.08	0.5435674093766629	0.5143456940844973	25	-0.32670415051042756
CHP2	CHP2	0.713974616036332	7820.0	0.375485838565334	0.375485838565334	3.65573181412565e-05	16673.0	93.90559873831249	0.6956521739130435	2.3603385598864093	2.241211707128287	23	-0.8856158992067332
ARNT	ARNT	0.000218493316607624	7819.0	0.3754760568853161	-0.3754760568853161	4.6059858479228495e-05	4593.0	25.864593894333673	0.08	0.3948861415427431	0.3859164675841451	25	-0.05029607774691508
FHOD1	FHOD1	0.0541379830986863	7818.0	0.37543163415378294	-0.37543163415378294	4.809091078505471e-06	6077.0	34.22327362847808	0.2	0.6765949937063606	0.8462210333433009	25	-0.35589207510326626
PAK4	PAK4	0.16278823491181302	7817.0	0.37542395036891996	-0.37542395036891996	0.000219940557949267	9774.0	55.04675002816266	0.16	0.596654906335135	0.4313032796206718	25	-0.5129359465125933
SLC43A3	SLC43A3	0.11471371608220099	7816.0	0.37541426700534203	0.37541426700534203	0.00232332549416042	5995.0	33.76140588036498	0.16	0.9053860289053192	1.5573335399323829	25	-0.3403071649782793
GLP1R	GLP1R	0.5292709945055479	7815.0	0.37537953530539503	0.37537953530539503	0.000282497789821125	15891.0	89.5009575306973	0.5416666666666666	1.7722527604695164	1.6954999544355194	24	-0.8238709895036126
GTF3C6	GTF3C6	0.0150901895780279	7814.0	0.37535280442647495	0.37535280442647495	6.34234615913499e-05	6945.0	39.11231271826067	0.12	0.5253426108127452	0.5000273602430169	25	-0.29996319864051874
TMEM121	TMEM121	0.0539405999029036	7813.0	0.37530335132955106	-0.37530335132955106	9.446356396506575e-09	14655.0	82.53914610791934	0.6666666666666666	1.5686574756922578	1.3941796744702109	24	-0.8559543265585061
TNPO2	TNPO2	0.0008949682720575731	7812.0	0.37530049014370503	-0.37530049014370503	0.000989908996513605	1473.0	8.291089331981524	0.0	0.3456682358573972	0.2776013312664618	25	0.10674391996292214
LMF1	LMF1	0.0568262831539389	7811.0	0.375269570414177	0.375269570414177	0.00040014667031564103	3335.0	18.77886673425707	0.08	0.5476408715436968	0.9654237512091633	25	-0.17854470735118133
MRTO4	MRTO4	0.0551472769335312	7810.0	0.37516141775179995	0.37516141775179995	6.74068500702648e-05	2504.0	14.098231384476737	0.16	0.5105832466191054	0.6629578554685959	25	-0.20426913679390032
AURKC	AURKC	0.20447304427701998	7809.0	0.375123996399616	-0.375123996399616	0.0001373961292789855	7478.0	42.11445308099583	0.20833333333333334	0.7765006332481931	1.0655659537515494	24	-0.3766792993295685
PFKP	PFKP	0.11027313076801701	7808.0	0.375062023011832	0.375062023011832	0.0022361492315997	1025.0	5.767714317900191	0.08	0.3556113599404432	0.5079737584697005	25	0.038290684798334924
PLB1	PLB1	0.15491439740900304	7807.0	0.37500567606910995	0.37500567606910995	0.0270457543665019	4264.0	24.011490368367692	0.125	0.5012360461337856	0.5193604297163051	24	-0.24304964884141744
MRNIP	MRNIP	0.0543409506407253	7806.0	0.37486203814471	0.37486203814471	8.13363225794848e-07	9688.0	54.56235214599526	0.08	0.6734334767986813	0.7598820915116595	25	-0.39291811451959985
ZNF721	ZNF721	0.0263197882321695	7805.0	0.374799248772716	0.374799248772716	2.16367837980089e-06	6161.0	34.696406443618336	0.04	0.47608462914080507	0.3690411664092247	25	-0.2744555068303007
SETDB1	SETDB1	1.7218420191411e-05	7804.0	0.37475331020611596	0.37475331020611596	0.0110028373387676	882.0	4.962262025459052	0.12	0.41174740494750234	0.5498442266211079	25	-0.06728104606775953
TTPAL	TTPAL	1.56417417761826e-06	7803.0	0.374654014257221	0.374654014257221	8.604327130936409e-07	6441.0	36.27351582741917	0.04	0.47180284463097083	0.5936985893968241	25	-0.16363325112907792
SECISBP2	SECISBP2	3.62699725684932e-05	7802.0	0.374583983007159	-0.374583983007159	2.41856217811928e-06	3858.0	21.724681761856484	0.04	0.4177854121455136	0.444862513779322	25	-0.0971118667008771
KIF13A	KIF13A	0.007143295969307121	7801.0	0.374532733526352	-0.374532733526352	0.0011092960293157198	3235.0	18.21561338289963	0.2	0.6798485077109987	1.0595599653432155	25	-0.2881533694846124
CXXC1	CXXC1	0.0248431521336371	7800.0	0.3744667225682029	-0.3744667225682029	6.60257395717547e-07	8435.0	47.50478765348653	0.0	0.46005697906818876	0.23529616502468323	25	-0.36375542495988916
MCF2L.AS1	MCF2L.AS1	0.36797775114921705	7799.0	0.37427868794456803	0.37427868794456803	0.002039840642637885	9050.0	50.96879576433479	0.2916666666666667	0.9473254036799853	1.2266220468982023	24	-0.4671746420867769
IDO1	IDO1	0.5442387025685711	7798.0	0.37422302040708294	-0.37422302040708294	0.004470114306660075	12211.0	68.77323420074349	0.375	1.5848833620214577	1.9507002792863357	24	-0.620628578603216
RELB	RELB	0.22180360255222398	7797.0	0.37417194922184294	-0.37417194922184294	0.0113765526323886	6554.0	36.909992114453075	0.2	0.695629800954267	0.8012763172292501	25	-0.4011822698616624
PTTG1IP	PTTG1IP	0.000325787067433106	7796.0	0.37416897498715296	0.37416897498715296	0.00168673795908312	3106.0	17.48901655964853	0.08	0.3796397408714093	0.4019952427901044	25	-0.01360903140615721
CGREF1	CGREF1	0.228243163957033	7795.0	0.374105806003484	0.374105806003484	0.0155863550472239	5916.0	33.316435732792606	0.24	0.7223629680500849	1.0134218488457065	25	-0.3436448133057995
RSPH6A	RSPH6A	0.813854917333234	7794.0	0.374103455224692	-0.374103455224692	0.000326763357777803	15067.0	84.859749915512	0.625	1.4500721256378137	1.0768059387552806	24	-0.9992224519646253
NUDT1	NUDT1	0.0039036148458676204	7793.0	0.37406143418915005	0.37406143418915005	0.0058764894479773795	2414.0	13.59130336825504	0.04	0.3550777561918877	0.4408340605684214	25	0.04306309265845833
TMEM200B	TMEM200B	0.0250052907414884	7792.0	0.374039566107944	-0.374039566107944	3.4231063126352197e-09	11068.0	62.33524839472794	0.28	0.9093174549169746	1.153402839575903	25	-0.46408580804764443
LIPG	LIPG	0.318803152414077	7791.0	0.374008080456895	0.374008080456895	0.00168116642567967	12634.0	71.15579587698547	0.2	0.9116425754475066	0.9335378041006204	25	-0.575910790788568
RAG2	RAG2	0.192825882767007	7790.0	0.373971606177996	-0.373971606177996	9.5503091582691e-08	14845.0	83.60932747549847	0.6	1.41189151402256	1.4015691474314174	25	-0.7405413494915365
TPRA1	TPRA1	0.0036903498830190397	7789.0	0.373955294793024	-0.373955294793024	0.0208195252246192	1061.0	5.97048552438887	0.04	0.2961098344612331	0.4593825234365577	25	0.16945673019827356
NCDN	NCDN	0.0121998698418911	7788.0	0.373953369878814	0.373953369878814	1.08336689444712e-08	9496.0	53.48090571138898	0.16	0.821968528883938	0.8884457943300688	25	-0.5042684222991333
RAB35	RAB35	8.274861930207159e-07	7787.0	0.37392758673179	-0.37392758673179	3.8706023519415495e-06	4625.0	26.044834966768054	0.32	0.5983265130524602	0.49600361876262816	25	-0.45241388939958627
XPC	XPC	0.000591162463290625	7786.0	0.3738408090785229	-0.3738408090785229	0.0401029970160082	199.0	1.1152416356877322	0.04	0.2882364686348261	0.366450961013707	25	0.23360380937981712
KAT8	KAT8	0.0156713111000938	7785.0	0.37378738583898996	0.37378738583898996	0.0047461007646578705	1314.0	7.395516503323194	0.04	0.33580652132276706	0.5313929573312147	25	0.07147415860942546
C11orf24	C11orf24	5.1871791822611e-05	7784.0	0.37366946450884403	0.37366946450884403	0.0199703456529483	17.0	0.09012053621719049	0.12	0.3768711434546008	0.5770830588240612	25	-0.0055480383573916475
PTPRG.AS1	PTPRG.AS1	0.0373017827083791	7783.0	0.373655863554156	-0.373655863554156	0.028559060930807102	4816.0	27.120648867860766	0.08333333333333333	0.5250551600583867	0.611293558251582	24	-0.2476703614172903
GPATCH2	GPATCH2	0.0152609941563229	7782.0	0.37362687958209606	0.37362687958209606	3.4056673321586206e-08	9426.0	53.08662836543877	0.16	0.6850138661250513	0.6668389485938652	25	-0.4669598067112962
CBL	CBL	0.0274916873078224	7781.0	0.37353230641847707	-0.37353230641847707	0.00518744156010693	5319.0	29.95381322518869	0.08	0.4430067783834673	0.3552444721161635	25	-0.19556805923294526
CDADC1	CDADC1	0.0028348957492388698	7780.0	0.37350140513864294	-0.37350140513864294	0.0242274083598846	2900.0	16.328714655852202	0.04	0.38944366732193425	0.5349796621842228	25	-0.029799753729332457
HSPA1A	HSPA1A	0.31513710888283897	7779.0	0.37346959027437	0.37346959027437	4.748443893253039e-05	9941.0	55.987383124929586	0.28	0.9251839498240753	1.0040856925471184	25	-0.5494693965314271
SHARPIN	SHARPIN	0.0372474314988502	7778.0	0.37344560046996794	0.37344560046996794	0.0017062394321153199	5067.0	28.53441477976794	0.12	0.501508680181945	0.605025898694112	25	-0.21166545099703743
HDLBP	HDLBP	8.015787778184779e-08	7777.0	0.37334179114471294	0.37334179114471294	0.0008025289178397929	1594.0	8.972625887124028	0.04	0.37155682720417593	0.4786925931047161	25	0.0037288313340301488
PHF12	PHF12	3.5259759417629104e-07	7776.0	0.37334141910765506	0.37334141910765506	0.00266089139434879	996.0	5.604370846006534	0.12	0.4396898861532047	0.6093164439394338	25	-0.10888999912194178
UBE2J1	UBE2J1	0.0181705177578493	7775.0	0.37333533025943505	0.37333533025943505	1.7208624762056e-05	7483.0	42.1426157485637	0.12	0.5480498435067208	0.4517207992519133	25	-0.3867754452233046
MYOT	MYOT	0.263736216805736	7774.0	0.373314564756236	0.373314564756236	3.4054865744276e-05	16721.0	94.17596034696406	0.6666666666666666	2.603156538446053	2.351196105780409	24	-0.9483862142369819
MIB2	MIB2	0.0321275415528588	7773.0	0.373277714008125	-0.373277714008125	1.68230464324376e-08	11653.0	65.63028050016896	0.36	1.1687206031015516	1.1372214040842485	25	-0.6994617637661856
ZNF529.AS1	ZNF529.AS1	0.0513322321326741	7772.0	0.373221981521964	0.373221981521964	0.014287629669128	832.0	4.6806353497803315	0.04	0.3413725203444462	0.44809975686720754	25	0.07107672050568921
HIBADH	HIBADH	0.00020496668263076398	7771.0	0.3731791431255379	0.3731791431255379	2.41332657064029e-07	6231.0	35.090683789568544	0.12	0.49781413543146186	0.4719251888736205	25	-0.2640990462988418
API5	API5	0.00254456124768214	7770.0	0.373104969988195	0.373104969988195	0.000531413106477877	6090.0	34.29649656415455	0.08	0.4875288359915072	0.42000515405346156	25	-0.2724344330039994
EEF1G	EEF1G	0.00362903120830031	7769.0	0.373079324163409	0.373079324163409	0.006720053513922171	917.0	5.159400698434156	0.08	0.37801412820316505	0.5181261204363585	25	-0.009524329782100204
MYO1G	MYO1G	0.24176938538460396	7768.0	0.373054199356935	-0.373054199356935	1.4651548185068407e-07	16180.0	91.1287597161203	0.625	2.2658682290968524	2.7131655403137334	24	-0.6976404504684386
SMAP2	SMAP2	0.19616393371867702	7767.0	0.372932833831465	-0.372932833831465	0.000998618158505808	7826.0	44.07457474371972	0.12	0.5862105517700678	0.6866298456329902	25	-0.31061527443798526
RAI1	RAI1	0.0293464881239521	7766.0	0.37293236300046995	0.37293236300046995	3.7408510485269095e-06	10676.0	60.12729525740678	0.32	1.0296974667027472	1.516489960119434	25	-0.4330823948551249
RAD52	RAD52	0.0020329295142548	7765.0	0.372914999366568	0.372914999366568	0.00144528104862641	2620.0	14.751605272051368	0.0	0.3373947732779515	0.28606367326153226	25	0.1241689505124349
PAFAH2	PAFAH2	0.0060130170108708	7764.0	0.37284710191799	0.37284710191799	1.31350967113403e-09	6570.0	37.00011265067027	0.12	0.585062750857483	0.599291953998224	25	-0.35411062592060427
C19orf84	C19orf84	0.39886413918186103	7763.0	0.37273281460616997	0.37273281460616997	5.117870365409295e-07	16232.0	91.42165145882618	0.7083333333333334	1.9867347980335985	1.4966168054208564	24	-1.07843368962676
ITIH2	ITIH2	0.571285039983777	7762.0	0.372601109457456	0.372601109457456	4.3704011787701596e-07	17221.0	96.99222710375126	0.6956521739130435	2.8708412882949608	2.4542532796583107	23	-1.0179227219715963
PROSER3	PROSER3	0.15846037319327	7761.0	0.3725887461975829	0.3725887461975829	0.000483585245509145	2027.0	11.411512898501746	0.16	0.5771784077025811	0.8418088954477845	25	-0.24303575622846152
CRIPT	CRIPT	0.00560479498145935	7760.0	0.37255882492365	0.37255882492365	3.29724278775028e-08	8946.0	50.383012278923054	0.12	0.6013604069119911	0.3995960078362027	25	-0.5725822518280226
MEA1	MEA1	0.00298454712250951	7759.0	0.37254984486138	0.37254984486138	4.4187421180335206e-05	2086.0	11.743832375802635	0.08	0.4387746171602977	0.48645656438476115	25	-0.13613707193503397
BCL2	BCL2	0.10046742589949001	7758.0	0.372493065956034	-0.372493065956034	2.242705961493925e-05	10044.0	56.567534076827755	0.16666666666666666	0.7417581529484455	0.9766003647929111	24	-0.3781127883059049
ARID5B	ARID5B	0.0281693224202812	7757.0	0.37249145884491297	-0.37249145884491297	7.270425729909468e-05	8310.0	46.80072096428973	0.2916666666666667	0.908939550272236	1.2750663797541206	24	-0.4207216972741214
DNAJC4	DNAJC4	0.00380141449978773	7756.0	0.37242633519588103	0.37242633519588103	0.0161421364784088	2834.0	15.956967443956291	0.16	0.498525045785235	0.6935336156783729	25	-0.18182061797539803
GLYCTK	GLYCTK	0.0998263582583611	7755.0	0.37239747532291395	-0.37239747532291395	1.474892324213e-06	7322.0	41.23577785287822	0.08	0.5614980739141578	0.5581168766108445	25	-0.3388189938629954
CLHC1	CLHC1	0.022891142968601	7754.0	0.3723881102933879	0.3723881102933879	4.69990825948051e-05	7528.0	42.396079756674546	0.12	0.5962251529509632	0.652997775114617	25	-0.34278377536322613
HMCES	HMCES	4.18996752100364e-05	7753.0	0.37238410926948495	-0.37238410926948495	0.0035551412313678797	110.0	0.6139461529796102	0.04	0.3174430063487884	0.5844930926634414	25	0.093997865176368
IFITM3	IFITM3	0.006778298395869679	7752.0	0.37221788347821705	-0.37221788347821705	0.0259836439748973	3563.0	20.063084375352034	0.2	0.854758864217917	1.4129988789561434	25	-0.3415013188801525
FAS	FAS	0.00233399427875898	7751.0	0.37213056454258703	-0.37213056454258703	5.191297652036251e-06	7503.0	42.25526641883519	0.12	0.8157865585296625	1.5660801650121206	25	-0.28329073051227993
NRTN	NRTN	0.321572830675861	7750.0	0.371812976381424	-0.371812976381424	5.623112653274645e-05	14680.0	82.6799594457587	0.5833333333333334	1.4364908040816482	1.1628320270840546	24	-0.9155903887253912
ERGIC3	ERGIC3	0.000116217756424836	7749.0	0.371788185241564	0.371788185241564	3.40759741609985e-06	5171.0	29.120198265179678	0.08	0.4577223908953765	0.4878417303038928	25	-0.1761518138275732
MNT	MNT	0.0036760927707053296	7748.0	0.371769116129414	-0.371769116129414	1.2449210066334e-09	12737.0	71.73594682888363	0.28	0.8082608448412771	0.4947021500636332	25	-0.8823323865799199
MRPS26	MRPS26	0.00205595792084358	7747.0	0.37171082645814396	0.37171082645814396	0.0259837020383968	2914.0	16.407570125042245	0.08	0.39241637548546343	0.4328866780663097	25	-0.047831338030106314
BRSK2	BRSK2	0.515157379337706	7746.0	0.371704458977927	-0.371704458977927	1.740638597020693e-10	15619.0	87.96890841500506	0.5833333333333334	1.7005029426987315	1.5146607285772686	24	-0.8772911706563846
BBOF1	BBOF1	0.0325753895922046	7745.0	0.371643598320073	0.371643598320073	1.04772173471156e-07	8499.0	47.86526979835529	0.08	0.5353328182337102	0.34222237400768807	25	-0.47831244344637697
SLC22A1	SLC22A1	0.312744971553478	7744.0	0.371609919778506	-0.371609919778506	8.43301430797811e-05	16859.0	94.95324997183732	0.75	2.2676575188704793	1.6376717380910646	24	-1.1577702386817041
LINC00652	LINC00652	0.46458031431751295	7743.0	0.37156643241400006	0.37156643241400006	0.0032816089913029253	10760.0	60.600428072547025	0.16666666666666666	0.846260614354542	1.0373367043301123	24	-0.4576085854853544
LINC01588	LINC01588	0.193175462304202	7742.0	0.3715320379286621	0.3715320379286621	5.0135966697385755e-05	11056.0	62.26765799256505	0.2916666666666667	0.6188848858703752	0.3834439699888551	24	-0.6450821170793283
PTK2B	PTK2B	0.09882645854922502	7741.0	0.37152351379869697	-0.37152351379869697	1.6223036864499734e-05	10586.0	59.62036724118508	0.08333333333333333	0.7021094193095351	0.7684459214674583	24	-0.430200611748367
ATP13A3	ATP13A3	0.0926238868304495	7740.0	0.37142346985936403	0.37142346985936403	1.9221315712289797e-06	10483.0	59.04021628928692	0.12	0.7045362494890445	0.5367650330315619	25	-0.6205932933975105
CIB1	CIB1	0.068071283795004	7739.0	0.37141417204863203	0.37141417204863203	4.24185535815249e-05	3869.0	21.786639630505803	0.08	0.44318507693548986	0.44566822184649785	25	-0.16104110943673697
SNX13	SNX13	0.0105875078288595	7738.0	0.37137184910267895	0.37137184910267895	0.000563337514031004	8793.0	49.52123465134617	0.12	0.6218016879149875	0.48448400700422967	25	-0.5169001147443907
OSBPL10	OSBPL10	0.006546825932166729	7737.0	0.37133185748532505	0.37133185748532505	0.0710891075254631	1387.0	7.806691449814126	0.04	0.33271030701732945	0.3818027885657514	25	0.10115575795839024
SLC26A8	SLC26A8	0.322383343895378	7736.0	0.371130926715815	0.371130926715815	0.0002905325666743495	10453.0	58.871240283879686	0.4583333333333333	1.1506778518741916	1.6346725462758107	24	-0.47688261905075596
MLLT10	MLLT10	0.000268417615448395	7735.0	0.37112004212171207	-0.37112004212171207	3.8795727125576896e-05	4605.0	25.932184296496565	0.12	0.42992747888755845	0.4742274787830811	25	-0.12400680980518593
LINC00028	LINC00028	0.793701584994763	7734.0	0.371112828907667	-0.371112828907667	0.03374128837875105	12605.0	70.99245240509181	0.36363636363636365	1.045975503750692	1.0129465302206992	22	-0.666237214609923
TRMT10A	TRMT10A	0.0900247300247851	7733.0	0.37101077424466	0.37101077424466	2.8002275941816103e-09	9491.0	53.45274304382111	0.08	0.7621919984209452	0.7852661706224279	25	-0.4981511222700732
SMYD5	SMYD5	7.51643873465909e-05	7732.0	0.370861629486494	0.370861629486494	0.00104892531740229	849.0	4.776388419511096	0.08	0.43968910227969593	0.8244437070295993	25	-0.083483532236763
ORC2	ORC2	6.0958699122141196e-05	7731.0	0.37082966957050706	0.37082966957050706	1.29148685585845e-05	4679.0	26.34899177650107	0.12	0.4697714479126717	0.5119060189612668	25	-0.19328113887571044
SMCO1	SMCO1	0.791142377100081	7730.0	0.370797564859994	0.370797564859994	2.36627593177432e-06	17259.0	97.20626337726709	0.6666666666666666	2.744936912177893	1.9832731639438645	24	-1.1970813655325079
GOLGA3	GOLGA3	0.000155354412811204	7729.0	0.3707870437275	0.3707870437275	7.2269615082443895e-06	6330.0	35.64830460741241	0.08	0.48022455084329363	0.41831198766581523	25	-0.26161695180302136
CAPN9	CAPN9	0.4737664991938979	7728.0	0.37078015734516295	-0.37078015734516295	4.90953802164044e-06	15062.0	84.83158724794411	0.6666666666666666	1.6809542687547079	1.3288006593016186	24	-0.9859824362957019
CLCN3	CLCN3	0.00245872730682254	7727.0	0.370723615662061	0.370723615662061	2.96071156662987e-08	10870.0	61.22000675904021	0.2	0.6625046193517514	0.598565172157928	25	-0.4874673924608257
RIN1	RIN1	0.0332535289058581	7726.0	0.37067211497090796	-0.37067211497090796	0.0022032376390604103	4735.0	26.66441365326124	0.24	0.7356148448655597	1.02387086833089	25	-0.35643433286619425
KRIT1	KRIT1	0.00019842760131461598	7725.0	0.37058710285704405	0.37058710285704405	1.11955860902184e-05	7838.0	44.142165145882615	0.04	0.45635549174258416	0.3240122368386854	25	-0.2647072521777665
GGT7	GGT7	0.00830880228661525	7724.0	0.37058120822904794	0.37058120822904794	5.496333067069311e-07	8111.0	45.67984679508843	0.16	0.6281592780009028	0.6335300273776501	25	-0.40657594532344304
EVA1B	EVA1B	0.00127726607901773	7723.0	0.370580304803873	-0.370580304803873	2.376101066336493e-08	12360.0	69.61248169426608	0.4166666666666667	1.1416533170985936	1.0604281673334437	24	-0.7271336579390035
C12orf57	C12orf57	0.00064985470832033	7722.0	0.370528464672971	-0.370528464672971	0.0288776631315921	1955.0	11.005970485524388	0.16666666666666666	0.5211457615480228	0.8144993398676865	24	-0.18492009692668288
C15orf62	C15orf62	0.0308136488404203	7721.0	0.370416387792401	0.370416387792401	0.00390529977382328	8142.0	45.85445533400923	0.16	0.6736999305017402	1.1851057916186094	25	-0.2559126323187709
LNX2	LNX2	0.0663283682447735	7720.0	0.37038662204802403	-0.37038662204802403	0.00255492753191725	3489.0	19.646276895347526	0.08	0.4000547871087237	0.3957443286292724	25	-0.0749680106938245
ANKRD50	ANKRD50	0.0125204812882556	7719.0	0.37037900007301	0.37037900007301	0.000255737552603446	7373.0	41.523037062070514	0.12	0.5139611452942171	0.40331222124478694	25	-0.35600742466482593
CROCC	CROCC	0.0137688531077367	7718.0	0.370266585550524	-0.370266585550524	1.3363204592894e-11	12451.0	70.12504224400135	0.44	0.9839228285122057	0.8902259589095193	25	-0.6893263859811264
TNIP2	TNIP2	0.0253106514260586	7717.0	0.370222148045526	-0.370222148045526	0.00661671716572756	4389.0	24.715557057564492	0.0	0.369098163090402	0.24639611229756295	25	0.0045616992274886605
CREBZF	CREBZF	0.00152517189018781	7716.0	0.370172605746878	0.370172605746878	0.000196489947399115	7225.0	40.689422102061506	0.2	0.648660640680164	0.8025821337763054	25	-0.3469900751751669
DNALI1	DNALI1	0.308778869888844	7715.0	0.370143421851585	0.370143421851585	0.00331115093706145	6000.0	33.78956854793286	0.2	0.8251176880969698	0.9843396797777082	25	-0.4622126645835622
ABHD12B	ABHD12B	0.35903555902014894	7714.0	0.37003621534784703	-0.37003621534784703	0.000543137199193646	13813.0	77.79655288948969	0.5	1.426106006645411	1.4340822614551796	24	-0.7364080985326168
KRTCAP2	KRTCAP2	3.3419949615287297e-07	7713.0	0.370017981711911	0.370017981711911	6.97217971278517e-06	6128.0	34.51053283767038	0.12	0.542702499759977	0.6169225829187993	25	-0.2799127845686191
ARHGAP35	ARHGAP35	0.0227596656167652	7712.0	0.3696652910437971	-0.3696652910437971	0.00160126485312204	4223.0	23.780556494311142	0.12	0.7340052641110669	1.2165177831709972	25	-0.299494161209526
WWP2	WWP2	0.00526788688465539	7711.0	0.3695637025450829	-0.3695637025450829	2.92934790258773e-05	5045.0	28.410499042469304	0.08	0.4614246189496087	0.5710272011213376	25	-0.16086959819801339
INSRR	INSRR	0.539952587082645	7710.0	0.36949988644023796	0.36949988644023796	8.027453660177256e-06	15422.0	86.8592993128309	0.625	1.5774778674718721	1.2272131188470188	24	-0.9843261634674699
NDUFB11	NDUFB11	0.0007451721363921281	7709.0	0.369464387253328	0.369464387253328	0.0134549042972609	2158.0	12.149374788779992	0.04	0.37389113234522237	0.4095585863245871	25	-0.01080857596374763
MRPL12	MRPL12	2.20360972937144e-05	7708.0	0.36945169892937496	0.36945169892937496	0.000188067794617637	5857.0	32.98411625549171	0.12	0.5451618484771408	0.7414804625384154	25	-0.2369720558060725
SLC22A5	SLC22A5	0.0111084936515439	7707.0	0.36944568562096	0.36944568562096	0.00143728422203766	2170.0	12.216965190942885	0.08	0.47710529241286964	0.6607123311970016	25	-0.1629447517603683
CPEB2	CPEB2	0.0828912155030557	7706.0	0.369317692077711	-0.369317692077711	5.943775218784089e-06	2387.0	13.439224963388531	0.04	0.3361837529151377	0.2625249378376013	25	0.12621253978953437
SIVA1	SIVA1	0.00160729595794339	7705.0	0.369297899208106	-0.369297899208106	0.000520887767541533	1833.0	10.318801396868311	0.12	0.44068924913795116	0.5755208024800359	25	-0.12404651512544
LAIR1	LAIR1	0.22613844642698802	7704.0	0.36920167602023996	-0.36920167602023996	0.01469637128488505	9181.0	51.70665765461304	0.2916666666666667	1.373955600041269	2.1867254548494173	24	-0.4594787707770195
ZNF395	ZNF395	0.0109462884616618	7703.0	0.36916181121397496	-0.36916181121397496	1.1355174996923599e-06	5303.0	29.8636926889715	0.16	0.5191692231992845	0.6317608753879911	25	-0.23744333944893886
PCDHA2	PCDHA2	0.31941104530988695	7702.0	0.36901929510001397	0.36901929510001397	0.0276467863697449	4854.0	27.334685141376593	0.125	0.5461443726299499	0.740819315125863	24	-0.23909349272277394
MED23	MED23	0.0052648254297516794	7701.0	0.36889613248893	0.36889613248893	1.45849200678333e-06	10808.0	60.8707896811986	0.08	0.6042260851114603	0.40122528115327194	25	-0.5865282266015335
MED19	MED19	0.00016111630923187	7700.0	0.368871457320232	0.368871457320232	5.59061594963206e-06	3510.0	19.76456009913259	0.08	0.4900945371827126	0.8220419420578716	25	-0.14746580881142743
KLHL10	KLHL10	0.20069832851310399	7699.0	0.3687802661566161	0.3687802661566161	5.27747101225356e-05	11398.0	64.1939844542075	0.28	0.948027167180067	0.9875521754570123	25	-0.5865481494741188
MTCH1	MTCH1	0.000104554704740926	7698.0	0.368779237954854	-0.368779237954854	0.000256362457717317	3667.0	20.648867860763772	0.08	0.3885544723608801	0.44650989450252165	25	-0.04428845732088115
ESYT1	ESYT1	0.0010278926327492901	7697.0	0.3687466721573421	-0.3687466721573421	0.00206304612103344	5203.0	29.30043933761406	0.08	0.41296185009605096	0.5190083238109221	25	-0.08519165475815517
CARS2	CARS2	0.00157000941054747	7696.0	0.368529544865146	-0.368529544865146	0.0037290333221548897	1564.0	8.803649881716796	0.08	0.41283134638606617	0.6977684477589171	25	-0.06349069188096435
ARHGAP1	ARHGAP1	0.00016111625451828302	7695.0	0.368278065477917	0.368278065477917	2.0654732312304e-06	5961.0	33.56989974090345	0.08	0.4547340268581248	0.4899594644081758	25	-0.17645533490130316
PRNP	PRNP	0.0015333079888799198	7694.0	0.368268251688358	-0.368268251688358	6.16254595711519e-05	3699.0	20.829108933198153	0.08	0.483235521855181	0.7905493983454306	25	-0.14542705415682078
PIK3R6	PIK3R6	0.148113767701078	7693.0	0.36824779093961	0.36824779093961	1.326997616478822e-05	15728.0	88.58285456798467	0.7083333333333334	1.9189181076399346	2.010728036661788	24	-0.7711984358037541
RMDN3	RMDN3	2.84101690060406e-05	7692.0	0.368227520739127	-0.368227520739127	0.00012965391264244198	3692.0	20.789681198603134	0.16	0.4711251054211214	0.533760731693863	25	-0.1927784840137154
OTUD6B.AS1	OTUD6B.AS1	0.0718942247924549	7691.0	0.368201821250301	0.368201821250301	2.2539301123011e-05	9430.0	53.10915849949307	0.04	0.5246627144043996	0.31026193793100254	25	-0.5042864561391771
CRKL	CRKL	2.6122529788038604e-07	7690.0	0.368188066314071	-0.368188066314071	0.0418908974785882	23.0	0.12391573729863692	0.08	0.30278891167068206	0.348873047539361	25	0.1874583178742417
RNF170	RNF170	0.0244525332090848	7689.0	0.36803230632386297	0.36803230632386297	3.60237392727532e-10	11259.0	63.411062295820656	0.08	0.6810532072059472	0.5294942901376222	25	-0.5911695493462756
ERH	ERH	2.39529424845297e-05	7688.0	0.367861737914228	0.367861737914228	4.82342774993915e-06	5851.0	32.95032105441027	0.08	0.4439471365028125	0.5451601676609773	25	-0.13956521973171793
TMEM255A	TMEM255A	0.44940195138293393	7687.0	0.367784209135471	-0.367784209135471	0.0016228909056159218	10769.0	60.651120874169195	0.375	1.3576131472116215	1.9482882885369173	24	-0.5080505507834626
P2RX7	P2RX7	0.12386435972105	7686.0	0.367774859173553	-0.367774859173553	0.00214284727080164	9535.0	53.70057451841838	0.20833333333333334	0.9055465494934193	1.182752208580202	24	-0.45467823811161384
ABCC4	ABCC4	0.17985870738004103	7685.0	0.36750988959718195	0.36750988959718195	0.000377650801469968	6933.0	39.044722316097776	0.12	0.840320402225896	1.750819162986699	25	-0.2700510267560431
MRPL24	MRPL24	0.000121538126375372	7684.0	0.36728695364227204	0.36728695364227204	3.50498664936461e-08	5162.0	29.06950546355751	0.08	0.4291035713718774	0.3491666634497368	25	-0.17704043426959046
FOXC1	FOXC1	0.432652407294521	7683.0	0.36723530880123706	0.36723530880123706	0.016536216322575147	9244.0	52.06150726596823	0.25	1.0044905117961769	1.5803740995576625	24	-0.4032306041799242
KMT5C	KMT5C	0.193615168456323	7682.0	0.36718835043667897	0.36718835043667897	2.49472633677064e-08	12545.0	70.65450039427733	0.32	0.9275104973063982	0.8401347171600225	25	-0.6669432121122467
CCKBR	CCKBR	0.7246492712031322	7681.0	0.367133932488483	-0.367133932488483	0.0021269480323893642	16218.0	91.34279598963613	0.5833333333333334	1.8169066501815754	1.7485247325073652	24	-0.8291405267194215
SMARCAD1	SMARCAD1	0.00959861095295117	7680.0	0.36709535593525394	0.36709535593525394	0.0030369293020226103	4135.0	23.284893545116592	0.04	0.44401485560485926	0.6069274024452787	25	-0.1267359149705561
C19orf57	C19orf57	0.120979884531082	7679.0	0.36706880087653293	0.36706880087653293	0.0229033751804021	2350.0	13.230821223386279	0.08	0.5774584945969018	0.9630987842320614	25	-0.21845079358928446
AP1S3	AP1S3	0.11748415472458301	7678.0	0.36688875461791404	0.36688875461791404	1.57781443296049e-06	9555.0	53.81322518868987	0.12	0.6742928471043029	0.52613628341045	25	-0.5842670467312676
PLP2	PLP2	0.25493288373961	7677.0	0.366818864616905	0.366818864616905	6.75062033437139e-05	7030.0	39.59107806691449	0.2	0.8529279275357879	1.1295728975282786	25	-0.43034766855913636
GLB1L	GLB1L	0.09371758928480001	7676.0	0.36680971809799606	0.36680971809799606	0.00030854522874263597	5771.0	32.49971837332432	0.12	0.7220456224834857	1.2086378546920444	25	-0.2939142630742789
GNL3L	GNL3L	0.003991896058576421	7675.0	0.366751313651535	0.366751313651535	0.0042880192693997106	1496.0	8.420637602793736	0.08	0.3732810273033495	0.4176413640133392	25	-0.015634738832061495
TAF9	TAF9	0.0035072601275560698	7674.0	0.36656144444674393	0.36656144444674393	1.70936256029045e-06	8392.0	47.26258871240284	0.12	0.6432958528520818	0.6958894189743633	25	-0.39767009076413734
TPMT	TPMT	1.5107672380487699e-05	7673.0	0.36652932163127794	0.36652932163127794	2.7435533850229e-06	9419.0	53.04720063084375	0.12	0.5837440381714311	0.39792832925633	25	-0.5458639171181799
SLC38A7	SLC38A7	0.0500580922341128	7672.0	0.366423685426364	0.366423685426364	8.44302005070256e-05	4090.0	23.031429537005746	0.08	0.4000640047545959	0.3330937710125886	25	-0.10099354072568517
ITGA4	ITGA4	0.14184529884459804	7671.0	0.36641279604378296	-0.36641279604378296	0.00905418615767031	11388.0	64.13765911907176	0.375	1.211656536732651	1.6842827441246735	24	-0.5018419523903296
PSMD11	PSMD11	0.000828599666638962	7670.0	0.36639989387261396	0.36639989387261396	2.0601090351108e-06	2093.0	11.783260110397656	0.08	0.4554620398861585	0.5371856879626261	25	-0.1657939666101844
RANBP17	RANBP17	0.0824210328864262	7669.0	0.366333969191343	0.366333969191343	0.000109399655026441	9951.0	56.04370846006533	0.2	0.6415094430298152	0.6027005673287923	25	-0.45657078946858737
RAB22A	RAB22A	0.00414067821126191	7668.0	0.36631912726491994	0.36631912726491994	1.4034788438891101e-08	8820.0	49.67331305621268	0.08	0.622090240874616	0.4300347313026206	25	-0.5947685035460701
PRDM16	PRDM16	0.25725592808054	7667.0	0.366277415905448	0.366277415905448	4.97445531364428e-07	12570.0	70.7953137321167	0.36	1.2603838069945652	1.6463282814198754	25	-0.5430911934028099
MUC19	MUC19	0.536218509691872	7666.0	0.36617146581772	-0.36617146581772	7.809183720979965e-06	16543.0	93.17336938154781	0.625	2.7375145913094854	2.616833138329902	24	-0.9061881289860111
ULBP3	ULBP3	0.347739770020519	7665.0	0.36605498551120297	0.36605498551120297	0.045054799916190005	2870.0	16.15973865044497	0.04	0.5772859196923045	0.9950177562126327	25	-0.21228860777833397
RBM34	RBM34	0.000246508867903606	7664.0	0.36590771616442097	0.36590771616442097	0.000985761403242772	7369.0	41.500506928016215	0.08	0.5079778700680386	0.43546750828426195	25	-0.326247426503467
UBE2Z	UBE2Z	0.00177502958792973	7663.0	0.365904900329916	0.365904900329916	0.00949974355150717	1846.0	10.392024332544779	0.04	0.31762234994920263	0.3758958340796582	25	0.1284466227164453
PHF1	PHF1	0.00123417338360398	7662.0	0.365881776889401	-0.365881776889401	5.40072466892906e-06	6505.0	36.63399797228793	0.12	0.6484397568806741	0.7394870929102607	25	-0.3820999483294058
FBXL18	FBXL18	0.0296488129746668	7661.0	0.3658189585928401	-0.3658189585928401	2.6474378257436397e-07	8624.0	48.5693364875521	0.2	0.7570203208000867	0.7626565985412574	25	-0.5129456205525558
BDKRB2	BDKRB2	0.379156259682562	7660.0	0.365780292774838	0.365780292774838	0.00013152031908974084	12746.0	71.7866396305058	0.375	1.1003317239405888	1.471872449328713	24	-0.4990591620223361
LCLAT1	LCLAT1	0.0035514683210411398	7659.0	0.36570812897229404	0.36570812897229404	2.50889917219411e-05	4012.0	22.592091922946942	0.16	0.5390670015204095	0.5650568488162603	25	-0.3067989936079629
TMEM242	TMEM242	0.00011320417065751101	7658.0	0.365603014670566	-0.365603014670566	0.00482965270957792	526.0	2.957080094626563	0.04	0.36046439368246724	0.4453139691456613	25	0.01153932134210216
H6PD	H6PD	0.0169504739487689	7657.0	0.36550081298580894	-0.36550081298580894	4.2305265021304e-05	7783.0	43.83237580263602	0.12	0.5758371802508226	0.6237090443733663	25	-0.3372347557928014
NAA15	NAA15	0.00920549954505264	7656.0	0.36548042529095703	0.36548042529095703	0.000206133808515428	4667.0	26.281401374338177	0.12	0.4626721676837273	0.3555440862981367	25	-0.27336059335064133
RTN4RL1	RTN4RL1	0.46838698279115404	7655.0	0.365477240687116	0.365477240687116	0.0037622295992097783	5744.0	32.347639968457806	0.20833333333333334	0.9962381599922975	1.8100497687366348	24	-0.3484771138339668
CEBPG	CEBPG	0.15856422949931798	7654.0	0.36547145891312605	0.36547145891312605	0.005029341510131629	3370.0	18.976005407232172	0.0	0.3360428118368	0.2815336980685062	25	0.10452975000230734
CD8B	CD8B	0.45029582709207294	7653.0	0.36543929984660295	-0.36543929984660295	1.203383554883455e-05	15304.0	86.19466035822913	0.5833333333333334	1.9861033787733262	2.1158837936036514	24	-0.7659513645437501
SLC7A3	SLC7A3	0.605106096361398	7652.0	0.36515844748646104	-0.36515844748646104	8.253623756204886e-06	17210.0	96.93026923510195	0.625	2.637414431681087	2.2997595099235295	24	-0.988040694859517
COQ9	COQ9	0.0009345294080604381	7651.0	0.36509886336080605	0.36509886336080605	3.35017879110565e-07	2854.0	16.06961811422778	0.04	0.36793514323163934	0.4509093959364875	25	-0.00629013255521691
SUSD1	SUSD1	0.0062908650677248705	7650.0	0.364954500062448	0.364954500062448	0.0853791524181623	908.0	5.108707896811986	0.08	0.4267384169032254	0.7232153984263755	25	-0.08542948197067059
ZFPM2	ZFPM2	0.32937683132837503	7649.0	0.36493460523378	-0.36493460523378	7.533798529080154e-05	10626.0	59.845668581728056	0.25	0.8171919641886257	0.7958419769578254	24	-0.5682753260686731
PIK3R2	PIK3R2	0.00126075763931772	7648.0	0.36485677765605395	0.36485677765605395	7.80814549508517e-06	7514.0	42.31722428748451	0.16	0.5816705756807997	0.481805497391659	25	-0.45000274840886284
C2orf68	C2orf68	0.0005087381156648691	7647.0	0.364806323383125	0.364806323383125	5.88709763165278e-06	3857.0	21.719049228342907	0.04	0.3933600749830658	0.4444952545844396	25	-0.06423859716260817
NDUFS8	NDUFS8	0.0133409677974923	7646.0	0.364726302749964	0.364726302749964	0.00225558990805389	3760.0	21.17269347752619	0.08	0.46396974150355275	0.6568384149829265	25	-0.15109262261429768
DIO3	DIO3	0.508265223431979	7645.0	0.36471596316537397	-0.36471596316537397	0.0003195982459780991	15631.0	88.03649881716795	0.5833333333333334	1.642082816220566	1.4606661722686678	24	-0.8745097800623532
CD3D	CD3D	0.418731377976863	7644.0	0.36470859432247205	-0.36470859432247205	0.0001378644785065835	15302.0	86.18339529120198	0.5833333333333334	2.032086904849628	2.559144921327033	24	-0.6515372758423328
FCHO1	FCHO1	0.20427314193386897	7643.0	0.364703038479359	0.364703038479359	4.03156314727881e-08	12914.0	72.7329052607863	0.28	1.0634190543418276	1.159580614869149	25	-0.6025592415938361
KLLN	KLLN	0.0820218039505987	7642.0	0.36444776767711795	0.36444776767711795	0.0132789885426084	5448.0	30.68041004843979	0.08	0.6582297324418641	0.8106856195287984	25	-0.36238704337139166
ZNF132	ZNF132	0.0607421771063936	7641.0	0.36435411787981703	-0.36435411787981703	0.00759065498345631	4986.0	28.078179565168412	0.16666666666666666	0.79867591928741	1.4810647720770942	24	-0.2932497008881561
FAM122A	FAM122A	0.00159504687092069	7640.0	0.364296508608093	-0.364296508608093	0.000111244587469846	3650.0	20.553114791033007	0.04	0.39173300242133413	0.44772260615005877	25	-0.06128011727879009
LRRC61	LRRC61	0.12046982090965301	7639.0	0.364251366668463	0.364251366668463	0.0014210485408234698	4940.0	27.81908302354399	0.12	0.6944477933104932	1.0244807654021304	25	-0.322306125984143
CTSA	CTSA	0.0390345207616015	7638.0	0.36422013658865293	0.36422013658865293	0.0306931293673628	858.0	4.827081221133266	0.12	0.364535590150549	0.4596384989850352	25	-0.0006863079628721902
C2CD2	C2CD2	5.603711651127521e-05	7637.0	0.36418895307679794	0.36418895307679794	0.000169097702424861	3172.0	17.86076377154444	0.12	0.518268751211512	0.6786426984708711	25	-0.22704111969654892
HERC5	HERC5	0.009406598146228391	7636.0	0.364159433355406	0.364159433355406	0.23716978359380397	1683.0	9.47392136983215	0.12	0.5790479453344414	1.016814613659802	25	-0.21133499567398145
SQSTM1	SQSTM1	0.0760416637029671	7635.0	0.364013399993731	0.364013399993731	0.000153851167019435	7342.0	41.34842852314971	0.08	0.5395496408388895	0.7966404580925498	25	-0.2203456265144464
CIART	CIART	0.355065591342776	7634.0	0.364004274553935	0.364004274553935	0.0127362011368384	7401.0	41.6807480004506	0.08333333333333333	0.5492899219324016	0.6603390847317366	24	-0.280591671252867
PML	PML	0.0006260359575133259	7633.0	0.36397450013371796	-0.36397450013371796	0.000706429139230805	3733.0	21.020615072659684	0.12	0.4364375865512165	0.5687506419075357	25	-0.12740748067459623
MFSD14B	MFSD14B	1.48648523992949e-05	7632.0	0.3639561128725661	-0.3639561128725661	0.0041632324373243	2488.0	14.008110848259546	0.08	0.4863251836978172	0.5831420068204093	25	-0.20984437648810508
ZNF674.AS1	ZNF674.AS1	0.131306603719135	7631.0	0.363949341864724	0.363949341864724	0.0262656900541835	4099.0	23.082122338627915	0.041666666666666664	0.41055131138892526	0.5216842404831867	24	-0.08932983959998153
TRPM3	TRPM3	0.583135190632832	7630.0	0.36364770292359705	0.36364770292359705	4.469926789278175e-05	15460.0	87.07333558634673	0.625	1.6467883452632268	1.3654258637177747	24	-0.9397365880018568
TADA1	TADA1	0.00117904309333925	7629.0	0.363644721608713	0.363644721608713	8.90106720060699e-06	5617.0	31.632308212233863	0.08	0.5278706936175941	0.6951445097849752	25	-0.23624724024603191
ISLR2	ISLR2	0.465320907820104	7628.0	0.363592457796928	0.363592457796928	1.1666748952580916e-08	16102.0	90.6894221020615	0.625	1.7761004614557623	1.3353796273830483	24	-1.0577576403699784
PTP4A1	PTP4A1	0.196503578548208	7627.0	0.363590182059534	-0.363590182059534	0.00201425489877696	3333.0	18.767601667229922	0.04	0.4173374484042769	0.4852694251522508	25	-0.11075757828319802
FAM184B	FAM184B	0.000345288260016854	7626.0	0.363371933230746	0.363371933230746	0.003591787299815	475.0	2.669820885434268	0.04	0.3329578235045052	0.3032481702984168	25	0.10029445419674343
LRRC75B	LRRC75B	0.24867686125237498	7625.0	0.36336303435406	0.36336303435406	0.0052579893943234205	5361.0	30.190379632758816	0.16	0.8599435768325	1.6452400807672545	25	-0.30182861959384105
GOT2	GOT2	0.0013661147293988801	7624.0	0.36332075661646596	0.36332075661646596	8.410392785374591e-05	2508.0	14.120761518531035	0.0	0.29153390706469795	0.2056877141772202	25	0.349008932492276
ZNF747	ZNF747	0.0158524999158078	7623.0	0.36328850054201395	0.36328850054201395	0.0006886124395159031	3261.0	18.362059254252564	0.08	0.36981591181549384	0.31199264353507394	25	-0.020921683279195916
ATXN7L2	ATXN7L2	0.0218633816776663	7622.0	0.36324932141307703	-0.36324932141307703	7.02913706594396e-14	11235.0	63.27588149149487	0.16	0.7899002951488769	0.7640368681104169	25	-0.5584167355575061
CTSO	CTSO	0.00135926394350253	7621.0	0.36317548632675795	-0.36317548632675795	1.1804629452174197e-07	7098.0	39.97409034583755	0.20833333333333334	0.89823449817532	1.528263133331566	24	-0.35010921887656227
SPACA9	SPACA9	0.226831168704834	7620.0	0.363145662327644	-0.363145662327644	0.014545271428335699	7301.0	41.11749464909316	0.16666666666666666	0.8534146712100174	1.3592850087260115	24	-0.3606815389966505
FZD7	FZD7	0.308249080764177	7619.0	0.36310815133504704	-0.36310815133504704	1.08362240184976e-07	10764.0	60.622958206601325	0.24	1.0006832289501535	1.4818616048433302	25	-0.4302527817248589
ZNF564	ZNF564	0.00263678437409135	7618.0	0.362843197902681	0.362843197902681	4.850792790897779e-07	10130.0	57.051931958995155	0.0	0.5042482601685467	0.2977333496047693	25	-0.4749386068224337
PTPN12	PTPN12	0.000293021287535121	7617.0	0.36281159391282497	-0.36281159391282497	0.000318130122855504	7050.0	39.70372873718598	0.12	0.5013202952180253	0.3925389898182415	25	-0.35285335953336633
FITM1	FITM1	0.163369999711367	7616.0	0.3626098332915039	-0.3626098332915039	3.7588545897190874e-06	15089.0	84.98366565281063	0.625	1.6183564313447307	1.419264861240502	24	-0.8847866471911713
FLVCR1	FLVCR1	0.0116308184675193	7615.0	0.362591644540483	0.362591644540483	0.000225724968083869	4914.0	27.672637152191054	0.0	0.34586940251654547	0.25045500820003475	25	0.06676744914831852
TSC1	TSC1	0.00169890638457518	7614.0	0.36258953509157	-0.36258953509157	0.000416437395921398	3196.0	17.995944575870226	0.04	0.3909989719696837	0.4205340716266579	25	-0.06755561271937809
CENPO	CENPO	0.0032695330746831	7613.0	0.36253757526448294	-0.36253757526448294	0.00138296668191024	4367.0	24.591641320265857	0.12	0.444672424402753	0.4503128817695845	25	-0.18239506899182317
EPB41L1	EPB41L1	0.15213593902594	7612.0	0.362474798814519	0.362474798814519	0.022411932414406	6390.0	35.986256618226875	0.08	0.7962341059650262	1.31843857987878	25	-0.3289947015888961
NACA2	NACA2	0.012981291451937998	7611.0	0.36243824663315793	0.36243824663315793	0.0013014535729293571	7303.0	41.12875971612031	0.125	0.7602375180128398	1.2195519065842098	24	-0.3261847808461557
HINT1	HINT1	0.0225592592945319	7610.0	0.36235104709795796	0.36235104709795796	3.43321417342102e-11	10324.0	58.144643460628586	0.08	0.5989443185071279	0.44572488931131315	25	-0.5308056092060033
ZNF77	ZNF77	0.0147765093905726	7609.0	0.362331746498429	-0.362331746498429	8.96561479764721e-06	5059.0	28.489354511659343	0.04	0.4982593115129763	0.556528271552636	25	-0.24424197648634896
FCN2	FCN2	0.536353364867429	7608.0	0.36222480760642795	-0.36222480760642795	0.00509193072687022	15904.0	89.57418046637378	0.5217391304347826	1.9719272043998932	1.7831331260365308	23	-0.9027382046182049
HINFP	HINFP	0.000209174065964989	7607.0	0.36213297998123206	0.36213297998123206	4.64908913150754e-06	1760.0	9.907626450377379	0.04	0.3600225401979179	0.49538201969595075	25	0.00426022685403373
ITGB1BP1	ITGB1BP1	0.000994062348639639	7606.0	0.362111920276813	-0.362111920276813	5.4729458053647695e-12	8871.0	49.96057226540498	0.12	0.5892771644495378	0.71093697330714	25	-0.3195293713815396
C19orf25	C19orf25	0.0028100404359835	7605.0	0.36206120222506105	-0.36206120222506105	0.007908177991711741	1591.0	8.955728286583303	0.04	0.36724819510573603	0.455106625948952	25	-0.011397313475406946
CRELD2	CRELD2	0.11121257549959801	7604.0	0.362059592214346	0.362059592214346	0.0457661160663894	139.0	0.777289624873268	0.08	0.34963090214173465	0.5310543413500961	25	0.023403800901079165
TRIM11	TRIM11	0.00465637127654349	7603.0	0.362010224030895	0.362010224030895	0.0057067373703760605	735.0	4.134279598963614	0.04	0.30891820367807094	0.4223652800756688	25	0.12570166833626184
ERAL1	ERAL1	0.00152541233930019	7602.0	0.361941155289083	0.361941155289083	1.08001053498887e-06	2089.0	11.760729976343358	0.12	0.5574173345160095	0.8481022484403158	25	-0.23048657114918958
ZNRF2	ZNRF2	0.0199523839259746	7601.0	0.361908727245545	0.361908727245545	0.0155956321246197	3792.0	21.352934549960572	0.08	0.4512653945995669	0.4919435545313599	25	-0.1816400815316011
RNF41	RNF41	0.000351201316423568	7600.0	0.36187544603947497	-0.36187544603947497	0.000878562493244024	1923.0	10.825729413090007	0.04	0.2981624329615972	0.33988425021645596	25	0.18745503222730087
CARD8.AS1	CARD8.AS1	0.12866510333005	7599.0	0.36178304343381895	-0.36178304343381895	0.23097175101947498	138.0	0.7716570913596935	0.125	0.6252881257386634	1.2687529882477073	24	-0.20768824565983887
DBH.AS1	DBH.AS1	0.45350264636971993	7598.0	0.361776057013591	-0.361776057013591	4.551501063633102e-07	16789.0	94.55897262588712	0.6666666666666666	1.993655321444801	1.3978292942341337	24	-1.1674381637031805
MAS1L	MAS1L	0.56130249666099	7597.0	0.36157723028905103	-0.36157723028905103	0.000576626271485608	14497.0	81.64920581277458	0.5652173913043478	1.3013351256683605	1.0472284882049414	23	-0.897376175270167
MAP2K7	MAP2K7	0.000972838923384184	7596.0	0.36156661949380703	-0.36156661949380703	9.5189159874522e-10	11052.0	62.245127858510756	0.36	1.2510833330278996	1.5918680203928612	25	-0.5587879787386938
TMEM126A	TMEM126A	0.0076550599019154	7595.0	0.36149208062349103	0.36149208062349103	3.66369593885967e-07	9444.0	53.18801396868311	0.12	0.64128604481533	0.5030944784786203	25	-0.5561459649446923
USP45	USP45	0.00759063262307722	7594.0	0.361417276789497	0.361417276789497	3.53774593756721e-06	7702.0	43.37614058803649	0.04	0.4447786131811292	0.29651346417482105	25	-0.2811384522575451
AFF4	AFF4	0.0348023219223298	7593.0	0.361388690011573	0.361388690011573	0.0487707688606647	429.0	2.4107243438098456	0.04	0.3080072458762417	0.32787026745726217	25	0.16281270195471312
ARMCX6	ARMCX6	0.029738031976901	7592.0	0.361353577306651	0.361353577306651	1.43627716322846e-07	4476.0	25.205587473245465	0.12	0.7129520508147695	1.3800316499906293	25	-0.2547756593194844
C12orf76	C12orf76	0.0163646529737956	7591.0	0.361153294270917	0.361153294270917	0.0043790244988865705	176.0	0.985693364875521	0.04	0.269309529200993	0.41067223208139586	25	0.2236425009902312
EPHA2	EPHA2	0.310399069444648	7590.0	0.361136608164664	-0.361136608164664	0.0295615155595139	7963.0	44.846231835079415	0.24	0.7092790200996987	0.8838065471960338	25	-0.3939124608655049
TIAM2	TIAM2	0.0130804050403961	7589.0	0.361076533932433	0.361076533932433	0.0443448251319815	311.0	1.7460853892080657	0.04	0.29077161050776135	0.3053488455464549	25	0.23024460203493927
OPA1	OPA1	0.000258132248362986	7588.0	0.36103586329392107	0.36103586329392107	7.996783863084741e-05	9090.0	51.19409710487777	0.08	0.5098436630022383	0.32934035962246494	25	-0.4518359058054746
HRH4	HRH4	0.51906798309151	7587.0	0.36079931526397496	0.36079931526397496	0.000289173399583201	12754.0	71.83169989861439	0.375	1.2186103315644674	1.445678124555863	24	-0.5933623824902425
ZNF417	ZNF417	0.00071779470399725	7586.0	0.360782190340885	0.360782190340885	0.0028052690315201897	2871.0	16.165371183958545	0.16	0.43356310806268944	0.5088966819572043	25	-0.14301708048457068
ZNF333	ZNF333	0.0038553915795825297	7585.0	0.3607008256654529	-0.3607008256654529	0.0230894112550091	1484.0	8.353047200630844	0.04	0.29259120896881674	0.2705955476812901	25	0.25170265098691236
CHD4	CHD4	3.33704485159125e-06	7584.0	0.360592968228432	0.360592968228432	0.0112522993663907	1074.0	6.0437084600653375	0.04	0.28301463611061495	0.3253846383606319	25	0.2384203892005346
HPSE	HPSE	0.157086569285172	7583.0	0.36056429116828903	0.36056429116828903	0.007542176793577559	2733.0	15.388081559085276	0.16	0.620267182220667	1.0601670568752055	25	-0.24496412086019775
ARL8B	ARL8B	0.00472065593612886	7582.0	0.3605008542269821	-0.3605008542269821	6.19164292646401e-06	7705.0	43.393038188577215	0.08	0.6214308283615574	0.8310529001549403	25	-0.31397516823047955
BCL7C	BCL7C	0.023253968996160997	7581.0	0.360448161301774	0.360448161301774	0.00364338392761833	2036.0	11.462205700123915	0.0	0.2589477083852481	0.1930143569797668	25	0.5258699637932421
HERPUD1	HERPUD1	0.0386224422378026	7580.0	0.360373489875399	0.360373489875399	3.66853586695169e-08	9710.0	54.6862678832939	0.12	0.5889734137377429	0.36783948179196707	25	-0.6214665232473043
GPR75	GPR75	0.0999311692405504	7579.0	0.36035392303539	-0.36035392303539	0.0102036974988866	2029.0	11.422777965528894	0.16	0.5627982937201854	0.7702504298952543	25	-0.2628292862002371
SLC25A25.AS1	SLC25A25.AS1	0.136959573926963	7578.0	0.36022823335858395	-0.36022823335858395	0.011914134200160001	1797.0	10.116030190379632	0.04	0.32990395022960606	0.2966457585599585	25	0.10222388911334696
MAP3K7	MAP3K7	0.000539436835691395	7577.0	0.36008239816936605	0.36008239816936605	0.0182006249392994	1557.0	8.764222147121774	0.04	0.29098262231065886	0.2656505651839336	25	0.26011529774409947
GAS5	GAS5	0.25648900650440903	7576.0	0.35980578145561604	0.35980578145561604	0.0053770958046996074	12937.0	72.8624535315985	0.375	1.5894360581681202	2.1518914254994477	24	-0.5714183634646486
PDCL	PDCL	0.00285150542925639	7575.0	0.359733518529265	-0.359733518529265	4.7786449299880404e-08	8047.0	45.31936465021966	0.16	0.58442548929414	0.6560375740920074	25	-0.3424986306247187
TNFRSF13C	TNFRSF13C	0.709342396204768	7574.0	0.359721747222284	0.359721747222284	5.107601666172845e-10	15829.0	89.15174045285569	0.6666666666666666	1.6616640418448982	1.5769298021686053	24	-0.8256184218423507
MRAP2	MRAP2	0.468580787273745	7573.0	0.35971940875165903	-0.35971940875165903	0.01008481718374359	8213.0	46.254365213473015	0.125	0.7721557231911587	0.9832120223991472	24	-0.41947851027401895
DNASE1L1	DNASE1L1	0.00156699831751534	7572.0	0.35968862659253203	-0.35968862659253203	0.00331597189626494	2427.0	13.664526303931508	0.08	0.43552223461823636	0.5732668190183887	25	-0.13228326759876854
SIRT4	SIRT4	0.285964459335248	7571.0	0.359682306851371	0.359682306851371	0.00513924590861378	8614.0	48.513011152416354	0.08333333333333333	0.5631954870799404	0.7154319781524506	24	-0.2844619564729646
KCND1	KCND1	0.0177758646808402	7570.0	0.35963146783759997	0.35963146783759997	2.1239424522125952e-07	7750.0	43.64650219668807	0.08333333333333333	0.7356882758627868	1.1180735687129904	24	-0.3363435274282212
HDAC3	HDAC3	0.00300864056167528	7569.0	0.359520315821464	0.359520315821464	0.0178606638870621	304.0	1.7066576546130448	0.04	0.24490873232661578	0.2661809225584826	25	0.43057775288034367
ZNF226	ZNF226	5.63584502457644e-05	7568.0	0.359482297348425	0.359482297348425	1.0053821344136e-06	11566.0	65.140250084488	0.12	0.8827928246694958	1.1226862323033455	25	-0.46612358133886356
SELENON	SELENON	0.0111156911196157	7567.0	0.35930189030782395	-0.35930189030782395	3.51002268301305e-07	9977.0	56.19015433141827	0.16	0.6280159025041497	0.45839992822134146	25	-0.5861999438764647
R3HCC1	R3HCC1	0.000147542234419793	7566.0	0.359294606368341	-0.359294606368341	0.000427115309353637	1047.0	5.891630055198829	0.08	0.36611982005491184	0.3753330530546214	25	-0.01818441949363195
AP5M1	AP5M1	0.0303545143150906	7565.0	0.35928547113134296	0.35928547113134296	6.36331359835397e-05	6156.0	34.66824377605047	0.08	0.5011081232158163	0.4284692122972009	25	-0.3309984662004147
GBE1	GBE1	0.155685298236189	7564.0	0.35926235322861605	0.35926235322861605	0.0022989711792243	3514.0	19.787090233186888	0.0	0.3957521651915837	0.2997469352541363	25	-0.1217353963336781
BRI3	BRI3	0.0129500178847844	7563.0	0.359210783839636	-0.359210783839636	0.0606296871140619	572.0	3.2161766362509856	0.08	0.3343978958055721	0.5330517337000077	25	0.0465487427680484
SPTBN5	SPTBN5	0.208933891886348	7562.0	0.359137298684765	-0.359137298684765	3.1339595530747304e-07	11804.0	66.48079306071871	0.3333333333333333	1.2903922362915998	1.7430494445453852	24	-0.5342676540364699
PPP2R2A	PPP2R2A	0.0215115412415149	7561.0	0.359114837703925	0.359114837703925	0.00253897683359341	2888.0	16.26112425368931	0.12	0.4502749500673615	0.5185724950179148	25	-0.1757904887730061
NKRF	NKRF	0.0101907424116369	7560.0	0.35908783517033205	0.35908783517033205	3.31718940199455e-05	2571.0	14.475611129886222	0.04	0.3910798645335127	0.5237844282805157	25	-0.061078618675634085
SRP19	SRP19	0.0223059506113527	7559.0	0.359012988489899	0.359012988489899	1.8794395005522999e-06	9234.0	52.005181930832485	0.12	0.6351266272641478	0.4601710061198877	25	-0.600023980438075
MDFI	MDFI	0.0345736466540092	7558.0	0.35900153013745895	0.35900153013745895	3.2001401251707697e-06	13249.0	74.61980398783372	0.48	1.6073552700985385	1.6455799996898512	25	-0.7586101801166528
FBXO38	FBXO38	0.0111325280478473	7557.0	0.35893546843297797	0.35893546843297797	0.00261417847586765	4894.0	27.559986481919566	0.08	0.4985935457336279	0.6368544557865974	25	-0.2192935544875072
PITPNA	PITPNA	5.9075389282026e-05	7556.0	0.35883299066506497	-0.35883299066506497	0.0070273786907901	351.0	1.971386729751042	0.08	0.32131731411932796	0.5248670974240165	25	0.07147652563831751
ALX3	ALX3	0.0429978932577349	7555.0	0.35874099516618796	-0.35874099516618796	6.4483523646817696e-06	17134.0	96.50219668807028	0.5833333333333334	2.317909881104186	1.5918809149027946	24	-1.2307257833150358
NCOA2	NCOA2	0.0390789616362019	7554.0	0.35871886281509796	0.35871886281509796	0.0049805838151624	1603.0	9.023318688746198	0.04	0.37553499237295346	0.5208370691561666	25	-0.03228673716542512
FCHO2	FCHO2	0.0303000006289416	7553.0	0.35870145513363794	0.35870145513363794	1.22272492653962e-07	9980.0	56.20705193195899	0.12	0.6806521377011954	0.6995112491669269	25	-0.46025090082679887
IQCH	IQCH	0.165085046878896	7552.0	0.35864789668720604	0.35864789668720604	5.520721388868429e-10	12721.0	71.64582629266644	0.16	0.7785295874219612	0.4350557120463113	25	-0.9651216593843023
LINC01146	LINC01146	0.406217641960927	7551.0	0.3585394070633571	-0.3585394070633571	8.749857411838725e-05	16182.0	91.14002478314745	0.5833333333333334	1.6817085578852968	1.2245431436065481	24	-1.0805410636042732
STAMBP	STAMBP	4.1436176754695203e-08	7550.0	0.35848366389132297	0.35848366389132297	5.33851991026466e-06	5904.0	33.24884533062971	0.08	0.4509031887520176	0.4067924434781953	25	-0.22719085947241416
TSTD2	TSTD2	0.000232173213175975	7549.0	0.35843007582582104	-0.35843007582582104	0.0670913023651485	74.0	0.4111749464909316	0.04	0.2096836781290617	0.21786504236107926	25	0.682745593715921
CIPC	CIPC	0.0015322263166889	7548.0	0.35835986368667794	0.35835986368667794	0.000141367883761152	4220.0	23.76365889377042	0.08	0.453794384928481	0.5288024136716658	25	-0.18047293048298851
B3GAT3	B3GAT3	0.0500076336147245	7547.0	0.35821677289278203	0.35821677289278203	0.018655570720311	189.0	1.0589163005519882	0.12	0.41655726865823445	0.6349668357700848	25	-0.09187959508892671
JTB	JTB	0.000320642916116493	7546.0	0.358190458539136	0.358190458539136	2.14623592984059e-06	7291.0	41.061169313957414	0.0	0.37954581196842185	0.2085595395114089	25	-0.10239451755270892
RAB7A	RAB7A	0.00430214273812002	7545.0	0.358189145684945	-0.358189145684945	0.00367956440529625	1855.0	10.442717134166948	0.12	0.3996965975425284	0.4525826787118034	25	-0.091712418106073
MTG2	MTG2	0.021968701363491	7544.0	0.35793494779782203	0.35793494779782203	0.0101796625919375	291.0	1.6334347189365774	0.04	0.37258198996690517	0.6435487578071918	25	-0.022759801788742498
RAB11A	RAB11A	0.0005665781521472469	7543.0	0.35780106878271	-0.35780106878271	2.0380679461513502e-09	9866.0	55.56494311141151	0.12	0.5350650584961556	0.5318737842683577	25	-0.3332820585569729
ZCCHC17	ZCCHC17	0.008191621932698021	7542.0	0.35779591658353	0.35779591658353	0.00044045955582619007	4287.0	24.141038639179904	0.04	0.3973100158565695	0.4609235904017677	25	-0.08572809050323661
DCDC2	DCDC2	0.435541003815161	7541.0	0.35777229302876207	-0.35777229302876207	0.0440959502359953	10627.0	59.85130111524163	0.25	0.9626707226292797	1.1824939452978704	24	-0.5115446315863744
DCAF16	DCAF16	0.00840148102272283	7540.0	0.35775675682252706	0.35775675682252706	0.0514586605017812	96.0	0.5350906837895685	0.08	0.3794922208778615	0.811288048308199	25	-0.02679130316372834
ARFGEF2	ARFGEF2	0.0498050093178198	7539.0	0.357723059570103	0.357723059570103	0.000215246162969796	7748.0	43.635237129660915	0.2	0.5760234695025931	0.6370065754290323	25	-0.34269726303133047
WDR75	WDR75	5.102461004055279e-05	7538.0	0.357693689169334	0.357693689169334	0.000246525659149877	6864.0	38.656077503661145	0.08	0.5041447441777962	0.5195221926315419	25	-0.2818956669909364
STMN3	STMN3	0.24532280721858396	7537.0	0.357529817606832	0.357529817606832	1.0956381687167054e-11	12780.0	71.97814576996733	0.4166666666666667	1.1524078496069934	1.188524816174368	24	-0.6687938031943838
PANK1	PANK1	0.0308547025138063	7536.0	0.35749538226027294	0.35749538226027294	0.0290794267323144	1171.0	6.590064210882055	0.12	0.5831132521443432	0.9955586998878952	25	-0.22662437675395322
NOC3L	NOC3L	7.96235414226801e-06	7535.0	0.35746724244660294	0.35746724244660294	3.4414982567644604e-05	7574.0	42.65517629829897	0.08	0.567335688363928	0.5615127041587245	25	-0.3737554722501896
GSPT2	GSPT2	0.0315570895097999	7534.0	0.35739346444642606	0.35739346444642606	3.9732303982165454e-05	5034.0	28.348541173819985	0.16666666666666666	0.8475806513492437	1.34372039297658	24	-0.36479850232604244
SLC25A5	SLC25A5	0.000429839185541818	7533.0	0.357363325946915	0.357363325946915	1.2643277847068801e-11	8216.0	46.27126281401374	0.16	0.6130331828825553	0.598361725223288	25	-0.42728310678667336
ZNF250	ZNF250	0.0467457568132459	7532.0	0.357356193491174	0.357356193491174	8.761600165380541e-05	2458.0	13.839134842852314	0.0	0.31714357599919096	0.2525710334342108	25	0.1592131011431187
BAHD1	BAHD1	0.000985043112618111	7531.0	0.35720927027955895	-0.35720927027955895	3.9151697717798703e-07	10873.0	61.23690435958093	0.16	0.7008265432465213	0.520356976623473	25	-0.6603491226285635
ERI3	ERI3	0.0725323690762043	7530.0	0.357138656536889	0.357138656536889	0.009420062589014129	954.0	5.3678044384364085	0.04	0.27408181367246803	0.27334153314852133	25	0.3038573827684344
CD14	CD14	0.252124272246335	7529.0	0.35710831602858795	-0.35710831602858795	0.0007563509217443085	14261.0	80.31992790357103	0.5833333333333334	1.3524188951447906	1.6546219762772114	24	-0.6015335184629814
HTR6	HTR6	0.586404194735451	7528.0	0.357047069683911	-0.357047069683911	3.188691517820625e-06	15328.0	86.32984116255491	0.5833333333333334	1.6106094777476547	1.1623309441243495	24	-1.0784900930329477
ZNF277	ZNF277	0.00850787228067728	7527.0	0.35698594065547207	0.35698594065547207	2.28485170484852e-07	9541.0	53.734369719499824	0.04	0.5325959728081767	0.28516961089301296	25	-0.6158090674626205
NR3C2	NR3C2	0.129484957058468	7526.0	0.35694937474919	-0.35694937474919	0.0041856962054520105	2391.0	13.461755097442829	0.12	0.4806376750121728	0.5059584515539767	25	-0.24446335441792202
CHMP1A	CHMP1A	0.0103696962772499	7525.0	0.356949320783206	-0.356949320783206	0.0010058252083930401	3157.0	17.776275768840826	0.12	0.42909551257740597	0.4795633258584351	25	-0.15044142849133793
PRKAA2	PRKAA2	0.264492150853975	7524.0	0.35691651296362104	0.35691651296362104	0.00151502026975692	9687.0	54.55671961248169	0.16666666666666666	0.6245028415247628	0.5240673465523851	24	-0.5105953086401542
INE1	INE1	0.0331721663406402	7523.0	0.35688122470897704	0.35688122470897704	0.00356346789145054	2522.0	14.199616987721075	0.12	0.5599534848460063	0.9497663646504084	25	-0.2138128572407135
SEC31A	SEC31A	1.3701240224808698e-05	7522.0	0.35681033662767603	0.35681033662767603	0.000108985997202948	7868.0	44.311141151289846	0.16	0.496178454262786	0.3655743037398019	25	-0.3812306177140543
PLEKHA5	PLEKHA5	0.0763555058845925	7521.0	0.356797035636405	0.356797035636405	0.000176178206801027	7530.0	42.4073448237017	0.08	0.4751167223704105	0.42279696152989993	25	-0.2798498984142723
SERPINF2	SERPINF2	0.394254058927565	7520.0	0.356644609334959	0.356644609334959	4.800069714040407e-07	17044.0	95.99526867184859	0.7916666666666666	2.3832848325682066	1.9633974455791188	24	-1.0322108892402448
GYS2	GYS2	0.559013794230248	7519.0	0.35659432756161497	-0.35659432756161497	0.0012691877308948377	16484.0	92.84104990424693	0.6818181818181818	2.341899317589254	2.231748243794636	22	-0.8895739004378155
LEPROT	LEPROT	0.0014680059717772	7518.0	0.356454711505201	-0.356454711505201	1.17119642379665e-09	6856.0	38.611017235552545	0.04	0.48059905986264345	0.37530452457105645	25	-0.33078297816774166
RASD2	RASD2	0.168643410552087	7517.0	0.35639413399928205	-0.35639413399928205	6.53591219535773e-05	12181.0	68.60425819533626	0.3333333333333333	1.161383736825342	1.6953615252471672	24	-0.4748188459147085
HAUS7	HAUS7	0.041527983925682	7516.0	0.35636222458962297	-0.35636222458962297	0.00081172770853678	764.0	4.297623070857272	0.08	0.4959797400626142	0.8707408079886503	25	-0.160343369912222
KCNQ4	KCNQ4	0.45139255442292997	7515.0	0.356350860517554	-0.356350860517554	1.8754374525812935e-07	14233.0	80.16221696519094	0.5833333333333334	1.3151114493215996	1.1924648150558586	24	-0.8040158306550407
RFX3	RFX3	0.12366915243790799	7514.0	0.356265328657243	-0.356265328657243	7.898344419859459e-05	7268.0	40.931621043145206	0.08	0.49704688133232294	0.4617647078941786	25	-0.3048772465030881
RIT1	RIT1	0.0266425476826632	7513.0	0.35621650841866503	0.35621650841866503	5.08541053030246e-06	5525.0	31.114115128985016	0.08	0.5447117494844937	0.7133445062416054	25	-0.26424152624228175
ZRANB2.AS1	ZRANB2.AS1	0.0596628809326449	7512.0	0.35621483995923103	0.35621483995923103	0.000340055421469482	3498.0	19.6969696969697	0.08	0.39828705251963215	0.36924424931290106	25	-0.11394141584788427
TRAPPC11	TRAPPC11	0.000321466693581131	7511.0	0.356193020187073	0.356193020187073	0.00014259267928702	5155.0	29.03007772896249	0.08	0.49240848130352055	0.6048050568692716	25	-0.22522209358095777
ICOSLG	ICOSLG	0.12094861417445801	7510.0	0.35606743741012203	-0.35606743741012203	0.0006987885767630559	5978.0	33.66565281063422	0.08	0.44777219680583696	0.38336379507903967	25	-0.23921079813185747
PRSS53	PRSS53	0.14927712911149402	7509.0	0.35604545061610104	0.35604545061610104	3.3014970057361696e-07	10848.0	61.09609102174157	0.2916666666666667	0.8637572218187537	0.8710668153739238	24	-0.5828620287695229
SERBP1	SERBP1	0.00057784124066337	7508.0	0.3560335934495779	0.3560335934495779	0.00651573845058468	2041.0	11.490368367691786	0.08	0.32418362575275567	0.3084548980457487	25	0.10325648222353206
CDKN1B	CDKN1B	0.00204378703647686	7507.0	0.35602656792094106	-0.35602656792094106	0.000356473664575773	7804.0	43.950659006421084	0.2	0.6852489426451694	0.8150074801815276	25	-0.40395012650791906
CGN	CGN	0.0343200853370748	7506.0	0.35601713973771704	-0.35601713973771704	0.0446636764431204	8571.0	48.270812211332654	0.16	0.6958543369728218	0.6256592157675218	25	-0.5431666131828852
KMT2D	KMT2D	0.0164541132858528	7505.0	0.35600571819599003	-0.35600571819599003	2.3826209434210296e-08	12753.0	71.82606736510081	0.24	0.8275696740646015	0.6982732680420158	25	-0.6753286678020688
SNTB2	SNTB2	0.0200894063578253	7504.0	0.35596896603111894	-0.35596896603111894	0.00017227292760951102	3884.0	21.87112763320942	0.12	0.5183012010131596	0.5980441541098949	25	-0.27143854490752356
IQGAP2	IQGAP2	0.15867382293383803	7503.0	0.355945489839579	0.355945489839579	0.024490735280625852	5968.0	33.609327475498475	0.08333333333333333	0.539926413931417	0.8393330179263659	24	-0.21919895936701794
CNGA3	CNGA3	0.5182070762454289	7502.0	0.355911823649865	0.355911823649865	0.00361588177701578	13967.0	78.66396305058015	0.4782608695652174	1.4845353004816098	1.287469140187343	23	-0.8766217702643464
CENPBD1	CENPBD1	0.0129027362381783	7501.0	0.35576323472870297	0.35576323472870297	0.000247909783710397	5476.0	30.83812098681987	0.08	0.3633470127836652	0.36301775601180813	25	-0.020890928692522577
MCM3	MCM3	0.00235911046340697	7500.0	0.355728740086142	0.355728740086142	0.0191835681499072	523.0	2.9401824940858394	0.08	0.4282462460784111	0.6465958058314063	25	-0.1121527627279063
SEBOX	SEBOX	0.692811903336677	7499.0	0.35564454197944895	0.35564454197944895	0.0935378832733967	13892.0	78.24152303706207	0.3333333333333333	1.056423568472253	0.6967486168849646	24	-1.0057845964960197
RP9	RP9	0.00166710178446921	7498.0	0.355569710106716	0.355569710106716	0.0172172200538057	421.0	2.3656640757012504	0.04	0.315441293332278	0.428825855776357	25	0.09357741897766059
KDM6A	KDM6A	0.0220751492619648	7497.0	0.35555388254415793	0.35555388254415793	0.000286409103945349	3388.0	19.077391010476514	0.16	0.43024393265578814	0.46871614986376636	25	-0.15935028083273658
CASKIN1	CASKIN1	0.0238899172000104	7496.0	0.35553217421509103	0.35553217421509103	2.76615007622836e-08	10162.0	57.23217303142953	0.28	0.7915610816116664	0.6108263754446169	25	-0.7138344461291353
ATP12A	ATP12A	0.666069482047147	7495.0	0.355513505483855	-0.355513505483855	0.0036457473109903203	16093.0	90.63872930043934	0.6086956521739131	2.3680118860589268	2.29294527536534	23	-0.8776914138321144
POLD4	POLD4	0.0286455066562141	7494.0	0.355333966556029	0.355333966556029	0.0794174731081045	1134.0	6.381660470879802	0.12	0.44170744639041504	0.5749904022547145	25	-0.1502172549240631
GARNL3	GARNL3	0.0571170577028428	7493.0	0.355272567695368	-0.355272567695368	0.0329268965313723	1979.0	11.141151289850173	0.04	0.3959468878751365	0.5402114679653097	25	-0.07529332972690689
PLG	PLG	0.32665675701840996	7492.0	0.35524939421408896	-0.35524939421408896	1.09045326720067e-05	17629.0	99.29030077728962	0.7272727272727273	3.530322767074706	2.529208969900967	22	-1.255362214291427
ADAM20P1	ADAM20P1	0.314814907658226	7491.0	0.355122190460736	-0.355122190460736	0.0613228246744391	4711.0	26.52923284893545	0.08333333333333333	0.46221262330169527	0.45430215133793106	24	-0.23572512814560814
TTLL6	TTLL6	0.549754373423216	7490.0	0.355099413381413	0.355099413381413	0.0396509937326076	6926.0	39.00529458150275	0.2	0.962129811558275	1.3788462289798131	25	-0.44024517413083436
COL4A1	COL4A1	0.295388478504383	7489.0	0.355063671246901	-0.355063671246901	7.071626246221325e-05	11888.0	66.95392587585896	0.4166666666666667	1.2597426508471232	1.6103350870893887	24	-0.5617954839668745
TRIM7	TRIM7	0.450098828925867	7488.0	0.35505783166325106	-0.35505783166325106	0.001502252915352295	12032.0	67.76501070181367	0.4166666666666667	1.4125940577013527	1.6843074941358527	24	-0.6278759844743664
FUS	FUS	0.0016501410313503801	7487.0	0.355017427283858	0.355017427283858	3.11375175858331e-06	7550.0	42.519995493973184	0.16	0.5599008183335809	0.574578819828206	25	-0.35658013135775035
PHF8	PHF8	4.69907916641334e-08	7486.0	0.35491879176966296	0.35491879176966296	0.0245706498984088	246.0	1.3799707108257293	0.04	0.2812188189402462	0.3429270880408041	25	0.21491441008780088
OGG1	OGG1	0.0257842678705441	7485.0	0.354851916509046	-0.354851916509046	1.34450468129271e-05	4705.0	26.495437647854004	0.04	0.4539441705594601	0.5027264326735333	25	-0.19710969547281365
GLRX2	GLRX2	0.0790332337897826	7484.0	0.35478431807052596	0.35478431807052596	3.66629578334412e-12	9873.0	55.60437084600653	0.08	0.6055889005422685	0.431125175331735	25	-0.5817442284105948
WNT1	WNT1	0.51068954917346	7483.0	0.35473989504503295	0.35473989504503295	0.00951577716915738	15017.0	84.57812323983327	0.5833333333333334	1.6217925049915642	1.2637007831754086	24	-1.002652389565432
MAP2K5	MAP2K5	0.00035855747101142595	7482.0	0.354615620077821	-0.354615620077821	0.00162823839390513	1851.0	10.42018700011265	0.08	0.43276864520303426	0.6781858016403053	25	-0.11523836821146531
PTGES3	PTGES3	0.000456586954600242	7481.0	0.35453604795750104	0.35453604795750104	8.90509002280309e-06	7081.0	39.87833727610679	0.08	0.48466868162353927	0.4561329499464343	25	-0.2852954027577273
NLRP9	NLRP9	0.561561265999426	7480.0	0.3545088847871479	0.3545088847871479	0.0013797511613660451	16098.0	90.6668919680072	0.4583333333333333	2.1702144432132022	1.9669547569952452	24	-0.923104891949705
KCNU1	KCNU1	0.807264411044067	7479.0	0.354427327474156	0.354427327474156	0.0175197046230912	12230.0	68.8802523375014	0.391304347826087	1.3022152237071272	1.4447847737526265	23	-0.6560062878924343
GRK4	GRK4	0.00232197290468239	7478.0	0.354328525058146	-0.354328525058146	0.0453711749485061	122.0	0.6815365551425031	0.08	0.41899533078331735	0.7061535751765564	25	-0.09157612168005098
NUP188	NUP188	0.00546508915370517	7477.0	0.354250947064346	-0.354250947064346	0.0724562919875405	2824.0	15.900642108820547	0.0	0.32949334514903844	0.2563830020799353	25	0.09656491153648565
C8orf33	C8orf33	0.0301008187392705	7476.0	0.354152932290382	0.354152932290382	0.000573071074257302	491.0	2.7599414216514586	0.08	0.4724026353724098	0.8333778786696797	25	-0.1418920589430447
HSDL2	HSDL2	0.000854088629452846	7475.0	0.354119824144322	-0.354119824144322	2.2038098013971e-06	7168.0	40.36836769178776	0.16	0.4894848974859645	0.3773504095294579	25	-0.35872512636315346
ROBO1	ROBO1	0.0422214041662313	7474.0	0.35411978504692704	-0.35411978504692704	0.0354025340922133	3125.0	17.596034696406445	0.12	0.4343457196460417	0.5395037463300788	25	-0.14870320205344945
TSPAN11	TSPAN11	0.422501093823816	7473.0	0.35401835487108796	0.35401835487108796	7.592533774886391e-06	11559.0	65.10082234989298	0.4166666666666667	1.2874964320918536	1.8553277806685655	24	-0.5031337788109806
CDON	CDON	0.13502508561635002	7472.0	0.35394007792836396	-0.35394007792836396	0.0140524879537718	2263.0	12.740790807705304	0.12	0.47771028304150415	0.6946837413768598	25	-0.17816770098552795
RHOF	RHOF	0.0573971229705107	7471.0	0.353780872300522	-0.353780872300522	0.026782376731591	1464.0	8.240396530359355	0.12	0.4034923386738922	0.4037981725160454	25	-0.12310968636539549
TIGIT	TIGIT	0.39738216001565096	7470.0	0.3537608186467411	0.3537608186467411	0.001056477752743413	13582.0	76.495437647854	0.4166666666666667	1.720232745595437	2.324777182555017	24	-0.5877861918133986
ALG3	ALG3	0.00612215221179531	7469.0	0.353680232127368	0.353680232127368	0.000769132410942859	9138.0	51.46445871352934	0.24	0.9080263706072265	1.1631658257000312	25	-0.4765839283029441
MAPK1	MAPK1	0.000125906524869423	7468.0	0.353569459471805	-0.353569459471805	0.0724777812431818	971.0	5.463557508167174	0.04	0.29171249326678056	0.33754589853005457	25	0.18325497798788037
CD44	CD44	0.0407540831060238	7467.0	0.353548429798644	-0.353548429798644	0.00022981236159466106	9772.0	55.035484961135516	0.16666666666666666	0.819941644408617	0.9780107857849129	24	-0.47687941829359715
UXT	UXT	0.008700753115613209	7466.0	0.35345161181669704	0.35345161181669704	4.7163886191275604e-07	5289.0	29.78483721978146	0.12	0.5292897825561389	0.5737236190811058	25	-0.3064858494427507
ZSCAN32	ZSCAN32	1.1242865469079302e-05	7465.0	0.353414161184332	0.353414161184332	0.0131414465779216	76.0	0.4224400135180804	0.04	0.25697632147684457	0.2653047301080344	25	0.36349838040285637
MRPL9	MRPL9	3.9380832059463e-06	7464.0	0.353407674676262	0.353407674676262	5.91440816765468e-08	4292.0	24.169201306747777	0.12	0.556974961371341	0.75284732833513	25	-0.2703965054179763
ATP6V1D	ATP6V1D	3.4006415221095e-06	7463.0	0.353396097377938	0.353396097377938	2.15585700558227e-09	10485.0	59.05148135631406	0.16	0.756859287483402	0.6339985111301369	25	-0.6363787659158203
SHPK	SHPK	0.0128000863019795	7462.0	0.35333704043970293	0.35333704043970293	0.00126433027092642	1092.0	6.145094063309677	0.12	0.39930329727587877	0.47397840737838226	25	-0.0969796432086841
PFKFB2	PFKFB2	0.158953875533737	7461.0	0.353303573406081	-0.353303573406081	6.03978418772551e-07	7870.0	44.32240621831699	0.24	0.5863840392001581	0.4332537076864764	25	-0.5379768520359567
DYDC1	DYDC1	0.489495713215984	7460.0	0.35330113841322797	-0.35330113841322797	0.0008695148390378929	15832.0	89.1686380533964	0.6086956521739131	2.2949521546454905	2.060090202240542	23	-0.9425077669514347
NUDT11	NUDT11	0.41007280557853604	7459.0	0.35316112831993496	-0.35316112831993496	6.837909876414484e-05	12505.0	70.42919905373437	0.4583333333333333	1.424033840505911	1.463602616640835	24	-0.7316690336641876
CMAHP	CMAHP	0.289066135271357	7458.0	0.3530506998284029	0.3530506998284029	0.00014871247700495199	11827.0	66.61034133153092	0.25	1.2510083970812154	1.6262985493710183	24	-0.5521481265540719
MYH7B	MYH7B	0.13034197852341697	7457.0	0.352995512273649	-0.352995512273649	1.4810045669337505e-09	16070.0	90.50918102962711	0.625	1.8357383784444903	1.6907503394203567	24	-0.8769732772487113
KAZALD1	KAZALD1	0.191967106096219	7456.0	0.35287580306696503	0.35287580306696503	0.0027966593187373897	9098.0	51.23915737298636	0.2	0.8047065722663924	0.8793236280136786	25	-0.5138389948875556
ZKSCAN1	ZKSCAN1	0.0274629597846515	7455.0	0.35277246773038295	0.35277246773038295	3.58707246874529e-07	9006.0	50.72096428973752	0.12	0.5821717090315773	0.4447218201121389	25	-0.5158263681403134
CELF1	CELF1	5.9240744390271397e-05	7454.0	0.352709093667944	0.352709093667944	0.0228650254641243	2204.0	12.408471330404415	0.04	0.37955760685472023	0.5045417619481762	25	-0.053213658831940173
RBCK1	RBCK1	0.00228602969736767	7453.0	0.352651050568008	-0.352651050568008	0.0348092564515854	820.0	4.613044947617438	0.04	0.31485567247747737	0.320273953544825	25	0.11800952800628181
PSMD7	PSMD7	0.00762079133526148	7452.0	0.35256915594316296	0.35256915594316296	2.25151686620807e-08	8802.0	49.57192745296834	0.12	0.5147285560091466	0.4313142972407914	25	-0.3759657426228426
QRICH1	QRICH1	3.1679209459187305e-07	7451.0	0.352562985567993	-0.352562985567993	0.000220181823237422	4038.0	22.738537794299877	0.08	0.42697851003691817	0.4700039659917549	25	-0.1583295670961011
KPNA6	KPNA6	0.00348504635074325	7450.0	0.352520593828556	0.352520593828556	0.00014635120441937	3516.0	19.798355300214038	0.08	0.4118169306892925	0.4292143843424456	25	-0.13815086125684767
PCDHB5	PCDHB5	0.285160293097779	7449.0	0.35237506603729396	-0.35237506603729396	0.010824502457545935	6168.0	34.73583417821336	0.20833333333333334	0.8217986366549725	1.0744664339098353	24	-0.43688993513693203
ZNF736	ZNF736	0.0115740936249971	7448.0	0.352365128018617	0.352365128018617	0.00299240754151107	3487.0	19.63501182832038	0.16	0.578263704079212	0.8417248254924025	25	-0.2683758031354797
BCL2L12	BCL2L12	0.039549743540762	7447.0	0.35235765907971894	0.35235765907971894	3.31875761476956e-05	8942.0	50.360482144868755	0.16	0.4762311821236878	0.3729874743088955	25	-0.3321117505983084
G3BP1	G3BP1	0.000761357472114124	7446.0	0.35233121354365005	0.35233121354365005	0.0028945955696949	4278.0	24.090345837557734	0.04	0.37954689342604986	0.268536948058705	25	-0.10134798983583511
MRPL20	MRPL20	0.0037521753106368	7445.0	0.35229208743796103	0.35229208743796103	3.08712464410295e-07	4795.0	27.0023656640757	0.08	0.4452829933774265	0.5667954080057582	25	-0.16406432484456673
LYSMD2	LYSMD2	0.000355016000331744	7444.0	0.352275901098865	-0.352275901098865	0.0267054335283662	133.0	0.7434944237918215	0.08	0.7884725388850653	1.6726391189404572	25	-0.26078347256550566
NAPA	NAPA	0.0170141765821817	7443.0	0.35224152916572793	-0.35224152916572793	0.0150908775416773	1269.0	7.142052495212346	0.0	0.2568591964369869	0.23325421197602172	25	0.4089200873189215
NELFB	NELFB	0.0035503058718693798	7442.0	0.3522211584128329	-0.3522211584128329	4.96755293672772e-08	8456.0	47.6230708572716	0.36	0.8470915295783794	0.7551433925979965	25	-0.655332981810241
PET100	PET100	0.0960162541884035	7441.0	0.352211218563609	-0.352211218563609	8.357345764731401e-06	4871.0	27.430438211107358	0.12	0.4516934295566511	0.3415470614636809	25	-0.29126940974610244
NINJ1	NINJ1	0.104189337603539	7440.0	0.3521631093244129	-0.3521631093244129	0.025018874979598	1114.0	6.2690098006083135	0.08	0.4384735644039217	0.5836974933173832	25	-0.14786846965706915
MIAT	MIAT	0.42524809036820793	7439.0	0.35209981850744204	0.35209981850744204	1.0213165349706795e-07	13350.0	75.18868987270474	0.4583333333333333	1.4862993155732516	1.9957678776333765	24	-0.5683023109935846
SVIL.AS1	SVIL.AS1	0.00107237194917432	7438.0	0.352048831207116	-0.352048831207116	0.00010737777454059301	4627.0	26.0561000337952	0.04	0.3572127285263003	0.3273365394072414	25	-0.015775499211103598
LCN8	LCN8	0.7561969391297031	7437.0	0.35200632440462604	-0.35200632440462604	1.6262793605201901e-06	17544.0	98.81153542863579	0.75	3.1062290332930362	2.245068299364769	24	-1.2267879376621655
THUMPD3	THUMPD3	0.000141710925235969	7436.0	0.35199791677199	0.35199791677199	1.9653760903672499e-07	6118.0	34.454207502534636	0.04	0.43641894718898655	0.3276652674457791	25	-0.2576441228424256
SOX15	SOX15	0.0807909620066883	7435.0	0.35199363222112107	-0.35199363222112107	0.014592700574715248	8888.0	50.05632533513574	0.20833333333333334	0.8266597745987898	1.05540355943507	24	-0.44974847595903994
PLEKHH3	PLEKHH3	0.0230151745744089	7434.0	0.35194782936126395	0.35194782936126395	1.11403683514132e-06	9795.0	55.165033231947724	0.28	0.768443643619671	0.6381031566968118	25	-0.6527092208952991
PEX5	PEX5	2.02211973267804e-06	7433.0	0.351938755916742	-0.351938755916742	1.11772481581413e-06	7525.0	42.37918215613382	0.16	0.5597284287202424	0.5940681882056899	25	-0.3497741116741222
OTOF	OTOF	0.556575281663684	7432.0	0.35191274674077294	0.35191274674077294	0.0013561951286412601	13200.0	74.34380984566857	0.4583333333333333	1.4625096339695478	1.5960021414210164	24	-0.6958617776289096
GAPT	GAPT	0.183708274428394	7431.0	0.35188362857330396	0.35188362857330396	0.028578901417371048	10957.0	61.71003717472119	0.375	1.64803101291834	2.5626730746201014	24	-0.5057794523935445
CCDC168	CCDC168	0.510305511532699	7430.0	0.351869714327122	0.351869714327122	0.002257298017606069	13447.0	75.73504562352146	0.4583333333333333	1.7749776480985178	2.0846207393002594	24	-0.682669948994697
SLC25A22	SLC25A22	0.00274468262856526	7429.0	0.35181706360942	0.35181706360942	0.0376488321999989	3602.0	20.282753182381434	0.12	0.6588232519022418	1.0379002707541238	25	-0.29579546026108594
GLIS1	GLIS1	0.5074245689724001	7428.0	0.35172892708331704	0.35172892708331704	1.93609880650655e-05	16268.0	91.62442266531485	0.6521739130434783	1.9697783120825163	1.6170634990377322	23	-1.000609676714646
TMEM232	TMEM232	0.33013174521711497	7427.0	0.351632654015533	-0.351632654015533	0.00022151043194130698	10557.0	59.457023769291425	0.28	0.8162512130221695	0.8936520965160886	25	-0.5199098853099059
SNX17	SNX17	1.2729628062410198e-05	7426.0	0.35154863390990504	-0.35154863390990504	0.0104206909692949	613.0	3.447110510307536	0.04	0.32284487095027786	0.43837989071091465	25	0.06547691526880642
PGRMC1	PGRMC1	0.0217041794432148	7425.0	0.351459236997215	0.351459236997215	0.000508400356399645	4477.0	25.211220006759042	0.08	0.44910192035083973	0.3966326998345662	25	-0.24617910574279703
CNIH2	CNIH2	0.24935733965427898	7424.0	0.35144951595601	-0.35144951595601	1.5826247972943344e-08	13331.0	75.08167173594683	0.4583333333333333	1.2936875596844823	1.2884408217593681	24	-0.7313009862896495
MCTP1	MCTP1	0.18200545275848	7423.0	0.35142584004092303	0.35142584004092303	7.898905146324329e-05	9671.0	54.4665990762645	0.12	0.7439316754187097	0.9381871141151554	25	-0.41836626134859656
CYB561D2	CYB561D2	0.0104639400565015	7422.0	0.35131144763197303	-0.35131144763197303	0.0138298920944954	2848.0	16.035822913146333	0.04	0.31983272377838806	0.3604680609220172	25	0.08732735924804999
RRP7A	RRP7A	0.0467401027086921	7421.0	0.35129984837256895	-0.35129984837256895	0.00044995353318312597	946.0	5.322744170327813	0.08	0.3524247050626632	0.390255312030916	25	-0.0028823609965497555
NUBP1	NUBP1	0.000176858501938909	7420.0	0.35128928201478804	0.35128928201478804	0.00601309937668819	1688.0	9.50208403740002	0.04	0.30519951749602414	0.2956104936444192	25	0.1559138309014289
MAPK8IP2	MAPK8IP2	0.550443649248782	7419.0	0.351284044165566	0.351284044165566	0.00022908608868147886	13484.0	75.94344936352371	0.4166666666666667	1.1969652747797552	1.124428061984687	24	-0.7520990085586339
RNF214	RNF214	3.7411800956297205e-06	7418.0	0.351194223547505	0.351194223547505	3.8631505597739e-05	2498.0	14.06443618339529	0.0	0.25995886500203735	0.1845897816471567	25	0.494260070797765
GSN.AS1	GSN.AS1	0.0221371427078867	7417.0	0.351086459675358	-0.351086459675358	0.002226091575092325	8356.0	47.059817505914154	0.2916666666666667	1.0386909290671686	1.4912931859614234	24	-0.4610793342749154
TFB1M	TFB1M	0.000439669746933038	7416.0	0.35100822279237703	0.35100822279237703	2.51225606009969e-08	7746.0	43.62397206263377	0.12	0.5980984723881467	0.5824167699351672	25	-0.4242498883115522
VBP1	VBP1	0.007368192220101091	7415.0	0.350989393015159	0.350989393015159	3.21781691801873e-08	11231.0	63.25335135744057	0.16	0.7428924029524815	0.60281280488501	25	-0.6501238971061344
C14orf178	C14orf178	0.39717865460207796	7414.0	0.35097026176484597	-0.35097026176484597	0.1002495487196744	6716.0	37.82246254365213	0.20833333333333334	0.6054782709825303	0.7157294346349898	24	-0.35559248635272234
CCND1	CCND1	0.0650767642845813	7413.0	0.3509698487534051	-0.3509698487534051	0.0015202301229818198	4607.0	25.943449363523712	0.12	0.6089353308723314	0.8234292452343	25	-0.3132819044404045
CCDC158	CCDC158	0.48715071258802706	7412.0	0.350931536226656	-0.350931536226656	0.000274963253876435	15569.0	87.68728173932634	0.5652173913043478	2.0556385173382665	2.176885188036562	23	-0.7830945749826926
LSM12	LSM12	4.58655417231802e-05	7411.0	0.35081464862902806	0.35081464862902806	1.75335708863711e-05	3065.0	17.25808268559198	0.16	0.4918051835280562	0.4422075262697588	25	-0.31883341309984853
PRAF2	PRAF2	0.0732565389815346	7410.0	0.350618716767051	0.350618716767051	0.000131181547407455	9391.0	52.88948969246366	0.16	0.90965209384169	1.417566271163366	25	-0.3943613702207039
NABP1	NABP1	0.331757955746635	7409.0	0.35056516176204694	-0.35056516176204694	0.000479835286057967	9180.0	51.70102512109947	0.12	0.6547112467716566	0.5862144175906677	25	-0.518830782531152
SLC25A23	SLC25A23	0.0111905123386361	7408.0	0.350499634707	-0.350499634707	8.143157818095011e-06	6284.0	35.38920806578799	0.12	0.6081562749801441	0.6147999334775104	25	-0.41909022145749675
KIAA0556	KIAA0556	0.004052183819061929	7407.0	0.35048558673732505	0.35048558673732505	0.00141566764255815	1599.0	9.0007885546919	0.12	0.41351398640564896	0.5148026061971716	25	-0.12243216897037963
CXCR3	CXCR3	0.434281251230801	7406.0	0.35046931212618604	-0.35046931212618604	0.005364142388120715	13721.0	77.27835980624084	0.5	1.7496731427206929	2.22390161563039	24	-0.6291662458268806
SRXN1	SRXN1	0.0188125981466276	7405.0	0.35043669785472303	-0.35043669785472303	3.1167110499653303e-06	6724.0	37.86752281176073	0.12	0.47500721252339007	0.35235249033325633	25	-0.35353947562807847
ZRANB1	ZRANB1	2.3552952583498898e-05	7404.0	0.35039764991608796	-0.35039764991608796	0.0181858418352302	597.0	3.3569899740903457	0.12	0.3455146578412572	0.447668965770336	25	0.010907595674916329
ZFAT	ZFAT	0.000701684878766621	7403.0	0.35037545567382694	0.35037545567382694	0.00234318251138851	2396.0	13.4899177650107	0.08	0.46913780934974975	0.7623433536818813	25	-0.1557859107741119
RPGRIP1	RPGRIP1	0.0781767933136352	7402.0	0.35033581337979397	0.35033581337979397	0.00456981269063874	8852.0	49.85355412864706	0.12	0.8237852711045371	1.0948200969089208	25	-0.432444982569707
CAD	CAD	0.0681641966061633	7401.0	0.350186127955588	0.350186127955588	0.00012233951892991	6135.0	34.5499605722654	0.04	0.43258460690666894	0.34761586955211105	25	-0.23703888737084425
TACO1	TACO1	0.0015645251890779599	7400.0	0.350086785440216	0.350086785440216	0.0033006596229256603	3018.0	16.993353610453983	0.12	0.384323360495243	0.4132848482268656	25	-0.08284014089051106
STX16	STX16	0.000985055515591998	7399.0	0.35007361869445897	0.35007361869445897	1.2996228392135901e-05	3882.0	21.85986256618227	0.12	0.48566333036844006	0.6277714118844024	25	-0.21598580169010392
NBEA	NBEA	0.158666120995936	7398.0	0.349763964043628	0.349763964043628	0.00054747548404531	10650.0	59.98084938605384	0.12	0.8445442305447337	1.044231603186937	25	-0.47382234457477035
IFI27L1	IFI27L1	0.00847563585481078	7397.0	0.34974385676587	-0.34974385676587	5.7382277813327505e-05	2566.0	14.44744846231835	0.08	0.4300220512055277	0.5466185255024467	25	-0.14686328891957467
TM6SF2	TM6SF2	0.43984110562007794	7396.0	0.34970576114770896	0.34970576114770896	5.61470017105646e-05	14750.0	83.0742367917089	0.5652173913043478	1.4784085879495497	1.5148587706884806	23	-0.7450878251104966
DOLK	DOLK	0.0176505732905252	7395.0	0.349704975243835	-0.349704975243835	0.00185170729206157	605.0	3.402050242198941	0.08	0.3971674651386285	0.6472571495362716	25	-0.07332864523597475
CNBP	CNBP	1.57696699126879e-07	7394.0	0.349643574217925	-0.349643574217925	1.87818185684135e-05	6085.0	34.26833389658668	0.08	0.4932464786031447	0.6381419620699292	25	-0.22503284993109932
RAB11FIP5	RAB11FIP5	0.009927125217600771	7393.0	0.34959647091483104	-0.34959647091483104	7.655318601063941e-05	9737.0	54.83834628816041	0.12	0.6588996741713175	0.763755765063293	25	-0.4049765872875005
DTYMK	DTYMK	0.000868111265464732	7392.0	0.34953151458989395	0.34953151458989395	0.00045942076135685705	1706.0	9.603469640644361	0.12	0.41899880812362766	0.6263606595074356	25	-0.11090622068819292
NSDHL	NSDHL	0.009030678061395271	7391.0	0.34943998470540194	0.34943998470540194	3.42295567497158e-08	4807.0	27.069956066238593	0.16	0.5655089945268826	0.6790436773360251	25	-0.31819604103987387
SYN1	SYN1	0.330599471649486	7390.0	0.34943421071929204	0.34943421071929204	2.220880386396282e-08	16694.0	94.02388194209755	0.6666666666666666	2.2302865571351824	1.8877076908932808	24	-0.9963684290155398
RABGGTB	RABGGTB	0.0392605014303782	7389.0	0.349427343037584	0.349427343037584	0.0472419419235048	5777.0	32.53351357440577	0.2	0.6252386953607411	0.7286667385996175	25	-0.378515084760453
TPM2	TPM2	0.176762982926626	7388.0	0.349334243492197	-0.349334243492197	5.79522554878795e-07	12288.0	69.20693928128871	0.36	0.9796031597771636	1.0501055408510105	25	-0.6001957820108194
EIF2B3	EIF2B3	3.7199669870839403e-06	7387.0	0.349305651801745	0.349305651801745	1.91677591917221e-06	4835.0	27.227667004618677	0.16	0.551317242119086	0.7575751355795626	25	-0.26665551815239735
FHIT	FHIT	0.00469401696200784	7386.0	0.349258789824737	0.349258789824737	0.0102182466184225	5612.0	31.60414554466599	0.08	0.6678009149338553	1.0299013055272825	25	-0.3092938356321755
CPEB3	CPEB3	0.00305026117906796	7385.0	0.34912995327946095	-0.34912995327946095	0.00026369174274923503	6689.0	37.67038413878562	0.0	0.40055921746925854	0.2094530825240666	25	-0.24554073671314083
RPTOR	RPTOR	0.020947015164486	7384.0	0.34912452905940994	-0.34912452905940994	6.75542066703659e-09	10701.0	60.26810859524614	0.24	0.6649155140812841	0.3958625929180487	25	-0.7977287843593979
ZC3H4	ZC3H4	0.000380882441216287	7383.0	0.349087967431861	-0.349087967431861	3.48256325824761e-07	7020.0	39.53475273177875	0.16	0.5469575639073334	0.5595923511438327	25	-0.35359596333119603
CORO7	CORO7	0.0958976382298767	7382.0	0.34902793766160695	-0.34902793766160695	4.98710453467494e-07	10846.0	61.084825954714425	0.16	0.7765384890556107	0.9197629329972595	25	-0.4648051536506936
CFAP221	CFAP221	0.0907661384095031	7381.0	0.348955353161346	0.348955353161346	0.000348712221270481	14309.0	80.5902895122226	0.4583333333333333	1.2216327771667745	0.8914257916567657	24	-0.9789681117297578
LARP4	LARP4	0.0118536688437063	7380.0	0.348895424669089	0.348895424669089	1.16167776882501e-05	8914.0	50.20277120648868	0.08	0.6077330818725956	0.6700318868669167	25	-0.38630647626911746
RPS27L	RPS27L	0.0016784958027923301	7379.0	0.348628085048903	0.348628085048903	0.000143524049231619	8132.0	45.79812999887349	0.12	0.5961216539517694	0.6298077101329833	25	-0.3929668769069346
CYTIP	CYTIP	0.290298496879615	7378.0	0.348558798663676	-0.348558798663676	0.007915776360527586	13598.0	76.58555818407119	0.4166666666666667	1.8789054154157192	2.638789151825901	24	-0.5799427421827641
POLR2B	POLR2B	0.0019587001265134103	7377.0	0.348542225327896	0.348542225327896	8.67092217448027e-06	8143.0	45.86008786752281	0.08	0.47197247196221476	0.33917532117826577	25	-0.36391281713991663
BICDL1	BICDL1	0.32884400458348	7376.0	0.3485328319960169	0.3485328319960169	0.00543394982000718	6557.0	36.9268897149938	0.16	0.7172405655159301	0.933996660118229	25	-0.39476343895409716
ZNF223	ZNF223	0.0271523678645315	7375.0	0.348411246960181	0.348411246960181	2.06126001928889e-08	9952.0	56.04934099357891	0.08	0.9112763084288547	1.2892557170939343	25	-0.4365813965420358
SCARNA2	SCARNA2	0.518649774805129	7374.0	0.34833967801605004	0.34833967801605004	0.0004544977856311335	14346.0	80.79869325222485	0.5	1.7753285687153693	2.1939520558614225	24	-0.6504193593870644
TRIM16	TRIM16	0.0720157336019174	7373.0	0.3482691723094051	-0.3482691723094051	1.68114055037434e-05	8606.0	48.467950884307754	0.08	0.5042519732614064	0.34229719932910146	25	-0.45569406135289964
SPAG17	SPAG17	0.272998642167853	7372.0	0.348265385231715	0.348265385231715	5.7335589785585706e-09	12387.0	69.76456009913258	0.36	0.999701776735523	0.912126948705438	25	-0.714194874330133
ENTPD4	ENTPD4	0.0010614139450629801	7371.0	0.348124992585266	0.348124992585266	0.076040335565624	562.0	3.1598513011152414	0.04	0.2614732326229139	0.2699874919161236	25	0.3209473125861403
OSBPL6	OSBPL6	0.0538506567849788	7370.0	0.34810401415113	-0.34810401415113	0.0026743259708618848	11468.0	64.58826180015771	0.2916666666666667	0.9799622901273723	1.0135644995630455	24	-0.6234021379484391
FUT7	FUT7	0.413167597374531	7369.0	0.348089704776391	-0.348089704776391	1.7104723812313093e-07	16938.0	95.3982201194097	0.7083333333333334	2.288081035739838	2.108005623298618	24	-0.9202970378834846
CHST14	CHST14	0.011887205290040002	7368.0	0.34787847112351095	-0.34787847112351095	1.22728287948322e-06	7819.0	44.0351470091247	0.12	0.6226540919585138	0.7888381919450664	25	-0.3483295099562546
KCTD6	KCTD6	0.105987748116621	7367.0	0.34775423406761796	0.34775423406761796	3.0769322780887798e-06	6121.0	34.47110510307536	0.12	0.4470442082780072	0.34106321552675245	25	-0.29111897645438434
LGMN	LGMN	0.0687210211523429	7366.0	0.347734858592661	0.347734858592661	0.0043559911561704	2071.0	11.65934437309902	0.12	0.616421825818145	1.1688235006940912	25	-0.22987813563461681
HCG4B	HCG4B	0.708832408689685	7365.0	0.34770497434668496	-0.34770497434668496	0.0010425014586512207	10843.0	61.0679283541737	0.25	0.884682501479797	1.2441918795211577	24	-0.4315873909575542
FOXP4	FOXP4	0.00318138354796551	7364.0	0.347604091636857	0.347604091636857	4.80373810167002e-05	10294.0	57.975667455221355	0.28	0.8367239028103794	0.7846070804995061	25	-0.6233945924399931
F2	F2	0.76037211658905	7363.0	0.347563131795702	-0.347563131795702	1.3395333545642e-07	17321.0	97.55548045510871	0.6956521739130435	2.8751691284090573	2.251452818713596	23	-1.1226555473889717
ABHD17C	ABHD17C	0.0550325221106688	7362.0	0.34743310854110504	0.34743310854110504	1.60869622594293e-05	9989.0	56.25774473358116	0.04	0.5878244749527509	0.37159986262046724	25	-0.6469091907527671
SUCNR1	SUCNR1	0.176451633566179	7361.0	0.347431506474765	0.347431506474765	0.0003125345229223825	14178.0	79.85242762194434	0.4583333333333333	1.6891697033993465	2.011327981372365	24	-0.6670907029340335
FICD	FICD	0.00237955514488738	7360.0	0.347282110567482	0.347282110567482	3.47973005843777e-05	6251.0	35.20333445984003	0.0	0.44803164639991655	0.303081503778431	25	-0.33241730219897525
NUAK2	NUAK2	0.191052496992052	7359.0	0.347158356968994	-0.347158356968994	0.054399832615364005	1179.0	6.63512447899065	0.12	0.5826678241646979	1.172205744134472	25	-0.20091137445295348
SNX19	SNX19	2.9538997270743397e-05	7358.0	0.347153084498111	0.347153084498111	0.0022012109442332	1383.0	7.784161315759829	0.12	0.5558771204525108	0.8428785469162307	25	-0.247632398188376
KIAA0753	KIAA0753	0.0018661159726012801	7357.0	0.34709761041107295	0.34709761041107295	0.0115572488198621	1821.0	10.251210994705417	0.08	0.37391257349767515	0.42779819424059234	25	-0.0626813377139258
MED17	MED17	3.27856378930336e-06	7356.0	0.347002182720253	0.347002182720253	9.477436333843649e-06	3467.0	19.52236115804889	0.08	0.3620357165234629	0.3254448457640953	25	-0.04619379903809326
SNORA68	SNORA68	0.428680885670164	7355.0	0.34693552137561307	-0.34693552137561307	0.003282471948818755	16741.0	94.28861101723555	0.625	2.0057177962071657	1.615119513065078	24	-1.0270337652497394
WDSUB1	WDSUB1	0.00154185589062884	7354.0	0.346925143451297	-0.346925143451297	0.000530800602238405	5324.0	29.981975892756562	0.12	0.4638029339681537	0.4435943616251658	25	-0.2634789813122504
ITPR3	ITPR3	0.063101314778154	7353.0	0.34689517066399894	0.34689517066399894	0.0318341325524848	2666.0	15.01070181367579	0.12	0.46274910337838526	0.701996921931257	25	-0.1650348158160889
AURKAIP1	AURKAIP1	0.0207755455000233	7352.0	0.34670816073473	0.34670816073473	0.0111338179874599	1431.0	8.0545229244114	0.08	0.4446453501005941	0.7891951496635846	25	-0.12409755610841301
ZNF275	ZNF275	0.00507829273863256	7351.0	0.346649932530955	0.346649932530955	2.7510574099370798e-05	13131.0	73.95516503323195	0.4166666666666667	1.423164917815739	2.070601463688993	24	-0.519904483872459
AMHR2	AMHR2	0.40107443079489	7350.0	0.346633015650984	0.346633015650984	0.00892448289484069	15532.0	87.47887799932408	0.5416666666666666	1.5492545493101553	1.1428368857708513	24	-1.0523124941386492
UBA6	UBA6	0.0123218713340903	7349.0	0.346472925550426	0.346472925550426	3.86504404544608e-08	11791.0	66.40757012504224	0.16	0.6776118434215798	0.4328443276009533	25	-0.765030050657003
HSPA13	HSPA13	0.0672842312766875	7348.0	0.346374867374025	0.346374867374025	0.00025974093965604503	8601.0	48.439788216739885	0.08	0.47928703099564485	0.2949327934611082	25	-0.45065237426419497
SLC34A3	SLC34A3	0.287483936185478	7347.0	0.34636954005783605	-0.34636954005783605	8.54768461607137e-06	12725.0	71.66835642672073	0.4583333333333333	1.317161440176468	1.3144730082346234	24	-0.7385407642736115
FAM117A	FAM117A	0.009773919617687421	7346.0	0.346349486080886	-0.346349486080886	1.52158517476844e-10	11697.0	65.87811197476624	0.16	0.795526113636563	0.7431992375425313	25	-0.6043825193375173
GDAP1	GDAP1	0.0266250085236662	7345.0	0.346342248957987	-0.346342248957987	0.000498081054163038	5922.0	33.35023093387405	0.08	0.6613194773207485	1.00992413840576	25	-0.3118820675580409
UBAC1	UBAC1	0.000260581236305678	7344.0	0.34633465914255607	-0.34633465914255607	0.0130039299460352	688.0	3.8695505238256165	0.04	0.24822531590402933	0.3177782074401047	25	0.3087352780697478
DGCR2	DGCR2	0.0040585009542617395	7343.0	0.34626209120668894	-0.34626209120668894	1.2890421944696e-05	7825.0	44.068942210206146	0.12	0.5457006604030148	0.39398589109807813	25	-0.5062073889003248
SNX6	SNX6	0.010035736487289	7342.0	0.346178473391413	0.346178473391413	3.73685311192552e-09	11691.0	65.8443167736848	0.16	0.6809734959818761	0.37486500845699594	25	-0.8931082257277965
PIP4K2A	PIP4K2A	0.0472232315241361	7341.0	0.3460941086362	-0.3460941086362	0.0447914121930243	1560.0	8.781119747662498	0.08	0.5666814659896382	1.0931010130834775	25	-0.2017996092888009
HYKK	HYKK	0.0958102428541568	7340.0	0.34598935946537895	0.34598935946537895	4.14715686460476e-06	11627.0	65.48383462881604	0.2	0.6964878721292018	0.3839511619287869	25	-0.9128726447996304
UCK1	UCK1	0.0048363579274848	7339.0	0.34594266049425393	-0.34594266049425393	4.59072432040838e-05	3494.0	19.6744395629154	0.12	0.3919923194825094	0.33370665742715594	25	-0.13799442703149412
UQCC1	UQCC1	0.00103101179082201	7338.0	0.34591617964877197	0.34591617964877197	0.000171360024536659	1304.0	7.339191168187451	0.04	0.26948109657861247	0.3049748670569536	25	0.2506274822176916
SNU13	SNU13	0.0319178248112126	7337.0	0.34591382842013396	-0.34591382842013396	4.93618309653443e-05	1762.0	9.918891517404528	0.08	0.4576391003587419	0.7548178118885336	25	-0.1480162102416136
RIBC2	RIBC2	0.33614326130954	7336.0	0.34588527523079604	0.34588527523079604	0.00167001886393319	7207.0	40.58803649881716	0.16	0.8168521144150711	1.1776110524645693	25	-0.3999341193330427
SPAG8	SPAG8	0.0884400503345391	7335.0	0.345700901730474	-0.345700901730474	0.00989684329833432	1358.0	7.6433479779204685	0.16	0.7901280101241558	1.399582878170523	25	-0.31754254451484754
ADAM19	ADAM19	0.34166110348236406	7334.0	0.34560223049153	-0.34560223049153	0.00045524988275830495	10423.0	58.702264278472455	0.25	1.0931077652803947	2.038789190100767	24	-0.3666418962874328
ZNF207	ZNF207	2.36640123267274e-06	7333.0	0.34557557151583396	0.34557557151583396	0.0016003122262503	2378.0	13.388532161766362	0.08	0.419697629261065	0.4954693985893489	25	-0.14959966842808858
TLR7	TLR7	0.239695763282077	7332.0	0.345565011610052	0.345565011610052	0.00391788275435482	13338.0	75.12109947054185	0.4166666666666667	1.8288620544459786	2.295697961615764	24	-0.6461202944101361
GABPB1.AS1	GABPB1.AS1	0.0407540831060238	7331.0	0.345484796648374	0.345484796648374	0.000401076966861592	3806.0	21.431790019150615	0.04	0.4500766334154706	0.46572741668442946	25	-0.22457736654564744
MIR3650	MIR3650	0.55471669079372	7330.0	0.345440782947485	0.345440782947485	0.5646205104611789	4001.0	22.530134054297623	0.08695652173913043	0.3838219179288799	0.3596512969357187	23	-0.10671763263029424
RABIF	RABIF	0.0006725861387831741	7329.0	0.345319700322663	0.345319700322663	5.30940390541103e-08	8353.0	47.04291990537343	0.08	0.6221210168286349	0.816176772873532	25	-0.3391438297507919
TP53BP2	TP53BP2	0.0248715033395582	7328.0	0.345310903727253	-0.345310903727253	0.00137115528662304	778.0	4.376478540047313	0.08	0.4024942344008771	0.6187914192663084	25	-0.09241131808425129
SELENOK	SELENOK	0.0143478081669971	7327.0	0.345271679781956	-0.345271679781956	5.05609503005382e-06	8187.0	46.107919342120084	0.16	0.580285897842664	0.5734414312032227	25	-0.4098312491435957
PCBD1	PCBD1	0.00200694024050948	7326.0	0.345163897716723	0.345163897716723	0.0105430105522716	1618.0	9.107806691449813	0.04	0.4225019037799921	0.5883406193466353	25	-0.13145107361302805
NECAB3	NECAB3	0.111681563375545	7325.0	0.345146259784229	-0.345146259784229	0.0167024612414512	5493.0	30.933874056550636	0.12	0.5039970415341162	0.5989957409775014	25	-0.26519517733241055
TNFSF8	TNFSF8	0.27386320003970804	7324.0	0.34512222720153896	-0.34512222720153896	0.005034119258804554	13071.0	73.61721302241747	0.4166666666666667	1.7169873060703127	2.1380814886439095	24	-0.6416336730640174
HELB	HELB	0.0985531038518559	7323.0	0.34504469216731	0.34504469216731	0.0563176747153301	2066.0	11.631181705531146	0.08	0.577744924190884	0.9176171580770284	25	-0.25359184925358624
ZCCHC3	ZCCHC3	1.80270362001151e-05	7322.0	0.345030330018227	-0.345030330018227	6.0126113402225205e-05	3034.0	17.083474146671172	0.08	0.45259745199060214	0.5211493323312333	25	-0.20640364536437197
TRPM6	TRPM6	0.513218966753878	7321.0	0.34496812824659995	-0.34496812824659995	0.02709300047191905	8897.0	50.10701813675791	0.25	0.8680613660630203	1.2977736908693513	24	-0.403069688880818
NAV2.AS5	NAV2.AS5	0.7755720949660421	7320.0	0.34487322923905395	-0.34487322923905395	0.023472461113995393	13007.0	73.25673087754872	0.36363636363636365	1.094583276806002	1.2140336581592452	22	-0.6175364599888287
ZDHHC4	ZDHHC4	5.88213420200845e-05	7319.0	0.344825891841875	0.344825891841875	1.34972534034811e-06	3132.0	17.635462431001464	0.12	0.4217728141317575	0.4989112267091133	25	-0.15422968690729794
CSTB	CSTB	0.0805713654090283	7318.0	0.344683842503596	0.344683842503596	9.13970935817565e-06	10537.0	59.34437309901993	0.08	0.6441336505710592	0.5140121474953924	25	-0.5825734071200087
CPS1	CPS1	0.44944226287215705	7317.0	0.34464052962296904	-0.34464052962296904	0.0003748712344713931	14255.0	80.28613270248958	0.5416666666666666	1.8176248826683585	2.1159254627993853	24	-0.696141891074282
UGGT2	UGGT2	0.006250134560489021	7316.0	0.34457292956286795	0.34457292956286795	1.53701539826673e-07	9322.0	52.50084488002703	0.16	0.6805147473180927	0.6421611919305287	25	-0.523142509975234
PVALB	PVALB	0.502715068701593	7315.0	0.344501878234765	0.344501878234765	4.468156207976963e-06	16167.0	91.05553678044384	0.625	2.0840769723426313	1.9902227243172528	24	-0.8740605123502591
VPS13A.AS1	VPS13A.AS1	0.413167597374531	7314.0	0.344496491665015	0.344496491665015	0.0017690693983455	8314.0	46.82325109834403	0.25	0.8948926027359013	1.0145526831063962	24	-0.5425012621184565
PALLD	PALLD	0.154727510114025	7313.0	0.344419695698607	-0.344419695698607	0.012150024078058999	1860.0	10.470879801734819	0.08	0.45792166174970494	0.8434888936961848	25	-0.1345624902702988
TMX1	TMX1	0.0225236977792291	7312.0	0.344376420895188	0.344376420895188	1.5162532540271302e-05	9286.0	52.298073673538354	0.16	0.6463758725710381	0.5730804416875246	25	-0.5269756734090693
RNF213	RNF213	0.0886709410051301	7311.0	0.344276686550198	0.344276686550198	0.000564608738910079	9266.0	52.18542300326686	0.2	0.6439604021248627	0.8766418057330131	25	-0.34185423694696043
FUBP1	FUBP1	0.000244730937311291	7310.0	0.34426449149830396	0.34426449149830396	8.528005565999241e-05	4510.0	25.397093612706996	0.08	0.4713359295370192	0.5336211474546362	25	-0.23813043887942567
RNF14	RNF14	0.0026669580193074698	7309.0	0.344174747640061	0.344174747640061	1.02943497288557e-09	9859.0	55.525515376816486	0.16	0.6280766523847617	0.4521998799965545	25	-0.6278239276553189
PAPOLA	PAPOLA	0.00832121164719542	7308.0	0.344160642362525	0.344160642362525	1.04414654866045e-05	7274.0	40.96541624422665	0.12	0.5599366862482779	0.5930035819123054	25	-0.3638697142265529
ZNF688	ZNF688	0.024621689919482995	7307.0	0.344111354181482	0.344111354181482	0.0008115502186297769	5894.0	33.19251999549397	0.12	0.6512115807129355	0.9042634692103749	25	-0.3396136601643556
ECHS1	ECHS1	1.00511884783532e-05	7306.0	0.34407209780199394	0.34407209780199394	3.02570948534036e-05	5437.0	30.61845217979047	0.12	0.5010726454441429	0.5181730487729735	25	-0.3029886405978158
PPA1	PPA1	0.0402593064040215	7305.0	0.34405132611739503	0.34405132611739503	8.01625671900748e-12	11146.0	62.77458600878675	0.24	0.7354892892697187	0.4681153776409192	25	-0.8361997529860831
ZRANB2	ZRANB2	0.0606680043989312	7304.0	0.34401205135881796	0.34401205135881796	4.26213594793339e-06	9346.0	52.636025684352816	0.04	0.5337957298025421	0.32675976203841406	25	-0.5808049230413292
BAZ1B	BAZ1B	5.68750976922371e-05	7303.0	0.343923171306563	0.343923171306563	0.000724089983392562	3513.0	19.781457699673314	0.04	0.37533358512749104	0.324338068650563	25	-0.09684467183150532
FAHD2CP	FAHD2CP	0.0650295241518802	7302.0	0.343912239365614	0.343912239365614	0.002081913429056197	11901.0	67.02714881153543	0.375	1.1878872416198838	1.5426537248411678	24	-0.547092966272237
GCC2.AS1	GCC2.AS1	0.0452268668883838	7301.0	0.343890539029686	0.343890539029686	0.142373178756703	574.0	3.227441703278134	0.0	0.22749902131880112	0.15706620349979541	25	0.7410347682532259
PMPCB	PMPCB	2.66247429792204e-05	7300.0	0.343871679841692	0.343871679841692	0.0009853573530236288	4722.0	26.59119071758477	0.04	0.3897718851859955	0.41442869409942257	25	-0.11075537480349254
ENTPD6	ENTPD6	0.0958638500539572	7299.0	0.343823471125662	0.343823471125662	0.0124512999749646	608.0	3.418947842739664	0.16	0.5352706591064882	0.9436509356912559	25	-0.20287924352089445
RHBDD2	RHBDD2	0.0083945028476692	7298.0	0.343699129206292	-0.343699129206292	0.000519172205748932	3801.0	21.40362735158274	0.04	0.38970569626892493	0.3082428028055616	25	-0.1492543107053621
ATP1A3	ATP1A3	0.628944033609651	7297.0	0.343683083697701	0.343683083697701	1.0887327371068029e-09	16914.0	95.26303931508392	0.7083333333333334	2.4435384107418407	2.2952341829447653	24	-0.914876286980897
KSR1	KSR1	0.000404124446483006	7296.0	0.343632218016761	-0.343632218016761	9.20659474290199e-13	10899.0	61.38335023093387	0.2	0.7458192740786089	0.4762926257925664	25	-0.8444116794640596
ZNF846	ZNF846	0.0166778807832988	7295.0	0.3434056864718869	0.3434056864718869	0.0511318775548532	755.0	4.2469302692351025	0.04	0.42387429539028515	0.7116734466066755	25	-0.11306956765364785
UBB	UBB	0.00038515987569610096	7294.0	0.34335575475117497	-0.34335575475117497	0.00293928971073347	2262.0	12.73515827419173	0.04	0.379196862233114	0.4428439961232548	25	-0.08093393564257227
HUWE1	HUWE1	0.0022716646021227398	7293.0	0.34335127738531396	0.34335127738531396	0.0211517258925739	942.0	5.300214036273516	0.0	0.2832219137056233	0.203880874541921	25	0.294924003120887
ANKRD35	ANKRD35	0.11663622071964999	7292.0	0.343342628953857	0.343342628953857	0.0064291823920850245	10435.0	58.76985468063535	0.3333333333333333	1.062202157527069	1.3842451061215786	24	-0.5193152032065587
SPATA6L	SPATA6L	0.0825732355839522	7291.0	0.34325685421865	0.34325685421865	0.0907007162712712	2166.0	12.194435056888587	0.16	0.6507475271208892	1.1462111166073514	25	-0.26826704823137215
PANX1	PANX1	0.0423887942562716	7290.0	0.34313879796404495	0.34313879796404495	0.0198994130940773	791.0	4.4497014757237805	0.08	0.3224546424284185	0.36784402844844194	25	0.0562307770031548
SMDT1	SMDT1	0.0338134342531156	7289.0	0.343132480996044	-0.343132480996044	0.000830113064825666	2814.0	15.844316773684803	0.08	0.4638258108537784	0.55029846672096	25	-0.21932339840396906
DUSP22	DUSP22	0.00654719464245281	7288.0	0.34299617224188395	-0.34299617224188395	0.00028099832950118797	1991.0	11.208741692013067	0.08	0.4057440516138946	0.6168372875751864	25	-0.10172517232003797
NFATC2IP	NFATC2IP	0.000591162463290625	7287.0	0.34292955692588695	0.34292955692588695	0.00012719499903528602	2532.0	14.25594232285682	0.08	0.3648167724871556	0.37770921690398884	25	-0.05794726361372389
RAB23	RAB23	0.167130126965644	7286.0	0.342803975332433	-0.342803975332433	0.0349873881887721	622.0	3.497803311929706	0.0	0.2782141882596869	0.25252039293936746	25	0.25578047903740875
LNPK	LNPK	0.021675051057325	7285.0	0.34278730390799	0.34278730390799	1.72736835749943e-09	11475.0	64.62768953475273	0.24	0.8667870834055013	0.9129255543750353	25	-0.5739786524611283
TMEM50B	TMEM50B	0.0401801018310639	7284.0	0.342785577598104	0.342785577598104	1.14958487420858e-09	9023.0	50.816717359468285	0.16	0.6490369014053181	0.5539694199288376	25	-0.5528307390082197
TRADD	TRADD	0.0488242664337278	7283.0	0.342773540057846	0.342773540057846	0.0175616151181395	4003.0	22.541399121324773	0.125	0.6040269703905072	0.800586531434387	24	-0.32632753621845384
SLC29A1	SLC29A1	0.000179237906805995	7282.0	0.342721984001476	0.342721984001476	6.3086761268585605e-06	4339.0	24.433930381885773	0.08	0.5206695967343925	0.44838046581834234	25	-0.3968674514134844
RBBP8	RBBP8	0.0032725118802747802	7281.0	0.34269337904716807	0.34269337904716807	9.040596269020859e-07	10363.0	58.364312267657986	0.08	0.6523672550227004	0.7907392087053344	25	-0.3916258009800182
GNPAT	GNPAT	0.000264130666692468	7280.0	0.34265421759295395	0.34265421759295395	3.82893102067279e-05	7236.0	40.75137997071082	0.04	0.4320815024149705	0.2971574050632229	25	-0.30094247458847645
STARD7	STARD7	0.00508048629717954	7279.0	0.342627445761227	-0.342627445761227	0.00202967341337738	2945.0	16.582178663963052	0.08	0.3763488753473662	0.39038329307790454	25	-0.08638030926033968
RBMXL1	RBMXL1	0.000531635625837631	7278.0	0.342622812663896	-0.342622812663896	2.6032004028071096e-06	2475.0	13.93488791258308	0.08	0.36406783925250363	0.3169186074732926	25	-0.06766730031910435
DENND1A	DENND1A	0.0828912155030557	7277.0	0.34245981329103	-0.34245981329103	0.00033936180741447403	2875.0	16.18790131801284	0.12	0.4362037156873637	0.4931456402626924	25	-0.19009374663922315
DDX47	DDX47	0.0265910493856413	7276.0	0.342374336442805	0.342374336442805	1.1156057800349601e-05	8066.0	45.42638278697758	0.12	0.5919095287520549	0.7457338503079725	25	-0.33461695778754996
TNFSF9	TNFSF9	0.414580154514699	7275.0	0.342354786379252	-0.342354786379252	4.17382013641068e-06	12445.0	70.0912470429199	0.32	0.9475485253325295	1.1141628878687397	25	-0.5431824606103518
ZBBX	ZBBX	0.4903010025988971	7274.0	0.342305843671571	-0.342305843671571	0.002352899482519045	13385.0	75.38582854567984	0.4583333333333333	1.2641340649211135	1.1848961798026587	24	-0.777982271326987
NXT1	NXT1	0.0323421230156813	7273.0	0.342288996254084	-0.342288996254084	0.0915496882523855	14.0	0.07322293567646727	0.08	0.3881046419537943	0.5271101478755285	25	-0.0869185423281382
SKP1	SKP1	0.030205963404113	7272.0	0.342234331381276	0.342234331381276	2.7838419028477395e-07	7951.0	44.77864143291652	0.16	0.5935580932848825	0.5641784099616718	25	-0.44546859196664496
PAQR3	PAQR3	0.0497008318850521	7271.0	0.34220618557489096	0.34220618557489096	0.0125217359376238	4303.0	24.231159175397092	0.04	0.40835690802503505	0.48328041338954086	25	-0.13687855045932576
PRR3	PRR3	0.0136156076974616	7270.0	0.34219070918679995	0.34219070918679995	0.00620811699874284	782.0	4.399008674101611	0.04	0.43798225725745377	0.850652250688594	25	-0.11260952756324524
MAN1A1	MAN1A1	0.0725742763615436	7269.0	0.342052902258817	-0.342052902258817	0.0389669085426425	1502.0	8.454432803875182	0.12	0.497255420849258	0.6859873672842262	25	-0.22624690481528315
CYFIP2	CYFIP2	0.0520967427385382	7268.0	0.34199867962956304	0.34199867962956304	0.00066466083227805	8178.0	46.057226540497915	0.12	0.6737195933589318	0.8903821406384094	25	-0.37256016106918194
SFTPB	SFTPB	0.367812301094056	7267.0	0.34192282737703494	-0.34192282737703494	0.0135515589967997	15530.0	87.46761293229694	0.4782608695652174	2.2163371650786727	2.5594477814816288	23	-0.7323510763781105
ELOVL2	ELOVL2	0.5292114841065889	7266.0	0.341630220042677	-0.341630220042677	2.3520295549134393e-05	14104.0	79.43562014193984	0.4583333333333333	1.2388421733985757	0.9717749645949996	24	-0.9232713190237659
ATP2B1	ATP2B1	0.0643237881035906	7265.0	0.34148849026872397	-0.34148849026872397	0.00108439586540954	5536.0	31.176072997634336	0.08	0.5833441300184642	0.9180365485172819	25	-0.2634488138194068
AHRR	AHRR	0.00334304140431051	7264.0	0.34130772309471197	0.34130772309471197	0.000772121428928011	8090.0	45.56156359130336	0.12	0.5683045757269878	0.40292282969751897	25	-0.5633755049389637
MOXD1	MOXD1	0.31695429114316104	7263.0	0.341286741452483	0.341286741452483	0.001887024998479572	10223.0	57.57575757575757	0.25	1.0771453265637436	1.6054381352135163	24	-0.45835374716160876
NAAA	NAAA	0.057363074547928	7262.0	0.34122401752766995	-0.34122401752766995	0.0553470529321977	943.0	5.30584656978709	0.08333333333333333	0.46343752333600174	0.9648906180748599	24	-0.1266604768654202
RELL1	RELL1	0.17722189616946601	7261.0	0.34112143454188004	-0.34112143454188004	0.000574391521322728	7065.0	39.7882167398896	0.16	0.535839325092326	0.4856115889304346	25	-0.40097455453918324
RPF1	RPF1	0.0016443526293909302	7260.0	0.34108971993098497	-0.34108971993098497	4.3344635942288504e-07	7861.0	44.27171341669482	0.08	0.5595914446766534	0.615372079193658	25	-0.35507253600452326
GANC	GANC	0.0011898028593485099	7259.0	0.340995646693905	-0.340995646693905	0.0037125606597611604	2495.0	14.047538582854568	0.0	0.3417326325256529	0.29123314101660835	25	-0.0025305699384874864
CHMP4A	CHMP4A	0.022103369367306	7258.0	0.34087430420886705	0.34087430420886705	1.72074376692486e-06	5740.0	32.32510983440351	0.12	0.5057605437854322	0.6859206050894058	25	-0.24038677122853483
WSB2	WSB2	0.0008383382484100611	7257.0	0.34083694489081895	-0.34083694489081895	8.149984964460771e-05	3897.0	21.944350568885884	0.04	0.4019243142934693	0.3340821819610127	25	-0.1828513243180962
CNIH4	CNIH4	0.0208785369383441	7256.0	0.34071238377156704	0.34071238377156704	2.38184754928352e-06	9272.0	52.21921820434831	0.08	0.5016318432240381	0.3065628329609096	25	-0.5249150978226711
LMTK2	LMTK2	0.0395270625213296	7255.0	0.34070128343462497	-0.34070128343462497	0.000586244174439036	3071.0	17.291877886673426	0.0	0.3593946022649211	0.25930854543929804	25	-0.0720890967886443
WTAP	WTAP	0.0124494491239298	7254.0	0.340694404158056	-0.340694404158056	0.00101397910992512	4522.0	25.46468401486989	0.08	0.46842816496462897	0.46023962567147647	25	-0.27753751237784674
SAP30L	SAP30L	0.000460635616000154	7253.0	0.340598148822484	-0.340598148822484	0.00795966178345282	371.0	2.08403740002253	0.08	0.3436718972398114	0.44768685248987905	25	-0.006865844731048632
LIMK2	LIMK2	0.00243384350392402	7252.0	0.34047332368461103	-0.34047332368461103	0.0898212134028378	904.0	5.086177762757688	0.08333333333333333	0.42751201555599755	0.8015560824337327	24	-0.1085871516402376
KLHL36	KLHL36	0.0008656109337758269	7251.0	0.34045177360502304	-0.34045177360502304	2.51426268471333e-06	2933.0	16.51458826180016	0.12	0.5101964392587367	0.6384631656601663	25	-0.2658644613870542
NME3	NME3	0.0853888599115249	7250.0	0.34038653927890195	0.34038653927890195	0.0171988105040346	4131.0	23.262363411062296	0.08	0.5582219495969722	0.9622795738629438	25	-0.22637434715942156
PAXIP1	PAXIP1	4.6836899077359894e-07	7249.0	0.340261658732161	0.340261658732161	0.00499281375973605	1051.0	5.914160189253126	0.0	0.2540254643060171	0.2149479523591667	25	0.40119570100415664
GUSB	GUSB	0.0006216726540338	7248.0	0.34017709275482394	0.34017709275482394	0.00281437289561234	1601.0	9.012053621719048	0.08	0.39809770991129867	0.5066816262370091	25	-0.11431363238220398
RAB3C	RAB3C	0.460323311073168	7247.0	0.34016310989225107	0.34016310989225107	0.00011708176366864216	15792.0	88.94333671285344	0.5416666666666666	1.7690051079686342	1.9288266251009083	24	-0.7407830125746174
ZNF75D	ZNF75D	0.0257779622225907	7246.0	0.3401382888077	0.3401382888077	7.80186498128053e-06	5285.0	29.76230708572716	0.08	0.4417486972749465	0.4124394580363764	25	-0.2463644214620335
SLC6A12	SLC6A12	0.0558038532951047	7245.0	0.3401342851566911	-0.3401342851566911	0.0029527166758854147	12600.0	70.96428973752393	0.3333333333333333	1.265320463414747	1.3942837609072496	24	-0.6635565902711543
FAM120A	FAM120A	0.0043521333077084	7244.0	0.34004128830769204	0.34004128830769204	0.000823200614663889	2257.0	12.706995606623858	0.08	0.376138073720266	0.41661937988619463	25	-0.08664211785451334
ACP2	ACP2	0.0681848921430156	7243.0	0.34002419194767497	0.34002419194767497	0.036684405177831	560.0	3.148586234088093	0.08	0.39842347159602537	0.5599207768323736	25	-0.10429918314289253
NACC1	NACC1	0.015240154381821998	7242.0	0.340024075341704	0.340024075341704	1.07010235340575e-05	11263.0	63.433592429874956	0.36	1.004811806363015	1.127366129163177	25	-0.5896821927005831
SELENOH	SELENOH	0.0009276622563650141	7241.0	0.340001891401911	0.340001891401911	0.00052616755056973	1349.0	7.592655176298299	0.12	0.4411400847786664	0.8803530709977236	25	-0.11488367191373938
NDUFB10	NDUFB10	0.0112368965108217	7240.0	0.339888763712866	0.339888763712866	3.91404659953108e-06	2944.0	16.576546130449476	0.08	0.425625295016333	0.5318674116386786	25	-0.1611990684657921
C3orf70	C3orf70	0.272314327106583	7239.0	0.339868390853116	-0.339868390853116	0.0031671756598594053	13247.0	74.60853892080658	0.2916666666666667	0.9436487373384659	0.829409496103161	24	-0.7279641109995834
KCNAB3	KCNAB3	0.35318508569522605	7238.0	0.3398195333502	0.3398195333502	1.20466351909768e-07	8997.0	50.67027148811535	0.12	0.7031060091119773	1.0353866576038508	25	-0.35087034693156566
DSCAM	DSCAM	0.686798988093029	7237.0	0.33981053963531105	-0.33981053963531105	2.937011352511735e-05	13736.0	77.36284780894445	0.4166666666666667	1.572377457212225	1.7785686944575612	24	-0.6930105772230687
IL4R	IL4R	0.138537035618164	7236.0	0.33975336133510003	-0.33975336133510003	0.0010196852717060199	9007.0	50.72659682325109	0.16	0.814389748224441	1.1545106274411134	25	-0.41111478370826005
ZNF221	ZNF221	0.153116418588332	7235.0	0.33973855386594604	0.33973855386594604	0.0223332929811023	5556.0	31.288723667905824	0.16666666666666666	0.6739690737047583	1.0312542943720442	24	-0.3241009726338482
CTR9	CTR9	1.5042125007379002e-05	7234.0	0.33971673032659494	0.33971673032659494	0.0286445041578885	1644.0	9.254252562802748	0.04	0.3672533480463994	0.46307124237975805	25	-0.05946518634647171
MRPL54	MRPL54	0.0602156550270457	7233.0	0.33969344406731206	-0.33969344406731206	0.00375009914498885	412.0	2.3149712740790807	0.04	0.27118320049710015	0.27503895963756436	25	0.2490928690993161
ADGRB1	ADGRB1	0.322480905022538	7232.0	0.33968103834871693	0.33968103834871693	1.7173342396362018e-10	14737.0	83.00101385603244	0.5416666666666666	1.8911375521519063	1.9973703796940239	24	-0.7767495350766421
SAMD8	SAMD8	0.00364978670500426	7231.0	0.33961827184189697	-0.33961827184189697	0.00107515127197761	4215.0	23.735496226202546	0.08	0.5136154297601239	0.5823921099336242	25	-0.2987629038072949
TP53I11	TP53I11	0.0433296067831203	7230.0	0.339375240126521	0.339375240126521	0.00125880282172858	8058.0	45.381322518868984	0.08	0.6760138728051315	1.2465954578337402	25	-0.2700464136646232
ORM1	ORM1	0.3607353885276479	7229.0	0.33933615798848493	0.33933615798848493	6.94352674457971e-07	17445.0	98.25391461079192	0.7083333333333334	3.2737265209707958	2.7188077760371088	24	-1.0792930595701884
ANAPC1	ANAPC1	0.004780834170317	7228.0	0.339123836320805	0.339123836320805	0.0365976124479018	3039.0	17.111636814239045	0.0	0.2890066091492968	0.2510357935573749	25	0.19964175809874604
REV3L	REV3L	0.0239153560935435	7227.0	0.339057896126541	-0.339057896126541	0.00837249931140332	2649.0	14.914948743945025	0.04	0.3722371010152862	0.30533200529913407	25	-0.108665990832633
ZDHHC18	ZDHHC18	0.0221716832203423	7226.0	0.33895863461328996	-0.33895863461328996	3.2346359499715697e-09	7756.0	43.680297397769515	0.16	0.6066893873926722	0.588726968544717	25	-0.45476216834637273
SNX20	SNX20	0.272652700100323	7225.0	0.338862982393967	-0.338862982393967	0.000312781267361027	14784.0	83.26574293117044	0.5833333333333334	1.8558130209757426	2.1960136357519158	24	-0.6907744168275036
BIN3	BIN3	0.0333870411787127	7224.0	0.338771608472076	-0.338771608472076	0.00613273042544507	1151.0	6.477413540610566	0.12	0.31813554848260844	0.3620375877875795	25	0.05699977208326631
CHMP4B	CHMP4B	7.28863117969079e-05	7223.0	0.33875450113266803	0.33875450113266803	0.008832134152552379	6196.0	34.89354511659344	0.16	0.610747592326646	0.8520556454885776	25	-0.3192198686014389
EFL1	EFL1	7.06990171421346e-06	7222.0	0.338724562431646	0.338724562431646	0.000655626606030075	4801.0	27.036160865157147	0.08	0.4217059140927129	0.37219345008847327	25	-0.22295220843177546
CACTIN	CACTIN	0.0057164122743262	7221.0	0.33872238154584805	-0.33872238154584805	5.08994542280644e-11	11022.0	62.07615185310352	0.32	0.8617960018603321	0.5395488935559495	25	-0.9694647261105783
PYGO2	PYGO2	2.78113051965338e-08	7220.0	0.338573192496515	0.338573192496515	0.000159110300921979	2605.0	14.667117269347752	0.08	0.40652368977456854	0.5520955603623925	25	-0.12307742020865227
LAMP1	LAMP1	0.0017722752945885801	7219.0	0.33857178781937897	-0.33857178781937897	2.0141739391371303e-05	7604.0	42.82415230370621	0.12	0.583428489255304	0.6079808464289876	25	-0.40273752516071143
SIGLEC1	SIGLEC1	0.196641568632035	7218.0	0.338569587186731	-0.338569587186731	0.0001179575177486836	13677.0	77.03052833164357	0.4583333333333333	1.7021988244614021	2.1060086618090406	24	-0.6474946005698414
ZNF263	ZNF263	0.00024286758267621	7217.0	0.33850390477208697	0.33850390477208697	0.000327022716668917	569.0	3.199279035710262	0.12	0.3865040331037637	0.6157420663588014	25	-0.07795492780853205
BLZF1	BLZF1	0.00366185087538048	7216.0	0.33845486568227	0.33845486568227	3.79903242737984e-09	11711.0	65.95696744395629	0.24	0.7364017788772226	0.3869419352564209	25	-1.0284409027190058
TAF13	TAF13	0.041121936090338	7215.0	0.338441116383657	-0.338441116383657	6.21149656799571e-07	7603.0	42.81851977019263	0.12	0.6295775774190323	0.6642079262532976	25	-0.438321268879814
MATR3	MATR3	4.83338581827582e-05	7214.0	0.338417506882625	0.338417506882625	0.0054940133262258	2902.0	16.339979722879352	0.08	0.39301355369642094	0.3860630527693531	25	-0.1414174353701063
PLXNA3	PLXNA3	0.0237086806066953	7213.0	0.338406463526493	0.338406463526493	0.006045002653748129	3080.0	17.342570688295595	0.12	0.5551649686686219	0.8042757276540206	25	-0.269507704496303
SLC30A6	SLC30A6	0.012777381693543999	7212.0	0.338230781696464	0.338230781696464	1.07061657028926e-06	10047.0	56.58443167736848	0.08	0.5377964695025775	0.29593740402223545	25	-0.6743510117130008
CCNL2	CCNL2	0.00215882084717082	7211.0	0.33821299363360396	0.33821299363360396	0.000535722239055987	2789.0	15.703503435845443	0.04	0.34741859536155073	0.44016579296983105	25	-0.02091394168964356
SUDS3	SUDS3	6.05975384408985e-05	7210.0	0.33814146735197104	0.33814146735197104	2.8215234920492303e-05	7034.0	39.61360820096879	0.08	0.5300472776440807	0.5347773613346862	25	-0.3588517842512164
PTPN22	PTPN22	0.46227102254437497	7209.0	0.338002175745916	0.338002175745916	0.053478359652083446	8261.0	46.524726822124585	0.2916666666666667	1.1866206030368491	1.871465519564725	24	-0.45345127570841337
RAD17	RAD17	0.007377397275552079	7208.0	0.33799763088941304	0.33799763088941304	7.51879152502976e-09	8926.0	50.27036160865157	0.16	0.6731759622803938	0.9927654741490137	25	-0.3376208582175881
ABCC2	ABCC2	0.0962889129990586	7207.0	0.33792964881292603	0.33792964881292603	0.0009615773186191095	12438.0	70.05181930832488	0.2916666666666667	1.2978955038111217	1.4668606633917944	24	-0.6544356113405377
RBSN	RBSN	0.00283416368833698	7206.0	0.337916207607854	-0.337916207607854	0.000177371454668571	1914.0	10.775036611467836	0.04	0.3738477966593053	0.4067668318177001	25	-0.08833460902130452
ZFP64	ZFP64	0.0481214839470892	7205.0	0.33783817850515097	0.33783817850515097	0.0127641266128831	53.0	0.2928917427058691	0.12	0.46525060163016413	0.9054336306830663	25	-0.14071978199980514
DBI	DBI	0.007467125573222659	7204.0	0.33771496984413296	-0.33771496984413296	2.26839495506088e-06	5535.0	31.170440464120762	0.12	0.4905702372938452	0.4644166678622881	25	-0.3291338964066593
MT1F	MT1F	0.131019500577018	7203.0	0.33763096099575496	0.33763096099575496	0.0383700830885799	3814.0	21.47685028725921	0.24	0.653479298182258	0.8093586668714688	25	-0.39024520291775877
ZNF664	ZNF664	0.00971051921738742	7202.0	0.337594846758048	0.337594846758048	0.000563258724922608	6671.0	37.56899853554128	0.12	0.476210855637275	0.4725122171991739	25	-0.29335962930414006
ARHGAP5	ARHGAP5	0.10997347301528301	7201.0	0.337460193916073	0.337460193916073	1.4496996106034e-06	9066.0	51.058916300551985	0.04	0.5710961315354589	0.2707703500580777	25	-0.862856430068038
OLFM4	OLFM4	0.8465275573078209	7200.0	0.337448432628263	0.337448432628263	1.2349366265699959e-05	17340.0	97.66249859186662	0.7083333333333334	4.556062331637901	4.39401265395159	24	-0.9600823282144594
ENTPD2	ENTPD2	0.530243373849943	7199.0	0.337446017500527	0.337446017500527	0.003932800249503355	11661.0	65.67534076827756	0.3333333333333333	1.2962536414110988	1.5579886104386211	24	-0.615413756869916
MIER3	MIER3	0.0456524202767511	7198.0	0.33732164944535503	0.33732164944535503	0.0665990089345013	2388.0	13.444857496902106	0.04	0.3455885430179188	0.4824899688051986	25	-0.01713381439418373
RBM43	RBM43	0.0685455394257153	7197.0	0.33722804172318505	0.33722804172318505	0.0325485758810463	871.0	4.900304156809733	0.08	0.5524877795018404	1.24141863766189	25	-0.1733981843418102
STK35	STK35	0.005753951490208371	7196.0	0.33722444796676504	-0.33722444796676504	0.000535735971345572	1975.0	11.118621155795877	0.12	0.5304511955564599	1.040582988695232	25	-0.1856908576143248
GRK3	GRK3	0.00823190330883548	7195.0	0.337183587614539	-0.337183587614539	0.0355983707730806	1959.0	11.028500619578686	0.12	0.44087414867538016	0.6144659550290273	25	-0.16874907423624932
TRUB2	TRUB2	0.00315816311529882	7194.0	0.337144973204486	0.337144973204486	2.84934081842379e-05	2145.0	12.076151853103525	0.16	0.43979161757878016	0.5183348130313316	25	-0.1980315460078687
SYPL2	SYPL2	0.33522071776603096	7193.0	0.33713925300853403	-0.33713925300853403	1.13390180541633e-08	16433.0	92.55379069505463	0.8	1.8226665079214457	1.2356850039396374	25	-1.2021892716806644
RAD21	RAD21	0.0757705571656162	7192.0	0.33712854279385	0.33712854279385	6.30219785073782e-05	8840.0	49.78596372648417	0.08	0.49827150576357077	0.4214488120823094	25	-0.3823547684795689
FAIM	FAIM	0.028613225216824998	7191.0	0.337091708716626	0.337091708716626	1.2804608506706401e-05	7657.0	43.122676579925646	0.08	0.573550611596897	0.6077344046547062	25	-0.38908263390916437
TNRC6C	TNRC6C	0.0009129695036716439	7190.0	0.33701439770130204	-0.33701439770130204	0.00277980755662143	7423.0	41.80466373774924	0.12	0.4785444881507744	0.45633839146472677	25	-0.3101428525336161
BAG4	BAG4	0.00711276993482702	7189.0	0.336968391085516	0.336968391085516	1.1994179957988199e-05	4941.0	27.824715557057566	0.16	0.5685877859779914	0.6482162509746614	25	-0.3573180933742578
MPND	MPND	0.0506258867047068	7188.0	0.336896922454288	-0.336896922454288	0.000119314140008674	9082.0	51.14903683676918	0.08	0.4497767727546883	0.32296583438924953	25	-0.3495101904938763
NAP1L4	NAP1L4	1.79114443289514e-06	7187.0	0.33676074787050503	0.33676074787050503	0.00261515401340565	3546.0	19.96733130562127	0.08	0.39717167001520937	0.4606895633457875	25	-0.1311315188170666
TALDO1	TALDO1	0.00294529639106167	7186.0	0.33665795672396504	0.33665795672396504	1.60211349302119e-06	6531.0	36.78044384364087	0.12	0.4902652352022106	0.4526667003270869	25	-0.33933858701612546
GPR37L1	GPR37L1	0.19969725413581	7185.0	0.336638012686529	-0.336638012686529	7.106325876305555e-07	12494.0	70.36724118508505	0.2916666666666667	0.884849320469585	0.7317225920949838	24	-0.7492064803048932
ACOT9	ACOT9	0.0048847940172654794	7184.0	0.336611338819492	-0.336611338819492	0.008880376087511998	1767.0	9.9470541849724	0.04	0.32664669680370756	0.39502623327706277	25	0.025225266517414986
LCK	LCK	0.44559370227757394	7183.0	0.336579737107478	-0.336579737107478	0.00010772855388406036	15854.0	89.29255379069505	0.6666666666666666	2.1343507545630374	2.761907820757271	24	-0.6509163716270007
GLI2	GLI2	0.27292336722976	7182.0	0.336521725852102	-0.336521725852102	1.0671524787278195e-11	14757.0	83.11366452630392	0.625	1.6870119023424206	1.7307151186717247	24	-0.7803076092192353
NUP160	NUP160	0.000145615247947682	7181.0	0.336503527301418	0.336503527301418	0.00538256800119622	3162.0	17.8044384364087	0.08	0.39762151713085797	0.4604517355249454	25	-0.1327348451836356
VILL	VILL	0.177593601105805	7180.0	0.336410996253329	0.336410996253329	0.0001956178055528394	7841.0	44.15906274642334	0.20833333333333334	0.8616016275401693	1.2356297236019316	24	-0.4250388455822182
PIP4K2C	PIP4K2C	0.000976513896957624	7179.0	0.336395701072257	0.336395701072257	1.43844971801307e-08	8116.0	45.7080094626563	0.12	0.6170652840512367	0.7081341414516681	25	-0.39635086991231605
TUFT1	TUFT1	0.15644465695148	7178.0	0.336388475845192	0.336388475845192	0.00287635678950068	10676.0	60.12729525740678	0.16	0.7420420736326165	0.8440144914188515	25	-0.480623972587829
POLA1	POLA1	0.00123377518783167	7177.0	0.336202559653896	0.336202559653896	0.0017905919649393398	4873.0	27.441703278134504	0.04	0.3899006491493727	0.25480090765961044	25	-0.21074528340068635
COL26A1	COL26A1	0.180630209411183	7176.0	0.33609804821473904	-0.33609804821473904	4.0554464691762075e-10	16923.0	95.31373211670609	0.7083333333333334	2.08416559751724	1.385579736495008	24	-1.2616145453486856
NINL	NINL	0.0661746153165346	7175.0	0.336055600938289	0.336055600938289	0.0014235093397285698	5468.0	30.793060718711278	0.16	0.6494071619807421	0.8970514879667162	25	-0.349312793352258
PEX11G	PEX11G	0.133894985347878	7174.0	0.336015785669578	-0.336015785669578	0.00348813742118117	6672.0	37.57463106905486	0.08	0.6102136789438708	0.6760081698121707	25	-0.4056132832691635
TTC8	TTC8	0.0008834282087847221	7173.0	0.33589167351942706	0.33589167351942706	1.3865845289335902e-10	11420.0	64.31790019150614	0.12	0.7458042697847234	0.6129047917025618	25	-0.6688030536139515
DRC1	DRC1	0.46919159076583794	7172.0	0.335878752697258	-0.335878752697258	0.007133722756852066	13960.0	78.62453531598513	0.5	1.2610230639142934	1.0068231198036222	24	-0.9188747189252886
RNF135	RNF135	0.00031519788532037004	7171.0	0.335875631564486	0.335875631564486	0.0110046160814209	396.0	2.2248507378618902	0.04	0.46461588129352793	0.8433490469564154	25	-0.15265357824693818
SERHL2	SERHL2	0.00680416337563267	7170.0	0.33587318719266496	-0.33587318719266496	0.001047700489812925	10573.0	59.54714430550861	0.20833333333333334	0.7484005041283092	0.5705782756080706	24	-0.7229986393996687
GALNS	GALNS	0.0670243232909467	7169.0	0.335858812563326	-0.335858812563326	0.007380201957499941	2483.0	13.979948180691673	0.12	0.44550405875690585	0.5538759626920963	25	-0.19795992889933814
MRPL42	MRPL42	0.0511938085191389	7168.0	0.335645809048073	0.335645809048073	1.90236352203976e-08	9267.0	52.19105553678044	0.16	0.5947766098873823	0.3866435278354218	25	-0.6702059705745563
CYP51A1	CYP51A1	0.18473916038664	7167.0	0.335636566066496	-0.335636566066496	0.000133965223346701	6957.0	39.17990312042356	0.12	0.4765246067302361	0.3547737161139454	25	-0.39712085271415654
B3GNT4	B3GNT4	0.00451558075992203	7166.0	0.33559555935646007	0.33559555935646007	0.0412126383336573	8067.0	45.43201532049115	0.24	1.1427491102617375	1.7258623521538299	25	-0.46768130140736397
ZNF619	ZNF619	0.000877974004473035	7165.0	0.335393790024951	0.335393790024951	0.004740197466687471	2300.0	12.949194547707558	0.12	0.4395045841716812	0.5520615041596759	25	-0.18858549882988696
TAF4B	TAF4B	0.202250599515994	7164.0	0.335337160326348	0.335337160326348	0.00080773131973363	5595.0	31.508392474935224	0.08	0.7369437028988659	1.4187286424510555	25	-0.28307495214778033
FNIP2	FNIP2	0.0179708419268588	7163.0	0.335280662397272	0.335280662397272	5.19774465974323e-05	5284.0	29.756674552213585	0.12	0.46325826771138223	0.343882837286054	25	-0.37215467431907306
ZCRB1	ZCRB1	0.0031380639476434303	7162.0	0.33523969624585603	0.33523969624585603	3.3928382171865295e-08	8743.0	49.239607975667454	0.2	0.5714221200744087	0.5970430235517452	25	-0.3955869418313084
LSM2	LSM2	0.0103992605475894	7161.0	0.335216758210387	0.335216758210387	0.00666666144328495	473.0	2.658555818407119	0.12	0.41295327081277144	0.6466231260367503	25	-0.12021919642565701
TOMM40	TOMM40	0.0344908064754016	7160.0	0.33514720916428803	0.33514720916428803	8.014058359526579e-06	8843.0	49.80286132702489	0.2	0.5859434635417233	0.4651503232459756	25	-0.5391724821930566
NADK2	NADK2	0.0493762362129053	7159.0	0.335015896242049	0.335015896242049	5.84711866164714e-07	8626.0	48.580601554579246	0.08	0.5980046396721055	0.6891570951556294	25	-0.38160928078476336
AGRP	AGRP	0.649210137603582	7158.0	0.334978761277414	-0.334978761277414	0.015489436090944	12455.0	70.14757237805564	0.2916666666666667	0.9441694692537624	0.9986511517026031	24	-0.6100135236791522
PTCHD1	PTCHD1	0.608912304561501	7157.0	0.334957458404791	0.334957458404791	0.0379137667501046	10015.0	56.404190604934094	0.20833333333333334	0.9471861542091767	1.5174587920752582	24	-0.40345655447230244
TCEANC2	TCEANC2	0.103234430830839	7156.0	0.33493619868109603	0.33493619868109603	0.00167699556002261	1067.0	6.004280725470316	0.04	0.33223991621507354	0.45556163372006175	25	0.005918589860179781
RNGTT	RNGTT	0.0162053620367425	7155.0	0.334929380704603	0.334929380704603	0.000297689946059113	5549.0	31.249295933310805	0.08	0.4997444709881457	0.7028706870772858	25	-0.23448849598335866
ITGA7	ITGA7	0.189368994365837	7154.0	0.334889289954157	-0.334889289954157	1.64607362107915e-13	14341.0	80.77053058465697	0.56	1.7181310953407591	2.137547059892299	25	-0.6471164220619766
GSE1	GSE1	0.0195914531989056	7153.0	0.33480981761760603	-0.33480981761760603	2.0311056992966698e-05	1981.0	11.152416356877323	0.12	0.43722326968860886	0.4720777542416691	25	-0.2169419150781985
BOLA1	BOLA1	0.0122638808133208	7152.0	0.334792586527737	0.334792586527737	6.61689576189503e-07	6405.0	36.07074462093049	0.12	0.5459103134033976	0.6424925033524891	25	-0.3285917357386434
RHD	RHD	0.0697831173927724	7151.0	0.33478177049696195	0.33478177049696195	0.0028765333527276246	8337.0	46.952799369156246	0.20833333333333334	0.7564177535850664	0.8780841192873267	24	-0.4801772106188572
RAB31	RAB31	0.0740260931215892	7150.0	0.33473526692905603	-0.33473526692905603	0.00971852734563249	2106.0	11.856483046074123	0.08	0.6427600520943466	1.3456791007187119	25	-0.2288991372465977
POLR1C	POLR1C	0.0601721034167888	7149.0	0.33473204792518796	0.33473204792518796	1.8273009346171103e-08	5304.0	29.869325222485074	0.16	0.6267010893847763	0.8304836005645926	25	-0.351565089618985
ADAMTSL1	ADAMTSL1	0.605998236979538	7148.0	0.33461837400359695	0.33461837400359695	1.2621669255456546e-05	12769.0	71.91618790131801	0.4166666666666667	1.2657819121158391	1.2946036529016915	24	-0.7192653411916118
STARD3NL	STARD3NL	0.000571323305345753	7147.0	0.334596867657513	-0.334596867657513	0.00013498539323826499	7219.0	40.65562690098006	0.12	0.5774275958409251	0.4881877158025104	25	-0.49741261470341025
CTNNBL1	CTNNBL1	2.1279336434699802e-05	7146.0	0.334595845885916	-0.334595845885916	0.00206239416402903	3257.0	18.339529120198264	0.12	0.43930756051146763	0.612151968103275	25	-0.1710550975601632
DPCD	DPCD	0.0296589164169335	7145.0	0.33455192056683397	0.33455192056683397	2.81355825294775e-08	6748.0	38.002703616086514	0.08	0.5734923668525123	0.5477296287541245	25	-0.43623794248482867
KRT222	KRT222	0.551027326642317	7144.0	0.33455013908054804	0.33455013908054804	0.0019147064696819198	9767.0	55.00732229356764	0.34782608695652173	1.0348379278722792	1.090429964625611	23	-0.6422125322208735
DHX57	DHX57	9.96124097634968e-05	7143.0	0.33453566804818796	0.33453566804818796	0.015291518538071001	1214.0	6.832263151965754	0.08	0.3213922386934744	0.3153746970993416	25	0.04167559882133935
EFNB3	EFNB3	0.18547015597805605	7142.0	0.334424151489122	0.334424151489122	0.0009459688301274705	7862.0	44.2773459502084	0.3333333333333333	0.9467309641000948	1.1949336944447466	24	-0.512419070160621
NSUN4	NSUN4	0.0740463523748779	7141.0	0.334392045785086	0.334392045785086	0.00119111770301959	4016.0	22.614622057001238	0.08	0.39986757733356076	0.3294582557762065	25	-0.19873695802284214
ETV1	ETV1	0.306664324835596	7140.0	0.334370656532468	-0.334370656532468	0.13980251999229198	2826.0	15.911907175847695	0.16666666666666666	0.8396248561557771	1.7885805925830123	24	-0.2824889198275582
RAB39A	RAB39A	0.28555624734077195	7139.0	0.33433625196638106	0.33433625196638106	0.0291505574548174	9159.0	51.5827419173144	0.3333333333333333	1.0387866698034969	1.5047971654247978	24	-0.46813645986517555
DMC1	DMC1	0.508157778954509	7138.0	0.334292714387461	0.334292714387461	0.001576228690448007	14715.0	82.8770981187338	0.5416666666666666	1.7149207058121296	1.8431948389822692	24	-0.7490407211572871
RPL8	RPL8	0.0646422834786897	7137.0	0.334251339247952	0.334251339247952	0.0243492177324409	761.0	4.280725470316549	0.0	0.25065808637560183	0.2167307384198424	25	0.38570095539662924
CSPP1	CSPP1	0.0246189471738585	7136.0	0.33424500964788	-0.33424500964788	8.455106224293929e-05	5366.0	30.218542300326686	0.08	0.45227038657846363	0.40874589095875585	25	-0.2887500022415953
NRXN2	NRXN2	0.472657297694695	7135.0	0.33423577108132696	0.33423577108132696	3.65845050448573e-13	16081.0	90.57113889827644	0.625	2.276945569567471	2.2562276486100306	24	-0.8610433436018604
ARHGAP10	ARHGAP10	0.000725510884612822	7134.0	0.334203329593864	-0.334203329593864	0.0655719644029219	1394.0	7.846119184409147	0.04	0.30434929920821685	0.41873406083965653	25	0.0712959206752445
NUP88	NUP88	0.0059183104942027295	7133.0	0.33413771762098404	0.33413771762098404	0.000594277134193584	2552.0	14.368592993128308	0.04	0.37058478612112744	0.4991082910029404	25	-0.0730243699757107
ZNF71	ZNF71	0.0894814774278748	7132.0	0.334084268125865	-0.334084268125865	7.59351971916274e-05	4221.0	23.769291427283992	0.08	0.47851579695860047	0.5083341924566523	25	-0.2841271175065638
LAMTOR2	LAMTOR2	0.00559711557788808	7131.0	0.334083367678873	0.334083367678873	3.04300145780412e-05	5099.0	28.71465585220232	0.08	0.4562227667131398	0.46904741942890865	25	-0.2603988295745841
FAM155A	FAM155A	0.43676059457145505	7130.0	0.33407377169641606	-0.33407377169641606	0.000658403153975526	8494.0	47.83710713078742	0.30434782608695654	1.0207090919530224	1.3063518863462689	23	-0.5256128363522744
SLC2A12	SLC2A12	0.267777103986939	7129.0	0.33405144769615197	-0.33405144769615197	0.000402175340551892	10209.0	57.49690210656753	0.2	0.8048960018660768	0.9636269890556041	25	-0.48861702662704865
RNF139	RNF139	0.0889892132362673	7128.0	0.334044995922992	0.334044995922992	1.55732349624276e-06	4352.0	24.50715331756224	0.08	0.42820681681546524	0.5093227859121382	25	-0.18487651347433884
GOLGB1	GOLGB1	4.7527540396962e-05	7127.0	0.334024598200933	0.334024598200933	7.19324142180389e-08	11044.0	62.200067590402156	0.16	0.6509308917478254	0.5114282154117741	25	-0.619649608678193
LYNX1	LYNX1	0.351112067700715	7126.0	0.33399955657618297	-0.33399955657618297	0.00350263999412386	10609.0	59.749915511997294	0.4166666666666667	1.275692370284649	1.8197775721900689	24	-0.5174768763498695
PTPN9	PTPN9	7.943270979844549e-09	7125.0	0.333979550708424	-0.333979550708424	0.00630419089306353	1531.0	8.61777627576884	0.0	0.2794207526705083	0.2052458836919284	25	0.2658216430776648
ZFAND2A	ZFAND2A	0.0132304986887217	7124.0	0.333965516389016	-0.333965516389016	2.19713285020015e-06	5302.0	29.858060155457924	0.08	0.5775565204611416	0.8291640676691892	25	-0.29377901620468055
ZC3H6	ZC3H6	0.0171993013673052	7123.0	0.333956915191809	0.333956915191809	2.2644230243703398e-05	9392.0	52.89512222597724	0.125	0.7668741037883072	1.1791168982814006	24	-0.3671537480528762
MRPL28	MRPL28	0.0470404790847593	7122.0	0.333885300416742	0.333885300416742	0.00711319084181584	928.0	5.221358567083474	0.04	0.37658902918125103	0.6410682958496512	25	-0.06661338431642586
PCDHB1	PCDHB1	0.458521625942093	7121.0	0.333879856147087	0.333879856147087	0.11289116431545625	11258.0	63.40542976230708	0.25	0.8509644863772096	0.9019572059522311	24	-0.5732917557704043
DHX37	DHX37	0.00729790662828965	7120.0	0.3338567549446261	0.3338567549446261	1.24287855940693e-09	11123.0	62.64503773797453	0.36	0.8742143065869072	0.6878085888302591	25	-0.7856219890496793
USP27X	USP27X	0.271280657239924	7119.0	0.33385232926131503	0.33385232926131503	0.0276667806604027	102.0	0.568885884871015	0.16	0.4912994347036657	0.8332310918044127	25	-0.18895970996640246
EPHX4	EPHX4	0.524224451656538	7118.0	0.333808902369928	0.333808902369928	0.00012201624655859916	11615.0	65.41624422665315	0.16666666666666666	0.796148714319048	0.5568414068166861	24	-0.8302899286750126
SRSF10	SRSF10	0.0135878806369636	7117.0	0.33380697718804	0.33380697718804	0.00511942226498679	5569.0	31.361946603582293	0.08	0.5197567790519451	0.6718250224393105	25	-0.27678308436435606
THAP11	THAP11	0.0117988652729862	7116.0	0.333741988643675	-0.333741988643675	0.00020336865646250802	3762.0	21.18395854455334	0.2	0.5453469222859065	0.682206269930464	25	-0.3101773509994273
ACACA	ACACA	0.168643410552087	7115.0	0.33367753318662896	0.33367753318662896	0.0199621883607608	3138.0	17.66925763208291	0.0	0.27397434443622254	0.17824200160355613	25	0.3349557804181171
WFDC21P	WFDC21P	0.32931123284245	7114.0	0.333462492381705	0.333462492381705	0.00042537220002391955	9847.0	55.457924974653594	0.375	1.3214554263107263	1.9053980129375283	24	-0.5185231259928968
GMEB2	GMEB2	0.0304361659456401	7113.0	0.33282304918926603	-0.33282304918926603	3.2917379694215996e-09	10077.0	56.75340768277571	0.16	0.6550221517873527	0.4729686159369314	25	-0.6812272352570867
IL24	IL24	0.48826317775045597	7112.0	0.332610108004528	0.332610108004528	0.00122864315421631	14400.0	81.10285006195787	0.5	2.165116524906781	2.3855145897368737	24	-0.7681807626690649
KLHL13	KLHL13	0.44944226287215705	7111.0	0.33255173191064	0.33255173191064	0.0807929768162097	1648.0	9.276782696857046	0.16	0.9497946714785354	1.8795120280938056	25	-0.3284059534292531
COPA	COPA	0.00291307845977873	7110.0	0.33248082803615503	0.33248082803615503	6.54423286732545e-06	6003.0	33.80646614847358	0.08	0.4512417041937883	0.47683018552242373	25	-0.24906325095068532
MAGEA8	MAGEA8	0.643650012599772	7109.0	0.332476418954615	-0.332476418954615	0.055376371485562424	13234.0	74.53531598513011	0.4166666666666667	1.4298010728812847	1.5210693356419875	24	-0.7214165904301326
TMEM126B	TMEM126B	0.0207755455000233	7108.0	0.33241589420303497	0.33241589420303497	1.4164782314503901e-06	10539.0	59.355638166047086	0.12	0.6262662664796729	0.3725524548741669	25	-0.788748989389665
MPP4	MPP4	0.534861792963021	7107.0	0.33222291294917106	0.33222291294917106	0.000190702609240351	13524.0	76.16875070406668	0.3333333333333333	1.5032705177570733	1.4752502007168293	24	-0.7937959298286392
RELA	RELA	8.47882390745501e-05	7106.0	0.332186830073834	-0.332186830073834	2.7392375448160498e-09	10954.0	61.693139574180464	0.24	0.8642531885905663	0.8981866885170754	25	-0.592378361112415
EFTUD2	EFTUD2	0.004419298883385971	7105.0	0.33217992816567404	0.33217992816567404	0.0178523396662804	480.0	2.6979835530021403	0.04	0.29497823138876306	0.3902080649928531	25	0.09533810321832369
FGFBP1	FGFBP1	0.7031048290728911	7104.0	0.33213036224681897	0.33213036224681897	0.0122601776145017	12697.0	71.51064548834066	0.43478260869565216	1.8651260745863707	1.9937995037418093	23	-0.7688815798491992
XRCC5	XRCC5	5.58841853994505e-07	7103.0	0.332061639755014	0.332061639755014	4.06935296824945e-05	5816.0	32.75318238143517	0.04	0.4415316062510372	0.3289651569037917	25	-0.33277070291075994
FRRS1L	FRRS1L	0.671095307249282	7102.0	0.33201019643435803	0.33201019643435803	2.3681792113852672e-05	15081.0	84.93860538470203	0.5416666666666666	1.7086728887447091	1.7285677137063358	24	-0.7964181451466301
JOSD2	JOSD2	0.007673222429014971	7101.0	0.331904095774167	-0.331904095774167	0.00235605070906064	9105.0	51.278585107581385	0.12	0.6641531059173967	0.8205118811120627	25	-0.4049289447130532
KIDINS220	KIDINS220	0.00253892399549203	7100.0	0.33189561979166804	-0.33189561979166804	0.00316148481308967	3278.0	18.45781232398333	0.08	0.3800938275236919	0.43554842569020286	25	-0.11066096187960126
BAG3	BAG3	0.157084428678281	7099.0	0.331736620031028	-0.331736620031028	0.00088998286834554	1015.0	5.711388982764448	0.12	0.5141710020616164	0.8950714293689668	25	-0.203821031533993
VN1R5	VN1R5	0.836839078507515	7098.0	0.33170929813725303	0.33170929813725303	0.31334271101852895	9366.0	52.74867635462431	0.08333333333333333	0.7282298374656516	0.8099364615072483	24	-0.48956993316549197
PSMA3	PSMA3	0.00107533086141501	7097.0	0.33167719704309495	0.33167719704309495	1.32410309333384e-13	12448.0	70.10814464346062	0.28	0.8102446408018389	0.44481920352532694	25	-1.0758695667047464
CTNNA3	CTNNA3	0.522290987904531	7096.0	0.331614243700654	-0.331614243700654	0.00019858209766717214	14621.0	82.34763996845781	0.5833333333333334	2.1868242030279226	2.257471665394447	24	-0.8218087463804817
DCUN1D1	DCUN1D1	0.0044922709331022	7095.0	0.331583001178018	0.331583001178018	2.5010771043845297e-06	11325.0	63.782809507716564	0.2	0.7119158660829021	0.5440744218120291	25	-0.6990456629778571
PGAP3	PGAP3	0.0020770149427358896	7094.0	0.33157306262675396	0.33157306262675396	0.000185678947004223	11696.0	65.87247944125266	0.16	0.7800199102416835	0.7454099061617203	25	-0.6016110651441179
TMEM167B	TMEM167B	0.0112368965108217	7093.0	0.33150875860518997	-0.33150875860518997	2.00007171868936e-05	4092.0	23.042694604032896	0.08	0.4033306414198809	0.3576711464840328	25	-0.20080424020979062
EIF5B	EIF5B	0.00684656983246675	7092.0	0.33148792948416	0.33148792948416	8.751157004538709e-07	7343.0	41.354061056663284	0.12	0.5547570251807477	0.5359272652290353	25	-0.4166033530710007
LINC01750	LINC01750	0.423871228372461	7091.0	0.33145671226129697	0.33145671226129697	0.00047852880516604954	12046.0	67.84386617100371	0.3333333333333333	1.099947911340108	1.0226636533645892	24	-0.751460361919049
PFN1	PFN1	0.006339566845328571	7090.0	0.33124025374111604	-0.33124025374111604	8.60245103634631e-05	5181.0	29.176523600315424	0.12	0.4364201901937163	0.35531219556556043	25	-0.29602118296328783
LPAR4	LPAR4	0.65820967992633	7089.0	0.33114938178194503	0.33114938178194503	1.3798440139198871e-05	13590.0	76.54049791596259	0.4166666666666667	1.2837291342869819	1.4366673098039007	24	-0.6630482548078999
THSD7B	THSD7B	0.473432930964228	7088.0	0.33111053465052503	0.33111053465052503	0.03465069927231785	8592.0	48.389095415117716	0.20833333333333334	0.841726395275885	1.2384595754204732	24	-0.41229917452251047
ITPK1.AS1	ITPK1.AS1	0.417956188423842	7087.0	0.33110753344268395	-0.33110753344268395	0.0001673831267200669	16988.0	95.67984679508842	0.7083333333333334	2.7858592925593424	2.163646758694505	24	-1.1345436815193435
ARG2	ARG2	0.0018713409385828301	7086.0	0.33100891064301696	0.33100891064301696	0.0439110617170329	472.0	2.652923284893545	0.04	0.3805849278935238	0.5716993515708129	25	-0.08671693804495445
BTBD2	BTBD2	0.0023868669891954	7085.0	0.330958995504875	-0.330958995504875	1.76576009342033e-08	11608.0	65.37681649205813	0.36	1.021609777264951	0.9228066903525911	25	-0.7484241163186499
MMP24	MMP24	0.21248706305776302	7084.0	0.330893406921739	-0.330893406921739	0.000230572868859937	6401.0	36.04821448687619	0.12	0.5046893809135126	0.42734234818765066	25	-0.40669026771823197
ENKD1	ENKD1	0.141103933946005	7083.0	0.33087394179768104	-0.33087394179768104	0.00238729202466205	4917.0	27.689534752731777	0.2	0.7261975278296631	0.9490398970171715	25	-0.4165510715350139
PABPC4	PABPC4	0.0184066904172632	7082.0	0.330855792733829	0.330855792733829	0.0195526350471287	580.0	3.261236904359581	0.12	0.35113932697338684	0.4412692712876772	25	-0.04596634200330346
MED30	MED30	0.157665707301413	7081.0	0.33077605218941	-0.33077605218941	1.22465792589253e-05	3998.0	22.5132364537569	0.08	0.43875035598955514	0.5389504255108187	25	-0.20034181009840898
LRRC42	LRRC42	0.0220838153528562	7080.0	0.330772923762815	0.330772923762815	1.30081079736097e-07	8315.0	46.82888363185761	0.04	0.45685570353064603	0.3460049483046708	25	-0.3643958862022119
LIG1	LIG1	0.00973452795911128	7079.0	0.33068844675324	0.33068844675324	1.8707855074482e-05	6410.0	36.09890728849836	0.08	0.4817496472490736	0.47813643388170823	25	-0.3159374391728667
RTN4IP1	RTN4IP1	0.0145740106466774	7078.0	0.33060619125460805	0.33060619125460805	2.2496981897335802e-09	9834.0	55.384702038977125	0.28	0.7857733182552945	0.659444549899635	25	-0.6902280518808764
ZRANB3	ZRANB3	0.00241647551485207	7077.0	0.330548212256687	0.330548212256687	4.693424131515421e-05	3773.0	21.245916413202657	0.04	0.46080814317755087	0.6882047852284576	25	-0.18927495669420918
TTC30B	TTC30B	0.085813210053398	7076.0	0.33041450175481296	0.33041450175481296	2.4498469105376602e-09	11672.0	65.73729863692688	0.16	0.7211289761978058	0.5367481813313183	25	-0.7279288277677772
EEF1D	EEF1D	0.00783317786562302	7075.0	0.330412364920921	0.330412364920921	0.0089833336581226	2368.0	13.332206826630618	0.08	0.3653952605999495	0.48032303903990464	25	-0.07283201686297235
IRF2BP1	IRF2BP1	0.00710792663265262	7074.0	0.33037261398461604	-0.33037261398461604	2.63774407008038e-08	10659.0	60.03154218767601	0.36	0.9096377727210521	0.6486164852847404	25	-0.8930780698275663
DENND1C	DENND1C	0.0989714536581681	7073.0	0.330367830541325	-0.330367830541325	0.000826767379981818	11816.0	66.5483834628816	0.125	0.8156026120111136	0.9579774793309206	24	-0.5065200298953695
OSTM1	OSTM1	0.0357851529702718	7072.0	0.33035289782960897	-0.33035289782960897	0.0597062643216077	3609.0	20.322180916976457	0.04	0.3680123161399166	0.30019614439222747	25	-0.1254493737304731
FADS1	FADS1	0.204041462253025	7071.0	0.330337492044414	0.330337492044414	0.100934954909904	98.0	0.5463557508167174	0.16	0.5932333132442974	1.133310180015931	25	-0.2319716400996132
LINC00612	LINC00612	0.313135266091774	7070.0	0.33026352972599105	0.33026352972599105	0.0332796768398808	6942.0	39.095415117719945	0.20833333333333334	0.6856925230826333	0.8874003549945682	24	-0.40052834254142017
IL27RA	IL27RA	0.097478858895461	7069.0	0.330213465646743	0.330213465646743	0.00546815647745596	1132.0	6.370395403852653	0.08	0.5678563369002536	0.9202415824943103	25	-0.2582396576879093
PCGF3	PCGF3	0.0251971378322487	7068.0	0.33015208728103496	0.33015208728103496	0.0378521838485859	404.0	2.2699110059704855	0.04	0.2602752322755588	0.31075750516203604	25	0.22485975027068372
TPP2	TPP2	0.00425242800017944	7067.0	0.330094467685102	0.330094467685102	0.00172019644577689	3827.0	21.550073222935676	0.04	0.43115741191565016	0.4965934401302686	25	-0.2035124431044375
ZNF318	ZNF318	0.0010601387453176	7066.0	0.329887005106677	0.329887005106677	0.0349381631653264	273.0	1.5320491156922382	0.04	0.4157861314019813	0.6740693133921619	25	-0.12743366978542403
PAN2	PAN2	0.0120090039002676	7065.0	0.329851473699356	0.329851473699356	0.00258892068472788	759.0	4.2694604032894	0.12	0.46864758885943464	0.693151848808497	25	-0.20023911845386277
RASL11B	RASL11B	0.32950939400141	7064.0	0.329814661848916	0.329814661848916	0.000129781138519711	11884.0	66.93139574180466	0.44	0.9166648657564719	0.6029487254622443	25	-0.9733003473183449
SLC7A14	SLC7A14	0.7336432396767198	7063.0	0.32944107895428604	0.32944107895428604	0.000677257260072608	13785.0	77.6388419511096	0.4583333333333333	1.7075838084069854	2.0367339334603987	24	-0.6766434765051728
FANCL	FANCL	0.0071541222213048206	7062.0	0.32938731076961997	0.32938731076961997	1.1273374090708798e-08	10434.0	58.76422214712177	0.08	0.6610829488431711	0.36359675619951015	25	-0.9122623687312148
GNL2	GNL2	0.0741746594898837	7061.0	0.329264581818845	0.329264581818845	3.5200226878976896e-07	6325.0	35.62014193984454	0.12	0.53812522307143	0.4824143061229976	25	-0.43294868871350034
TMEM176A	TMEM176A	0.295403694671967	7060.0	0.32922470788000396	0.32922470788000396	6.345522314235206e-06	14647.0	82.49408583981074	0.5833333333333334	1.9559399339434556	2.461277262284242	24	-0.66092319260031
GLDN	GLDN	0.569277378232135	7059.0	0.329115262168894	-0.329115262168894	0.010510987146477418	12823.0	72.22034471105103	0.2916666666666667	1.214135851124209	1.6150214557331886	24	-0.5479930844346169
IFIH1	IFIH1	0.00449735803027525	7058.0	0.32910160290659396	0.32910160290659396	1.75521089109702e-06	11935.0	67.21865495099695	0.32	1.0061148804127418	1.1390034495638393	25	-0.5943908929910596
PGS1	PGS1	0.00422236231300809	7057.0	0.329073480090153	-0.329073480090153	0.001327529268639225	14167.0	79.79046975329503	0.5	1.8464916246604623	2.4501805606095415	24	-0.6193087027809963
CAPN11	CAPN11	0.358409845450731	7056.0	0.329000198112482	0.329000198112482	4.124848285982936e-06	13031.0	73.3919116818745	0.4583333333333333	1.1422984172236104	1.2673544809641313	24	-0.6417290752721506
EAF1	EAF1	0.0103145400262361	7055.0	0.328750696318812	-0.328750696318812	0.00177561694712008	2686.0	15.123352483947277	0.08	0.45482300481394594	0.6259542340553151	25	-0.20140818870791924
ATP2C1	ATP2C1	0.00307490544709287	7054.0	0.32866577022447496	-0.32866577022447496	0.000161116351524505	6072.0	34.19511096091021	0.0	0.3837496319070044	0.2183424129850099	25	-0.2522820048082512
AFG3L1P	AFG3L1P	0.0171619220864181	7053.0	0.32858263524731396	-0.32858263524731396	0.000256459414316838	3418.0	19.246367015883745	0.12	0.4330045707630423	0.46169780725829346	25	-0.22616944216351936
SREK1IP1	SREK1IP1	0.0669599167108442	7052.0	0.32846640626678497	0.32846640626678497	0.000483047381043029	5009.0	28.207727835980624	0.08	0.4595545014314489	0.4405298961678556	25	-0.29756912369623895
DNAJC1	DNAJC1	0.0307168655349406	7051.0	0.328461355069637	-0.328461355069637	0.00645982626440085	2240.0	12.611242536893094	0.04	0.3214784287752617	0.3423537605090024	25	0.02039681493199671
TRIM50	TRIM50	0.49186362008706	7050.0	0.328399044778222	0.328399044778222	0.00046957117539651655	14361.0	80.88318125492846	0.5416666666666666	1.2241660852947445	1.1415507273291752	24	-0.7846931538577356
TMEM59	TMEM59	0.0139167733797345	7049.0	0.328373653197875	0.328373653197875	8.888606888529921e-12	11348.0	63.91235777852878	0.2	0.6587291357704413	0.41908429150563975	25	-0.7882793253493269
LPIN1	LPIN1	0.0661307360191975	7048.0	0.328272553566357	0.328272553566357	7.448419578563371e-07	5773.0	32.51098344035147	0.12	0.5830654766326525	0.7607181479821503	25	-0.33493735326565927
NIPSNAP3A	NIPSNAP3A	0.0109456412556511	7047.0	0.328182200660347	-0.328182200660347	0.000404348679126519	7937.0	44.69978596372648	0.24	0.8637735279745559	1.040916202154482	25	-0.5145383712979443
FAH	FAH	0.10136285595789699	7046.0	0.328046675288283	0.328046675288283	0.034263524868133	1201.0	6.759040216289287	0.16	0.8346602077373741	1.5556755423944537	25	-0.32565500880043746
C12orf4	C12orf4	0.00231874487264259	7045.0	0.32802835279052694	0.32802835279052694	2.24480626400983e-07	8758.0	49.32409597837107	0.08	0.503589092234628	0.2917499872447647	25	-0.6017506328005895
CYP4A11	CYP4A11	0.5240191988048309	7044.0	0.327976478883461	-0.327976478883461	5.506023893070949e-07	17511.0	98.62566182268785	0.6363636363636364	3.4627665224571227	2.51940797651912	22	-1.2442566161534385
ARMCX5.GPRASP2	ARMCX5.GPRASP2	0.018920332384381	7043.0	0.327912648635385	0.327912648635385	7.07192011514321e-05	6677.0	37.60279373662273	0.08	0.6965488443882687	1.0395465923414395	25	-0.3546124805455617
ANKRD39	ANKRD39	0.0170064515418085	7042.0	0.327906781145195	0.327906781145195	0.0004967437552059241	2742.0	15.438774360707445	0.0	0.3162994458389315	0.2589806999189362	25	0.04481930626450826
NNMT	NNMT	0.31892949774002305	7041.0	0.327869638820808	-0.327869638820808	0.048752917428224546	4073.0	22.93567646727498	0.2916666666666667	1.121936318338368	1.87270565782359	24	-0.42402108211730594
DDN	DDN	0.558929026628068	7040.0	0.32782858339046506	-0.32782858339046506	1.7860747719522598e-08	16959.0	95.51650332319477	0.7083333333333334	2.2036733594835503	1.6187342057274903	24	-1.158834334541071
NUP35	NUP35	0.00270611924195106	7039.0	0.327801208331396	0.327801208331396	0.0011187732326156	7567.0	42.61574856370395	0.12	0.711823190566423	1.040347715913475	25	-0.36912849075449483
MCM6	MCM6	0.0221225740966953	7038.0	0.32779570636766897	0.32779570636766897	0.00854031396012515	2309.0	12.999887349329727	0.04	0.41547583115944065	0.6659196278381484	25	-0.13166772854618772
TPM4	TPM4	0.050333032152792	7037.0	0.327789511788754	-0.327789511788754	0.0156290131055507	2271.0	12.7858510758139	0.08	0.6534849039132302	1.3343220603634138	25	-0.2440905399074121
MEGF8	MEGF8	0.0275721062950104	7036.0	0.327748199076	-0.327748199076	7.49398631611726e-08	9826.0	55.33964177086853	0.16	0.6753033124387916	0.6356987677240549	25	-0.5467292544975624
SUSD6	SUSD6	0.00570304339401827	7035.0	0.32774081772128305	-0.32774081772128305	0.00012690884807331298	6775.0	38.15478202095302	0.12	0.45697434995043934	0.4239691673001949	25	-0.30481823254296087
PSME3	PSME3	0.0064919811283217395	7034.0	0.327668039463758	0.327668039463758	0.00146658379997422	653.0	3.672411850850512	0.08	0.36798698197135543	0.6160559004388677	25	-0.06544688960673034
HPX	HPX	0.183398921542725	7033.0	0.32766546631808	-0.32766546631808	1.99615335485098e-05	17183.0	96.77819083023543	0.6521739130434783	2.8762618963064255	2.3632246852913075	23	-1.0784401694222263
HEATR3	HEATR3	0.00843593201488862	7032.0	0.32766138343943296	0.32766138343943296	0.017101194913665	328.0	1.8418384589388306	0.0	0.26232089423069627	0.23247708204919407	25	0.2810620669908017
DHRS12	DHRS12	0.0361823767239308	7031.0	0.327608418687132	-0.327608418687132	0.0238329663067909	1182.0	6.652022079531373	0.08	0.38585544642857955	0.6142066079914364	25	-0.09483295520366607
IL20RB	IL20RB	0.056161318550729006	7030.0	0.327581597410734	0.327581597410734	0.00025704932791554544	9121.0	51.36870564379858	0.2916666666666667	0.8066703395870496	0.7776195027167693	24	-0.6160966134497955
SP140L	SP140L	0.0062240035110701	7029.0	0.327580498987615	0.327580498987615	1.63763879216839e-10	11340.0	63.86729751042018	0.16	1.0586252068014976	1.2739170079380762	25	-0.5738558346097676
LINC00324	LINC00324	0.0879482609427628	7028.0	0.327569736553352	-0.327569736553352	6.996411369130068e-07	16649.0	93.7704179339867	0.625	2.2617974397739533	1.8801994266802005	24	-1.0287353967742647
PDCD6IP	PDCD6IP	3.21025346843037e-07	7027.0	0.327514575323354	-0.327514575323354	0.00427857900073976	3264.0	18.378956854793287	0.04	0.39900227118202763	0.503063776059328	25	-0.1421046381408366
ASH1L	ASH1L	0.0178111197005473	7026.0	0.32749295027450104	0.32749295027450104	0.00020709141196567198	6127.0	34.504900304156806	0.04	0.4617854107712897	0.36002564333437104	25	-0.37300804257452735
RAF1	RAF1	0.000371422187880397	7025.0	0.32745278311668796	-0.32745278311668796	0.00149668861786438	1696.0	9.547144305508617	0.08	0.34985514364450315	0.46873159352820165	25	-0.04779357917649588
CAMK4	CAMK4	0.365267211577622	7024.0	0.327425127719315	-0.327425127719315	0.0017961195224341399	10738.0	60.47651233524839	0.32	1.339163743892964	1.9407299330916699	25	-0.5213186023064549
ITCH	ITCH	0.00211071991332912	7023.0	0.327349577684118	0.327349577684118	5.80394814546109e-07	8887.0	50.05069280162216	0.08	0.6011071966051333	0.5850196843924681	25	-0.46794599604850473
EIF3E	EIF3E	0.0012568599001279	7022.0	0.3273234099055	0.3273234099055	1.9369186360042302e-08	8890.0	50.067590402162885	0.16	0.6158108649493844	0.554059184003254	25	-0.5206798540175269
MRPL1	MRPL1	0.00265743279293497	7021.0	0.327225790225629	0.327225790225629	2.93274465227552e-07	9183.0	51.71792272164019	0.12	0.5580685791332285	0.46392122514676387	25	-0.49759048820103285
ATP11C	ATP11C	0.06701425184767801	7020.0	0.327145742291008	0.327145742291008	0.00252032688766303	4097.0	23.070857271600765	0.08	0.4630983701895149	0.47988495110398716	25	-0.2833025448823609
CWC15	CWC15	0.007534910169070809	7019.0	0.32712586911388697	0.32712586911388697	3.3975497582147597e-09	8333.0	46.930269235101946	0.16	0.6096229057880255	0.6129940659282693	25	-0.4608479141577782
SIRT3	SIRT3	0.00330652928427299	7018.0	0.327023399526656	0.327023399526656	8.455905060690171e-05	1875.0	10.555367804438436	0.08	0.3973604314274194	0.5506074071340165	25	-0.12774443458157755
VPS26B	VPS26B	0.000548936621537095	7017.0	0.326932957226667	0.326932957226667	0.008784277043838459	381.0	2.140362735158274	0.08	0.41361925217021045	0.7764822337990163	25	-0.11163976607606613
SCP2	SCP2	0.0184955832849971	7016.0	0.32691426933833	0.32691426933833	2.96374988295922e-10	9002.0	50.69843415568322	0.12	0.5828315383425278	0.35867833482518835	25	-0.7135007725764256
ARHGEF5	ARHGEF5	0.0455400160282537	7015.0	0.32688933508671303	0.32688933508671303	0.0920238064267654	2465.0	13.878562577447335	0.08	0.5288917057331617	0.8361645531304237	25	-0.24158207842008417
ZNF407	ZNF407	0.0019135833532769	7014.0	0.326776441479041	-0.326776441479041	0.00320383173939667	5308.0	29.89185535653937	0.16	0.5170472628337629	0.6258897551853063	25	-0.3040005364816823
TATDN2	TATDN2	0.000792415032604229	7013.0	0.326636588145352	-0.326636588145352	0.00208529275752844	2147.0	12.087416920130673	0.04	0.325005068040088	0.3290672562298926	25	0.004958014127434808
ST3GAL1	ST3GAL1	0.0586297571610603	7012.0	0.326568823857896	-0.326568823857896	0.0387580625185479	363.0	2.038977131913935	0.16	0.552950497674224	0.8291637637828662	25	-0.2730240800484508
SSRP1	SSRP1	6.9867794154183396e-06	7011.0	0.326535027384447	0.326535027384447	0.012532479272671999	3526.0	19.85468063534978	0.0	0.2670782411118542	0.2094653533980005	25	0.28385021822496964
HCRTR2	HCRTR2	0.7100200469037679	7010.0	0.32651783685883	0.32651783685883	0.018819408352839018	16039.0	90.33457249070631	0.5416666666666666	1.6625483558859122	1.3814505941900133	24	-0.9671214625018405
LRRTM1	LRRTM1	0.526524218580929	7009.0	0.326463755975324	0.326463755975324	0.0012557429037835192	14552.0	81.95899515602117	0.625	1.8107777759828814	1.8000365767977555	24	-0.8246021437231764
ETAA1	ETAA1	0.0837580725502489	7008.0	0.326400113411018	0.326400113411018	3.7556053919730696e-06	7375.0	41.53430212909766	0.08	0.5144820304581578	0.4182514419410124	25	-0.44968623700206084
CLMP	CLMP	0.272884030493057	7007.0	0.326346179396365	0.326346179396365	0.0064904464336393	7513.0	42.31159175397093	0.16	0.7999753435372569	1.2525528116835098	25	-0.37813109333434364
CAPN1	CAPN1	0.00249126511804082	7006.0	0.32634503020674394	0.32634503020674394	0.00418353465535806	6418.0	36.14396755660696	0.12	0.5470930663296013	0.6927023101237816	25	-0.3186766276027159
CCDC85C	CCDC85C	0.00675125355505549	7005.0	0.32630634870172104	-0.32630634870172104	0.0021005573071989103	3705.0	20.8629041342796	0.04	0.3862882481895745	0.3424880216575757	25	-0.1751357586100463
KBTBD6	KBTBD6	0.128797875294439	7004.0	0.32627617161829403	0.32627617161829403	0.0225128815801856	941.0	5.294581502759941	0.12	0.5163696307156607	0.9797956639493799	25	-0.1940133704318859
SPEF1	SPEF1	0.47015588589382296	7003.0	0.326174583647497	-0.326174583647497	0.0746843892472368	9904.0	55.77897938492734	0.32	0.8376689087820768	0.9235594494393885	25	-0.5538293451981493
MRPS30	MRPS30	0.0118967139743215	7002.0	0.326141253220849	0.326141253220849	1.65696447064219e-10	9428.0	53.097893432465916	0.08	0.5654563929026449	0.5292432937171949	25	-0.45218360350103126
HERC2	HERC2	0.0091587930797474	7001.0	0.32610759817000395	-0.32610759817000395	0.00290307950320757	2907.0	16.368142390447225	0.08	0.3718759544710226	0.36815615988707906	25	-0.12431777948535955
RARB	RARB	0.0264516139968672	7000.0	0.32609373245249	-0.32609373245249	1.118268408080444e-05	8054.0	45.358792384814684	0.25	0.8160951393609713	1.1764647898349787	24	-0.4165032486668923
HAPLN3	HAPLN3	0.461356823822255	6999.0	0.32602556742401095	-0.32602556742401095	4.74668240595954e-05	10739.0	60.482144868761964	0.2	0.8224247601287376	0.7323362189243898	25	-0.6778296360021727
KATNA1	KATNA1	0.000382134912400673	6998.0	0.32600640887763105	-0.32600640887763105	0.00023886006780822003	5149.0	28.996282527881043	0.08	0.4265381315379706	0.5118330672041341	25	-0.1964150601083469
KLHL8	KLHL8	0.0110116020395556	6997.0	0.32599053450245696	0.32599053450245696	1.57698905446326e-07	11133.0	62.70136307311028	0.08	0.6324009711791928	0.4352710778666333	25	-0.7039531277348497
PCBP1.AS1	PCBP1.AS1	0.000277420172381323	6996.0	0.32591901635556897	-0.32591901635556897	0.0007777898132934769	2230.0	12.55491720175735	0.12	0.4701338834534495	0.5680041193617928	25	-0.25389757253859313
TMEM163	TMEM163	0.223228241084702	6995.0	0.325867766504434	-0.325867766504434	0.11125003700472999	3592.0	20.22642784724569	0.2	0.7590371655367383	1.3679690031321297	25	-0.3166514723948502
SYAP1	SYAP1	0.0580577460576569	6994.0	0.325850045364832	0.325850045364832	1.4582162889503697e-07	9134.0	51.44192857947505	0.12	0.5919620368255258	0.41721054676670977	25	-0.6378362041012707
CHIC1	CHIC1	0.0209296079403702	6993.0	0.32584684095576694	0.32584684095576694	0.00043433439324561297	5097.0	28.703390785175174	0.12	0.9477581624837509	1.6615573427510273	25	-0.37429422718465455
SCOC.AS1	SCOC.AS1	0.20314359473073798	6992.0	0.325831437175686	-0.325831437175686	0.0003012524151299825	11137.0	62.72389320716458	0.2916666666666667	0.8642909474794435	0.681854924958203	24	-0.7896980583322244
ZNF100	ZNF100	0.0553555651360082	6991.0	0.32578557821527	0.32578557821527	0.00541017802437945	4654.0	26.20817843866171	0.12	0.429596750553481	0.3883574312760498	25	-0.26730831954756806
SUPT16H	SUPT16H	0.0243454355902145	6990.0	0.32576534577701194	0.32576534577701194	0.0038369286705390204	3337.0	18.79013180128422	0.04	0.34154729542383255	0.2484029010162986	25	-0.06353367687032409
BTD	BTD	0.000889047119909006	6989.0	0.32560210783217797	-0.32560210783217797	0.0016693189491119	1330.0	7.485637039540386	0.04	0.3565185792416246	0.31593214425132604	25	-0.09785794820818357
IPMK	IPMK	0.149972357387489	6988.0	0.32560074095674396	0.32560074095674396	0.006375083865420321	4402.0	24.78877999324096	0.04	0.4151396883293225	0.39896849097128373	25	-0.22442611233432777
SDHC	SDHC	2.24256011528361e-06	6987.0	0.325517082599213	0.325517082599213	1.20475605467373e-05	2665.0	15.005069280162216	0.04	0.3195166952793459	0.2570003930326904	25	0.02334777487715313
MDH2	MDH2	0.00015020443468248998	6986.0	0.32547548596297604	0.32547548596297604	0.00297771479323592	1998.0	11.248169426608086	0.04	0.36267063095914365	0.4319427782747194	25	-0.08611127877802177
DRC7	DRC7	0.5572832209683121	6985.0	0.325441826257773	-0.325441826257773	0.008251260171729925	11405.0	64.23341218880252	0.25	0.9783162984429169	0.8442010109872233	24	-0.773363764894881
TOLLIP	TOLLIP	0.00451116330471038	6984.0	0.32541838104753495	-0.32541838104753495	3.85776055873469e-08	10666.0	60.07096992227103	0.12	0.6405637190275404	0.5055211641732109	25	-0.6234068132348749
FBXO31	FBXO31	0.000423568886228791	6983.0	0.325386341569447	-0.325386341569447	3.61601310767814e-06	8500.0	47.87090233186887	0.08	0.4822708175393057	0.29496775813909054	25	-0.5318699133750089
GBAP1	GBAP1	0.00105750415482943	6982.0	0.325368320032922	0.325368320032922	1.95699826890303e-06	7277.0	40.982313844767376	0.12	0.5566993740108819	0.5844026641148566	25	-0.3958418881069557
ACTA1	ACTA1	0.479645454670894	6981.0	0.325364877741018	0.325364877741018	5.4835460604513905e-06	17576.0	98.99177650107018	0.7916666666666666	3.9642458316088667	2.920687064224633	24	-1.245898952489755
SMO	SMO	0.16484876013052202	6980.0	0.325347539409158	0.325347539409158	1.169813741318925e-08	12555.0	70.71082572941309	0.3333333333333333	1.2240815064403605	1.3513872687199702	24	-0.6650454594577323
TIA1	TIA1	0.0201838409275757	6979.0	0.32528072704761896	0.32528072704761896	2.23922345863377e-05	6838.0	38.509631632308206	0.04	0.44797418389110244	0.4461511505373236	25	-0.2750042372315239
RIMKLA	RIMKLA	0.284206969075465	6978.0	0.325232030847297	-0.325232030847297	0.0166357816304655	6250.0	35.19770192632646	0.12	0.4910343037896206	0.5294975067147563	25	-0.3131313572580094
LRGUK	LRGUK	0.505883372461563	6977.0	0.325185971471728	0.325185971471728	0.000141216317502395	11242.0	63.31530922608989	0.375	1.1267206173553432	1.4146426243263879	24	-0.5665986816036191
DSTNP2	DSTNP2	0.0819685357533461	6976.0	0.325163320920908	0.325163320920908	0.0009080109790542561	3787.0	21.3247718823927	0.08	0.3962765260216872	0.327092265386732	25	-0.21741023138134968
SNAP23	SNAP23	0.0016395723793390699	6975.0	0.32509796362414395	-0.32509796362414395	0.0007283245266428611	7367.0	41.48924186098907	0.04	0.5232304093285166	0.6259041239567336	25	-0.3165539866582966
UFC1	UFC1	0.000386178652172433	6974.0	0.325041570788492	0.325041570788492	3.51906822145849e-05	4825.0	27.171341669482935	0.12	0.5268810135722799	0.593194231845843	25	-0.34025860662151747
DIABLO	DIABLO	0.00638969304165866	6973.0	0.32498310893722804	0.32498310893722804	0.0238457680373118	42.0	0.23093387405655064	0.16	0.7541211392083009	1.6718287194785486	25	-0.2566877965853602
COQ5	COQ5	0.0031380639476434303	6972.0	0.32491719296357896	0.32491719296357896	1.29581835614087e-07	3877.0	21.831699898614396	0.08	0.46806815126314255	0.4942933775486714	25	-0.2896072753583837
ATXN2L	ATXN2L	0.00152182384297969	6971.0	0.324886000042124	0.324886000042124	6.54367840863422e-07	9570.0	53.897713191393485	0.28	0.7040289761985725	0.6034977131111294	25	-0.6282426062592755
HTATSF1	HTATSF1	0.0009525510091140949	6970.0	0.324629437139753	0.324629437139753	7.7438519141374e-05	8106.0	45.651684127520554	0.04	0.46399733659011505	0.504740524550115	25	-0.2761179114250502
DDX21	DDX21	0.128152564633192	6969.0	0.324548524872412	-0.324548524872412	0.00301982752102063	5174.0	29.1370958657204	0.08	0.4397507393812803	0.5156557762862144	25	-0.223409141925185
ZC3H15	ZC3H15	0.0097418766603945	6968.0	0.324490963777425	0.324490963777425	0.000686991356117511	5837.0	32.87146558522023	0.08	0.44676032018419165	0.44868738025943733	25	-0.2725045583766337
SRPK2	SRPK2	0.0282275718160504	6967.0	0.324480340545664	0.324480340545664	0.000452489249480862	3603.0	20.28838571589501	0.12	0.39585009690022105	0.3768154432556002	25	-0.18940241869584354
TREX2	TREX2	0.0560970506775152	6966.0	0.324454557786237	-0.324454557786237	0.0007241670123998919	1505.0	8.471330404415905	0.08	0.5028819679204246	0.8899010135172127	25	-0.20050253615172045
INHBA	INHBA	0.47277391612323405	6965.0	0.324370271223422	0.324370271223422	9.717568497780754e-05	12645.0	71.21775374563478	0.2916666666666667	1.4931797781829756	2.1426819025847332	24	-0.5454890460173346
HPR	HPR	0.67339895929376	6964.0	0.324326935664452	0.324326935664452	0.0013938373309153585	17319.0	97.54421538808155	0.7083333333333334	3.1446786911179156	2.4839091453718507	24	-1.1354488390642188
LYSMD3	LYSMD3	0.13892159673140803	6963.0	0.324277064861625	0.324277064861625	0.000401404427142633	6018.0	33.8909541511772	0.08	0.5255624554610351	0.48942141457709254	25	-0.4112721360452528
CRTC2	CRTC2	0.00147808936492206	6962.0	0.324171428901091	-0.324171428901091	0.007067347026289291	2525.0	14.216514588261798	0.12	0.4579593920001135	0.6643924266651201	25	-0.2013688864133559
HNRNPA0	HNRNPA0	2.0396163293970603e-05	6961.0	0.324097127681988	-0.324097127681988	3.98139180819354e-12	9197.0	51.79677819083023	0.24	0.7258095865333805	0.6905703058819743	25	-0.5817111674651839
DHRS4.AS1	DHRS4.AS1	0.0447299876414069	6960.0	0.32409333255559497	0.32409333255559497	3.3858441462902006e-08	5035.0	28.35417370733356	0.08	0.5415177063464143	0.635721469877165	25	-0.3420120038305932
C6orf163	C6orf163	0.176680099638423	6959.0	0.324076349037697	0.324076349037697	0.0018397198834682101	6046.0	34.04866508955728	0.08333333333333333	0.4779609903726876	0.3377627750895558	24	-0.45559976612043457
KLKB1	KLKB1	0.085813210053398	6958.0	0.324008393830158	-0.324008393830158	2.9516978352078998e-05	10833.0	61.011603019037956	0.28	1.1911714882447808	1.8664534986266048	25	-0.46460471426301736
LINC01101	LINC01101	0.85569050974797	6957.0	0.32389242813616703	-0.32389242813616703	0.0354109801582199	15087.0	84.97240058578348	0.43478260869565216	1.5224251049325888	1.3363765638825689	23	-0.8968525108778697
MRPL21	MRPL21	0.0064223546661404205	6956.0	0.323672900985645	0.323672900985645	1.6990372211281e-10	9757.0	54.9509969584319	0.16	0.6564644566402368	0.6363901816796921	25	-0.5229363450834829
ARHGAP27	ARHGAP27	0.0976018726349421	6955.0	0.323628558296356	-0.323628558296356	0.00375863576312454	2869.0	16.154106116931395	0.12	0.6911032213055072	1.0849916806150677	25	-0.3386889222973899
EPB41	EPB41	0.0221683808144619	6954.0	0.323619816551675	0.323619816551675	0.0490156340021263	805.0	4.528556944913823	0.04	0.3650698465610033	0.6471725394645771	25	-0.06404788133257476
ADAT3	ADAT3	0.0458818284017452	6953.0	0.323529074222314	-0.323529074222314	3.4788525500139604e-07	13717.0	77.25582967218655	0.48	1.1079103284232423	0.8561183683474682	25	-0.916206547133183
CRELD1	CRELD1	0.00782069669497781	6952.0	0.323414426904642	-0.323414426904642	0.00477209516371435	260.0	1.458826180015771	0.0	0.25981011308669666	0.2920582654607767	25	0.2177795369619059
PSMB10	PSMB10	0.20899386640939002	6951.0	0.323358501547078	-0.323358501547078	0.0480671009003692	2016.0	11.349555029852427	0.08	0.5317297063611838	0.7995016007526361	25	-0.2606263760046871
SLC9B1	SLC9B1	0.0748026824147111	6950.0	0.323319259601753	0.323319259601753	0.00147709387405789	2598.0	14.627689534752731	0.08	0.46944671522738474	0.8007334195432032	25	-0.1824920155187147
SIGLEC10	SIGLEC10	0.470308150818406	6949.0	0.32327637727592895	-0.32327637727592895	2.333250599821133e-05	14961.0	84.2627013630731	0.5833333333333334	1.5159964238036194	1.7384684496565326	24	-0.6860751754012764
FAM76A	FAM76A	0.0173377860701105	6948.0	0.32319060070898603	-0.32319060070898603	3.6918017706902704e-05	8185.0	46.09665427509293	0.2	0.7986238289693455	1.1826526348631141	25	-0.40200580816816794
BTNL2	BTNL2	0.64556258917942	6947.0	0.32306287225758096	-0.32306287225758096	0.00013982919379466595	17000.0	95.74743719725132	0.7083333333333334	1.847079289834485	1.1960523603928095	24	-1.2742054345149103
COQ10B	COQ10B	0.0134204334689995	6946.0	0.32305032938019	-0.32305032938019	7.58330730875666e-08	10493.0	59.09654162442266	0.16	0.6860116543171408	0.5421032951331807	25	-0.669542738801801
RASSF3	RASSF3	0.017627622852223	6945.0	0.323020650833928	-0.323020650833928	0.0241829777303161	720.0	4.049791596259998	0.04	0.3073019133499079	0.4201925150237827	25	0.03740841857482971
CYP2S1	CYP2S1	0.22589834302041	6944.0	0.322968369529192	-0.322968369529192	1.7824605872422126e-07	11738.0	66.1090458488228	0.3333333333333333	1.1500139140670658	1.5947482230026646	24	-0.518605716318451
DCSTAMP	DCSTAMP	0.5208569011062391	6943.0	0.32289471108562107	-0.32289471108562107	0.00238999704841127	15666.0	88.23363749014307	0.6521739130434783	1.7316448670055984	1.5940514595512176	23	-0.8837545033311477
MALRD1	MALRD1	0.43207508819439894	6942.0	0.322868883628093	0.322868883628093	4.467888008602865e-06	15715.0	88.50963163230821	0.6666666666666666	2.1230211747919845	1.9118319851642602	24	-0.941584985047327
ARFIP2	ARFIP2	0.0212324026591896	6941.0	0.322796403858329	0.322796403858329	0.0014290902669893	1024.0	5.762081784386617	0.04	0.2987355709707647	0.4095565423211462	25	0.05874850088146662
AKAP3	AKAP3	0.30297269514579495	6940.0	0.322787108502893	0.322787108502893	4.17502804849236e-05	11924.0	67.15669708234763	0.2	0.9746919425992131	1.3391331334110415	25	-0.4868110704092485
DUT	DUT	0.004696701308039871	6939.0	0.32268102124101	-0.32268102124101	0.00248509382085008	5806.0	32.69685704629942	0.0	0.34775724725061347	0.22613709905652885	25	-0.11088948303584194
ERGIC1	ERGIC1	0.0233565192033316	6938.0	0.32255694486063397	0.32255694486063397	0.00349808866534038	418.0	2.348766475160527	0.08	0.4696812216108569	0.8498698057605819	25	-0.17311390021505194
GTF2H3	GTF2H3	0.000215201025618844	6937.0	0.32254698707959695	0.32254698707959695	4.54459365612058e-07	8035.0	45.25177424805677	0.08	0.5271599870108449	0.5269791236568372	25	-0.3882753428852897
DTX1	DTX1	0.37000241194633604	6936.0	0.322544247782377	0.322544247782377	3.0216073552132263e-09	15495.0	87.27047425932184	0.625	1.8088885336578873	1.9433260616465509	24	-0.7648455476463653
GNB4	GNB4	0.150750940239255	6935.0	0.32241252878887605	-0.32241252878887605	0.200176106756973	224.0	1.2560549735270923	0.08	0.4881002355919973	0.8594617098404427	25	-0.19278078930809006
TBRG4	TBRG4	0.007929917146998559	6934.0	0.322275379093296	0.322275379093296	3.797826276627871e-05	2808.0	15.810521572603356	0.12	0.37689924737595865	0.3559207051441109	25	-0.15347201635978341
TTLL1	TTLL1	0.155873440138262	6933.0	0.32227041239009896	-0.32227041239009896	0.0037485496887126	2937.0	16.537118395854456	0.08	0.5116010264909123	0.9120308674147763	25	-0.2075923314278671
POLR1E	POLR1E	0.0338973266045789	6932.0	0.322196992965257	-0.322196992965257	0.0368016775391408	302.0	1.695392587585896	0.08	0.3604137499294398	0.5603232541359624	25	-0.06820483833588943
RHOT2	RHOT2	0.0305410581448437	6931.0	0.32210800915410304	0.32210800915410304	4.98920650962635e-07	10480.0	59.023318688746194	0.32	0.7157362345673046	0.49281767744781696	25	-0.7987299227002297
EPM2A	EPM2A	0.13227980230317699	6930.0	0.322071744437474	-0.322071744437474	0.00453906151510043	1167.0	6.567534076827757	0.12	0.6567251030132785	0.9779755253667738	25	-0.3421899116036653
MFSD11	MFSD11	0.00101202516842992	6929.0	0.32205966575108697	-0.32205966575108697	2.4385052760363303e-10	9276.0	52.24174833840261	0.12	0.5863047655223741	0.5035344111660357	25	-0.524780618586472
RANBP9	RANBP9	4.66005212441015e-06	6928.0	0.32202499861805	0.32202499861805	0.000846963589125543	4187.0	23.57778528782246	0.04	0.3833679277180794	0.41199035804363177	25	-0.14889408915131191
CCDC186	CCDC186	0.0467566727699489	6927.0	0.32201563458393795	0.32201563458393795	2.79664420002984e-06	9590.0	54.01036386166497	0.2	0.6487868687064022	0.43564070148255296	25	-0.7500934440019287
MED22	MED22	0.0376195272924585	6926.0	0.32200063971489096	-0.32200063971489096	1.26624896248717e-07	9995.0	56.29153993466261	0.12	0.5104217854505424	0.3946279662275669	25	-0.4774652631359536
COX7C	COX7C	0.0268638450123663	6925.0	0.32197424394327195	0.32197424394327195	0.00016010880811556799	4526.0	25.487214148924185	0.12	0.4506068530120999	0.3489237806164884	25	-0.36865532306670595
NABP2	NABP2	6.20305577638006e-05	6924.0	0.321915624118154	0.321915624118154	0.000185302069258002	2560.0	14.413653261236904	0.08	0.41541707698247266	0.8195273772565794	25	-0.1140919210988665
NHP2	NHP2	0.00308009311939543	6923.0	0.321838206738705	0.321838206738705	0.000101790746398925	5624.0	31.671735946828882	0.12	0.5100537239766099	0.6365987581588501	25	-0.2956580025104911
PURA	PURA	0.143337952595799	6922.0	0.321685986949535	0.321685986949535	0.000628454286543923	1704.0	9.592204573617211	0.12	0.45758098293707306	0.49721145285024004	25	-0.2733142915524707
CNOT6	CNOT6	0.00760272206142418	6921.0	0.32164918576771395	0.32164918576771395	0.000146490065808098	4751.0	26.754534189478427	0.08	0.46373151076011787	0.49699399352272705	25	-0.2858833845964914
HIKESHI	HIKESHI	0.000827518599556847	6920.0	0.321409072889509	0.321409072889509	2.8772554563767503e-06	10512.0	59.20355976118057	0.24	0.8897315438958906	1.062574982224477	25	-0.534853991966394
SPA17	SPA17	0.281226809253505	6919.0	0.32134553275273103	0.32134553275273103	2.6929043836138e-05	9703.0	54.64684014869888	0.12	0.7660008507572349	0.9231260161708751	25	-0.4816843098507106
SAP30BP	SAP30BP	0.00714017017106392	6918.0	0.32134130003901096	-0.32134130003901096	7.344753973080921e-06	3110.0	17.51154669370283	0.08	0.40406208967920115	0.36756996713851947	25	-0.22504773794268318
TBC1D22A	TBC1D22A	0.0801772246027218	6917.0	0.321331349657019	-0.321331349657019	0.0015670600776889801	2082.0	11.721302241748337	0.08	0.358844201626778	0.4172138844661992	25	-0.08991276025665951
PSMD1	PSMD1	0.00024307679474288102	6916.0	0.321317753997312	0.321317753997312	6.41912222992531e-06	5697.0	32.08291089331981	0.04	0.41558829253702423	0.348482690853041	25	-0.270517133315718
CLOCK	CLOCK	0.0466373846889489	6915.0	0.321201656023422	0.321201656023422	2.69808058664036e-06	9761.0	54.973527092486194	0.16	0.5502701843695486	0.3469180826000541	25	-0.6602957292664653
CASQ1	CASQ1	0.42606956924474	6914.0	0.320956116982899	0.320956116982899	7.52996774681543e-06	17303.0	97.45409485186437	0.7083333333333334	2.697159218678204	2.0821190178814297	24	-1.1412426865555014
TRAF3IP2	TRAF3IP2	0.0102593436493524	6913.0	0.320937552094266	-0.320937552094266	2.50154668575952e-06	3989.0	22.46254365213473	0.12	0.47768433619266815	0.6670222904574451	25	-0.23499482152373785
LINC00161	LINC00161	0.700875136950624	6912.0	0.32093657471793	0.32093657471793	8.34108529630938e-06	16822.0	94.74484623183507	0.5909090909090909	2.0565743107617296	1.7260580642251309	22	-1.0055500287141088
MYO9A	MYO9A	0.0180890864382857	6911.0	0.320801847503741	-0.320801847503741	0.00033634419602720096	6294.0	35.44553340092373	0.04	0.49436054786354433	0.459461808445447	25	-0.3777434754523462
ZNF516	ZNF516	0.0247263264568067	6910.0	0.320748986869198	-0.320748986869198	0.0003436017932477515	3393.0	19.105553678044384	0.125	0.48992931193009137	0.6750884468395828	24	-0.2506046812871835
C11orf94	C11orf94	0.4722286796516079	6909.0	0.32069029513124797	-0.32069029513124797	0.004821826687160685	11853.0	66.75678720288386	0.375	1.0408249341877183	0.9831935613489555	24	-0.7324444212881492
LINC00667	LINC00667	0.0221389913741491	6908.0	0.320635560215426	-0.320635560215426	0.000121070422379318	416.0	2.3375014081333783	0.16	0.8470628194882156	1.9292736890788393	25	-0.27286292362393655
MAST2	MAST2	0.0230381791708174	6907.0	0.320370413450695	0.320370413450695	0.00430855971227001	4584.0	25.8139010927115	0.04	0.3678778510624785	0.2739950933768423	25	-0.1733879137260447
RNF13	RNF13	0.00244668661510653	6906.0	0.320303005630235	-0.320303005630235	2.41239790899534e-05	6243.0	35.15827419173144	0.16	0.5422033310079929	0.4631462771463402	25	-0.47911499309675787
ZNF208	ZNF208	0.584927742096078	6905.0	0.32026153757371995	0.32026153757371995	1.102422637916336e-05	9319.0	52.48394727948631	0.20833333333333334	0.6646346181024122	0.5199359250536676	24	-0.6623375380209517
SLC22A15	SLC22A15	0.0970786452526323	6904.0	0.320255723387431	-0.320255723387431	0.00029853702344801846	7067.0	39.799481806916745	0.041666666666666664	0.46470850778206807	0.5722589051220357	24	-0.2524255771324906
CHCHD3	CHCHD3	0.00576699114969794	6903.0	0.31996233459747303	0.31996233459747303	2.43239061225608e-05	2353.0	13.247718823927002	0.12	0.40876531113209524	0.5016390318122759	25	-0.17702565171972942
ZNF763	ZNF763	0.12866510333005	6902.0	0.319928820443168	-0.319928820443168	0.000131566988471772	5132.0	28.900529458150277	0.16666666666666666	0.5759811333173908	0.66899330276872	24	-0.3827427147843115
CDH24	CDH24	0.266902519359714	6901.0	0.319881006797997	-0.319881006797997	7.2857027433449405e-06	8583.0	48.338402613495546	0.32	0.7196770137070219	0.6408821669230607	25	-0.6238213942330233
NOB1	NOB1	0.04836020221623599	6900.0	0.319870853472457	0.319870853472457	2.56133625942823e-05	3154.0	17.759378168300103	0.12	0.46362750832667393	0.569368451903261	25	-0.2524844050872036
TGOLN2	TGOLN2	9.743587159874129e-05	6899.0	0.31986447664421996	-0.31986447664421996	0.0142129871092696	2817.0	15.861214374225526	0.04	0.35376563745262346	0.36067664543453226	25	-0.09399322422875594
VPS18	VPS18	0.0508133163151846	6898.0	0.31979501304057895	-0.31979501304057895	1.82586493876099e-05	6517.0	36.70158837445082	0.08	0.45107722423417707	0.340500970271221	25	-0.3855560560929598
HENMT1	HENMT1	0.22137080661122602	6897.0	0.319627111187273	0.319627111187273	0.00619224140333955	3749.0	21.110735608876873	0.16	1.0097184569125144	2.218771736297177	25	-0.3110240384064511
ATP1A1	ATP1A1	0.00714738634454776	6896.0	0.319597774631325	-0.319597774631325	0.00023934140764655698	2443.0	13.754646840148698	0.08	0.39597620406355105	0.44124732992557	25	-0.17309663821673357
HSCB	HSCB	0.00909914713130604	6895.0	0.31956691295046	0.31956691295046	0.00794194215451399	2099.0	11.817055311479102	0.04	0.4346748702465607	0.7910476215378202	25	-0.14551330939132007
SPON1	SPON1	0.348798349826722	6894.0	0.319488469499647	-0.319488469499647	0.002930104224331225	10198.0	57.43494423791821	0.25	1.0622053888032552	1.435234645118881	24	-0.5174881485961403
KCTD10	KCTD10	0.000306407711082985	6893.0	0.31935111882004996	-0.31935111882004996	0.00011074285219958899	1748.0	9.840036048214486	0.12	0.5452472161397874	0.9501648240285324	25	-0.2377441172384993
CALM3	CALM3	0.007630694962070291	6892.0	0.319348018754875	-0.319348018754875	1.0561938740569802e-09	8496.0	47.84837219781457	0.04	0.5437524430846858	0.27379930414895637	25	-0.8195945750385363
ASIC2	ASIC2	0.648511382172663	6891.0	0.319180945327476	0.319180945327476	1.2797140915816365e-05	16152.0	90.97104877774022	0.625	1.6007247644638267	1.0148877938667136	24	-1.2627443416711912
ARHGAP19.SLIT1	ARHGAP19.SLIT1	0.0580946021174685	6890.0	0.31913562129885803	-0.31913562129885803	0.00820011015674082	5087.0	28.647065450039428	0.0	0.33478117090015175	0.2525600720000604	25	-0.06194783473648192
TMEM185B	TMEM185B	0.0295895444166589	6889.0	0.31900838896612604	-0.31900838896612604	0.0006777686733638361	2442.0	13.749014306635123	0.12	0.36627625500781247	0.38973177859720975	25	-0.12128306860636597
ARHGAP42	ARHGAP42	0.0430575012279113	6888.0	0.31898015656800105	0.31898015656800105	0.00443090757602481	6574.0	37.02264278472457	0.12	0.43813179269135033	0.3843073170651687	25	-0.31004259048011884
BRD2	BRD2	4.02477254416539e-05	6887.0	0.31897969806736	-0.31897969806736	3.1548853310565996e-05	3711.0	20.896699335361046	0.04	0.37732402586812347	0.3607218586674902	25	-0.16174325563825814
PRKCI	PRKCI	0.134796235594065	6886.0	0.31892139225556604	0.31892139225556604	1.20894150429463e-06	9800.0	55.1931958995156	0.08	0.5145721021772166	0.32747264245648594	25	-0.5974566560858541
MORN2	MORN2	0.0512807428800861	6885.0	0.31889143856213203	0.31889143856213203	1.78986356312858e-11	13020.0	73.32995381322519	0.36	1.1244865504665578	1.1025842256921397	25	-0.7306426966146001
LEXM	LEXM	0.3770360626551121	6884.0	0.31884769657195	-0.31884769657195	0.00547622281419295	11210.0	63.13506815365551	0.3333333333333333	0.8506245512082132	0.8961215136006041	24	-0.5934204754214537
XCL1	XCL1	0.601178357604518	6883.0	0.31861646309746994	0.31861646309746994	3.237303768999995e-05	16735.0	94.2548158161541	0.8333333333333334	2.726354943416505	2.123478385781638	24	-1.1338653110108126
TMEM184B	TMEM184B	0.00425242800017944	6882.0	0.318546306505931	-0.318546306505931	0.000404319195891135	5486.0	30.894446321955616	0.08	0.45880104700174795	0.5385298177089993	25	-0.2604400645677992
ZSWIM1	ZSWIM1	0.00294738550387683	6881.0	0.318531101668203	0.318531101668203	0.00154017906048341	1738.0	9.783710713078742	0.16	0.5228305090075772	0.84191333990895	25	-0.24266085077291744
MRPL40	MRPL40	0.0681860450471938	6880.0	0.318451249109501	0.318451249109501	3.7862198910924296e-10	9895.0	55.72828658330516	0.32	0.8630590162131274	1.285763425165734	25	-0.42356763028426236
GOLGA4	GOLGA4	0.0052106738113115204	6879.0	0.318431899433467	0.318431899433467	2.3725409143677302e-07	11147.0	62.780218542300325	0.28	0.771076899141403	0.6831208015027239	25	-0.6626134041185848
SH2D4A	SH2D4A	0.23249642455207797	6878.0	0.318400695159208	0.318400695159208	6.523877117074861e-07	11606.0	65.36555142503097	0.2	0.7584941261846144	0.47969536832093945	25	-0.9174435695842754
FAM174A	FAM174A	0.124801954440176	6877.0	0.318381227035396	-0.318381227035396	2.78353834764314e-06	4716.0	26.557395516503323	0.04	0.4122179731576035	0.4965849785925975	25	-0.1889641253107496
ARHGEF39	ARHGEF39	0.12523483846987898	6876.0	0.31828808859442603	0.31828808859442603	3.2397767502884e-06	1019.0	5.733919116818745	0.08	0.4381591426927245	0.6586866741987398	25	-0.18198493880890446
ZBTB7C	ZBTB7C	0.262831055995748	6875.0	0.318274216142115	0.318274216142115	0.0193831442880865	10238.0	57.660245578461186	0.20833333333333334	0.9158629052933035	1.2252700966800378	24	-0.4877199653940796
ZPBP	ZPBP	0.848099326274755	6874.0	0.31824661063143395	-0.31824661063143395	0.000524375767258053	16448.0	92.63827869775825	0.6956521739130435	2.0860159064916304	1.5878734167942905	23	-1.113293589503559
PMEPA1	PMEPA1	0.123620415726729	6873.0	0.318240151703081	0.318240151703081	0.00354177114334554	5864.0	33.023543990086736	0.08	0.9215704880869336	1.9150636108992443	25	-0.3150445410534174
C20orf96	C20orf96	0.0325917263059873	6872.0	0.318223784692481	0.318223784692481	0.0075903102983530405	1037.0	5.8353047200630845	0.16	0.6668342456424636	1.1426704436965327	25	-0.30508399239086786
ZBED3	ZBED3	0.21088102131406603	6871.0	0.31818180940880003	-0.31818180940880003	0.000111848519637254	6200.0	34.91607525064774	0.2	0.74952179933284	1.1042105995159441	25	-0.39063199548449157
SNX30	SNX30	0.24775665154132298	6870.0	0.31816140265131	-0.31816140265131	0.000338595800802514	6886.0	38.77999324095978	0.08	0.5096939221294072	0.7018179031968593	25	-0.2729091386891744
NDUFA2	NDUFA2	0.12297846520472	6869.0	0.318132377254378	0.318132377254378	7.658432009987691e-07	6321.0	35.597611805790244	0.16	0.5351116251981501	0.5697403828493539	25	-0.3808388074207196
COBLL1	COBLL1	0.0356501773501216	6868.0	0.318131656079664	-0.318131656079664	0.000541391253801381	4311.0	24.27621944350569	0.08	0.47437717673372537	0.5266040964230334	25	-0.2967039597970497
STT3B	STT3B	2.34751744911369e-05	6867.0	0.31803057189714695	0.31803057189714695	0.0108467939480166	2258.0	12.712628140137433	0.08	0.44020818594113187	0.6321545755254202	25	-0.19327173886614052
TMEM231	TMEM231	0.18328364869882396	6866.0	0.31801312441136403	-0.31801312441136403	0.0219228176954703	1652.0	9.299312830911344	0.0	0.2986253040692158	0.2550743276264514	25	0.07600851297956229
SMC2	SMC2	0.0478228396995175	6865.0	0.31799933484075704	0.31799933484075704	0.00483865564301414	5504.0	30.995831925199955	0.04	0.49318488429741864	0.6708989106857529	25	-0.26112063481754255
SNHG17	SNHG17	0.0568279882606363	6864.0	0.31798694770269104	-0.31798694770269104	0.007567504562654191	2037.0	11.467838233637488	0.08	0.37839577093781274	0.4196243825460525	25	-0.14395927822066446
OR7D2	OR7D2	0.745586898512313	6863.0	0.317967536798825	-0.317967536798825	0.006819754104337446	11742.0	66.1315759828771	0.25	1.1773143452540606	1.2733280364698778	24	-0.674882499907607
RRN3P2	RRN3P2	0.00682953038994029	6862.0	0.31781727530114695	0.31781727530114695	0.00748283894722927	2392.0	13.467387630956404	0.0	0.34896570002694915	0.5080643646640877	25	-0.0613080288486604
TTLL9	TTLL9	0.345693581990861	6861.0	0.31772402371847397	-0.31772402371847397	0.0019352968271511102	7908.0	44.53644249183282	0.12	0.5862558674221359	0.5877735396786399	25	-0.4568627635917047
ABCE1	ABCE1	0.0311705441352767	6860.0	0.31772185691095195	0.31772185691095195	0.00024975748647612997	7957.0	44.81243663399797	0.08	0.602403945253644	0.8193331468222327	25	-0.34745584192074486
FAU	FAU	0.0192349708530994	6859.0	0.31761980099104603	-0.31761980099104603	0.00513606501716645	1084.0	6.100033795201082	0.08	0.36377359993974023	0.5371892439969331	25	-0.08591720602089661
APBA1	APBA1	0.0369980870051714	6858.0	0.31756172618036604	0.31756172618036604	4.534218114398223e-07	8939.0	50.34358454432803	0.20833333333333334	0.7699324670343274	0.8782569081066128	24	-0.5150779193177123
SIRT2	SIRT2	0.0009830098348567618	6857.0	0.3175468877003	-0.3175468877003	0.0019375618255208602	2816.0	15.85558184071195	0.12	0.5380950685000666	0.7843207882296344	25	-0.2811963983481645
SSB	SSB	0.0164951980506005	6856.0	0.317501017796979	0.317501017796979	6.68040285145459e-06	9306.0	52.41072434380984	0.12	0.6071814901293394	0.5966066049139024	25	-0.48554687451736284
OPN5	OPN5	0.870492421030213	6855.0	0.31746156189986496	-0.31746156189986496	0.0102634621700817	12327.0	69.42660808831812	0.34782608695652173	1.3289316265648075	1.3183921285588784	23	-0.7671997145269446
PLCG1	PLCG1	0.0447299876414069	6854.0	0.317417170526201	-0.317417170526201	6.24532827142514e-09	9624.0	54.2018700011265	0.24	0.8161097629182702	1.097753264080933	25	-0.45428477300824727
CD200R1	CD200R1	0.221817524558608	6853.0	0.317405357386265	0.317405357386265	0.00947606744306945	13789.0	77.6613720851639	0.4583333333333333	1.814077944699435	2.3012697735464345	24	-0.6503681595776936
MSH6	MSH6	0.0021747742282831302	6852.0	0.317289173003964	0.317289173003964	0.0023980607819319897	3775.0	21.257181480229807	0.04	0.39153183918333445	0.347490820089823	25	-0.2136536043173154
CEP89	CEP89	0.177572851808802	6851.0	0.31711613797982396	0.31711613797982396	4.50695264045193e-05	5096.0	28.697758251661597	0.12	0.523670727001124	0.7154368610325104	25	-0.2887111361905547
TCL1A	TCL1A	0.643196141533514	6850.0	0.317071051458995	0.317071051458995	0.000200864782841655	17316.0	97.52731778754082	0.7083333333333334	2.6941534784999313	1.8410582114879464	24	-1.2911500637015567
ZNF2	ZNF2	0.00401441907080054	6849.0	0.317038486318542	0.317038486318542	2.8749178842028303e-05	5335.0	30.04393376140588	0.04	0.39311299094503305	0.3174100924103009	25	-0.23967260791491526
CDC14C	CDC14C	0.19284570067887102	6848.0	0.31703029621710604	0.31703029621710604	0.116033502921942	4856.0	27.34595020840374	0.125	0.5418069668784614	0.5590419872300754	24	-0.40207475609313736
DDX3X	DDX3X	0.0222509447809515	6847.0	0.31695980353814	-0.31695980353814	0.00573005646232984	1812.0	10.200518193083248	0.08	0.42888790207677224	0.46085209939471306	25	-0.24287205957321126
TBCK	TBCK	0.0221984518866958	6846.0	0.316917436256331	0.316917436256331	6.54329397631565e-05	4067.0	22.901881266193534	0.12	0.5479324113022807	0.7963491074696161	25	-0.2900925898943935
TMEM164	TMEM164	0.0034534202946052	6845.0	0.31683371889284495	-0.31683371889284495	0.0286672109123485	1988.0	11.191844091472344	0.08	0.3462322225000585	0.34516050972140755	25	-0.0851734273742445
ELOB	ELOB	0.050559473178527	6844.0	0.31682729260708503	0.31682729260708503	0.00979261618424952	2781.0	15.658443167736847	0.08	0.38660574496653843	0.5747316125628297	25	-0.12141049984757053
SAP18	SAP18	0.00013976065828723899	6843.0	0.31682046443930395	-0.31682046443930395	0.00060739119126889	4315.0	24.298749577559988	0.08	0.47434172831922494	0.6430965208897853	25	-0.24494186916448454
LEPROTL1	LEPROTL1	0.0101890576987732	6842.0	0.316633704059794	-0.316633704059794	0.0046376229346286	2307.0	12.988622282302579	0.12	0.3639693384289142	0.4332081427676226	25	-0.10926764687918511
PEBP1	PEBP1	0.0422521090318102	6841.0	0.316589526703062	-0.316589526703062	0.00046748631975964696	5190.0	29.227216401937593	0.08	0.3681967580191918	0.3224631195898519	25	-0.16004072460059995
DIAPH2.AS1	DIAPH2.AS1	0.314562557199997	6840.0	0.316588368660359	-0.316588368660359	0.005425559979241	8181.0	46.07412414103864	0.20833333333333334	0.8111210922252154	1.2933264768758816	24	-0.38237268965484567
UNC13A	UNC13A	0.4049871746183661	6839.0	0.31651069974184803	0.31651069974184803	9.085576701155701e-05	12587.0	70.89106680184747	0.4166666666666667	1.2166108114225107	1.2593812609428856	24	-0.7147161384684786
GPR55	GPR55	0.40136383355345295	6838.0	0.316418201944232	0.316418201944232	6.3536058524672e-08	14157.0	79.73414441815929	0.5833333333333334	1.5954623205597278	1.8070841350339042	24	-0.7077944484258885
TMEM72.AS1	TMEM72.AS1	0.5254779988940279	6837.0	0.316345079151643	0.316345079151643	0.05427110123348245	10008.0	56.36476287033907	0.25	0.8212948051752132	0.8319217261253901	24	-0.6069678314272833
AHCYL2	AHCYL2	0.262313310468834	6836.0	0.316342003190424	-0.316342003190424	0.00199001261314147	6037.0	33.99797228793511	0.12	0.45622661877452375	0.43291250299437906	25	-0.3231244526700954
USH1C	USH1C	0.481548533518007	6835.0	0.316287513347489	0.316287513347489	0.00020402927645071008	15169.0	85.43426833389658	0.5833333333333334	1.9391689182009777	2.0915639703589117	24	-0.7759176519831725
FCGRT	FCGRT	0.00915267514269077	6834.0	0.316183230314036	-0.316183230314036	6.18814670438316e-10	11892.0	66.97645600991325	0.24	1.0348805414499713	1.174186737501772	25	-0.6120809307257661
LIN28A	LIN28A	0.573151479696315	6833.0	0.316042185368097	-0.316042185368097	4.09716662398414e-05	17246.0	97.13304044159062	0.6086956521739131	2.6426544338349482	2.523646965888158	23	-0.9219246114513631
C19orf73	C19orf73	0.29739615934810304	6832.0	0.316002426278228	0.316002426278228	0.00412995893014192	8652.0	48.72704742593218	0.125	0.6747086571309246	0.7529242760903947	24	-0.47641740642936986
ADAM15	ADAM15	0.12819669473095	6831.0	0.31600218475348496	0.31600218475348496	5.56867337846357e-05	12531.0	70.5756449250873	0.24	0.7863267500526697	0.7427839958957939	25	-0.6331915710326737
GTF2A1	GTF2A1	0.0281805096233997	6830.0	0.31595194951542	0.31595194951542	0.09872456676548055	5052.0	28.449926777064324	0.08333333333333333	0.4823516859704388	0.44136841155830053	24	-0.3770087122173649
B3GNT9	B3GNT9	0.0472497510019336	6829.0	0.31588102590434003	0.31588102590434003	0.0363717868233023	242.0	1.3574405767714317	0.04	0.20442604219664073	0.23793365019530127	25	0.46842883978880057
BORCS6	BORCS6	0.0148032654635353	6828.0	0.31587092101050607	-0.31587092101050607	8.480244453579829e-07	12112.0	68.21561338289962	0.24	0.722036630073656	0.4608707957202659	25	-0.8813006005910597
DNM3OS	DNM3OS	0.42578199007059403	6827.0	0.315856066854963	-0.315856066854963	0.000398424698667346	13597.0	76.57992565055761	0.43478260869565216	1.6670490014423862	2.368851654972692	23	-0.5703999791422143
WBP4	WBP4	0.00632222606837675	6826.0	0.31584338331135303	-0.31584338331135303	0.0204504326688185	515.0	2.8951222259772442	0.04	0.37437977588752813	0.7012104326775729	25	-0.08347906683683215
ATP6V1E2	ATP6V1E2	0.0142549746810473	6825.0	0.315790648402354	0.315790648402354	0.00804596502497273	1590.0	8.95009575306973	0.08	0.4827220775501501	0.9019591419624975	25	-0.18507648670712953
SNX18	SNX18	0.00521433330302111	6824.0	0.31578556337422997	0.31578556337422997	0.00526615165791779	2558.0	14.402388194209754	0.04	0.37565580923042036	0.4701954480493391	25	-0.12733055180472103
PSMA6	PSMA6	0.00733714398932543	6823.0	0.315750987581576	0.315750987581576	9.909270919396209e-09	10529.0	59.29931283091134	0.2	0.7180076487317618	0.5476831220175199	25	-0.7344697051615879
ZMYND8	ZMYND8	0.0154955362575119	6822.0	0.315656081626249	0.315656081626249	2.63532868876113e-05	4632.0	26.084262701363073	0.08	0.41034903263122013	0.33718792365542133	25	-0.28083138321922724
BMP2K	BMP2K	0.10682438411173201	6821.0	0.31561444126357896	0.31561444126357896	0.050276982914647	1789.0	10.070969922271036	0.04	0.31966456808383187	0.26871252831542564	25	-0.01507234086048532
LINC01187	LINC01187	0.808324584804558	6820.0	0.31552196578450703	0.31552196578450703	0.0038402252999167603	16868.0	95.0039427734595	0.6086956521739131	2.051681543061096	1.4844152876760475	23	-1.1695915500807488
FIG4	FIG4	0.00421090412907355	6819.0	0.315418845200141	-0.315418845200141	2.69171901146934e-05	5109.0	28.770981187338066	0.16	0.5314070562063605	0.5936622211395358	25	-0.363823405490802
EIF6	EIF6	0.022800058622884	6818.0	0.315368793542375	0.315368793542375	3.285800527256911e-05	6032.0	33.969809620367236	0.2	0.4760092743013943	0.4264692329898013	25	-0.37667542775087104
SLC39A13	SLC39A13	0.0315570895097999	6817.0	0.31533759693606106	-0.31533759693606106	4.0618496695952e-08	9827.0	55.34527430438211	0.12	0.7281515080736274	0.8692585201425513	25	-0.474903497143598
MCMDC2	MCMDC2	0.10636978580194802	6816.0	0.31533270691925297	0.31533270691925297	2.4096188763839802e-05	9675.0	54.489129210318794	0.12	0.5933996922666033	0.6250339041740715	25	-0.4448830431283434
UBAC2	UBAC2	0.0402401008213221	6815.0	0.315301494260629	0.315301494260629	5.17444770284745e-05	1421.0	7.998197589275656	0.04	0.2688730783943173	0.25093449011960445	25	0.18502205832359764
GTF2H2B	GTF2H2B	0.0178309546867116	6814.0	0.31526598723244	0.31526598723244	7.05298407156204e-07	8653.0	48.732679959445754	0.12	0.6157290844811536	0.6692861616258557	25	-0.4489306883602928
HNRNPC	HNRNPC	0.00186319082377245	6813.0	0.315246574531551	0.315246574531551	0.00021076318671346298	4513.0	25.41399121324772	0.08	0.46240102870781613	0.44611220752951886	25	-0.329859734148898
HEBP1	HEBP1	0.00271882371941476	6812.0	0.315218712202967	-0.315218712202967	0.0112919344887617	301.0	1.6897600540723217	0.12	0.3853042219691149	0.6246925212130578	25	-0.1121920102870009
ZNF341	ZNF341	0.0168243934864934	6811.0	0.315216598313062	0.315216598313062	0.0004664080924054995	4958.0	27.92046862678833	0.08333333333333333	0.4561297301062382	0.4680863067978664	24	-0.3010409186227845
ANGPTL2	ANGPTL2	0.36754766465533795	6810.0	0.31501307122973	-0.31501307122973	1.599005105651965e-05	13032.0	73.39754421538808	0.375	1.3095966836217865	1.7019891736980532	24	-0.5843654165149841
N6AMT1	N6AMT1	0.0651797160653457	6809.0	0.315012782327401	0.315012782327401	3.2254730567342604e-05	4639.0	26.123690435958093	0.0	0.3638154117242873	0.23502585554475955	25	-0.20764791722071643
HEATR4	HEATR4	0.10481827078012598	6808.0	0.314972293942028	0.314972293942028	0.0207348696400572	4383.0	24.681761856483046	0.04	0.3929588863315926	0.5346956594311085	25	-0.1458523012371911
PYGL	PYGL	0.0890229914279628	6807.0	0.314780920233163	-0.314780920233163	0.0273471352286101	661.0	3.7174721189591073	0.12	0.4403493520775044	0.590559172737266	25	-0.21262633389017832
DNAJA1	DNAJA1	0.0643455839658887	6806.0	0.31476323183175897	-0.31476323183175897	0.00932929109729777	1667.0	9.38380083361496	0.2	0.6201862388483705	0.8247761135344087	25	-0.3703101993434121
ZNF528	ZNF528	0.0348733751676731	6805.0	0.314763043760729	0.314763043760729	0.000245176480034448	4613.0	25.977244564605158	0.2	0.7609813884038822	1.4377102029788538	25	-0.31036737704066797
IPPK	IPPK	0.00413746926723806	6804.0	0.314691637432909	-0.314691637432909	0.00018792440009738102	807.0	4.539822011940971	0.08	0.38503780107675484	0.6685820780472395	25	-0.1052169448653325
ZNRF1	ZNRF1	0.0337727048603986	6803.0	0.314646700125473	-0.314646700125473	0.000395221554053171	2374.0	13.366002027712064	0.0	0.3128586637725121	0.21787955619643037	25	0.008206535685013597
PRUNE2	PRUNE2	0.298096290985786	6802.0	0.314559423841611	-0.314559423841611	0.028205712768889852	6974.0	39.27565619015433	0.25	0.9003007811318585	1.33276926036236	24	-0.43949194711393114
ZMYM5	ZMYM5	0.0257165590599854	6801.0	0.314529503540508	0.314529503540508	0.000754085665114868	6665.0	37.53520333445984	0.08	0.6024803708470793	1.0315460839870791	25	-0.27914493765862436
CCDC127	CCDC127	0.0199380697330146	6800.0	0.31446021152690995	0.31446021152690995	0.00022310111649317596	1672.0	9.41196350118283	0.04	0.34185220686970047	0.4989135071445238	25	-0.054903294760579986
JAGN1	JAGN1	0.000694903484750157	6799.0	0.314450874089818	-0.314450874089818	5.90803454141802e-05	1822.0	10.256843528218992	0.12	0.47481669327259546	0.5813997352033939	25	-0.2758271280028635
ZBTB21	ZBTB21	0.196544303122575	6798.0	0.314441113889864	-0.314441113889864	0.000790705117861462	7433.0	41.860989072884976	0.12	0.45575086261092257	0.40413805983319423	25	-0.34965711662837046
C2CD3	C2CD3	0.000250585781196077	6797.0	0.314406051296705	0.314406051296705	0.0232733783691023	639.0	3.5935563816604708	0.04	0.34008538612837336	0.49786770528779745	25	-0.051578631349113405
SMARCA4	SMARCA4	0.0586535312942046	6796.0	0.314247716056036	0.314247716056036	0.0013527292415210401	4327.0	24.36633997972288	0.04	0.33434786993292825	0.2609237230382249	25	-0.07703459709544154
SEC23A	SEC23A	0.10587040382200001	6795.0	0.31421233752729605	0.31421233752729605	0.00245778796117398	4199.0	23.645375689985357	0.08	0.4549502969257025	0.3961004326652546	25	-0.35530877472518296
DLG4	DLG4	0.00300698366869925	6794.0	0.314178840099268	-0.314178840099268	2.0025789143024103e-13	12813.0	72.16401937591529	0.4	1.3562836965670226	1.3382600200783135	25	-0.7787013292131165
FBXO16	FBXO16	0.0349703256924643	6793.0	0.314134863369589	-0.314134863369589	0.000148731545729868	2779.0	15.647178100709699	0.12	0.41220183034597846	0.5095607428080416	25	-0.19245392891919186
FBXW11	FBXW11	0.0207270474417359	6792.0	0.314093307337193	0.314093307337193	0.0179812196911615	977.0	5.49735270924862	0.04	0.2850333823714536	0.3056257428655918	25	0.09508336795608012
DONSON	DONSON	0.00334826714668787	6791.0	0.314088095870092	0.314088095870092	0.0782722891797002	34.0	0.18587360594795538	0.04	0.24766183038765374	0.3756701055488867	25	0.17682073846515872
POLR2A	POLR2A	0.00922544240763614	6790.0	0.31404413873718395	-0.31404413873718395	7.012298387154239e-07	8732.0	49.17765010701813	0.12	0.6406054063214037	0.6986793353360964	25	-0.4673979192860041
TNFAIP2	TNFAIP2	0.376801082679866	6789.0	0.314005134617514	-0.314005134617514	0.00341353885799343	9822.0	55.31711163681423	0.2	0.7759891768545638	0.9658040828006759	25	-0.47834136391033955
ZNF367	ZNF367	0.0820754505600001	6788.0	0.313961240173088	0.313961240173088	0.0446942484671998	2274.0	12.802748676354623	0.08	0.5485279092857395	1.1472155445725014	25	-0.20446608331136273
PRKXP1	PRKXP1	0.20873551695207898	6787.0	0.31393977917540805	-0.31393977917540805	0.008059085476990245	5950.0	33.507941872254136	0.08333333333333333	0.5494338750388689	0.7801642719527427	24	-0.30185193596987164
FZR1	FZR1	0.00920646791542354	6786.0	0.31390755677700605	-0.31390755677700605	2.09271879006755e-07	11093.0	62.4760617325673	0.4	1.047345539573334	0.938830558487364	25	-0.7812250849376241
PRKAA1	PRKAA1	0.10391226223962101	6785.0	0.31390608859422997	0.31390608859422997	3.84203633051777e-08	10685.0	60.17798805902895	0.12	0.6770048010667431	0.47052499802575243	25	-0.7716884628787359
GRTP1.AS1	GRTP1.AS1	0.391903636800434	6784.0	0.31388684481164003	0.31388684481164003	0.04571484833055968	6823.0	38.42514362960459	0.125	0.5276883192367551	0.4797043828299388	24	-0.44569422769045314
LRR1	LRR1	0.018737516087703	6783.0	0.31380472577813895	0.31380472577813895	4.74855032521713e-07	7318.0	41.21324771882392	0.12	0.5448356281413763	0.5781508424690968	25	-0.3996031578481811
TMEM125	TMEM125	0.34293871743306303	6782.0	0.313749474464693	-0.313749474464693	0.0494492280948539	10775.0	60.68491607525064	0.20833333333333334	0.9155031704569115	1.0374655322159332	24	-0.5800228318977756
EP300	EP300	0.15808656066694002	6781.0	0.313664666344534	-0.313664666344534	0.00222788563794653	3992.0	22.479441252675453	0.12	0.44471097348273597	0.46424817841507937	25	-0.2822764056621346
CLK4	CLK4	0.0352561640693574	6780.0	0.31361268786948104	0.31361268786948104	4.3071428202206604e-05	5176.0	29.14836093274755	0.08	0.4442343016894853	0.3617664534422243	25	-0.36106613141471144
TCL6	TCL6	0.6517345516255489	6779.0	0.313546384922945	0.313546384922945	9.626811964820175e-05	14753.0	83.09113439224963	0.5	2.0780987792725663	2.3282229460059067	24	-0.7578966599297251
XPO4	XPO4	0.0253601422515492	6778.0	0.313530708874101	-0.313530708874101	0.0237917587513587	2554.0	14.379858060155456	0.04	0.33194282067338704	0.3352309709451045	25	-0.05492365979007678
FCMR	FCMR	0.530639852565647	6777.0	0.31345426521729103	0.31345426521729103	0.00011011055427177419	15573.0	87.70981187338064	0.625	1.876030795870241	2.4870368794835915	24	-0.6282884437875338
RIF1	RIF1	0.0567693405577219	6776.0	0.31337428840988696	0.31337428840988696	0.000346486783508614	8880.0	50.011265067027146	0.08	0.5714991730801077	0.4264561910225539	25	-0.6052787838565329
TIFA	TIFA	0.208039779078607	6775.0	0.31336484453100605	-0.31336484453100605	0.00141040616282305	4089.0	23.025797003492173	0.16	0.4846703709943838	0.4920228663721057	25	-0.3481657828760814
TPST1	TPST1	0.134796235594065	6774.0	0.31335711123169396	0.31335711123169396	0.0157426836273577	3255.0	18.328264053171118	0.04	0.3778252140955696	0.36688739381133106	25	-0.1757163204605166
GPR27	GPR27	0.40420035874811605	6773.0	0.313267802747395	-0.313267802747395	0.027242193710347203	2868.0	16.14847358341782	0.16666666666666666	0.8374789838012359	1.5786862383356648	24	-0.33205533077078836
NPRL3	NPRL3	0.034200659781198996	6772.0	0.313253638532008	0.313253638532008	0.000129737298478653	3693.0	20.795313732116707	0.08	0.3719359906509185	0.377668572141228	25	-0.15538055440039739
FKBP15	FKBP15	0.0577519196538641	6771.0	0.31311528153338203	-0.31311528153338203	0.0122460093391442	2961.0	16.67229920018024	0.08	0.39238335968766913	0.5562925173758302	25	-0.14249351856863776
PGAM5	PGAM5	0.000568827224623896	6770.0	0.31311467350704697	0.31311467350704697	0.00344215244831755	436.0	2.4501520784048663	0.08	0.38125806171852644	0.7160369670816661	25	-0.09516741641037023
ZC3H11A	ZC3H11A	9.249497923988199e-07	6769.0	0.31310627096068105	0.31310627096068105	3.77744184135504e-05	8713.0	49.070631970260216	0.08	0.5053156670528162	0.4703294472234503	25	-0.40866970423992555
KPNB1	KPNB1	0.0111816805403377	6768.0	0.313036960412518	0.313036960412518	0.00837879763363464	1000.0	5.626900980060832	0.04	0.308926978222936	0.27629607707853165	25	0.014875282461624647
ME2	ME2	0.00376307900341165	6767.0	0.313007101638164	0.313007101638164	0.00909453375873679	3260.0	18.356426720738988	0.16	0.5508249719986449	0.9644548873240066	25	-0.2465826794867871
PPP3R2	PPP3R2	0.8320393005111719	6766.0	0.312995962910764	0.312995962910764	0.00033309653216424503	16672.0	93.89996620479891	0.6956521739130435	1.7444890752103372	1.2581902937151905	23	-1.1377397516496914
ATP6AP2	ATP6AP2	0.004449613755174771	6765.0	0.312982415794466	0.312982415794466	5.027621093187039e-07	10384.0	58.48259547144305	0.08	0.646195015868469	0.47240067078019193	25	-0.7053601332184535
CLC	CLC	0.7463045615232	6764.0	0.312979772968747	-0.312979772968747	0.00016534939120538443	16860.0	94.9588825053509	0.6666666666666666	2.6451906059074313	2.4965810833692044	24	-0.9341618617855191
NDUFB7	NDUFB7	0.0971452988824933	6763.0	0.31278360989629805	-0.31278360989629805	0.0684938098731315	724.0	4.072321730314296	0.04	0.33694758746089315	0.45246389560948574	25	-0.05340531653259387
PANK2	PANK2	8.86034701912869e-12	6762.0	0.31277394666540304	-0.31277394666540304	0.00667913431087138	52.0	0.2872592091922947	0.08	0.3034073514733903	0.4097752804778867	25	0.02285788244983748
RPAIN	RPAIN	0.056161318550729006	6761.0	0.31275131035875603	0.31275131035875603	0.004373498171274829	1922.0	10.820096879576433	0.0	0.26124817353145696	0.20784953854815427	25	0.24779047953174502
PIK3C3	PIK3C3	0.00968394893255718	6760.0	0.31262335542872494	-0.31262335542872494	0.000166955298008209	7607.0	42.84104990424693	0.08	0.4721724950585916	0.3633025920698451	25	-0.43916322952959624
PRR13	PRR13	0.0072074020001825405	6759.0	0.312569966279174	0.312569966279174	0.000240851564380713	5175.0	29.142728399233974	0.12	0.5089048777129171	0.6054937882421904	25	-0.3242558639680239
ERICH1	ERICH1	0.00170526364933692	6758.0	0.31256118646594605	-0.31256118646594605	0.00338497472069345	3904.0	21.983778303480907	0.08	0.357187019318308	0.3594743499237813	25	-0.12414191127078711
ZNF18	ZNF18	0.0117988652729862	6757.0	0.312558026704958	0.312558026704958	0.000158038128883952	5198.0	29.272276670046185	0.12	0.47222058885140683	0.565187079210181	25	-0.2824950675970314
THADA	THADA	1.7464713893664902e-07	6756.0	0.3125354801379989	0.3125354801379989	0.00024845256635436404	4822.0	27.15444406894221	0.04	0.3588729774484627	0.27066248409971067	25	-0.17120029569149034
LONRF2	LONRF2	0.343733164129577	6755.0	0.312443807359786	-0.312443807359786	4.6400466497101205e-05	10884.0	61.298862228230256	0.2916666666666667	0.991315510669367	1.3350348896107567	24	-0.508504840279877
C17orf58	C17orf58	0.0343563149727071	6754.0	0.312280361798512	0.312280361798512	2.9938575155657193e-07	17690.0	99.63388532161765	0.8636363636363636	3.844307449733665	2.3661286069082834	22	-1.4927451862180467
TNRC6A	TNRC6A	0.0109898782652716	6753.0	0.312165934171313	0.312165934171313	0.011707325070962	1043.0	5.869099921144531	0.12	0.3954044681605716	0.504305809279141	25	-0.16505567149472358
SLC38A10	SLC38A10	0.009922547960370379	6752.0	0.312122154132379	0.312122154132379	2.1287078965631303e-06	8285.0	46.65990762645038	0.24	0.7908422228712207	0.8431164073697578	25	-0.5677983070360223
LSM8	LSM8	0.001490242624794	6751.0	0.31211814519865	0.31211814519865	2.0084606116854697e-06	7541.0	42.469302692351015	0.08	0.5162217762625859	0.4552475958378947	25	-0.4483354397254488
SLAIN1	SLAIN1	0.0351381321559211	6750.0	0.31207614681718604	-0.31207614681718604	0.017802086679337997	4759.0	26.799594457587023	0.16666666666666666	0.9050792224186687	1.6473661278451588	24	-0.3599704191910038
C7orf26	C7orf26	3.9716902502685206e-05	6749.0	0.312063392556295	-0.312063392556295	6.62007618567887e-06	9328.0	52.53464008110848	0.2	0.5800199531156096	0.39483887061231765	25	-0.6786478751288254
BIRC6	BIRC6	0.0158664186767607	6748.0	0.311950659891131	0.311950659891131	0.00203649525487731	6210.0	34.97240058578348	0.04	0.5304460082593918	0.5549906778371337	25	-0.3936919250964066
FNBP4	FNBP4	0.00163868494228383	6747.0	0.31187452164759005	0.31187452164759005	0.000179412608598372	5639.0	31.7562239495325	0.08	0.4319043182590468	0.39982898469314737	25	-0.3002028397305282
BRD7	BRD7	0.00680139383362662	6746.0	0.311832320914742	-0.311832320914742	0.00448914514312692	2785.0	15.680973301791145	0.08	0.3865171662504374	0.4868885188287898	25	-0.15339208555451214
IMPDH1	IMPDH1	0.0454977485079154	6745.0	0.311775213357053	-0.311775213357053	6.52463664426655e-06	4676.0	26.332094175960346	0.04	0.42035343144180715	0.30959138448697054	25	-0.3507145984203697
ATXN7	ATXN7	0.0521788037743839	6744.0	0.311766927096856	-0.311766927096856	0.00984576290313484	1887.0	10.622958206601329	0.04	0.3637486952400628	0.5056158514136668	25	-0.10280881819244671
PDS5B	PDS5B	0.00234240687470163	6743.0	0.311761512189328	-0.311761512189328	0.0020749237027212603	5815.0	32.74754984792159	0.12	0.47935884268270385	0.3768792392693181	25	-0.4446976989719794
RNASEL	RNASEL	0.000418693804707529	6742.0	0.31173370458160804	0.31173370458160804	8.35194243374645e-05	11855.0	66.768052269911	0.375	1.3981757659869096	1.9339846379872876	24	-0.5617635425149861
CCDC12	CCDC12	0.0238913048543859	6741.0	0.31172961397007304	-0.31172961397007304	0.00384086059323368	1038.0	5.840937253576659	0.04	0.3083406072447644	0.4061404930695496	25	0.008344419685156259
CCR2	CCR2	0.42829537202684	6740.0	0.311723061636053	0.311723061636053	0.000499117018375396	14694.0	82.75881491494874	0.5	1.8373341752177863	2.3228500769714597	24	-0.6567841500863588
CTSC	CTSC	0.0891938018531123	6739.0	0.311663655317416	0.311663655317416	3.32440088555931e-05	11019.0	62.059254252562795	0.16	0.655255506826081	0.5938214482518436	25	-0.5786113865037517
FMOD	FMOD	0.0701091817607169	6738.0	0.311594205772452	-0.311594205772452	5.55316518607266e-05	14312.0	80.60718711276331	0.5	1.6602584392539315	2.1702091587224452	24	-0.6214443562091538
PPWD1	PPWD1	0.0073040627323916595	6737.0	0.311468862554067	0.311468862554067	0.0017713790744810101	5561.0	31.316886335473697	0.08	0.45299705802346146	0.4544945466643328	25	-0.3113969056573085
ANXA5	ANXA5	0.0314322732222334	6736.0	0.31142272400938803	-0.31142272400938803	0.000476123859948621	5415.0	30.49453644249183	0.12	0.5107357134724533	0.7435361969674888	25	-0.2680609098467068
APOBEC3F	APOBEC3F	0.0734754901941851	6735.0	0.311370056193427	0.311370056193427	0.0038867856321681397	114.0	0.6364762870339078	0.08	0.4100557391526218	0.6557179760664531	25	-0.15050019453667315
MED13	MED13	0.0979376110177481	6734.0	0.31131778381101	0.31131778381101	0.00234912233821805	6460.0	36.38053396417708	0.12	0.5211856314323998	0.5610899421085751	25	-0.3740360178845958
LYAR	LYAR	0.0566644369532556	6733.0	0.311308447256897	-0.311308447256897	0.0338530316627066	263.0	1.4757237805564942	0.08	0.47826008233874717	0.9148338630892119	25	-0.18249393886457999
SEC31B	SEC31B	0.0419177821006947	6732.0	0.31130735228648604	-0.31130735228648604	0.0125905224491144	3783.0	21.302241748338403	0.08	0.674692008051938	1.081857421105615	25	-0.3358895993837038
ZNF335	ZNF335	0.0131385668165001	6731.0	0.31129269814594107	-0.31129269814594107	0.00226577970430245	4557.0	25.661822687844992	0.04	0.34514805788016484	0.32770392450082914	25	-0.10331081565713171
KLHL11	KLHL11	0.0676610709838697	6730.0	0.31125223908878497	0.31125223908878497	0.00148298330838915	7712.0	43.43246592317224	0.16	0.5051269128198661	0.4595090313248563	25	-0.421917003833639
KPNA3	KPNA3	0.015796453783223998	6729.0	0.311228046939234	-0.311228046939234	0.0032093332369783397	2473.0	13.92362284555593	0.12	0.5486466019865182	0.7740255235950854	25	-0.30673220431356796
HS2ST1	HS2ST1	0.0871335553360513	6728.0	0.311214507111007	0.311214507111007	0.00160567251601155	3716.0	20.92486200292892	0.04	0.3515156068901875	0.34383537276655796	25	-0.11721045294121717
RNPS1	RNPS1	0.0025611471456054	6727.0	0.311188848620635	0.311188848620635	0.0215135809722624	18.0	0.0957530697307649	0.04	0.29586734963727923	0.5226147227756706	25	0.029317006038370723
RBPJL	RBPJL	0.700875136950624	6726.0	0.31114850480493395	-0.31114850480493395	0.00019927272421230152	17341.0	97.66813112538019	0.625	2.5081394319124426	1.4342223755507175	24	-1.5318342291681935
PHLPP2	PHLPP2	0.0586753587014799	6725.0	0.31113831939581105	-0.31113831939581105	0.073242694486793	182.0	1.0194885659569672	0.04	0.22409242061853477	0.22572403241680689	25	0.3856297348814997
MED16	MED16	0.0328812917880458	6724.0	0.311136444975882	-0.311136444975882	4.3781431552336204e-08	10710.0	60.31880139686831	0.16	0.6376146485521529	0.38560196795172613	25	-0.8466715180694903
ASMTL	ASMTL	0.0830761478078403	6723.0	0.3111152259028	-0.3111152259028	1.6751071964883402e-08	8808.0	49.605722654049785	0.04	0.4704680893250657	0.2491630230178799	25	-0.6395526169660839
ZNF767P	ZNF767P	0.00260388910534651	6722.0	0.31098507824508503	0.31098507824508503	0.0052268578560698605	518.0	2.9120198265179678	0.04	0.29229652138659756	0.2984852218819559	25	0.06261133043926163
TMEM259	TMEM259	0.0184861042706785	6721.0	0.310954273031352	-0.310954273031352	4.14002141377988e-09	11949.0	67.297510420187	0.44	1.0658888288312518	0.9428232009478937	25	-0.8007169902489727
TXNDC11	TXNDC11	0.00513545363412541	6720.0	0.310836068542641	0.310836068542641	0.000180297509394593	2310.0	13.005519882843302	0.12	0.5149698181121632	0.7462322592864142	25	-0.2735525662810737
TMEM219	TMEM219	0.0226800384914026	6719.0	0.31083342858406	0.31083342858406	5.7353577827161e-05	5755.0	32.40959783710713	0.04	0.389664866994555	0.29142201610937046	25	-0.2705061184564368
WDR31	WDR31	0.0911905043288014	6718.0	0.31077181702760603	0.31077181702760603	5.542751034104201e-08	12530.0	70.57001239157373	0.16	0.8218560764885359	0.7872356597667105	25	-0.6492138067175267
KIAA1755	KIAA1755	0.31399175453324796	6717.0	0.310694029229193	0.310694029229193	4.1688247241302055e-05	12967.0	73.03142953700574	0.3333333333333333	1.2429262972640804	1.4033079199169878	24	-0.6643105585052448
SLC12A6	SLC12A6	0.0077029806112988404	6716.0	0.310671231291002	-0.310671231291002	0.0304766156465277	2680.0	15.089557282865831	0.0	0.33637947096786674	0.2563643994162181	25	-0.10028006905563504
LILRB4	LILRB4	0.6036569753385811	6715.0	0.310551220201613	0.310551220201613	0.0008809819079336986	13076.0	73.64537568998536	0.375	1.7024242839325805	2.1645316978896165	24	-0.6430365815792956
DHRS7	DHRS7	0.00264189317558148	6714.0	0.310548466365734	0.310548466365734	6.66735364865043e-11	11277.0	63.512447899064995	0.08	0.5982629954150147	0.259019658605975	25	-1.1107825969570781
UTP3	UTP3	0.0673629096903856	6713.0	0.31051075628141495	-0.31051075628141495	0.000420887945926859	4104.0	23.110285006195788	0.12	0.43771899782948503	0.4954289975612918	25	-0.2567638191834594
ECSIT	ECSIT	0.16209582721018803	6712.0	0.31048606347601804	-0.31048606347601804	1.5158627724281198e-05	4528.0	25.498479215951335	0.08	0.4713939720241362	0.6214076112587109	25	-0.25894100045248286
CNTN5	CNTN5	0.6543369108677409	6711.0	0.310470966510777	0.310470966510777	0.013494999871314155	9948.0	56.02681085952461	0.3333333333333333	1.1294839595933548	1.2849263089337406	24	-0.637400750057186
BLVRA	BLVRA	0.0167227757348255	6710.0	0.310447818180563	0.310447818180563	1.5668039795155402e-07	9791.0	55.142503097893425	0.12	0.6600175816461458	0.7223382785966129	25	-0.48394190620043087
TOR3A	TOR3A	0.0443815312890935	6709.0	0.310438671295397	0.310438671295397	8.27095248077841e-05	1669.0	9.395065900642107	0.12	0.5493352929753982	0.8737352615151014	25	-0.2734199158515616
TMBIM1	TMBIM1	0.03446256160585	6708.0	0.310411384860982	-0.310411384860982	0.00336101890901963	6694.0	37.69854680635349	0.08	0.6319849477151659	1.0232263294148387	25	-0.3142741284209183
VRK1	VRK1	0.0172813803739439	6707.0	0.31039736422846304	0.31039736422846304	3.48258089505299e-05	9814.0	55.27205136870564	0.08	0.5165037519530855	0.33279239876625877	25	-0.619324204785651
DEDD	DEDD	3.16139785156456e-06	6706.0	0.310349852764544	-0.310349852764544	2.3227688966729397e-05	4802.0	27.041793398670723	0.12	0.5556251094192378	0.7714043052693599	25	-0.31795940854782795
CLEC2D	CLEC2D	0.19863265476927303	6705.0	0.310314081244457	0.310314081244457	0.000181793121725193	4796.0	27.007998197589277	0.12	0.49422635489741396	0.6728614863292418	25	-0.2733285785998543
PEX7	PEX7	0.11108552552157301	6704.0	0.310234062198883	0.310234062198883	1.23920222812422e-05	6426.0	36.18902782471555	0.16	0.754265804382743	1.0275468128624603	25	-0.4321279932219446
TAB1	TAB1	0.007156533993041179	6703.0	0.31017543117015006	-0.31017543117015006	1.57189499090897e-07	10123.0	57.01250422440013	0.16	0.6749051686593488	0.5466809228995645	25	-0.6671711453816478
RWDD2A	RWDD2A	0.0184926019085059	6702.0	0.31014228999523497	0.31014228999523497	4.85598808722265e-10	8302.0	46.75566069618114	0.12	0.5626486874189108	0.4600418889284749	25	-0.5488769685991233
BTBD10	BTBD10	0.0015875401671082401	6701.0	0.310097410779203	0.310097410779203	2.7675258271411198e-08	8909.0	50.1746085389208	0.08	0.5103340763178635	0.3939729463471991	25	-0.5082497856647159
PPP5D1	PPP5D1	0.269475739609483	6700.0	0.310028942893197	-0.310028942893197	0.00919139075027918	9283.0	52.28117607299763	0.2916666666666667	1.1063580307710745	1.46086361136626	24	-0.5451084424870557
ZDHHC21	ZDHHC21	0.20720160399829604	6699.0	0.30995610595082	0.30995610595082	8.14548977062489e-09	12385.0	69.75329503210544	0.2	0.993619759391651	1.2642548077459987	25	-0.5407641317652682
ZNF787	ZNF787	0.206859276942018	6698.0	0.30988949214785305	0.30988949214785305	8.202186836398109e-07	8894.0	50.090120536217185	0.36	0.8252976345838292	0.7658059056479916	25	-0.6730271190581383
ZNF446	ZNF446	0.0175071492356734	6697.0	0.309856040356191	-0.309856040356191	3.16627378064829e-05	6257.0	35.23712966092148	0.08	0.47541581959216633	0.4530825841598004	25	-0.3654075107366807
ZFP2	ZFP2	0.19376676678003402	6696.0	0.30983675746497497	-0.30983675746497497	0.0012892482318553565	10905.0	61.41714543201532	0.2916666666666667	0.9073517699821415	0.9425706902567478	24	-0.6339206371401267
JKAMP	JKAMP	0.00182819229488913	6695.0	0.30981069338094896	0.30981069338094896	7.34268125276287e-10	10353.0	58.30798693252225	0.28	0.7226458876451188	0.4470932394816555	25	-0.9233760607581469
SYTL4	SYTL4	0.0900896716318531	6694.0	0.309682488315343	0.309682488315343	0.00539208166406863	3465.0	19.51109609102174	0.16666666666666666	0.900689011424984	1.690177708609272	24	-0.34967123285275054
THAP7.AS1	THAP7.AS1	0.0536805989392009	6693.0	0.309602110289028	-0.309602110289028	0.0189235334313428	797.0	4.483496676805228	0.04	0.33556476722916245	0.3329488311045116	25	-0.07797791887121791
SF3B5	SF3B5	0.00472971133180482	6692.0	0.30953704513711305	-0.30953704513711305	0.000183131255503028	2718.0	15.30359355638166	0.16	0.4567250844590696	0.4849961614762601	25	-0.3034828953572269
RAB1A	RAB1A	2.16762299262422e-07	6691.0	0.309498338676317	0.309498338676317	0.0118491076976207	8589.0	48.37219781457699	0.12	0.7214942812326808	1.026063940829439	25	-0.4015304759889708
SRP72	SRP72	0.000515313777880447	6690.0	0.30941500656369497	0.30941500656369497	7.06622917518602e-05	5845.0	32.91652585332882	0.08	0.4853992908688161	0.5003112933732153	25	-0.3517495739874151
USP27X.AS1	USP27X.AS1	0.32408011981055	6689.0	0.309370247068988	0.309370247068988	0.00739029491639802	3682.0	20.733355863467388	0.12	0.3947298211964963	0.4375294055710337	25	-0.19509448517203717
PLAC8	PLAC8	0.5474663669173641	6688.0	0.309287621089637	-0.309287621089637	0.03844745741277266	8420.0	47.420299650782916	0.20833333333333334	0.968708936693004	1.5475338906152358	24	-0.4261110658721718
CD2	CD2	0.47271062655430707	6687.0	0.3092000387590039	-0.3092000387590039	0.0010263493593314656	15726.0	88.57158950095753	0.625	2.0636924575231927	2.543549847693852	24	-0.689781024089198
TRIM14	TRIM14	0.0998512798363232	6686.0	0.30898669012499796	0.30898669012499796	1.65576664447031e-05	3771.0	21.23465134617551	0.08	0.4535914827596599	0.5291141434121744	25	-0.27329602588607477
CDC42EP5	CDC42EP5	0.14830806529653198	6685.0	0.308958528860187	-0.308958528860187	7.158399564483445e-05	13917.0	78.38233637490143	0.5	1.4262051797096935	1.3535147634699363	24	-0.8254410524383781
C1RL.AS1	C1RL.AS1	0.0105141774551114	6684.0	0.30881020023792	0.30881020023792	0.022740013805267502	657.0	3.6949419849048097	0.08333333333333333	0.47601746557085695	0.9909063834597268	24	-0.16874173799258071
PDPR	PDPR	0.0723801326655514	6683.0	0.308698938339035	-0.308698938339035	0.000162660978711444	1499.0	8.437535203334459	0.12	0.4310278574900017	0.49352420402767994	25	-0.24786812511449943
TXNDC9	TXNDC9	0.0115408265860234	6682.0	0.308668051339625	0.308668051339625	1.6876253639239198e-08	11083.0	62.41973639743156	0.28	0.7663586358015231	0.394317186914827	25	-1.1607168027417476
GCDH	GCDH	0.14342177990661903	6681.0	0.308645820487027	0.308645820487027	6.759028127265401e-05	5929.0	33.389658668469075	0.16	0.6804174443501492	0.9200014736676734	25	-0.4040989438647519
LGALS8	LGALS8	0.0296528430479929	6680.0	0.30860559476059496	0.30860559476059496	5.3954033781398e-07	10379.0	58.45443280387518	0.08	0.616991698536677	0.48039611580907426	25	-0.6419412930862355
TIMM17B	TIMM17B	0.0602436903154589	6679.0	0.308547067391002	0.308547067391002	0.0139385673689519	1014.0	5.705756449250873	0.08	0.29527013599488133	0.2990109063532529	25	0.04440283318774752
IL18BP	IL18BP	0.0127808676150171	6678.0	0.308341816947163	-0.308341816947163	0.00206209032107581	1742.0	9.80624084713304	0.08	0.3902917232987885	0.4718587385283368	25	-0.17367466078347107
TMEM184A	TMEM184A	0.10476205673960699	6677.0	0.308252564252392	0.308252564252392	0.0512951614040343	6477.0	36.476287033907845	0.2	0.6496403849813419	0.6672315524671063	25	-0.5116481968915579
SURF4	SURF4	0.00132171377489619	6676.0	0.308252279344978	0.308252279344978	0.0011850547953526599	2431.0	13.687056437985804	0.08	0.35106099870075913	0.3524401675692313	25	-0.12146379242477243
FMR1	FMR1	0.0266941153747527	6675.0	0.308244461658939	0.308244461658939	1.1136838236368401e-06	9449.0	53.21617663625098	0.04	0.5376592874468059	0.5799981718014916	25	-0.395544049863636
NUP133	NUP133	0.00409299611672851	6674.0	0.308164431916539	0.308164431916539	0.0017890674482752	2317.0	13.044947617438323	0.08	0.38070312816696755	0.5030585274117972	25	-0.14419534169042986
LNPEP	LNPEP	0.0282275718160504	6673.0	0.308003881214607	0.308003881214607	0.0006633360200425031	7165.0	40.35147009124704	0.16	0.6214475576877885	0.7236805091000883	25	-0.433124386427037
DHCR7	DHCR7	0.0305317884657236	6672.0	0.307983899613077	0.307983899613077	0.00101050331647659	3475.0	19.567421426157487	0.12	0.5703586482728593	0.829527861352236	25	-0.3162940762858502
PLA2G12B	PLA2G12B	0.554911986843449	6671.0	0.30779640107734496	-0.30779640107734496	0.000258311975257884	15778.0	88.86448124366339	0.5217391304347826	1.825663832480042	1.5391353097078961	23	-0.9861819307431551
GOLPH3	GOLPH3	0.0405905624356995	6670.0	0.30770303479559	0.30770303479559	8.20923345802375e-06	7157.0	40.306409823138445	0.08	0.47655856678972996	0.3720009450166395	25	-0.45391156731224724
PLXDC2	PLXDC2	0.1384580619407	6669.0	0.30763640796532205	-0.30763640796532205	0.023536145032680998	2650.0	14.9205812774586	0.20833333333333334	0.6230501519450572	1.0409516517416875	24	-0.30300518131845494
R3HDM1	R3HDM1	0.0499255371643239	6668.0	0.30757409238404	0.30757409238404	0.0053021968052593795	2200.0	12.385941196350117	0.04	0.3047773755976124	0.45055335526047074	25	0.006207293217938081
DDIT3	DDIT3	0.0054210615856299	6667.0	0.307556483213277	-0.307556483213277	1.16924580626088e-07	10639.0	59.918891517404525	0.12	0.7621694146609242	0.6531539695413369	25	-0.6960272043770771
YRDC	YRDC	0.0759109429316519	6666.0	0.307505564252521	0.307505564252521	0.000388608025375608	1375.0	7.739101047651234	0.08	0.37798552823129355	0.5972866175028616	25	-0.1180002396059625
PHIP	PHIP	0.0842456325490075	6665.0	0.307439740619507	0.307439740619507	0.00748697912406358	5621.0	31.65483834628816	0.08	0.4421947306813335	0.349869161895256	25	-0.3851582383878963
BNIPL	BNIPL	0.46799014097632297	6664.0	0.307378473424955	0.307378473424955	0.0360296164965353	5677.0	31.970260223048328	0.16666666666666666	0.6283789208456675	0.8283204013752252	24	-0.3875317412051774
ITGB1BP2	ITGB1BP2	0.29534705878541195	6663.0	0.30734771238493497	0.30734771238493497	1.2408078771747101e-05	13831.0	77.89793849273403	0.4583333333333333	1.3861501002921595	1.3060073408696027	24	-0.8260308760507471
CNTNAP4	CNTNAP4	0.815155501025425	6662.0	0.30731637880124396	-0.30731637880124396	0.011018635588968805	13614.0	76.67567872028837	0.375	2.0162458194586392	2.432365508778157	24	-0.7025792112616484
EAPP	EAPP	0.00153037705332469	6661.0	0.307192019303951	0.307192019303951	2.3170604485296695e-09	9504.0	53.52596597949757	0.12	0.5798277445851485	0.31923614385647253	25	-0.8540252428427202
ZNF778	ZNF778	0.0815964508941093	6660.0	0.30701985775546903	-0.30701985775546903	0.00139770076396685	675.0	3.796327588149149	0.04	0.35027550081152975	0.4143706650228177	25	-0.10438876761143023
SLC12A5	SLC12A5	0.258149022016637	6659.0	0.306905956188077	0.306905956188077	9.77399381557624e-08	15698.0	88.41387856257744	0.625	1.4976054470344053	1.096011422054798	24	-1.0863933229947635
EPHB4	EPHB4	0.0691606760702124	6658.0	0.306847395345359	-0.306847395345359	1.0963616326583099e-05	10499.0	59.13033682550411	0.24	0.9747685047106471	1.5374154134335891	25	-0.434444134961276
ANGEL2	ANGEL2	0.007053630943940729	6657.0	0.306630690896578	0.306630690896578	0.0009768100237984019	3991.0	22.47380871916188	0.08	0.4863512798255231	0.5010089129355252	25	-0.35871734871126604
DSE	DSE	0.0345420038016139	6656.0	0.30661340529568104	-0.30661340529568104	0.0179907919385117	1529.0	8.606511208741692	0.0	0.30702761710302373	0.2626387120213992	25	-0.001577116351792577
PIAS1	PIAS1	0.00185093596999865	6655.0	0.30656609620350106	-0.30656609620350106	0.00028121251051412097	4078.0	22.963839134842853	0.08	0.4996019604673015	0.5632728130178017	25	-0.3427040322247893
FCF1	FCF1	8.47882390745501e-05	6654.0	0.306466549408335	0.306466549408335	0.00611076505932087	3107.0	17.494649093162106	0.08	0.3825522897918882	0.39094308312792136	25	-0.1946210168876604
LINC00261	LINC00261	0.566783121546355	6653.0	0.306343697352386	-0.306343697352386	3.53391430925839e-05	14268.0	80.35935563816604	0.5217391304347826	1.7071213675388062	1.6396873077474363	23	-0.8542956108569112
COPZ1	COPZ1	0.00625402713380082	6652.0	0.306298211738943	0.306298211738943	1.40286368850606e-08	7062.0	39.771319139348876	0.08	0.5606161686112362	0.539999198307255	25	-0.47095987858779825
IRAK1	IRAK1	0.0215041125065733	6651.0	0.306297612176847	0.306297612176847	0.00606577702881467	1215.0	6.837895685479329	0.04	0.4256781339832248	0.8250788852404649	25	-0.1446898277751769
TMEM266	TMEM266	0.0567042669345007	6650.0	0.306283791464667	-0.306283791464667	1.07951181384138e-05	11182.0	62.977357215275426	0.08	0.643871823438934	0.6446488621768675	25	-0.5236773874606568
COMMD5	COMMD5	0.0252612285152438	6649.0	0.30623823987503	0.30623823987503	0.00011565914891393401	4648.0	26.174383237580265	0.12	0.4191368059515393	0.382552058245915	25	-0.29511948411459066
SF3A2	SF3A2	0.0052038707399481	6648.0	0.30620213133914004	-0.30620213133914004	1.0561022733893298e-10	11979.0	67.46648642559423	0.28	1.0825785399324943	0.930390071453626	25	-0.8344633422198462
LINC01619	LINC01619	0.319279303202762	6647.0	0.306176931502345	-0.306176931502345	0.02572488114945605	6810.0	38.35192069392812	0.16666666666666666	0.8240688006087037	1.304660838011183	24	-0.39695517334285124
ASB16	ASB16	0.12163715508975802	6646.0	0.306158024116356	0.306158024116356	1.3092806590007e-06	9922.0	55.88036498817168	0.28	0.8856532339234203	1.0548276346394199	25	-0.5493743155536096
FLG.AS1	FLG.AS1	0.43488863933986	6645.0	0.30612783383179	-0.30612783383179	1.755104930834835e-06	13441.0	75.70125042244001	0.4583333333333333	1.361345271779082	1.3901994599187821	24	-0.7590403164226086
CEP135	CEP135	0.0269702157980015	6644.0	0.306032177696666	0.306032177696666	0.0341136767887585	3190.0	17.96214937478878	0.08	0.46574062000302013	0.7307501549998623	25	-0.21855409980225624
DSTYK	DSTYK	0.00471170448192265	6643.0	0.306018421565199	-0.306018421565199	0.0009464746477862429	1579.0	8.888137884420411	0.04	0.3482891700564083	0.4808477672172494	25	-0.08790879644890019
ACTR1B	ACTR1B	0.00290394144883623	6642.0	0.306007562933443	-0.306007562933443	0.000531194169487001	2502.0	14.086966317449587	0.08	0.4716623623132078	0.6613884899116329	25	-0.2504651984522707
TNFRSF10A	TNFRSF10A	0.179748451353874	6641.0	0.30593717840462	0.30593717840462	0.0017232011906966802	4797.0	27.01363073110285	0.08	0.6874297064761364	1.2437752448763024	25	-0.30672143511704736
CORIN	CORIN	0.47651873108934	6640.0	0.30591613534129497	0.30591613534129497	3.312921383158763e-06	12203.0	68.72817393263489	0.25	1.2202561235982583	1.5387673663111694	24	-0.5942028719057626
CHD6	CHD6	0.00178774036714961	6639.0	0.30584494794572303	0.30584494794572303	0.00432476997435091	2722.0	15.326123690435956	0.08	0.3344890201060359	0.30008483927828794	25	-0.09545324658587417
TRAF3IP2.AS1	TRAF3IP2.AS1	0.0443971899042767	6638.0	0.305841777821745	-0.305841777821745	0.00406698361838415	2275.0	12.808381209868198	0.08	0.4193001737503703	0.45853457100650263	25	-0.24743695045627506
PITPNA.AS1	PITPNA.AS1	0.0374988783460356	6637.0	0.30582605897569703	0.30582605897569703	0.00321883119694411	4082.0	22.98636926889715	0.2	0.6171648177146285	0.811267274047109	25	-0.3837684184963839
STK38L	STK38L	0.0923298084424332	6636.0	0.305817583679679	0.305817583679679	9.526045728391199e-06	9443.0	53.18238143516953	0.12	0.6233951717026701	0.5080223922931204	25	-0.6251251772377667
KRT79	KRT79	0.5926569249345539	6635.0	0.305508424597653	-0.305508424597653	1.1989285846821609e-05	16504.0	92.95370057451841	0.75	2.481757588584213	1.9949189353848336	24	-1.0908960386236177
ARPC2	ARPC2	3.1183300340695803e-07	6634.0	0.30549360171799	-0.30549360171799	0.000285263995598407	6577.0	37.03954038526529	0.08	0.44729028059497394	0.41069742842295953	25	-0.34525825842511404
UBR3	UBR3	0.0162616375856686	6633.0	0.305445143794443	0.305445143794443	0.000856772350472902	5863.0	33.01791145657316	0.04	0.4227121756412721	0.3407585697956847	25	-0.34413523896740505
BTN2A1	BTN2A1	0.0013744668736163802	6632.0	0.305392995679605	-0.305392995679605	0.0515544064802437	206.0	1.154669370282753	0.12	0.4209372816502573	0.6870867664531356	25	-0.16816549468288047
NAT8B	NAT8B	0.58618433862496	6631.0	0.30538104402893895	-0.30538104402893895	0.00251326838076969	14208.0	80.02140362735157	0.5217391304347826	1.5748155446221301	1.3682347826636403	23	-0.9277899646154971
HNRNPM	HNRNPM	2.889770821083e-05	6630.0	0.30537776480000395	-0.30537776480000395	3.24911850544663e-05	7347.0	41.37659119071758	0.16	0.5594728159756941	0.6865448134195897	25	-0.3701070144424746
FAM117B	FAM117B	0.135568334829114	6629.0	0.305346334773282	0.305346334773282	0.0026998303917735397	1285.0	7.232173031429537	0.16	0.5641964726449542	0.9648393915592907	25	-0.26828313617392924
NUP205	NUP205	0.00293732895042897	6628.0	0.305332379083533	0.305332379083533	0.00276361198722841	1898.0	10.684916075250646	0.08	0.3793721176569196	0.4866864238882964	25	-0.1521302730860232
MORN4	MORN4	0.176505269145297	6627.0	0.30532700024745196	0.30532700024745196	0.0354690574773577	2040.0	11.484735834178212	0.12	0.76296044257978	1.3999848389531029	25	-0.32688457017473316
NCBP1	NCBP1	0.007825969422666529	6626.0	0.305264285891488	0.305264285891488	0.0033756700363739398	5975.0	33.6487552100935	0.08	0.5216191681950242	0.5735138085978094	25	-0.3772444168912074
CXorf38	CXorf38	0.0057583037490746706	6625.0	0.30522074818296896	0.30522074818296896	1.56382996013411e-05	5161.0	29.063872930043935	0.04	0.42076711934549066	0.37089878025469986	25	-0.31153073914984264
LINC00605	LINC00605	0.687138706294716	6624.0	0.30516484111924796	-0.30516484111924796	0.0013283570313419825	14719.0	82.8996282527881	0.5416666666666666	1.1367070728929198	0.821434527086774	24	-1.0123049425774016
GTPBP2	GTPBP2	0.0248715033395582	6623.0	0.305106996250032	0.305106996250032	0.0039526671976687	3580.0	20.1588374450828	0.08	0.4054234967655364	0.5153133053308249	25	-0.1946708914319657
MAP1LC3A	MAP1LC3A	0.221817524558608	6622.0	0.304923922018729	-0.304923922018729	3.528066342147785e-08	12816.0	72.180916976456	0.4166666666666667	1.3470827009449022	1.9021556137946858	24	-0.5478830287954881
TOMM70	TOMM70	0.00681055981224745	6621.0	0.304805125200091	0.304805125200091	9.327376615737211e-08	8373.0	47.15557057564492	0.12	0.5183227410499639	0.4396369815311816	25	-0.485668005239748
DISC1	DISC1	0.125839258201445	6620.0	0.304740411004486	0.304740411004486	0.0028530385071727895	2942.0	16.56528106342233	0.125	0.7561475481867794	1.447476102952984	24	-0.31185809303613476
HHATL	HHATL	0.6609406830232121	6619.0	0.30472564961193105	-0.30472564961193105	0.00017234161880286998	16598.0	93.48315872479441	0.6086956521739131	2.485892291580841	2.162090992485777	23	-1.0088227782963017
TRIM38	TRIM38	0.00027842970244341	6618.0	0.30472044669082	0.30472044669082	7.128559245414539e-05	8179.0	46.062859074011484	0.08333333333333333	0.6267944197192771	0.5863889688081719	24	-0.5492497133482376
CWC25	CWC25	0.00627202270641275	6617.0	0.304713326754163	-0.304713326754163	0.000206014727082443	2226.0	12.532387067703052	0.08	0.4668460583316213	0.6000310412342068	25	-0.2702072400187275
ETV7	ETV7	0.302114858959459	6616.0	0.30468284924829697	0.30468284924829697	0.0008373090442801605	12167.0	68.52540272614621	0.375	0.9825855995264566	0.9155456672360804	24	-0.7404357581907023
CHIA	CHIA	0.713103958897157	6615.0	0.30466294124153004	-0.30466294124153004	0.0301610179809268	16622.0	93.61833952912019	0.5909090909090909	1.8767758671542951	1.7068671513469844	22	-0.9210517202068847
MAP6	MAP6	0.0755443147274814	6614.0	0.304654480461456	-0.304654480461456	0.000851964025002081	13321.0	75.02534640081107	0.4782608695652174	1.3258764473835225	1.5140362787646116	23	-0.6745029701371091
SMAD4	SMAD4	0.0016514023748972699	6613.0	0.304553755295606	-0.304553755295606	0.00408821779741078	859.0	4.83271375464684	0.04	0.2767024181714509	0.2662420098933534	25	0.10460910032684666
GOPC	GOPC	0.0789930007443243	6612.0	0.30454127693265004	0.30454127693265004	0.0242779663465572	1874.0	10.549735270924861	0.04	0.3856973022639497	0.5696457684745619	25	-0.1424675295115859
NCR2	NCR2	0.90079734610826	6611.0	0.304495551800763	0.304495551800763	0.00205741946999719	17596.0	99.10442717134167	0.7727272727272727	3.5559530544738833	2.0400849553531595	22	-1.5937853441550722
ARMCX3	ARMCX3	0.0554678827342578	6610.0	0.304471136016503	0.304471136016503	2.5533613153476197e-10	9411.0	53.002140362735155	0.12	0.9018491608027932	1.3399347009822944	25	-0.44582622149300083
JUP	JUP	0.18254724143417	6609.0	0.304456808951266	0.304456808951266	0.027076181940439	3291.0	18.531035259659795	0.2	0.6875429926224463	0.9746850222264224	25	-0.39303587819182495
TDP2	TDP2	4.37755803922559e-06	6608.0	0.304435855166606	0.304435855166606	4.14176764755767e-05	5578.0	31.412639405204462	0.12	0.4880062482553682	0.4590696882400144	25	-0.3998747854438747
RIIAD1	RIIAD1	0.600690167181234	6607.0	0.30442537579131895	0.30442537579131895	0.00016072904338435806	14584.0	82.13923622845556	0.4583333333333333	1.6387863228359407	1.4335652387170592	24	-0.9307988998385464
BCAP29	BCAP29	0.0126286164012053	6606.0	0.30438902458760997	-0.30438902458760997	9.29564323056323e-09	9157.0	51.571476850287254	0.08	0.6006641561060216	0.5486226635357796	25	-0.5400344375293739
PANK3	PANK3	0.0567693405577219	6605.0	0.304372974072199	0.304372974072199	0.00574345028739339	4640.0	26.12932296947167	0.08	0.4612086360398689	0.3720570854618693	25	-0.4215365547278185
SLC19A1	SLC19A1	0.19329753072541397	6604.0	0.304289810725274	-0.304289810725274	1.14573459485942e-08	11322.0	63.76591190717584	0.2	0.835330871600023	0.8397854711888415	25	-0.6323532367414991
HLA.F.AS1	HLA.F.AS1	0.12190267859709698	6603.0	0.30427945009014	-0.30427945009014	0.0186072324871032	2643.0	14.88115354286358	0.04	0.4125368356396044	0.5052640525856421	25	-0.21425902950242992
MTHFSD	MTHFSD	0.0595982115581743	6602.0	0.30425695910672496	0.30425695910672496	0.0021732276978911396	1207.0	6.792835417370734	0.08	0.3663211458480565	0.4329648359070659	25	-0.14334694551188296
COG1	COG1	0.0371727747177309	6601.0	0.304254468985001	0.304254468985001	0.00041932233719561	4842.0	27.2670947392137	0.08	0.5010148987480122	0.6413786431882131	25	-0.30677733325347356
PIAS4	PIAS4	0.0231280112816281	6600.0	0.304114840981737	-0.304114840981737	4.6892494651374204e-07	10183.0	57.350456235214594	0.12	0.5952464824203243	0.3939547498058882	25	-0.7389976680876051
SPTA1	SPTA1	0.7222890967480649	6599.0	0.304010542818453	-0.304010542818453	2.231564702200105e-05	17192.0	96.82888363185761	0.75	2.801127383743687	2.626687783912179	24	-0.9506713573723776
LETM2	LETM2	0.39165501988393997	6598.0	0.30372911356112103	-0.30372911356112103	0.000423086749276171	6245.0	35.16953925875858	0.12	0.6173891039656554	0.845886491765867	25	-0.37080624109475946
PRDM4	PRDM4	3.07205743534622e-06	6597.0	0.303643182644143	-0.303643182644143	0.0008898545019912961	2411.0	13.574405767714318	0.12	0.34921451326513947	0.3873157553037355	25	-0.1176593773864406
TRAF7	TRAF7	0.0884805113292983	6596.0	0.303635480995773	0.303635480995773	5.06993861453692e-05	7860.0	44.26608088318125	0.16	0.5944831347827375	0.5808187267334631	25	-0.5007546079354189
ARFIP1	ARFIP1	0.10018318944679801	6595.0	0.303455571574188	0.303455571574188	1.25653566487267e-07	10249.0	57.72220344711051	0.16	0.6090114170953399	0.3319342845433787	25	-0.9205311404981441
TXNDC15	TXNDC15	0.00868339029022517	6594.0	0.303407810963373	0.303407810963373	0.0400521551664409	87.0	0.4843978821673989	0.08	0.5063322750541548	1.0732689749908557	25	-0.18907139665759062
TRAPPC1	TRAPPC1	0.0275484805425829	6593.0	0.30332712879135	-0.30332712879135	0.0288004562041881	54.0	0.2985242762194435	0.08	0.36910194573440214	0.47536546870004665	25	-0.13836683830426846
PRKX	PRKX	0.0797352238997133	6592.0	0.303280737843878	-0.303280737843878	0.0010094961221276699	2446.0	13.771544440689421	0.08	0.36016202569828265	0.5071679125575747	25	-0.11215474490008748
FAM204A	FAM204A	0.0119808698313953	6591.0	0.30325665028973	-0.30325665028973	3.77939205600161e-09	9654.0	54.37084600653373	0.12	0.536120032317654	0.3564761460280383	25	-0.653236926572945
MCM9	MCM9	0.006047228233047821	6590.0	0.303219137254079	0.303219137254079	0.00048726274820610896	4720.0	26.57992565055762	0.04	0.405093350794873	0.3464307069644801	25	-0.2940680819937803
TCOF1	TCOF1	0.0009407632988390669	6589.0	0.303178356881518	0.303178356881518	1.75580457773936e-05	2069.0	11.64807930607187	0.04	0.3721150081930525	0.2996055651539337	25	-0.2300913578695231
ERAP1	ERAP1	0.0971285730569504	6588.0	0.30315227916965803	0.30315227916965803	0.000101769535101463	2497.0	14.058803649881716	0.08	0.6093677043262415	1.1634571921819141	25	-0.26319440647602677
TRHR	TRHR	0.82270484001937	6587.0	0.303050535024892	-0.303050535024892	0.0397111160514977	11567.0	65.14588261800158	0.3333333333333333	1.2744439332506765	1.4728070994434352	24	-0.659552359974954
MRPL27	MRPL27	0.0361178583313229	6586.0	0.30304616931664696	0.30304616931664696	5.8141188281243e-09	6792.0	38.25053509068378	0.12	0.5421611228608362	0.5088482092624332	25	-0.4699141103213908
FBXO5	FBXO5	0.0658739034495307	6585.0	0.302970832790735	0.302970832790735	0.00203648894451338	7398.0	41.663850399909876	0.12	0.5879353631454564	0.7883599530005769	25	-0.36146499992816455
SEC1P	SEC1P	0.267836553669144	6584.0	0.302952869338884	-0.302952869338884	6.905436670150325e-05	12063.0	67.93961924073447	0.375	0.9849201781195522	1.0633784331632634	24	-0.6413213654822769
COG6	COG6	0.00730710301027874	6583.0	0.302788314808271	0.302788314808271	1.46379514845163e-10	11389.0	64.14329165258533	0.04	0.660204684524355	0.4292070359873922	25	-0.8327365111661007
OGFOD1	OGFOD1	0.0100077930237448	6582.0	0.30277101223618796	0.30277101223618796	7.995134447408299e-06	4200.0	23.65100822349893	0.08	0.5029988073085578	0.7270598355955743	25	-0.2753938331751642
RCN2	RCN2	0.0356951121565946	6581.0	0.302759424751731	0.302759424751731	0.000141608054823273	7450.0	41.956742142615745	0.08	0.5448272942302219	0.6221727414118854	25	-0.38906858717270487
VAMP7	VAMP7	0.0220337616653827	6580.0	0.30274098578924397	0.30274098578924397	9.858683000786709e-09	8949.0	50.39990987946378	0.12	0.5904703781590628	0.49027979133809	25	-0.5868677384897651
CASD1	CASD1	0.0707502351109082	6579.0	0.302731218413461	0.302731218413461	0.000142428075137197	8064.0	45.41511771995043	0.12	0.6837412329162256	1.0430211403867642	25	-0.365294623234081
AFTPH	AFTPH	0.00033605559046973	6578.0	0.30270445724471196	0.30270445724471196	1.56433397632794e-07	6468.0	36.425594232285675	0.08	0.5901752002634683	0.5744516607183373	25	-0.5004263416338312
TMEM258	TMEM258	0.00220973292424097	6577.0	0.30261208175903304	0.30261208175903304	8.25455461635684e-09	8080.0	45.50523825616762	0.12	0.5109736370018002	0.3837085425193901	25	-0.5430203713336352
TMEM181	TMEM181	0.0393757290697165	6576.0	0.30247229606715303	0.30247229606715303	3.3412054367151102e-06	8976.0	50.551988284330285	0.04	0.5142822633163469	0.45851505849910573	25	-0.46194767941216247
HIP1	HIP1	0.0029877188774758397	6575.0	0.302456401738185	-0.302456401738185	2.24596847921102e-05	6984.0	39.33198152529007	0.16	0.6326627236491349	0.7227082525211428	25	-0.4569012748353662
FBXO10	FBXO10	0.0922267799870153	6574.0	0.30243028135914096	-0.30243028135914096	5.14013412683342e-08	9525.0	53.64424918328264	0.12	0.5410458446499236	0.33056869078559425	25	-0.7218335248983028
ZNF112	ZNF112	0.142752567358827	6573.0	0.302412304283199	0.302412304283199	2.6444439226857995e-05	9402.0	52.951447561112985	0.08333333333333333	0.6555550388567318	0.749743547940484	24	-0.4710180374924226
ZNF248	ZNF248	0.038236634931641	6572.0	0.302378477734251	0.302378477734251	0.000100095424297475	4357.0	24.53531598513011	0.08	0.5292945067965813	0.7219585838751611	25	-0.3143061584562694
SLC29A3	SLC29A3	0.348445322363154	6571.0	0.30236253056827506	0.30236253056827506	0.000547775606526145	4874.0	27.44733581164808	0.12	0.5794873775269325	0.8463401023157995	25	-0.3274391065723745
PPP1R9B	PPP1R9B	0.0713794765660503	6570.0	0.302319297026748	-0.302319297026748	9.177418200139141e-09	11964.0	67.38199842289062	0.32	0.9898525411381521	0.9242869455869113	25	-0.7438525962030424
LIPE.AS1	LIPE.AS1	0.0455467510298948	6569.0	0.302314501614357	-0.302314501614357	0.008655436453751079	795.0	4.4722316097780785	0.12	0.4152636369475624	0.661068625896328	25	-0.1708584115303615
BCL11B	BCL11B	0.46432896232193105	6568.0	0.30226020907148404	-0.30226020907148404	0.000227734102778488	11453.0	64.50377379745409	0.3333333333333333	1.4172809270326125	2.470342752558706	24	-0.4513627579841801
TADA3	TADA3	0.0005574542478387451	6567.0	0.302201816386409	-0.302201816386409	0.00010428431476675	4368.0	24.59727385377943	0.04	0.40425748344661344	0.5014778529597165	25	-0.20350981894389375
VMO1	VMO1	0.441090529418933	6566.0	0.30217456039782503	-0.30217456039782503	0.016630933598655355	12893.0	72.61462205700123	0.3333333333333333	1.0340763551364691	1.1804963006642342	24	-0.6199949922137175
DISP3	DISP3	0.42905123333302797	6565.0	0.302145643807534	0.302145643807534	9.36937388599589e-06	14056.0	79.16525853328827	0.5	1.484072512099494	1.3208352348378694	24	-0.8948329338269355
USB1	USB1	0.0234203947157954	6564.0	0.302122904139701	0.302122904139701	0.0011029119303170801	1229.0	6.91675115466937	0.12	0.38669585649549837	0.4921520222384047	25	-0.1718431471055282
SDF2	SDF2	0.0475801071837863	6563.0	0.30210640181252	0.30210640181252	3.50070171476289e-08	7898.0	44.48011715669708	0.2	0.5951573812479937	0.45601830349604344	25	-0.6426298619788103
FHL3	FHL3	0.13736746796298	6562.0	0.30208591136193896	0.30208591136193896	2.37249644112235e-13	12558.0	70.7277233299538	0.24	1.0627198192810878	1.1025835281285217	25	-0.689865110909299
AMER3	AMER3	0.867046728183947	6561.0	0.302065206939957	0.302065206939957	0.000196210597846753	14374.0	80.95640419060493	0.4782608695652174	2.0792538647116343	2.0456224219977646	23	-0.8687764851717192
DYNLRB1	DYNLRB1	0.000427906227990188	6560.0	0.302011775185839	-0.302011775185839	3.95158086776753e-06	4824.0	27.165709135969358	0.16	0.5894041301266056	0.6249380448088261	25	-0.4598733543717641
PRMT5.AS1	PRMT5.AS1	0.0359805193368678	6559.0	0.302009385731685	0.302009385731685	0.000468154274972205	864.0	4.860876422214712	0.0	0.26349386514945117	0.23008271697449648	25	0.16739858207821448
TAF12	TAF12	0.0146981791618021	6558.0	0.301981390008708	0.301981390008708	1.20444424772329e-05	7920.0	44.604032893995715	0.08	0.519554387493244	0.5645025636146036	25	-0.3854242859259664
KATNB1	KATNB1	0.0153483655175448	6557.0	0.30193239948904604	-0.30193239948904604	2.67500878181776e-06	6367.0	35.85670834741466	0.04	0.49288303846735704	0.48750999741321094	25	-0.39168558591930214
SLC44A3	SLC44A3	0.319987385762875	6556.0	0.301842316857331	0.301842316857331	1.77560088489507e-05	12626.0	71.11073560887687	0.36	0.9224484048140427	0.7562688906183666	25	-0.8206156509350403
ACTRT3	ACTRT3	0.17867081083551298	6555.0	0.30183763172415196	0.30183763172415196	0.0304194197942361	3096.0	17.432691224512787	0.24	0.718233907751587	1.0815950764595292	25	-0.3849835165582095
PLEKHF2	PLEKHF2	0.128899862396949	6554.0	0.301805150348286	0.301805150348286	7.74344516120127e-07	8790.0	49.50433705080545	0.12	0.6080678608673096	0.5805551280333714	25	-0.5275342439166587
RNF34	RNF34	1.40472636705005e-05	6553.0	0.301768986925698	0.301768986925698	0.0005283579899096629	3342.0	18.81829446885209	0.04	0.3809770514175353	0.4396174395071468	25	-0.18017498254991232
HOTAIRM1	HOTAIRM1	0.0935112977657879	6552.0	0.301749904254564	-0.301749904254564	4.90759068436281e-07	17344.0	97.68502872592092	0.75	2.7746183039832992	1.973037285717142	24	-1.2533307999954593
RGS1	RGS1	0.350076714290784	6551.0	0.301699274545714	0.301699274545714	0.01250016125371295	13653.0	76.89534752731778	0.4583333333333333	1.9345106065457782	2.7260321005964903	24	-0.598969957706215
TMEM14B	TMEM14B	4.520828259472251e-06	6550.0	0.301668627731916	0.301668627731916	2.70844978157581e-11	9054.0	50.99132589838909	0.12	0.6148072292630337	0.49259281241072533	25	-0.635694621686891
HNRNPA3P1	HNRNPA3P1	0.11460468248559401	6549.0	0.30165834471110803	0.30165834471110803	9.31369028975918e-06	12217.0	68.80702940182493	0.2916666666666667	1.0141578397041264	1.1713312624935803	24	-0.6082818053333766
DEK	DEK	0.0695661761236342	6548.0	0.301626581637356	0.301626581637356	0.00524443781785987	5705.0	32.127971161428405	0.12	0.517465355002003	0.5540702156118684	25	-0.3895513010499812
HIP1R	HIP1R	0.0245901034040158	6547.0	0.301624846136476	0.301624846136476	0.000276357690552761	5296.0	29.824264954376478	0.16	0.49244183916704165	0.41491712203611286	25	-0.45989182633431464
SOCS6	SOCS6	0.116129815383047	6546.0	0.30149371552055	0.30149371552055	0.0016403432166966802	3957.0	22.28230257970035	0.08	0.47889881087725944	0.607953274983087	25	-0.2918071217917936
AGL	AGL	0.05497531322168	6545.0	0.30148970398920505	0.30148970398920505	9.213426797708629e-05	8245.0	46.4346062859074	0.12	0.5147752596948449	0.3129528290959853	25	-0.6815262105849933
DNAH12	DNAH12	0.50422544603611	6544.0	0.301480432541174	-0.301480432541174	4.537334091897775e-06	15152.0	85.33851526416582	0.5	1.60619208284048	1.3791051020329084	24	-0.9460567206778218
UBE2D1	UBE2D1	0.0177097352396668	6543.0	0.30142405867563105	0.30142405867563105	0.00301597760155607	6480.0	36.49318463444857	0.08	0.4066905239195098	0.40022107346833247	25	-0.2630207958107633
SNX16	SNX16	0.08299481398288	6542.0	0.301285600783252	0.301285600783252	7.98431583293328e-07	10357.0	58.33051706657654	0.08	0.6029872969342002	0.3479087065113301	25	-0.8671863925921119
CDK4	CDK4	0.000142174115782695	6541.0	0.30123421288853397	0.30123421288853397	0.000124243265728545	449.0	2.5233750140813336	0.08	0.4219325436005692	0.7764710629108024	25	-0.1554447248292375
LZTFL1	LZTFL1	0.0602127290663057	6540.0	0.30114632509419104	-0.30114632509419104	2.67003606453292e-06	5512.0	31.04089219330855	0.08	0.5287657451689112	0.6620143195582168	25	-0.3438285447157968
PPP1R36	PPP1R36	0.5730426915459771	6539.0	0.301057190677598	0.301057190677598	0.039588852425973306	9361.0	52.72051368705643	0.125	0.7334085987984564	0.8363017398647856	24	-0.5169801610011735
GOLGA7	GOLGA7	0.0251162731231131	6538.0	0.30105304492511	-0.30105304492511	0.000535067998136982	6098.0	34.34155683226315	0.12	0.47695249002699247	0.5533801620831764	25	-0.31786366254929777
CUTA	CUTA	0.0110471612792267	6537.0	0.300936565598724	0.300936565598724	0.000253569522271854	431.0	2.421989410836994	0.12	0.38482240670627327	0.5475263915625114	25	-0.15320876290211113
GRIP2	GRIP2	0.22810403793591	6536.0	0.300914782434864	0.300914782434864	3.23676703496737e-08	9636.0	54.26946040328939	0.12	0.6932538864935074	0.5658429201252654	25	-0.6933710577695096
SFXN3	SFXN3	0.0419177821006947	6535.0	0.300864378401199	-0.300864378401199	6.26706618131217e-05	3587.0	20.19826517967782	0.12	0.6242312325013927	1.0564028926856923	25	-0.306101825675712
RUNDC3A	RUNDC3A	0.308778869888844	6534.0	0.300838160818527	0.300838160818527	9.78404084901488e-08	15501.0	87.30426946040329	0.5833333333333334	1.697442373256184	1.7446776758695473	24	-0.8004941151904117
IFT27	IFT27	0.0064772666110033605	6533.0	0.300819698552326	0.300819698552326	0.0123978535998613	2276.0	12.814013743381771	0.08	0.37659487602552927	0.5343856228835313	25	-0.14179868287683778
QRSL1	QRSL1	0.0325285666685127	6532.0	0.300798833100326	0.300798833100326	7.213491858584941e-07	6817.0	38.391348428523145	0.08	0.5624114932091868	0.6031278124975439	25	-0.4337599007837599
KLK13	KLK13	0.615877191686671	6531.0	0.300790387574401	0.300790387574401	0.038989878122379196	13836.0	77.9261011603019	0.4583333333333333	1.9464898157255703	2.195294812780982	24	-0.749648483916568
PRR34.AS1	PRR34.AS1	0.341799913373562	6530.0	0.30074797087210203	0.30074797087210203	2.58011462194239e-07	8669.0	48.822800495662946	0.24	0.8059574013285649	1.1528811025526673	25	-0.4382146860919539
CHPT1	CHPT1	0.24786297870041601	6529.0	0.300683369986383	-0.300683369986383	1.7354867981339501e-06	5965.0	33.59242987495775	0.12	0.48822326044155906	0.5510994168718935	25	-0.34030137705402597
ARF4	ARF4	0.0165819673387175	6528.0	0.300663531459315	0.300663531459315	2.01565066837159e-10	10396.0	58.55018587360594	0.12	0.5820872391879501	0.46354776513425205	25	-0.6071083260365403
TTC38	TTC38	0.13507489526925598	6527.0	0.300601332907877	-0.300601332907877	5.7247382372494e-07	4032.0	22.70474259321843	0.12	0.5477476583409603	0.6677126736872615	25	-0.3701387365740491
PNN	PNN	0.0299553100686896	6526.0	0.300562464905434	0.300562464905434	1.2645049043391901e-05	4728.0	26.624985918666216	0.08	0.4446160156407836	0.40004240905883176	25	-0.3600956985392131
P2RY4	P2RY4	0.44658637965072495	6525.0	0.30040357884357205	0.30040357884357205	0.013212358023787701	10613.0	59.77244564605159	0.25	0.9469610469084443	0.977638863207542	24	-0.6613459145267379
PCLO	PCLO	0.40535521333481395	6524.0	0.30040005554917204	0.30040005554917204	1.20695338834694e-07	11525.0	64.90931621043144	0.28	0.8927509819411541	0.743771664029728	25	-0.7964150222968244
TCIRG1	TCIRG1	0.119908451840629	6523.0	0.30038181219792	-0.30038181219792	0.001770518735623405	5381.0	30.303030303030305	0.125	0.6502326204814457	1.0526814808387568	24	-0.33234251257538144
BCAS2	BCAS2	0.0186054837686509	6522.0	0.30036818158122996	-0.30036818158122996	1.3282713384890802e-07	10507.0	59.1753970936127	0.08	0.6350918532729479	0.7031243217814807	25	-0.47605190337270753
SH3D21	SH3D21	0.05846981934045901	6521.0	0.300351815662104	0.300351815662104	0.0009875439304423905	5325.0	29.987608426270135	0.20833333333333334	0.5351986855982677	0.5882753678493466	24	-0.39921248240382956
MYO9B	MYO9B	0.19303707666884198	6520.0	0.30034534827562	-0.30034534827562	2.1095360240899103e-07	11239.0	63.298411625549164	0.28	0.7528504918884558	0.5577345923363219	25	-0.8113270179590523
F7	F7	0.49976077572026795	6519.0	0.300328957766717	-0.300328957766717	3.093555625742465e-06	16875.0	95.04337050805452	0.5833333333333334	2.2550527196386105	2.002752017892463	24	-0.9760188702388073
CMA1	CMA1	0.5683744016567249	6518.0	0.300208374686891	-0.300208374686891	1.0111785184236765e-05	15921.0	89.66993353610454	0.5833333333333334	1.8738270536879196	1.443386163479534	24	-1.0902270776986986
CTSD	CTSD	0.20558804015263502	6517.0	0.30019373432340996	0.30019373432340996	0.0154294919760626	6275.0	35.33851526416582	0.12	0.578522916243469	0.9093530574461094	25	-0.3060738396830579
POLR2H	POLR2H	0.00700638437090587	6516.0	0.300182375887936	0.300182375887936	2.127975414164e-13	9033.0	50.87304269460403	0.12	0.5286900458651091	0.40301811368559115	25	-0.5669910662016551
PLEKHA4	PLEKHA4	0.0748026824147111	6515.0	0.30015097602293395	0.30015097602293395	6.831260586014281e-05	6678.0	37.608426270136306	0.125	0.7063743198569133	1.052059954093721	24	-0.3861218576501313
NAPA.AS1	NAPA.AS1	0.0658395963114835	6514.0	0.30003449701566404	-0.30003449701566404	0.0350464874605328	357.0	2.0051819308324883	0.08	0.362486605632479	0.8470068368690113	25	-0.07373270899166671
ZNF276	ZNF276	0.101410469879545	6513.0	0.29998408583132896	-0.29998408583132896	1.16228687856304e-06	9164.0	51.61090458488228	0.08	0.5540939405917163	0.42528588795725725	25	-0.5975036133480317
LINC01359	LINC01359	0.14393166365185	6512.0	0.299934115051883	-0.299934115051883	0.0002365034663434305	10274.0	57.86301678494986	0.2916666666666667	0.8917790745702461	1.0861833118089277	24	-0.5448849683877995
TMED8	TMED8	0.00341886495051287	6511.0	0.29985056344489197	0.29985056344489197	0.00969204307521495	990.0	5.570575644925087	0.08	0.36251011972071345	0.5162355301347622	25	-0.12137784522398978
ALG9	ALG9	0.00169890638457518	6510.0	0.29984061579682103	0.29984061579682103	0.000261969985428682	4324.0	24.349442379182157	0.04	0.40724602284318784	0.3963426950196658	25	-0.27099126184484756
GPRIN3	GPRIN3	0.27920839697652305	6509.0	0.299821084739063	-0.299821084739063	0.00461849428688445	8401.0	47.31328151402501	0.12	1.011336436270615	2.009481389065654	25	-0.3540790949362235
SERINC5	SERINC5	0.0883354498292231	6508.0	0.299698270979454	0.299698270979454	9.6631084198265e-07	9145.0	51.50388644812436	0.2	0.6681592305236056	0.6634599426082486	25	-0.5553627821080311
ZBTB3	ZBTB3	0.0432873117005324	6507.0	0.299694586703069	0.299694586703069	2.63494619535717e-06	3173.0	17.866396305058014	0.04	0.3691310119281318	0.3450564895688514	25	-0.20123205134273447
SBF2.AS1	SBF2.AS1	0.0265444494513072	6506.0	0.299669957026786	0.299669957026786	3.7628008766142503e-07	7096.0	39.962825278810406	0.08	0.5202483450107244	0.4282609605906203	25	-0.515056024905319
MSL3	MSL3	0.0114929927691837	6505.0	0.299496466449567	0.299496466449567	0.000659846652705716	2531.0	14.250309789343245	0.04	0.2912618426919585	0.23428015273459568	25	0.035148618700693454
ZNF770	ZNF770	0.0774908683948035	6504.0	0.29947474268085805	0.29947474268085805	0.0890090633149949	1235.0	6.9505463557508165	0.12	0.5794429440015502	0.7709613182620796	25	-0.3631416968516702
NDOR1	NDOR1	0.0148989496708293	6503.0	0.299430592786902	-0.299430592786902	4.22793696505725e-11	11601.0	65.3373887574631	0.36	1.0282665582970605	0.9273264450962867	25	-0.7859540395555975
ZNF26	ZNF26	0.0757534554005151	6502.0	0.299356877707031	0.299356877707031	6.86973483496574e-06	5478.0	30.84938605384702	0.04	0.4784560175086138	0.46052421647576053	25	-0.38890276210048025
TERF2IP	TERF2IP	0.0243438334503873	6501.0	0.299208808826862	-0.299208808826862	0.000328590737207893	2954.0	16.63287146558522	0.04	0.3567904171799484	0.3702981456318778	25	-0.15550066623971065
RHBDD3	RHBDD3	0.00207937067193705	6500.0	0.29914169741315505	0.29914169741315505	0.00416974319293263	2003.0	11.27633209417596	0.16	0.5336704355641305	0.8451966954701557	25	-0.2774842109628868
C9orf116	C9orf116	0.327527059959353	6499.0	0.29907910996481396	-0.29907910996481396	0.000378318893420823	8380.0	47.19499831023994	0.24	0.9772100384189004	1.597111305366179	25	-0.4245984147602082
CRCP	CRCP	0.0124086178359507	6498.0	0.299000701955722	0.299000701955722	1.3878634633051099e-05	3840.0	21.623296158612145	0.04	0.39196722487909463	0.4651826658308033	25	-0.19984949945917918
SNAI2	SNAI2	0.49492155965126594	6497.0	0.298978420424789	-0.298978420424789	0.014883106532473649	7776.0	43.792948068041	0.25	1.0089864700108586	1.6583053742471694	24	-0.4281527760882981
SP3	SP3	0.00752952880616485	6496.0	0.29887493059820397	0.29887493059820397	0.000167019623654142	5778.0	32.539146107919336	0.04	0.4338456121918713	0.39905858781094417	25	-0.33822272146567683
RBX1	RBX1	0.027894958847236	6495.0	0.29881060770496903	-0.29881060770496903	1.69583672020855e-07	7686.0	43.28602005181931	0.16	0.5266049319662808	0.4681769586225258	25	-0.48655603413617393
CD86	CD86	0.19238845347733102	6494.0	0.298782579234527	-0.298782579234527	0.00471821206099723	12529.0	70.56437985806015	0.4583333333333333	1.7022138840136092	2.4488496466833913	24	-0.5730981919122003
PDLIM5	PDLIM5	0.107521488220739	6493.0	0.298781088026256	0.298781088026256	2.78650569851427e-08	8423.0	47.43719725132364	0.12	0.5655295897633444	0.38193257157617627	25	-0.6984177878211824
NAF1	NAF1	0.06523515286976901	6492.0	0.29871323649857	-0.29871323649857	0.0076129271042953	920.0	5.176298298974879	0.04	0.2892113762202583	0.2910086808916548	25	0.032651466785107226
PHB	PHB	0.0741746594898837	6491.0	0.29870823345847497	0.29870823345847497	0.000126978004126271	2778.0	15.641545567196124	0.04	0.3803481418586504	0.43590663100768545	25	-0.18728760379590564
GID4	GID4	0.0327957281845575	6490.0	0.298683488219361	-0.298683488219361	0.0019464144696983601	1329.0	7.480004506026811	0.04	0.37481437188532096	0.7242025032352198	25	-0.10512375105838698
SNHG20	SNHG20	0.0465538561580943	6489.0	0.298625085945163	0.298625085945163	0.0051953333893327205	4913.0	27.66700461867748	0.08	0.5041278577737043	0.5901693060422987	25	-0.34820986066973203
KHDC1L	KHDC1L	0.870492421030213	6488.0	0.298594962892987	0.298594962892987	0.0105208359956109	16985.0	95.6629491945477	0.43478260869565216	2.2136989128606013	1.5255826254738578	23	-1.255326272067872
PPP6C	PPP6C	0.0011393990085082802	6487.0	0.29838981037872303	-0.29838981037872303	6.27377570756587e-06	6623.0	37.29863692688971	0.12	0.4771705880251586	0.4598761752426458	25	-0.38875851211927853
RPL15	RPL15	0.00531950424440875	6486.0	0.298287818629185	-0.298287818629185	1.4773216320675198e-05	3820.0	21.510645488340657	0.08	0.4453493741748643	0.5228693442986556	25	-0.281258706690748
RAD1	RAD1	0.0471914699328465	6485.0	0.298162799224576	0.298162799224576	1.71649205440111e-06	4146.0	23.34685141376591	0.12	0.493978495832893	0.5276319180401108	25	-0.3711217800008661
PLCH2	PLCH2	0.48357547110683896	6484.0	0.29807886049661203	0.29807886049661203	1.734936044151201e-06	13529.0	76.19691337163455	0.375	1.5622690865229594	1.8410936689314383	24	-0.6866517697386234
CENPT	CENPT	0.0872354480612492	6483.0	0.298072607234631	-0.298072607234631	1.68366053981645e-08	7338.0	41.325898389095414	0.04	0.5273679294553412	0.6000038958919344	25	-0.38215638896786114
ELP5	ELP5	0.0096202031188514	6482.0	0.297970866955145	-0.297970866955145	0.00157691576643514	655.0	3.683676917877661	0.08	0.38020650933500333	0.5693236270162695	25	-0.14444445738330172
MMAA	MMAA	0.0201062168373275	6481.0	0.29786468239525604	0.29786468239525604	6.6143937790835405e-06	4929.0	27.757125154894673	0.04	0.4460257747480293	0.45402189066385146	25	-0.3263302836260569
RNF212B	RNF212B	0.327884727895987	6480.0	0.297835629365769	0.297835629365769	0.0035904658504239797	7529.0	42.40171229018812	0.16	0.5984169880490365	0.7379624040540929	25	-0.40731256366446933
MAP3K21	MAP3K21	0.32145797896718	6479.0	0.297782183445367	0.297782183445367	0.00602811492641561	6430.0	36.21155795876985	0.08	0.47529357670598565	0.4223499675759487	25	-0.4202945587504936
POLR3C	POLR3C	6.28658388438654e-05	6478.0	0.297768507643117	0.297768507643117	7.46774939359507e-06	3410.0	19.20130674777515	0.12	0.5443291450255543	0.8002910854431929	25	-0.3080886965595706
OVOL2	OVOL2	0.0616993608290277	6477.0	0.297715753892089	0.297715753892089	0.0102789375024486	6438.0	36.256618226878444	0.12	0.670882478529083	0.8443051783493589	25	-0.44198085503460466
KYAT1	KYAT1	0.302405909828312	6476.0	0.297700376245347	0.297700376245347	0.0141825167117692	88.0	0.4900304156809733	0.04	0.25188764387565016	0.25583439824178505	25	0.17907182413523595
LAMA5	LAMA5	0.0613489234118013	6475.0	0.29756613043451	-0.29756613043451	7.18078210252829e-06	11081.0	62.40847133040441	0.28	0.7191362073326141	0.5760056994761326	25	-0.7318852526659283
POLG	POLG	0.00440538349171189	6474.0	0.297522679467817	-0.297522679467817	0.00351862423240782	840.0	4.725695617888927	0.08	0.3456513049906307	0.3712892889962991	25	-0.12962567719882
NADK	NADK	0.0944085182118551	6473.0	0.297482775762341	0.297482775762341	8.473080055645259e-05	3233.0	18.20434831587248	0.12	0.4571435752945274	0.5035734501302996	25	-0.31705563407060916
APPL2	APPL2	0.0400274821738745	6472.0	0.297451186430519	0.297451186430519	0.000428619433193636	2636.0	14.841725808268558	0.12	0.4820452028383561	0.5950767737166209	25	-0.3102020185646531
PRKAG2	PRKAG2	0.000890201174090252	6471.0	0.297435308224813	-0.297435308224813	0.00045422794075600193	2786.0	15.68660583530472	0.16	0.585350914640259	1.0339440695217148	25	-0.2784634245725022
NEUROG3	NEUROG3	0.8587065818379991	6470.0	0.297399766473046	0.297399766473046	0.00025436976718310047	17080.0	96.19803987833727	0.625	2.683250529768364	2.158178213859693	24	-1.105492932869735
ZNF30	ZNF30	0.268492647859195	6469.0	0.29732372544337105	0.29732372544337105	0.00012923395396588998	7840.0	44.15343021290976	0.12	0.7236626461441823	1.244449238015697	25	-0.3425924559049258
GLUD2	GLUD2	0.0314145387037727	6468.0	0.297322999057157	-0.297322999057157	0.0624985218617575	145.0	0.8110848259547144	0.04	0.27039757395558367	0.39845119170367177	25	0.06757521538948678
ATP1A1.AS1	ATP1A1.AS1	0.0208517467896271	6467.0	0.29729953676474896	-0.29729953676474896	0.000621422734281603	3570.0	20.102512109947053	0.08	0.4127474285541501	0.44343243319608094	25	-0.2603505813891411
MLLT11	MLLT11	0.0560970506775152	6466.0	0.29729512670302005	-0.29729512670302005	0.0032906111589861	2225.0	12.526754534189477	0.16	0.5764221714598493	0.7809817262451929	25	-0.3574053468559596
NECAP2	NECAP2	0.0153329367279567	6465.0	0.29720442384100604	-0.29720442384100604	0.0109333456603613	2644.0	14.886786076377152	0.04	0.30112466076434347	0.33821139044382537	25	-0.011591084848422788
DNLZ	DNLZ	0.25201424257537	6464.0	0.297181279010789	-0.297181279010789	9.463655811364271e-09	10807.0	60.865157147685025	0.32	0.8472981686623455	0.6946878161130193	25	-0.791890798847777
CENPB	CENPB	0.0108887844917539	6463.0	0.297133653579584	-0.297133653579584	7.83890173864888e-07	8344.0	46.99222710375126	0.32	0.8225000806098656	0.9126946796847509	25	-0.5756212222161147
MKRN2	MKRN2	0.0083645532172872	6462.0	0.29708226649376196	-0.29708226649376196	3.49488436851277e-05	3014.0	16.970823476399683	0.12	0.4162040514564563	0.5082355392550918	25	-0.2343830286588934
TARBP2	TARBP2	0.06631785035408999	6461.0	0.29705051092883195	0.29705051092883195	0.000785061484526	3199.0	18.01284217641095	0.08	0.4458260364363199	0.6797475397020935	25	-0.21886879586602168
CCDC124	CCDC124	0.0837417659331385	6460.0	0.29696737512824295	-0.29696737512824295	9.79969841149215e-05	16028.0	90.27261462205699	0.7083333333333334	1.8512108183931097	1.5964528672613625	24	-0.9735604947304809
PIK3CB	PIK3CB	0.0387565889057792	6459.0	0.296910979769106	0.296910979769106	0.000215014096540047	7170.0	40.379632758814914	0.08	0.512320254784262	0.6616400787581741	25	-0.32556866177069504
PYCR2	PYCR2	0.0219194817582735	6458.0	0.296872738752728	0.296872738752728	0.000564018290527878	1178.0	6.629491945477076	0.12	0.47086545391874507	0.664755859514249	25	-0.2617392726604278
CASC2	CASC2	0.17629031129807202	6457.0	0.296872528719235	-0.296872528719235	0.000196892332246225	5987.0	33.71634561225639	0.08	0.4911733206053669	0.48288717762287964	25	-0.40237306122440675
LOXL4	LOXL4	0.0661411463521622	6456.0	0.296840946157124	0.296840946157124	0.0018960237059077495	12262.0	69.06049340993579	0.375	1.4673101489348592	2.019777333906814	24	-0.5795040785578678
SDAD1	SDAD1	0.00134876425243409	6455.0	0.29683523589025895	0.29683523589025895	6.55063534961804e-05	6966.0	39.23059592204573	0.08	0.5587877722370926	0.5918572805574471	25	-0.4425940931234484
ZNF396	ZNF396	0.12664964612394902	6454.0	0.29682067319871996	0.29682067319871996	2.8137983977550715e-06	10874.0	61.24253689309451	0.25	0.8730832184888113	1.1415663685149144	24	-0.5047998619999311
TOMM34	TOMM34	0.0954480675667525	6453.0	0.29678734002244606	0.29678734002244606	0.000104464527106145	3969.0	22.349892981863242	0.08	0.46860388328158165	0.7622663279706081	25	-0.22540224716020854
MRPS25	MRPS25	0.0355568284374057	6452.0	0.296779500888025	0.296779500888025	1.9592143672355e-06	5892.0	33.18125492846682	0.12	0.47994936481866174	0.4910444149873298	25	-0.37302096987573513
ZFYVE1	ZFYVE1	0.0197634990591648	6451.0	0.296715754630157	-0.296715754630157	0.00410335083423283	1553.0	8.741692013067476	0.12	0.410738971650607	0.5754378720926983	25	-0.19815035219315882
DNAJB8	DNAJB8	0.870492421030213	6450.0	0.296692355751937	-0.296692355751937	0.0007048094282837185	15203.0	85.6257744733581	0.625	1.833324779504446	1.508372596728472	24	-1.01873530922355
TIMM22	TIMM22	0.00196975210325908	6449.0	0.296637538635174	-0.296637538635174	1.0782073023572301e-05	2972.0	16.73425706882956	0.12	0.4213859479830662	0.5613256143686745	25	-0.22223893967175778
COLQ	COLQ	0.13612919502986098	6448.0	0.29663305930073103	-0.29663305930073103	0.02276835131398695	4024.0	22.659682325109834	0.125	0.5755705101436016	0.9034865590309084	24	-0.3087344776241747
STAC3	STAC3	0.227702305354774	6447.0	0.29660407973775504	-0.29660407973775504	1.130025337437312e-11	14893.0	83.87968908415004	0.625	1.561105522895451	1.437584862331112	24	-0.8796012508835457
MCF2L	MCF2L	0.3525612559677321	6446.0	0.296595494435558	-0.296595494435558	4.5746886834210755e-05	9229.0	51.97701926326461	0.16666666666666666	0.864019615543285	1.4079141083703757	24	-0.40302467155791616
RNF11	RNF11	0.0282082660250604	6445.0	0.29659483355739297	-0.29659483355739297	0.000744397504636213	3976.0	22.389320716458265	0.08	0.42926336402199944	0.5126864608422174	25	-0.2587712775692668
EIF2A	EIF2A	0.008689666545238171	6444.0	0.29657633124127103	0.29657633124127103	4.78605481574682e-07	8737.0	49.20581277458601	0.16	0.6043533463409101	0.5668877959051208	25	-0.5429240447983665
CLCN6	CLCN6	0.0860402043257449	6443.0	0.296456947273203	-0.296456947273203	1.27155435016508e-06	5785.0	32.57857384251436	0.08	0.5071842637680161	0.4700667856778896	25	-0.4482922914685844
DNAJC7	DNAJC7	0.000729470496947946	6442.0	0.296449011230215	0.296449011230215	0.00023137550778044502	4884.0	27.503661146783823	0.08	0.45079486470912555	0.47999233837131516	25	-0.3215589940510901
GATA4	GATA4	0.713103958897157	6441.0	0.29644733135982	-0.29644733135982	2.58990327281287e-06	15775.0	88.84758364312268	0.6086956521739131	1.8016369146130558	1.8863823992510935	23	-0.7979238906442332
CLEC16A	CLEC16A	0.00400901977720586	6440.0	0.29642983097358505	0.29642983097358505	5.7113458445906895e-05	3384.0	19.054860876422214	0.08	0.40696532932015506	0.39732272581551564	25	-0.2782007953853958
CCDC62	CCDC62	0.369949845817408	6439.0	0.29642915450251395	0.29642915450251395	2.730622904585055e-05	13222.0	74.46772558296722	0.4166666666666667	1.6158801930282953	1.7325746110533504	24	-0.7615551042408483
TMCO3	TMCO3	0.0265935133042262	6438.0	0.29637640124855397	0.29637640124855397	3.43315014183308e-05	3284.0	18.491607525064776	0.12	0.41381438795745334	0.39589388173644363	25	-0.2966400647410883
DUSP6	DUSP6	0.38578935473520504	6437.0	0.296349581680475	-0.296349581680475	4.0335841425957395e-06	11349.0	63.91799031204235	0.24	0.9216554029140899	0.962158504126045	25	-0.6498989704420868
DBN1	DBN1	0.224164778484024	6436.0	0.29623107120618203	0.29623107120618203	2.89442806527178e-09	10763.0	60.61732567308775	0.28	1.0229932460655167	1.2615068334307147	25	-0.5761064114752974
ZNF526	ZNF526	0.0300488781704854	6435.0	0.296151557458347	0.296151557458347	0.005226500242569179	435.0	2.4445195448912918	0.04	0.29997229440054407	0.40220409476663876	25	-0.009499497871631327
PSMA4	PSMA4	0.0112534149434023	6434.0	0.296140587357817	0.296140587357817	5.22273744569692e-06	8957.0	50.44497014757238	0.12	0.5552838953006954	0.3504028332656587	25	-0.7395582550738349
PUM1	PUM1	0.014841701983928	6433.0	0.296072510274493	0.296072510274493	0.00199768235622275	2022.0	11.383350230933873	0.04	0.3534469224918191	0.37793177648743975	25	-0.15181155908765687
SRP68	SRP68	0.00169433647975004	6432.0	0.296038592343704	0.296038592343704	0.00032272741125764304	2295.0	12.921031880139687	0.0	0.29800382721293794	0.24982277061430683	25	-0.007866516188262144
G6PD	G6PD	0.219860865654	6431.0	0.296029909464941	0.296029909464941	0.00353940167029805	5275.0	29.705981750591416	0.12	0.7350243167774044	1.2434878752845246	25	-0.35303473080669673
TVP23C	TVP23C	0.109726564645719	6430.0	0.295925685337526	0.295925685337526	6.37361980860025e-09	9397.0	52.92328489354511	0.12	0.5938680897406369	0.4505640613869876	25	-0.6612653558873383
DUSP28	DUSP28	0.0307632266809259	6429.0	0.295881663537495	0.295881663537495	0.000150299507434744	1795.0	10.104765123352482	0.12	0.4843943952383522	0.7287133651115608	25	-0.25869256792346224
GATC	GATC	2.2018931295750303e-06	6428.0	0.295871762745607	0.295871762745607	0.00269367127324026	2332.0	13.129435620141939	0.08	0.3895128462749124	0.48024450851673955	25	-0.19498626609707795
DIAPH2	DIAPH2	0.118744318076646	6427.0	0.295835280865999	-0.295835280865999	0.00968169901703166	5370.0	30.241072434380985	0.04	0.5185670333981609	0.8509498934116304	25	-0.26174485038030293
TMEM176B	TMEM176B	0.39560309676895394	6426.0	0.295784472524236	0.295784472524236	0.0016359609660940345	12379.0	69.719499831024	0.3333333333333333	1.764136402578484	2.5888859479294384	24	-0.5671752095640286
RBFOX2	RBFOX2	0.0106933575537882	6425.0	0.295739158212442	-0.295739158212442	0.060347241064805	645.0	3.627351582741917	0.08	0.5284713059260313	1.2397192728037205	25	-0.18772971657304935
AANAT	AANAT	0.582643323752554	6424.0	0.295659632645519	0.295659632645519	0.034658945277184355	6548.0	36.87619691337163	0.20833333333333334	0.693508342578219	0.9695104768525442	24	-0.4103604029368422
POLR1B	POLR1B	0.0121766688491652	6423.0	0.295631266621399	0.295631266621399	0.000719951127424948	2251.0	12.673200405542412	0.08	0.4254934135069023	0.6087082231831636	25	-0.21334054960914675
AFF1	AFF1	0.00249016381395512	6422.0	0.29562886331156396	-0.29562886331156396	0.0020147530451994898	2607.0	14.6783823363749	0.12	0.483876208445063	0.5967783901579553	25	-0.3154392790323285
ERMAP	ERMAP	0.0008545467148563691	6421.0	0.29557450329291196	-0.29557450329291196	0.00221414495676503	889.0	5.001689760054073	0.08	0.3429687209460305	0.380595134044794	25	-0.12452659903828532
SIGIRR	SIGIRR	0.0256996312633175	6420.0	0.295508816226454	-0.295508816226454	0.0017882955151724302	5809.0	32.713754646840144	0.16	0.6570441055178872	0.8028828145767468	25	-0.4502964601154436
RAB17	RAB17	0.24532280721858396	6419.0	0.295441038086475	-0.295441038086475	0.06367252461042	8135.0	45.815027599414215	0.20833333333333334	0.8125488688023261	1.3229322192003174	24	-0.39088006415659843
LINC01756	LINC01756	0.706799611771405	6418.0	0.295300711593594	0.295300711593594	0.08149792113277404	9210.0	51.8700011265067	0.16666666666666666	0.8715644040228362	0.8572126885780464	24	-0.6722528727207182
PRIM1	PRIM1	0.0570161926510306	6417.0	0.29529703986501193	0.29529703986501193	0.000334959043313194	6022.0	33.91348428523149	0.08	0.6063193631486039	0.8444241419457895	25	-0.3683247645749558
ERAP2	ERAP2	0.6795864812833861	6416.0	0.295267758485031	0.295267758485031	3.600905900923585e-07	10864.0	61.186211557958764	0.2916666666666667	1.1183070465957738	1.394894551172757	24	-0.5900369224460537
LRP1B	LRP1B	0.6998237057224721	6415.0	0.29525740395411304	-0.29525740395411304	0.004549681188817446	13073.0	73.62847808944463	0.5	1.3360960436913867	1.5605080865537735	24	-0.6669870208977015
CRYBB1	CRYBB1	0.29856705790835497	6414.0	0.295135360685652	0.295135360685652	4.9579731266169e-07	17244.0	97.12177537456347	0.6956521739130435	3.3920138001115228	2.7280391054703985	23	-1.13520309632507
TOR4A	TOR4A	0.29497346225500504	6413.0	0.295108909792621	-0.295108909792621	5.26806266315756e-06	10481.0	59.02895122225977	0.25	0.9098567931978833	1.2350000725944534	24	-0.49777153625085796
FAM234B	FAM234B	0.0181111469728474	6412.0	0.295065855029364	-0.295065855029364	0.0023960786532223103	5545.0	31.226765799256505	0.08	0.4517630078081997	0.34813358648832693	25	-0.45010639266226
RTN4R	RTN4R	0.150961318216797	6411.0	0.29498672909977003	0.29498672909977003	1.3902679529798898e-11	15234.0	85.80038301227891	0.6666666666666666	1.35180408402718	1.0933593933310974	24	-0.9665782005198161
CATSPER2	CATSPER2	0.15185977470707002	6410.0	0.29479864369602193	0.29479864369602193	0.0346361726738794	3251.0	18.30573391911682	0.08	0.4214138294299729	0.48185832425156194	25	-0.26276434246645797
RP9P	RP9P	0.0263797898960073	6409.0	0.294790005131201	-0.294790005131201	0.0127527300623551	885.0	4.979159625999775	0.04	0.34304566272926396	0.5881576905253396	25	-0.08204544185244134
FAM111A	FAM111A	0.0479715729591294	6408.0	0.294705972677826	0.294705972677826	5.980227779389889e-07	10066.0	56.691449814126386	0.2	0.8512575059752252	1.0900032592919429	25	-0.5105962101975093
IGSF8	IGSF8	0.0387658339651401	6407.0	0.294668125718852	-0.294668125718852	5.969754023103481e-08	8934.0	50.31542187676016	0.16	0.7952938106466106	0.9747524884329419	25	-0.513592620556002
PKN2	PKN2	0.0910858664283046	6406.0	0.294659829748359	-0.294659829748359	3.32985225779556e-06	7935.0	44.68852089669933	0.08	0.5194357736908584	0.35719358428608144	25	-0.6292832621609269
ATG2A	ATG2A	0.0320709454116966	6405.0	0.294642072618432	-0.294642072618432	2.3390219707897e-07	8593.0	48.39472794863129	0.16	0.62118504229114	0.38927659244822443	25	-0.8388456331756956
ZNF765	ZNF765	0.0121667654429047	6404.0	0.294550725292761	0.294550725292761	9.953387016217289e-06	7553.0	42.53689309451391	0.04	0.46865545284819626	0.41063809523226774	25	-0.42398581519076317
FBRSL1	FBRSL1	0.0017560530638549	6403.0	0.294517702183591	-0.294517702183591	9.37814189597619e-10	12662.0	71.31350681536554	0.44	1.1452382504792558	0.8538537822406453	25	-0.9963304795151713
ZNF558	ZNF558	0.00313969835896584	6402.0	0.294481525048383	0.294481525048383	1.0661739072153699e-05	7421.0	41.793398670722084	0.12	0.5803041469706435	0.5682842593469626	25	-0.5029571331972318
NHLRC3	NHLRC3	0.00723689940033183	6401.0	0.294475766665406	0.294475766665406	1.06981822304741e-05	9706.0	54.6637377492396	0.12	0.5969266498795495	0.5160128937498335	25	-0.5861304763457591
DIMT1	DIMT1	0.0505549713841226	6400.0	0.29446836466122306	0.29446836466122306	0.0405773011151837	4154.0	23.391911681874507	0.08	0.3820784368473401	0.43384149072139283	25	-0.20194028017107996
RBMX	RBMX	0.00040525811653325497	6399.0	0.294459496660947	0.294459496660947	4.33768976540769e-05	6054.0	34.093725357665875	0.12	0.4826494445885766	0.4725010736152034	25	-0.3982846990965532
ZNF385D	ZNF385D	0.4916107941789679	6398.0	0.294413802395683	-0.294413802395683	0.012681513062846001	5930.0	33.39529120198265	0.25	1.103261793674904	1.5822710655627334	24	-0.5111943262335742
ARMC6	ARMC6	0.09312588418390401	6397.0	0.294386198003459	-0.294386198003459	0.000199645899765581	1608.0	9.051481356314069	0.04	0.4097095046058867	0.6593574614045088	25	-0.1749025579490304
GPAT4	GPAT4	0.00171585278436589	6396.0	0.294347811256183	-0.294347811256183	0.00944881071512835	135.0	0.7547594908189703	0.08	0.3260720872931784	0.40837997911178864	25	-0.0776832304707849
UTP6	UTP6	0.00013103392038284298	6395.0	0.294325392424576	0.294325392424576	0.0007345937772586919	5431.0	30.584656978709024	0.12	0.48947348608255886	0.46528986345048146	25	-0.41941187416121634
CFAP43	CFAP43	0.514699067504746	6394.0	0.294322881563476	-0.294322881563476	8.846476239105034e-05	13511.0	76.09552776839021	0.4166666666666667	1.2062099247895297	1.013103379416161	24	-0.900092785942105
ASIC4	ASIC4	0.553169453879838	6393.0	0.29424861854728496	0.29424861854728496	0.000347971190390096	16945.0	95.43764785400472	0.5416666666666666	2.5836259275549778	2.164309689171536	24	-1.0577863789373094
DPP7	DPP7	0.0726614365737093	6392.0	0.294230102869123	-0.294230102869123	1.50449244192247e-06	11577.0	65.20220795313732	0.32	0.9317853275797099	1.2595170243321285	25	-0.5061902399045832
GTF2H5	GTF2H5	0.0508913411083743	6391.0	0.294182821496195	0.294182821496195	2.9287189186798394e-11	8552.0	48.16379407457474	0.12	0.5949128383647482	0.4671666071840725	25	-0.6437318340907441
STRN3	STRN3	0.0540652890226131	6390.0	0.294165805417823	0.294165805417823	1.40393443942035e-05	8295.0	46.716232961586115	0.16	0.5538936912284642	0.39945541455962846	25	-0.6502049448922177
ARMC1	ARMC1	0.0058812307591646395	6389.0	0.29411486593580605	0.29411486593580605	7.24135202697933e-06	9782.0	55.091810296271255	0.12	0.7006856726356423	0.7833369298953513	25	-0.5190241787198153
STK17A	STK17A	0.244963553017747	6388.0	0.29393830587823	0.29393830587823	8.22247828965302e-05	5533.0	31.159175397093613	0.08	0.45178065523631133	0.3523187065469496	25	-0.44801012953607516
RRP1	RRP1	0.0236049161508931	6387.0	0.29391898868576805	0.29391898868576805	0.00043749902264529703	4852.0	27.323420074349443	0.08	0.39754613377606973	0.3580088144377392	25	-0.2894541723869297
ICMT	ICMT	0.0160602671767536	6386.0	0.293914635862201	0.293914635862201	0.0109142117923576	1722.0	9.693590176861552	0.12	0.3781384898679436	0.47658667303089963	25	-0.17672305746636327
TMED4	TMED4	0.000604610324993409	6385.0	0.293747156925987	0.293747156925987	8.78356123026739e-08	6692.0	37.687281739326345	0.12	0.5031630912433258	0.5262523898089521	25	-0.39793821058630074
ZNF286A	ZNF286A	0.138824353498194	6384.0	0.293709784834822	0.293709784834822	0.00230415118769184	6043.0	34.03176748901656	0.08	0.5049002576581768	0.559911669450449	25	-0.3771853389493335
NIPA2	NIPA2	0.0124584082876786	6383.0	0.293675876267241	0.293675876267241	0.000979457657778102	1372.0	7.722203447110511	0.08	0.4634455389137244	0.7387028260609122	25	-0.229821325514307
ERICH6	ERICH6	0.467166691186354	6382.0	0.293662818853029	0.293662818853029	5.009829999542415e-05	12029.0	67.74811310127295	0.25	0.9911794782277438	1.1403004048764214	24	-0.6116955289955434
SLC25A4	SLC25A4	0.21630319922056998	6381.0	0.293548279170718	-0.293548279170718	0.00457642439746758	8512.0	47.93849273403176	0.16	0.8648375285222061	1.151432567109421	25	-0.49615519455530416
OXER1	OXER1	0.244064124646016	6380.0	0.293331832812555	-0.293331832812555	1.1950283094789307e-06	13646.0	76.85591979272276	0.4583333333333333	1.279705874822808	1.377193482197303	24	-0.7162203820747829
GTF2F1	GTF2F1	0.0331502583317438	6379.0	0.293286313651688	-0.293286313651688	0.00238775447383671	3323.0	18.711276332094176	0.04	0.39480131722945655	0.5452816110348881	25	-0.18616986438457656
ASB16.AS1	ASB16.AS1	0.0866723830490986	6378.0	0.29306411443246194	0.29306411443246194	0.00203960459415053	233.0	1.306747775149262	0.16	0.4301349552973502	0.634095856732386	25	-0.2161673813344875
ZNF571.AS1	ZNF571.AS1	0.319101617849413	6377.0	0.293018130238551	0.293018130238551	0.00892906488935317	4741.0	26.698208854342685	0.2	0.5662390244068074	0.5792328255618939	25	-0.4716944242640499
ARPC3	ARPC3	0.000128887933392201	6376.0	0.29298589337778	0.29298589337778	1.45302884677169e-09	10698.0	60.25121099470542	0.12	0.6390779601003959	0.4321641293394037	25	-0.8008347829599933
VOPP1	VOPP1	0.0481155562279947	6375.0	0.292983391093265	0.292983391093265	0.000421089913112323	358.0	2.010814464346063	0.12	0.5177600152044587	0.8481038595492378	25	-0.265034313404329
CD151	CD151	0.165332096945085	6374.0	0.292977953360076	-0.292977953360076	0.0007965283660441281	3610.0	20.32781345049003	0.12	0.661076539802549	1.0433949770572122	25	-0.35278930274387277
HSPB9	HSPB9	0.31347125571987	6373.0	0.29288108378779	-0.29288108378779	0.0009733432036904564	9838.0	55.407232173031424	0.20833333333333334	0.8627314267800085	1.1558193258458058	24	-0.49302718015656405
SND1	SND1	0.00606706184952264	6372.0	0.29279075847932695	0.29279075847932695	0.00357755037451127	2357.0	13.270248957981298	0.04	0.32016849173719125	0.23556132926087933	25	-0.1162233773419746
HYAL3	HYAL3	0.0680737902281483	6371.0	0.292783203191334	-0.292783203191334	0.0112657645802994	578.0	3.249971837332432	0.04	0.4002368665626964	0.76989587680264	25	-0.13956908539063104
GK	GK	0.50156916288351	6370.0	0.292750553603992	0.292750553603992	0.0017983945771170397	7066.0	39.793849273403175	0.08	0.5379995785942644	0.5308943452623126	25	-0.46195448713829473
DAZAP2	DAZAP2	0.000135795895894074	6369.0	0.29262144267038	-0.29262144267038	9.76824828159744e-08	3307.0	18.621155795876987	0.2	0.5482229266208116	0.5134612289776499	25	-0.4978009429443358
SHISA5	SHISA5	0.00047864608434361905	6368.0	0.29259717243079997	-0.29259717243079997	0.00270274424143354	1684.0	9.479553903345725	0.12	0.4009661526806419	0.49796274078445824	25	-0.21762467625413995
TMEM187	TMEM187	0.21715225415142397	6367.0	0.292458187378227	0.292458187378227	0.0430221563041548	1246.0	7.012504224400136	0.08	0.5668834601196706	1.150642646717631	25	-0.23849739406433448
WSCD2	WSCD2	0.51746359026599	6366.0	0.292436624803505	-0.292436624803505	0.00015159324735426099	14420.0	81.21550073222934	0.5	1.6663786094224229	1.570254932365672	24	-0.8749802062707115
GRM7	GRM7	0.679635896853094	6365.0	0.292312455231516	0.292312455231516	0.02123587574295745	12761.0	71.87112763320941	0.375	1.2266216801504641	1.3441753982415676	24	-0.6950798431076771
PRSS23	PRSS23	0.20329882853129302	6364.0	0.29230525534912893	-0.29230525534912893	0.0051629523942373304	5414.0	30.48890390897826	0.16666666666666666	0.7345204354386778	1.377384964604568	24	-0.3210541652866844
ACOT7	ACOT7	0.3540816458174221	6363.0	0.292227962420406	-0.292227962420406	0.000383602931438829	4013.0	22.597724456460515	0.08	0.5468584809984331	0.9486258027282286	25	-0.26842040122218364
SSR2	SSR2	0.0127272837354445	6362.0	0.29216066307159194	0.29216066307159194	0.000128964816173246	6895.0	38.83068604258195	0.12	0.5076976299633364	0.5391161113969507	25	-0.399796931190292
STK25	STK25	0.00839459919879964	6361.0	0.292110790515525	-0.292110790515525	8.38781291418615e-06	5799.0	32.6574293117044	0.12	0.4646647108275447	0.44233845439581476	25	-0.3900947760639738
TMEM120A	TMEM120A	0.070426555093752	6360.0	0.29209483962925603	-0.29209483962925603	0.0758597920169027	35.0	0.1915061394615298	0.08	0.2925680133245937	0.38704692102107197	25	-0.0012225228251122266
FOXS1	FOXS1	0.512508760522739	6359.0	0.29204839330550897	-0.29204839330550897	0.00043062076473334397	14171.0	79.81299988734932	0.5	1.1539061881323198	0.9857036654163293	24	-0.8743579080258266
PKD2	PKD2	0.00904080658486045	6358.0	0.29204260455480896	-0.29204260455480896	0.0048981386807062	4252.0	23.9438999662048	0.16	0.6508036327831789	1.0298309043706997	25	-0.34836886978799547
TMEM268	TMEM268	0.0294809660916161	6357.0	0.29192026143801697	0.29192026143801697	0.009757388132840609	2312.0	13.01678494987045	0.04	0.3301528260171855	0.3954471803459351	25	-0.09668184900376042
LRRC27	LRRC27	0.00876310798209797	6356.0	0.29190149222978806	0.29190149222978806	0.000371351688584872	1273.0	7.164582629266644	0.12	0.5532755804594679	0.8447236003890959	25	-0.30941965882009914
ZNF165	ZNF165	0.487433539813071	6355.0	0.29188726101759804	-0.29188726101759804	0.00011515655363088702	12641.0	71.19522361158049	0.36	0.8546984114398783	0.6298032882772429	25	-0.8936300602078276
NECTIN2	NECTIN2	0.0744774009440685	6354.0	0.291867854356886	0.291867854356886	0.000406728171166413	6444.0	36.29041342795989	0.16	0.6401874576826976	1.0995668960438922	25	-0.31677891047740986
SNRNP40	SNRNP40	0.0372015664074362	6353.0	0.291853000150477	0.291853000150477	0.00323565845164248	1820.0	10.245578461191844	0.04	0.39408811577725095	0.6869113755020236	25	-0.14883305077318926
ZNF652	ZNF652	1.3466202007330801e-05	6352.0	0.29181800958700393	0.29181800958700393	8.126235900619491e-05	6384.0	35.95246141714543	0.04	0.4353896132146366	0.3890296469076803	25	-0.36905054606725973
PDCD10	PDCD10	0.00157664681950844	6351.0	0.291741032527102	0.291741032527102	1.3900589734795001e-09	11097.0	62.4985918666216	0.2	0.7756285086368396	0.6995877792698165	25	-0.6916751413450752
RHEBL1	RHEBL1	0.38803216021440295	6350.0	0.29151152307694705	-0.29151152307694705	0.029825312590956048	283.0	1.5883744508279822	0.125	0.589462018246371	0.99245075317514	24	-0.30021690669909135
LAT	LAT	0.242661276179011	6349.0	0.291459708681025	-0.291459708681025	5.5180347984264244e-05	11550.0	65.0501295482708	0.4166666666666667	1.3415890610336156	1.8479280588374867	24	-0.5682739364936191
WBP1L	WBP1L	4.36083622052619e-05	6348.0	0.29141156721300604	-0.29141156721300604	1.47381912913325e-05	4030.0	22.69347752619128	0.2	0.47788500830628133	0.43050933097317473	25	-0.4331461078247676
ZBTB17	ZBTB17	0.21091513824369199	6347.0	0.291362597730251	-0.291362597730251	0.000302215560206206	6148.0	34.62318350794187	0.0	0.3355710307304554	0.2408046879600709	25	-0.18358626393326205
CFH	CFH	0.25563891258531896	6346.0	0.29127790540854903	0.29127790540854903	0.01136894046008963	6047.0	34.05429762307085	0.25	1.2698788147576154	2.3408520596699236	24	-0.41805329187999
HSPBAP1	HSPBAP1	0.0449266682822037	6345.0	0.291207323487239	-0.291207323487239	0.000682278525587796	4440.0	25.00281626675679	0.04	0.3825009408122543	0.4585759621090199	25	-0.1990806864475629
GRWD1	GRWD1	0.0502889301427615	6344.0	0.291154824214326	-0.291154824214326	3.05299294626726e-06	3656.0	20.586909992114453	0.08	0.4317910906909923	0.42750732682173925	25	-0.3289680846459701
LUC7L	LUC7L	0.0212534514523339	6343.0	0.29110330905944104	0.29110330905944104	0.00040729540362392596	3522.0	19.832150501295484	0.08	0.42279328220859436	0.5734711968026518	25	-0.22963659532227856
RDH11	RDH11	0.0961580871359584	6342.0	0.291099521378048	0.291099521378048	0.00294580323713333	3684.0	20.744620930494538	0.08	0.4329692878172817	0.4056723413781659	25	-0.34971515671309567
BMP10	BMP10	0.90700004760102	6341.0	0.291050850184417	0.291050850184417	9.08494015552437e-05	17514.0	98.64255942322856	0.6190476190476191	4.028756879930224	3.057689135676065	21	-1.2223956929223248
NUCKS1	NUCKS1	0.0857699970000595	6340.0	0.29100623355895394	0.29100623355895394	0.0317921706417442	1891.0	10.645488340655627	0.12	0.49573698436473485	0.6406443116884185	25	-0.3195700751111219
RFX7	RFX7	0.0322807727713676	6339.0	0.290982535707975	0.290982535707975	0.0381501136007186	1942.0	10.932747549847921	0.08	0.34362498060748686	0.36247722784417175	25	-0.14522966094339793
AIFM2	AIFM2	0.00434505242657102	6338.0	0.290967732854351	0.290967732854351	0.00118905101121006	2662.0	14.988171679621493	0.12	0.7209476679768744	1.4682730747508002	25	-0.292847388211829
ACRBP	ACRBP	0.318803152414077	6337.0	0.29096051967126296	-0.29096051967126296	5.0304237757068846e-05	13163.0	74.13540610566632	0.4583333333333333	1.6020254807466303	2.0966404263604526	24	-0.6253170284192403
MYCN	MYCN	0.6866561756236529	6336.0	0.290955127225742	-0.290955127225742	2.454387194280301e-05	15861.0	89.33198152529008	0.5833333333333334	1.877846669642956	1.9684769802179902	24	-0.8061519430323645
POU2F2	POU2F2	0.4411876124176621	6335.0	0.29087126185448	0.29087126185448	3.4683991461685896e-05	13348.0	75.17742480567759	0.4583333333333333	1.500888117318653	2.08161168390192	24	-0.5812884625993413
SIT1	SIT1	0.518005693165622	6334.0	0.290740829673317	0.290740829673317	4.0676104218576675e-05	16677.0	93.92812887236678	0.75	2.1998512186131864	2.1560270378769606	24	-0.8854760888433802
RNF121	RNF121	5.71635453445444e-05	6333.0	0.290731235660358	0.290731235660358	0.0102648357005054	15.0	0.07885546919004169	0.08	0.2773121972715118	0.4489999903603566	25	0.02988650039407892
MAP3K2	MAP3K2	0.10365044762374699	6332.0	0.29070025182856	0.29070025182856	9.74492321087208e-05	7762.0	43.71409259885096	0.04	0.5184144067169429	0.4623934607625249	25	-0.4924683720934624
AMER1	AMER1	0.218697335190612	6331.0	0.29060863192332503	0.29060863192332503	0.000139855139794653	9224.0	51.94885659569674	0.12	0.714497320178194	1.0147498641005397	25	-0.4177272678233843
MON1B	MON1B	0.0387168133628784	6330.0	0.29057699735015197	-0.29057699735015197	0.000392148219817027	3142.0	17.69178776613721	0.12	0.4877206165285047	0.6511427419542505	25	-0.30276559420239085
TIMM44	TIMM44	0.0144825300911216	6329.0	0.290566617989018	-0.290566617989018	0.0211879003005197	222.0	1.2447899064999435	0.0	0.2185017059707235	0.2016945994807686	25	0.3572971819960199
TMEM71	TMEM71	0.22413740678319297	6328.0	0.29050727203690396	-0.29050727203690396	0.00385986770768463	10061.0	56.66328714655852	0.375	1.5049665354171704	2.2857386271855313	24	-0.531320269490152
TM9SF1	TM9SF1	0.0590315516832425	6327.0	0.290499948848359	0.290499948848359	6.19132037323952e-05	1322.0	7.44057677143179	0.04	0.3483186031408985	0.35895504820996166	25	-0.161074916151395
GTF2F2	GTF2F2	0.0150512101287295	6326.0	0.290498515300789	0.290498515300789	6.856782687611161e-07	8705.0	49.02557170215162	0.08	0.6516488277424253	0.7047367937566014	25	-0.512461270138208
TMEM243	TMEM243	0.173670235567469	6325.0	0.290439181282923	-0.290439181282923	0.0019401532186217399	3799.0	21.392362284555592	0.08	0.4385332167015425	0.47466237452903626	25	-0.31199868235934974
GPBP1	GPBP1	0.0171766889932945	6324.0	0.290363159860663	0.290363159860663	2.98297542596665e-05	4907.0	27.633209417596035	0.12	0.47631134445824913	0.5342380174586333	25	-0.34806243382329916
NOL4L	NOL4L	0.00544486576780192	6323.0	0.290330346460192	-0.290330346460192	4.376150379179435e-06	13799.0	77.71769742029964	0.4583333333333333	1.6769459368640665	2.140314139325669	24	-0.6478561090292774
KIRREL3	KIRREL3	0.299825090418587	6322.0	0.29016776599267896	-0.29016776599267896	1.751092154027765e-08	15005.0	84.51053283767038	0.5416666666666666	1.432348005448577	1.5566627839366882	24	-0.7337364593296222
SMU1	SMU1	0.000514953302574224	6321.0	0.29011836624921805	-0.29011836624921805	0.00747387657360798	5585.0	31.45206713979948	0.12	0.6560250782688901	1.3871117918924132	25	-0.2637903550084249
SETDB2	SETDB2	0.0911899989090374	6320.0	0.290116422322026	0.290116422322026	0.0195810527930741	1031.0	5.801509518981638	0.04	0.38287819646262183	0.7059170645231446	25	-0.1314060515072794
DZIP1	DZIP1	0.0649913665471074	6319.0	0.290041957572996	-0.290041957572996	0.0143224546850064	7722.0	43.488791258307984	0.2	0.9797135104601647	1.6005788202332278	25	-0.4308888410673043
DYNLL2	DYNLL2	0.0511713872038287	6318.0	0.290037844015464	0.290037844015464	0.00879716433592018	4996.0	28.134504900304158	0.04	0.43608382072593377	0.3294396824446559	25	-0.4433162866923438
NUP107	NUP107	0.00123372281149545	6317.0	0.289964409106974	0.289964409106974	0.0008511948445263111	6203.0	34.93297285118846	0.04	0.4506147419426756	0.37389658502575646	25	-0.42966515146062356
MTMR3	MTMR3	0.00351054097902514	6316.0	0.28992213496846003	-0.28992213496846003	0.00461663690603243	2224.0	12.521122000675904	0.04	0.2853032463129878	0.3529809356009375	25	0.013085377111397605
FARS2	FARS2	0.000288435841796167	6315.0	0.28979452345890006	-0.28979452345890006	0.006690138680403079	3679.0	20.716458262926665	0.0	0.34379528660643544	0.2698618494060106	25	-0.20010521408044804
TAF10	TAF10	0.0123102367857411	6314.0	0.289791599850267	-0.289791599850267	0.00314839951267728	1157.0	6.5112087416920135	0.04	0.281832025539095	0.3189585646772803	25	0.024954885030992774
MANBA	MANBA	0.00116051730015575	6313.0	0.28979001971962604	0.28979001971962604	2.17364706083419e-07	8950.0	50.405542412977354	0.12	0.6396234877060644	0.5697488498751232	25	-0.6140134693788577
CENPW	CENPW	0.21509743658816896	6312.0	0.289664053353799	0.289664053353799	2.7569713586077505e-09	10800.0	60.82572941309	0.2	0.7545575478506197	0.6962981699179493	25	-0.6676643923272166
EIF2AK3	EIF2AK3	0.0124194186177293	6311.0	0.28961159230315003	0.28961159230315003	9.90565064389963e-06	5427.0	30.562126844654724	0.08	0.510439881713592	0.5423141137600089	25	-0.40719627943919867
MRPL51	MRPL51	0.0097468261345444	6310.0	0.289591410634905	0.289591410634905	8.87740476095301e-09	6908.0	38.903908978258414	0.08	0.5146879638344908	0.501906281435619	25	-0.4484832358657372
LINC01686	LINC01686	0.513085243220088	6309.0	0.28955979806259097	0.28955979806259097	0.08778742361455666	6297.0	35.46243100146445	0.20833333333333334	0.6134303684334491	0.649539967809566	24	-0.49861530686562994
ZFP91	ZFP91	0.0103142637676276	6308.0	0.289557572568215	0.289557572568215	0.0045019849207153205	4077.0	22.958206601329277	0.08	0.4152519276534872	0.38452648067577044	25	-0.3268808818169706
BRK1	BRK1	0.0167458466169932	6307.0	0.28939180962718	-0.28939180962718	1.7107294284054398e-08	7441.0	41.906049340993576	0.12	0.5311548839239005	0.40520709562453155	25	-0.5966407718603732
SLC1A3	SLC1A3	0.598883044379928	6306.0	0.28935132201443897	0.28935132201443897	3.5215967611691502e-06	16207.0	91.28083812098681	0.75	2.205174220802355	2.1832620496897968	24	-0.8775047865006039
FAM162A	FAM162A	0.0681642420548781	6305.0	0.289042639565209	0.289042639565209	2.06363456116583e-14	11651.0	65.61901543314183	0.12	0.7593175607193497	0.4672444436502904	25	-1.0064858502760892
NOA1	NOA1	0.0024466731131966	6304.0	0.288943602371455	0.288943602371455	0.00233178256043747	870.0	4.8946716232961585	0.04	0.29423143421756126	0.34479374345800595	25	-0.015336217511006812
KIF3C	KIF3C	0.19183783353985898	6303.0	0.28889256294516497	0.28889256294516497	5.3497438850516405e-09	10173.0	57.29413090007885	0.24	0.850337219900357	0.9330398834818819	25	-0.6017370392142454
RBM23	RBM23	0.000240360916774836	6302.0	0.28886367018099296	-0.28886367018099296	0.0024509282228218103	3748.0	21.1051030753633	0.04	0.404686789519309	0.4845335194054783	25	-0.2390404682021396
ASAP1.IT2	ASAP1.IT2	0.5729905593233431	6301.0	0.28884078164015603	0.28884078164015603	0.0009277080597715264	16478.0	92.80725470316548	0.5833333333333334	2.668121689024487	2.2851516334412754	24	-1.0411916971134663
OGFR	OGFR	0.0560970506775152	6300.0	0.288835164873899	-0.288835164873899	1.08845467323685e-05	9836.0	55.39596710600428	0.4	1.0138797141007891	1.277148401857682	25	-0.5677057953267399
RNF146	RNF146	0.0124380043282731	6299.0	0.288824752603027	-0.288824752603027	0.0005832099001150429	2264.0	12.746423341218879	0.08	0.4256661818418587	0.6125029201734072	25	-0.22341351319613337
CNPPD1	CNPPD1	0.0013125293887238198	6298.0	0.288752333174318	-0.288752333174318	0.00291729055940775	2181.0	12.278923059592204	0.12	0.3883886538647985	0.4101768092968919	25	-0.24291066299255915
PACS2	PACS2	0.0435053085425601	6297.0	0.28867641609107	-0.28867641609107	1.64881363286847e-05	4948.0	27.864143291652585	0.12	0.7060939463827907	1.2275311330541483	25	-0.34004638990554037
NDUFC2	NDUFC2	0.0345420038016139	6296.0	0.28865222641560806	0.28865222641560806	2.33924512759125e-12	8646.0	48.69325222485073	0.16	0.6625514298312362	0.5675844695938408	25	-0.658755169399169
TUBGCP6	TUBGCP6	0.12452000011093	6295.0	0.288553654946875	-0.288553654946875	5.30874439150748e-09	8987.0	50.61394615297961	0.24	0.7903255197817508	0.7650185275514849	25	-0.6558950492883417
PFDN4	PFDN4	0.0375362789797161	6294.0	0.288508606499011	0.288508606499011	3.70290965547387e-06	7932.0	44.67162329615861	0.04	0.579861529854471	0.47536386916114176	25	-0.6129050654808925
CCDC86	CCDC86	0.0125826890561045	6293.0	0.288469828871496	0.288469828871496	5.304810141368711e-06	6370.0	35.87360594795539	0.12	0.4852113602467997	0.48239122662471556	25	-0.40784641286264944
NCLN	NCLN	0.0147789900550391	6292.0	0.288430011456922	-0.288430011456922	1.03663414737865e-07	9578.0	53.94277345950208	0.2	0.6952225796317577	0.6471457093178884	25	-0.6285950170381376
BTBD6	BTBD6	0.0199663275210613	6291.0	0.28842988386068896	-0.28842988386068896	9.447259204001639e-05	9640.0	54.29199053734369	0.25	0.9840552885057483	1.6487926335923277	24	-0.4218998741700203
SAC3D1	SAC3D1	0.0976694157239456	6290.0	0.28836306556181895	0.28836306556181895	5.584375245507961e-07	12810.0	72.14712177537456	0.36	0.9728188133384416	0.7669287218562792	25	-0.8924633127834377
EPHA1	EPHA1	0.0151455885529938	6289.0	0.288265861967636	-0.288265861967636	0.00870922542583705	2523.0	14.20524952123465	0.12	0.49565136921798597	0.6430382325666294	25	-0.322508828787037
RGS12	RGS12	0.014055319555687002	6288.0	0.28813658627022304	-0.28813658627022304	1.10130584108488e-11	11939.0	67.24118508505126	0.16	1.0822867935589977	1.3872542191209014	25	-0.572461915302031
TMEM41A	TMEM41A	0.161089489769518	6287.0	0.288106793937688	0.288106793937688	2.1835473807827698e-08	6907.0	38.898276444744845	0.08	0.5274037664423724	0.4881502816446417	25	-0.4902116858326125
CCDC33	CCDC33	0.664989256291508	6286.0	0.288106769381894	0.288106769381894	0.04511306854990845	10220.0	57.55885997521685	0.20833333333333334	0.7365875769079379	0.8352395010055444	24	-0.5369487518084549
TRMT10C	TRMT10C	0.0650318255073681	6285.0	0.288002702905792	-0.288002702905792	3.4670207798559797e-07	9514.0	53.582291314633316	0.16	0.6755097106435397	0.6666012045138142	25	-0.5813175930583204
VAMP4	VAMP4	0.0828912155030557	6284.0	0.287984547198941	-0.287984547198941	9.31992322958034e-05	5838.0	32.877098118733805	0.08	0.5195697448818152	0.5094939885513777	25	-0.4545396077023997
SYPL1	SYPL1	0.147435840069905	6283.0	0.28764301521866	0.28764301521866	2.20402869689443e-09	10475.0	58.995156021178325	0.12	0.7112591097310763	0.5318471896285456	25	-0.7964996389438095
PACSIN3	PACSIN3	0.224759767320518	6282.0	0.28760631837481604	0.28760631837481604	0.004863434391776425	9689.0	54.56798467950884	0.25	0.8279054454002738	0.9756988754698632	24	-0.5537560210523643
DDB1	DDB1	5.22124551526956e-06	6281.0	0.28751418559525893	0.28751418559525893	0.00500352078223246	723.0	4.066689196800721	0.04	0.303232139701232	0.47901619379947286	25	-0.03281299110433193
VCAM1	VCAM1	0.475185232582758	6280.0	0.287454273532557	0.287454273532557	0.1601979209246605	8827.0	49.7127407908077	0.375	1.7057553510698618	2.7104746380558735	24	-0.5232666845960977
PDHX	PDHX	0.0117988652729862	6279.0	0.287434722160625	0.287434722160625	1.07324018789852e-08	6643.0	37.4112875971612	0.08	0.44954721248437535	0.3616908220820809	25	-0.44820736503775893
L3MBTL1	L3MBTL1	0.0950279681066114	6278.0	0.287433127904549	0.287433127904549	0.00115349480577145	1871.0	10.532837670384138	0.08	0.5174497678468168	0.8713278293363845	25	-0.2639840392994813
TEX14	TEX14	0.22413447617281798	6277.0	0.287400855969833	-0.287400855969833	0.000612657361062964	11977.0	67.45522135856707	0.20833333333333334	0.9546070361563804	1.088340426608805	24	-0.6130491561960228
RPA2	RPA2	0.00971767056604915	6276.0	0.287398000275291	0.287398000275291	0.00513076741055359	2076.0	11.68750704066689	0.04	0.3603545335673832	0.5330090506308327	25	-0.13687672508702406
KLF3	KLF3	0.000307865688622244	6275.0	0.287385097118118	-0.287385097118118	0.00037765285086126	3299.0	18.57609552776839	0.04	0.4300770336710096	0.4286083690221214	25	-0.33291915619484075
LIN7C	LIN7C	0.0542186342557961	6274.0	0.28738503419331396	0.28738503419331396	8.047440005494341e-09	11746.0	66.15410611693139	0.24	0.8530566975870637	0.5998911993912802	25	-0.9429570961663488
NIFK	NIFK	0.0168813229397772	6273.0	0.287359651478393	0.287359651478393	1.96864030455993e-07	7633.0	42.98749577559986	0.08	0.5568012400487643	0.5321866554051198	25	-0.5062915160194361
HAUS8	HAUS8	0.0477547528273299	6272.0	0.287207102578163	0.287207102578163	0.00273637295247395	1042.0	5.863467387630957	0.08	0.4159073486966091	0.5665236505522128	25	-0.2271754162301908
NR1I3	NR1I3	0.0671856505105795	6271.0	0.28709088964576	-0.28709088964576	0.000560983174695999	3422.0	19.26889714993804	0.08	0.4846398295528955	0.5852714805453566	25	-0.337533856464455
RGS19	RGS19	0.109335433231371	6270.0	0.287051108143942	-0.287051108143942	1.8526484608170397e-05	9550.0	53.78506252112199	0.2	0.8160094100259709	0.9491879980060519	25	-0.5572745367547899
KRAS	KRAS	0.022965239005479	6269.0	0.287046651262421	0.287046651262421	3.7157230186828603e-07	11096.0	62.492959333108026	0.08	0.5768040657194838	0.37665649845084986	25	-0.7692882391484172
CACNG7	CACNG7	0.7755078403174	6268.0	0.286934398081215	0.286934398081215	7.677132036976481e-08	17238.0	97.08798017348202	0.7083333333333334	2.841572462891637	2.1266181035561154	24	-1.2012679006816382
TRIML2	TRIML2	0.792036938301446	6267.0	0.286839149528597	-0.286839149528597	0.000216898117033723	13285.0	74.8225751943224	0.4782608695652174	1.4200158220089236	1.72164582531187	23	-0.6581938374433405
ETFBKMT	ETFBKMT	0.0891938018531123	6266.0	0.286784759598301	0.286784759598301	1.75562839663793e-07	8991.0	50.6364762870339	0.04	0.6310634760677855	0.8020193098863747	25	-0.42926487208675784
STK16	STK16	0.0160424324854161	6265.0	0.28664986882856497	0.28664986882856497	0.00014360629141875402	881.0	4.956629491945478	0.08	0.3863322932816132	0.5790468069743879	25	-0.17214916523571705
LRP10	LRP10	0.123695205123131	6264.0	0.28655714878771504	-0.28655714878771504	0.0021529596004446	5510.0	31.0296271262814	0.16	0.4766805744736343	0.4701571391893654	25	-0.4043827261960244
RIPK1	RIPK1	0.0024606655493458604	6263.0	0.286409726014247	-0.286409726014247	0.051806450585298	896.0	5.041117494649093	0.08	0.3374507089486696	0.4402901376121542	25	-0.1159257920498412
CD28	CD28	0.564986883408824	6262.0	0.286387555101608	0.286387555101608	0.000701329699819686	15514.0	87.37749239607975	0.625	2.0316586597482167	2.1568489272181557	24	-0.8091763324831523
NOL10	NOL10	0.012860574045168001	6261.0	0.28637248763271006	0.28637248763271006	0.000109945948360607	7599.0	42.79598963613833	0.08	0.5037067217178672	0.5361274941994683	25	-0.40537789319996553
TTC13	TTC13	0.0311954845481044	6260.0	0.286338245160451	0.286338245160451	9.55766598139151e-08	7361.0	41.45544665990762	0.12	0.7600459622464301	1.1459013214141796	25	-0.41339311530016126
GDPD3	GDPD3	0.220202589726714	6259.0	0.28632089456462395	-0.28632089456462395	0.004249012286932555	5963.0	33.581164807930605	0.20833333333333334	0.608092909974871	0.5686800333698444	24	-0.5658226006345131
UBL7	UBL7	0.0023927521868500603	6258.0	0.286314626701117	-0.286314626701117	0.00319591447521226	2712.0	15.269798355300212	0.04	0.302264593623727	0.32886320851098716	25	-0.0485003080606905
TMEM108.AS1	TMEM108.AS1	0.8557181153404599	6257.0	0.286280486769226	-0.286280486769226	0.00148344337025125	12720.0	71.64019375915287	0.391304347826087	1.792597291986942	1.8845775650309136	23	-0.7992861812472055
DRAXIN	DRAXIN	0.29667388119514	6256.0	0.28620816572511	-0.28620816572511	1.2751414282865275e-07	14047.0	79.1145657316661	0.5	1.7122468795574883	1.9134230903802354	24	-0.7452814388003418
EBLN2	EBLN2	0.153475344694419	6255.0	0.286192381195797	0.286192381195797	0.002545187420740495	7586.0	42.72276670046186	0.041666666666666664	0.5237874767481774	0.5679134071752332	24	-0.41836500521120634
DACT1	DACT1	0.389005817020087	6254.0	0.28598045396130106	-0.28598045396130106	3.8473730139741144e-05	11395.0	64.17708685366678	0.375	1.0699486360791437	1.4947195711833363	24	-0.5244918158776716
PRDM10	PRDM10	0.0014213017697901301	6253.0	0.28595108050750395	0.28595108050750395	0.00477002156955826	490.0	2.754308888137884	0.12	0.3396760888862439	0.4157960670040015	25	-0.12920999653953655
ZBTB45	ZBTB45	0.0525818664729507	6252.0	0.285935892048236	-0.285935892048236	5.24176318691304e-07	11618.0	65.43314182719386	0.36	0.99138602684324	0.835592081543698	25	-0.8442518190116571
DSC3	DSC3	0.6516548378396629	6251.0	0.285850365553141	-0.285850365553141	0.0005224041162410895	13358.0	75.23375014081333	0.375	1.386910853774663	1.561220795193813	24	-0.7052560993365671
HTR7	HTR7	0.451924922117632	6250.0	0.285838926064686	-0.285838926064686	8.523137335645051e-06	9386.0	52.86132702489579	0.375	1.3185128228653749	1.75228557593784	24	-0.5893296794661976
ZNF562	ZNF562	0.000716354648117405	6249.0	0.285695593272419	0.285695593272419	3.21199679678261e-05	8332.0	46.92463670158837	0.12	0.8458078623201325	1.5177841106349772	25	-0.3690328981065601
NCAPD3	NCAPD3	1.57023475025822e-05	6248.0	0.285653307928347	0.285653307928347	0.0531242221377317	623.0	3.5034358454432803	0.04	0.2927643442101304	0.424074642911421	25	-0.01676836000606801
LMX1A	LMX1A	0.8508710647109151	6247.0	0.285581365417861	-0.285581365417861	0.000992975249394887	15579.0	87.74360707446209	0.4782608695652174	1.8988739117471736	1.5793199677032896	23	-1.0215108903330257
KCNJ5	KCNJ5	0.47651873108934	6246.0	0.285580284242741	-0.285580284242741	0.00282168313943575	9298.0	52.36566407570125	0.3333333333333333	1.2638204755251918	1.876866104375689	24	-0.5212093654426391
RPL13P5	RPL13P5	0.130772585658258	6245.0	0.285502161984495	0.285502161984495	4.42089619139253e-05	6412.0	36.11017235552551	0.04	0.4206680170687256	0.29862007859282796	25	-0.4526348520205529
FAM182B	FAM182B	0.5280012663999349	6244.0	0.28544452949346805	-0.28544452949346805	0.01481519410230625	5123.0	28.849836656528108	0.08333333333333333	0.5650778123989026	0.8500660007801419	24	-0.3289547901560622
SIGLEC7	SIGLEC7	0.402823224070677	6243.0	0.285422889293361	-0.285422889293361	0.00403462319815966	13452.0	75.76320829108933	0.4583333333333333	1.595616856069321	1.934540393515952	24	-0.6772636907284905
NUP210	NUP210	0.290314444430306	6242.0	0.285395032473291	0.285395032473291	5.9459761779567896e-09	12639.0	71.18395854455333	0.24	1.051350811016124	1.3591285994941071	25	-0.5635638738143954
RGS3	RGS3	0.0649262783611352	6241.0	0.285385804675954	-0.285385804675954	0.000440968899606268	5717.0	32.1955615635913	0.2	0.8263683680814674	1.3135062007705278	25	-0.41186144617220893
NCAPD2	NCAPD2	0.0221881393281685	6240.0	0.28537891728759995	0.28537891728759995	0.0685295946771997	154.0	0.861777627576884	0.08	0.4055507951426421	0.8530258137497605	25	-0.14087718790922213
STXBP5	STXBP5	0.16950757940027497	6239.0	0.28525881720800106	0.28525881720800106	0.00015275316429196598	5846.0	32.9221583868424	0.04	0.4177281680169229	0.2992805953408357	25	-0.4426259265424781
CFAP47	CFAP47	0.545220848243507	6238.0	0.285258535322431	0.285258535322431	1.638326074045405e-06	13043.0	73.4595020840374	0.4583333333333333	1.2881656139035567	0.9804121462068929	24	-1.0229443632060895
HSD3B7	HSD3B7	0.21981598341825798	6237.0	0.285255444022822	0.285255444022822	0.0380589868115095	1761.0	9.913258983890954	0.08	0.5459043920916492	1.115132983749804	25	-0.23373799525896502
TCAF1	TCAF1	0.0340453932264957	6236.0	0.28525424792327897	-0.28525424792327897	0.0050185491650438	3406.0	19.178776613720853	0.12	0.43043380541765275	0.5309478020256869	25	-0.27343470853534124
COMMD7	COMMD7	4.14857428918396e-05	6235.0	0.285220327978548	0.285220327978548	1.71390901928242e-06	3181.0	17.91145657316661	0.08	0.4602785155905999	0.6915409832252645	25	-0.2531421735782042
SNX8	SNX8	0.141709115063589	6234.0	0.28519669642451695	-0.28519669642451695	0.00193861447921475	4056.0	22.839923397544215	0.04	0.45842314266623285	0.6239156951529448	25	-0.2776439951542679
MARCKS	MARCKS	0.115812841999358	6233.0	0.285179934876328	0.285179934876328	0.000590919943349017	5681.0	31.992790357102624	0.12	1.0078567743715354	1.9351360986314312	25	-0.3734501361461344
PTCH2	PTCH2	0.249741930902293	6232.0	0.284874604875464	-0.284874604875464	0.0001589062682419225	16427.0	92.51999549397318	0.5833333333333334	2.6988068944325394	2.8536403702488915	24	-0.845913281408524
ZCCHC14	ZCCHC14	0.10839453341458	6231.0	0.284708425465362	-0.284708425465362	2.86463623548529e-06	6918.0	38.96023431339416	0.24	0.6760232836621636	0.7768621566166524	25	-0.5037120869692439
PLXNA2	PLXNA2	0.283835343548904	6230.0	0.284626714750993	-0.284626714750993	0.01738137889072661	3437.0	19.35338515264166	0.16666666666666666	0.5105332648904503	0.5271810203743765	24	-0.4285179879560728
MRPL41	MRPL41	0.07665838297432499	6229.0	0.28450921539013396	-0.28450921539013396	0.00225839217454369	4846.0	27.289624873267996	0.08	0.4417865626049072	0.4099720064019355	25	-0.38362947898588695
TRO	TRO	0.305611423949069	6228.0	0.28449591769712607	0.28449591769712607	2.4779163497692753e-06	12706.0	71.56133828996282	0.375	1.3559183310880716	1.753985881729422	24	-0.6108500784137031
MFSD6	MFSD6	0.131888447170539	6227.0	0.284446578660581	-0.284446578660581	7.115020887212142e-05	4911.0	27.65573955165033	0.2	0.6722677049999953	0.9122179598972762	25	-0.4251408582035443
MLPH	MLPH	0.49456379309600107	6226.0	0.284399715132419	0.284399715132419	3.0168824273064004e-06	13940.0	78.51188464571364	0.5	1.3765364501146873	1.2563292082551878	24	-0.8693077640844211
ABCA5	ABCA5	0.149388481382388	6225.0	0.284337975267232	0.284337975267232	6.39177093569224e-07	8985.0	50.602681085952455	0.16	0.6410914604692164	0.4997661268175792	25	-0.7138408668745247
RAB11FIP2	RAB11FIP2	0.0958912584775139	6224.0	0.28433271515124203	-0.28433271515124203	0.007686308133795629	3800.0	21.39799481806917	0.04	0.3624411721169386	0.25904096246423886	25	-0.3015293651731996
ERP29	ERP29	0.0248839195101564	6223.0	0.284262060004876	0.284262060004876	0.0027370653890014802	4075.0	22.94694153430213	0.12	0.6052271731324792	0.9710667625369026	25	-0.3305283689136727
CHADL	CHADL	0.10976616459558601	6222.0	0.284030930664902	-0.284030930664902	1.8276978349894199e-06	10531.0	59.31057789793849	0.12	0.6888226152292547	0.7688048591648458	25	-0.5265207155481285
DDIT4	DDIT4	0.5065726220884079	6221.0	0.284011569600149	0.284011569600149	0.000176537677012434	9338.0	52.590965416244224	0.2	0.8050175550757319	0.985210473179109	25	-0.5288270878753287
PAIP1	PAIP1	0.00895332181176774	6220.0	0.283798083598432	0.283798083598432	1.05493794648079e-06	7202.0	40.55987383124929	0.04	0.42797095130644286	0.28871710497571657	25	-0.49935686255976053
FNIP1	FNIP1	0.0728111513110944	6219.0	0.283681854138612	0.283681854138612	2.80902838627351e-06	8102.0	45.629153993466254	0.16	0.5610342471460684	0.48083855007703924	25	-0.5768098106173464
FLOT2	FLOT2	0.0389880241971191	6218.0	0.283609637657549	-0.283609637657549	9.43291811335037e-05	5279.0	29.728511884645712	0.08	0.5036667331813675	0.6323278265256328	25	-0.3480110890152293
PCGF5	PCGF5	0.0277965980132022	6217.0	0.283602513887848	-0.283602513887848	5.504070504768411e-05	5967.0	33.6036949419849	0.12	0.4699763573997712	0.40309696215758345	25	-0.4623548699408549
ERVMER34.1	ERVMER34.1	0.5607710466419029	6216.0	0.28357878474172904	-0.28357878474172904	0.0439013408994521	7064.0	39.78258420637602	0.20833333333333334	0.782730381723734	0.8421939328802761	24	-0.5926801149883882
FAM222B	FAM222B	0.0430270749273126	6215.0	0.283575253777341	0.283575253777341	5.96000610916787e-05	5634.0	31.728061281964628	0.12	0.6169802404994318	0.9521343484178215	25	-0.35016590597337
SAMD9	SAMD9	0.258735911839405	6214.0	0.28355353955518603	0.28355353955518603	2.4665191916037498e-11	14305.0	80.56775937816829	0.52	1.5024040130781162	1.25540373922753	25	-0.9708832588573525
NOP2	NOP2	0.0998438335598425	6213.0	0.283538876873987	0.283538876873987	0.000140895830272535	1830.0	10.301903796327586	0.08	0.3656030596576985	0.3910119487873137	25	-0.20987640668840368
LINC01504	LINC01504	0.26384230517176105	6212.0	0.283521088248742	0.283521088248742	0.002166307843374785	9625.0	54.20750253464008	0.25	0.7000039578431122	0.5938673935373466	24	-0.7013061739483745
HEPACAM	HEPACAM	0.721918193823148	6211.0	0.283499110329198	-0.283499110329198	6.2786704728935505e-06	16944.0	95.43201532049115	0.7272727272727273	2.833752790878848	2.5128263816423777	22	-1.0148945025333622
SYNRG	SYNRG	0.0121135600480182	6210.0	0.28347180656351195	0.28347180656351195	0.00148494806686651	3560.0	20.04618677481131	0.08	0.35425618988495766	0.3350826071238144	25	-0.21124457616294776
C6orf226	C6orf226	0.17530062077920702	6209.0	0.28331727145452695	-0.28331727145452695	0.33171794317070247	60.0	0.33231947730088995	0.08333333333333333	0.34465646118453	0.474171089521505	24	-0.1293608806726315
ZNF792	ZNF792	0.10378331478986601	6208.0	0.28331694040414596	-0.28331694040414596	0.000223343078083452	7319.0	41.2188802523375	0.2	0.7147109779833827	0.9156791229104112	25	-0.4711192237386455
CSNK1G3	CSNK1G3	0.0574278238546786	6207.0	0.283185321001568	0.283185321001568	0.000165632099204905	6519.0	36.712853441477975	0.08	0.5576503534079787	0.747236189393144	25	-0.36730693226905026
PRCP	PRCP	0.0109950953170395	6206.0	0.283149628388881	-0.283149628388881	0.000533314484175408	1307.0	7.356088768728174	0.12	0.503197608825639	0.7700153087077439	25	-0.2857709164328787
SFMBT1	SFMBT1	0.00613826178803365	6205.0	0.283129021412848	0.283129021412848	0.00441974842015087	2068.0	11.642446772558296	0.04	0.33710362850825976	0.3088310527067324	25	-0.17477066060020305
SLC4A8	SLC4A8	0.172530959477916	6204.0	0.283013592431134	0.283013592431134	0.009349389434559836	2695.0	15.174045285569449	0.16666666666666666	0.6431374880272971	0.9346939337224096	24	-0.38528536733085783
LTA4H	LTA4H	0.11077210406485799	6203.0	0.28296469981217304	-0.28296469981217304	1.3563754011795499e-06	9603.0	54.08358679734144	0.08	0.5400608510138841	0.4689219319159017	25	-0.5482706900726062
ITPA	ITPA	0.0041735516048593	6202.0	0.28295329922593604	0.28295329922593604	2.06517920993137e-05	3786.0	21.319139348879126	0.08	0.43994428822613935	0.4450075754039036	25	-0.3527827337719208
KDM3B	KDM3B	0.000461104973609301	6201.0	0.28292073906267	0.28292073906267	0.00738432017325803	1857.0	10.453982201194096	0.12	0.388512882285317	0.4750512924449038	25	-0.222275246698531
ZKSCAN8	ZKSCAN8	0.079547595904049	6200.0	0.282905793117625	0.282905793117625	0.0154871654497077	1646.0	9.265517629829896	0.08	0.3432405692239718	0.3233695019565546	25	-0.18658152899791058
KLHDC1	KLHDC1	0.103004968050749	6199.0	0.28286819583578304	-0.28286819583578304	0.0011819475721800072	5888.0	33.15872479441252	0.20833333333333334	1.0866373619908154	1.635984294759412	24	-0.49130616273625943
BDP1	BDP1	0.0381563106477129	6198.0	0.282818876293288	0.282818876293288	0.000290724718536849	7545.0	42.491832826405314	0.12	0.5334350258507449	0.4640927164229212	25	-0.5400131066247414
GNL3	GNL3	0.09211991809756899	6197.0	0.282818241060475	0.282818241060475	1.4755867411288101e-08	7325.0	41.252675453418945	0.32	0.9343025688466098	1.271352608939698	25	-0.5124340196457926
PLPPR2	PLPPR2	0.13260591244528697	6196.0	0.282804627886779	-0.282804627886779	6.269040869711341e-05	5856.0	32.978483721978144	0.12	0.6755884153599186	0.8423960167805591	25	-0.4662697586988452
CLCN1	CLCN1	0.6921729544956989	6195.0	0.28268903426594394	-0.28268903426594394	0.0976019072558489	3912.0	22.0288385715895	0.25	0.9449203401902694	1.2764693867899928	24	-0.5187992072333788
CLPX	CLPX	0.000530577567283161	6194.0	0.28264068394525604	0.28264068394525604	0.000512970799786237	1864.0	10.493409935789117	0.08	0.38925577837896297	0.5155655525290596	25	-0.2067925095280636
SPAG7	SPAG7	0.0623146644517188	6193.0	0.282545301685943	-0.282545301685943	0.0160165295259613	359.0	2.016446997859637	0.04	0.33957881929849054	0.5268137804701059	25	-0.10826124852249176
SLFN5	SLFN5	0.10435996905330198	6192.0	0.282534061609691	0.282534061609691	1.38410782955379e-09	11740.0	66.12031091584994	0.36	0.9137268065118359	1.0399525646147836	25	-0.6069437841484141
DNMT1	DNMT1	0.0958206931708808	6191.0	0.282493463569843	0.282493463569843	0.00176429848359735	582.0	3.2725019713867294	0.04	0.3821273817846101	0.6779449643129956	25	-0.14696461137628247
TRMT11	TRMT11	0.0116122959230307	6190.0	0.28244873706008	0.28244873706008	1.0680183184363902e-09	10143.0	57.12515489467162	0.12	0.6346290571076814	0.38942816027129074	25	-0.9043524736430435
ALMS1.IT1	ALMS1.IT1	0.518649774805129	6189.0	0.28241423755848305	-0.28241423755848305	0.0756574138398007	6996.0	39.39957192745297	0.041666666666666664	0.4332512658644218	0.33597316357028983	24	-0.44895558533020075
EIF3M	EIF3M	0.00248682878218591	6188.0	0.28239325857027897	0.28239325857027897	1.37740178775305e-07	8798.0	49.549397318914046	0.12	0.6161206882672847	0.6074702093849652	25	-0.5493725034432371
GHRL	GHRL	0.32900819615020693	6187.0	0.282347108268394	-0.282347108268394	0.00014513689051601916	16079.0	90.55987383124929	0.6666666666666666	2.3328608349829447	2.2400567392149155	24	-0.9153847270106226
ZNF584	ZNF584	0.00688417541348025	6186.0	0.28233199522343	-0.28233199522343	0.00627549553544811	1359.0	7.6489805114340434	0.08	0.4236820478272317	0.7125499118982818	25	-0.198372142419098
ZBTB38	ZBTB38	0.0558886292841038	6185.0	0.28225823822909	-0.28225823822909	5.33122325819499e-07	8097.0	45.600991325898384	0.16	0.6282069041676153	0.6755102584336805	25	-0.5121294038386383
SEMA7A	SEMA7A	0.310741493067642	6184.0	0.282182139662822	-0.282182139662822	0.00010688900781691344	10409.0	58.62340880928241	0.375	1.0117067730596465	1.0092353516340422	24	-0.722848869904982
AK8	AK8	0.518864870967336	6183.0	0.282030285722802	-0.282030285722802	0.00912759717396682	6406.0	36.07637715444407	0.12	0.5463376748865342	0.7717705342671051	25	-0.34246887828482064
TUBA3FP	TUBA3FP	0.148650296623066	6182.0	0.281829380165172	-0.281829380165172	5.300446916434679e-05	8117.0	45.713641996169876	0.12	0.5888191322786054	0.5801690632622402	25	-0.5291384383497747
DMKN	DMKN	0.34118737289597995	6181.0	0.281809558020356	0.281809558020356	0.00254480966441492	12309.0	69.32522248507378	0.375	0.9665674661921145	0.9921390752291863	24	-0.6901833878618054
WDR93	WDR93	0.5048219626065039	6180.0	0.28179869091781395	0.28179869091781395	0.0004182571474369045	9549.0	53.779429987608424	0.16666666666666666	0.7748568421187484	0.7688093681979579	24	-0.6413269291406173
HEPH	HEPH	0.3542544007635321	6179.0	0.281797828157212	-0.281797828157212	0.00142265319465344	10926.0	61.53542863580038	0.3333333333333333	1.1856362347029707	1.5839940066958305	24	-0.5706072136163834
ACOT13	ACOT13	0.091442893638282	6178.0	0.28168617010255603	0.28168617010255603	1.31493972212924e-07	9451.0	53.22744170327813	0.16	0.5727459460839035	0.3657711943577947	25	-0.7957427497602092
SMG7	SMG7	0.000134062656739093	6177.0	0.28157568290904605	0.28157568290904605	0.007071726019991459	2908.0	16.3737749239608	0.08	0.4146477523936145	0.4797958159883263	25	-0.2773514587876401
LAMB4	LAMB4	0.6690300325145351	6176.0	0.281354406178505	-0.281354406178505	0.000529231048520183	12376.0	69.70260223048327	0.43478260869565216	1.306442717819008	1.430118455597553	23	-0.716785597464502
GRM6	GRM6	0.5339454312841571	6175.0	0.281350078270601	0.281350078270601	2.12730142952903e-05	16085.0	90.59366903233074	0.5833333333333334	1.4195102019312673	1.0289429350073258	24	-1.1061450396688548
TPRN	TPRN	0.0972512578569501	6174.0	0.281332485877175	-0.281332485877175	0.00176172451090582	5104.0	28.742818519770193	0.04	0.48739632385104437	0.5548208048732439	25	-0.3714061119624873
IFT46	IFT46	0.00884832926359565	6173.0	0.28130502759049103	0.28130502759049103	4.70805800291937e-12	10392.0	58.52765573955165	0.2	0.7451467903402914	0.6776387929825096	25	-0.6844970617875658
CYB5RL	CYB5RL	0.227702305354774	6172.0	0.281077090114178	0.281077090114178	0.00583144446340791	2318.0	13.050580150951896	0.08	0.40842127828467545	0.5641050963018022	25	-0.2257455020444754
EMX1	EMX1	0.699055333591692	6171.0	0.281032282921481	0.281032282921481	0.0005773614585606851	12778.0	71.96688070294017	0.4166666666666667	1.3733341783627642	1.5158858455741777	24	-0.7205700209091588
ATG14	ATG14	0.00254269910487673	6170.0	0.280879949660735	0.280879949660735	8.72229090995385e-05	3375.0	19.004168074800045	0.08	0.4069944499338274	0.47127501138254896	25	-0.2676027738095395
GALT	GALT	0.0194280331864487	6169.0	0.280833989733106	-0.280833989733106	0.00386778003592255	577.0	3.2443393038188577	0.12	0.39596435776865735	0.5339766476380164	25	-0.21560936895801924
ABCC10	ABCC10	0.0386664127472407	6168.0	0.280807099991765	0.280807099991765	0.03692212784126	684.0	3.847020389771319	0.08	0.35993877067561064	0.5964690508279995	25	-0.13266685098580983
SNCAIP	SNCAIP	0.0662806305414546	6167.0	0.28079893972373904	-0.28079893972373904	0.028139323619627052	6742.0	37.96890841500507	0.125	0.7276031585220858	1.2145413943329233	24	-0.3678789548739508
LGI1	LGI1	0.749065944713903	6166.0	0.28068959210196504	-0.28068959210196504	0.001111405054802825	14985.0	84.39788216739889	0.5	1.9770718613231393	2.1383643487841093	24	-0.7933083387710568
PGM3	PGM3	0.00403436123409051	6165.0	0.280613803630964	0.280613803630964	3.5226604168501795e-09	9216.0	51.90379632758815	0.08	0.6259563520338712	0.4243306378706382	25	-0.8138524951577705
CRNKL1	CRNKL1	0.00299304348631496	6164.0	0.28055700075359696	0.28055700075359696	0.000182315882219372	7831.0	44.10273741128759	0.08	0.5000049786598811	0.5027374910824468	25	-0.4365060927399497
MLYCD	MLYCD	0.0946396706956433	6163.0	0.280453902869524	-0.280453902869524	5.8727191001058275e-09	13279.0	74.78877999324095	0.375	0.9831293492161438	0.6935192638439268	24	-1.013202491956667
RPS6KA1	RPS6KA1	0.181904698252895	6162.0	0.280306087790776	-0.280306087790776	0.00341353026848071	3564.0	20.068716908865607	0.08	0.4338707918180035	0.5541766235561765	25	-0.2771042615291057
CTNNA1	CTNNA1	0.0130207725280337	6161.0	0.280300884884813	0.280300884884813	8.381599894182471e-07	7286.0	41.033006646389545	0.04	0.4822285898317763	0.448503932969841	25	-0.4502250484401921
STX3	STX3	0.007695900182002179	6160.0	0.280300516060911	-0.280300516060911	6.1983887995614e-05	5088.0	28.652697983553	0.12	0.5662683475754775	0.7155640210508242	25	-0.39963975703336146
OAZ2	OAZ2	0.000364363058733475	6159.0	0.28029311157082504	-0.28029311157082504	3.5788688475766202e-09	6803.0	38.312492959333106	0.04	0.41528418467503686	0.3268910772038254	25	-0.4129542912547633
SAMD11	SAMD11	0.138250997083687	6158.0	0.28028788809623	0.28028788809623	9.96226943697725e-06	3732.0	21.014982539146107	0.08	0.5613828205784077	0.8637998826714165	25	-0.3254167291767326
DNAAF3	DNAAF3	0.43500233733947397	6157.0	0.28017667537487795	-0.28017667537487795	0.038167994475459	5766.0	32.471555705756444	0.25	0.7914717994714177	1.0630821493906017	24	-0.4809554222969816
PHAX	PHAX	0.0114438815786587	6156.0	0.28008215397207303	0.28008215397207303	0.011741824160620265	16469.0	92.75656190154331	0.625	2.5806326972318496	2.418288088774105	24	-0.9513136809212782
A1BG	A1BG	0.21312702106180803	6155.0	0.28004652559752596	-0.28004652559752596	2.9283748271227746e-07	16184.0	91.1512898501746	0.75	1.874421746935477	1.6103331139493098	24	-0.9900903158029072
NCF4	NCF4	0.278823111866308	6154.0	0.279927042960616	-0.279927042960616	0.021777508728795882	11256.0	63.39416469527993	0.2916666666666667	1.2837754200938718	1.779825177165039	24	-0.5640151572258444
ZNF674	ZNF674	0.131173287094342	6153.0	0.27992621847890503	0.27992621847890503	0.0006189619089338941	5383.0	30.31429537005745	0.04	0.3682729128809251	0.265369751387981	25	-0.33291923416265234
AKAP14	AKAP14	0.5688342860011191	6152.0	0.27984819045937503	-0.27984819045937503	0.0002992880948551405	15597.0	87.84499267770643	0.5833333333333334	1.502537627146906	0.9389894505424189	24	-1.3021333050986135
ZFR	ZFR	0.0156722266849841	6151.0	0.27981996938778403	0.27981996938778403	0.000724234015786464	2773.0	15.613382899628252	0.04	0.32518685515458	0.2641380076793039	25	-0.17175447852198905
CYB5R2	CYB5R2	0.274180421934115	6150.0	0.27979039844023607	-0.27979039844023607	0.00020040528521742825	9085.0	51.1659344373099	0.16666666666666666	0.7186801504496959	0.8045570043264723	24	-0.5455048550312137
SHISA4	SHISA4	0.35022003463915996	6149.0	0.279669631296899	0.279669631296899	3.7610893978112306e-09	13319.0	75.01408133378393	0.4166666666666667	1.425162009977278	1.9608234356102099	24	-0.5841894572847661
GTPBP6	GTPBP6	0.00335860899423152	6148.0	0.279648843909168	-0.279648843909168	9.62142789359193e-09	10552.0	59.42886110172355	0.28	0.8224383527329716	0.7458918193294065	25	-0.7277054054726034
TEP1	TEP1	0.10550572311096801	6147.0	0.279629103590918	0.279629103590918	2.181075342756292e-05	11552.0	65.06139461529796	0.3333333333333333	1.0172706302139345	1.2896579524277865	24	-0.5719667957185107
AK6	AK6	0.0214128178150083	6146.0	0.279609223361688	0.279609223361688	0.000249157252166938	5988.0	33.72197814576997	0.12	0.5917036750364556	0.6743679151643424	25	-0.46279552252824885
FAM118B	FAM118B	0.00578610137028515	6145.0	0.279574121334512	0.279574121334512	8.359619042663029e-05	2591.0	14.58826180015771	0.08	0.4476491675010925	0.5222276251096672	25	-0.3218425033169874
ACADS	ACADS	0.05497531322168	6144.0	0.279521170548691	-0.279521170548691	3.681987909372779e-05	9436.0	53.142953700574516	0.2	0.7215725613006764	0.7326817535536347	25	-0.6033334235607188
GFM1	GFM1	0.0023835962731437897	6143.0	0.279418722642852	0.279418722642852	2.38843035382373e-05	4490.0	25.284442942435508	0.12	0.44812492292948247	0.4116968220853389	25	-0.40978261486716083
SEZ6	SEZ6	0.45504629019842996	6142.0	0.279400801339063	0.279400801339063	1.7876903377134697e-05	16893.0	95.14475611129886	0.6956521739130435	2.6800228310361027	2.246160550322103	23	-1.0687668917312196
SERPINI2	SERPINI2	0.582138183657912	6141.0	0.279384571873337	0.279384571873337	8.486586739260535e-05	15762.0	88.7743607074462	0.625	2.328904445315219	2.094578972002405	24	-0.978487753785933
POP5	POP5	0.0392605014303782	6140.0	0.27926481101085804	0.27926481101085804	4.59354589576687e-06	3647.0	20.536217190492284	0.12	0.4508940199453903	0.5238508611126579	25	-0.3276299070502476
ZNF823	ZNF823	0.0634531328452811	6139.0	0.279220540511959	0.279220540511959	8.04241479506942e-06	9039.0	50.90683789568548	0.16	0.6385766105056363	0.6147986202875357	25	-0.5845102089292421
THAP6	THAP6	0.0170719451198415	6138.0	0.279157136392169	0.279157136392169	4.647035793699771e-06	8413.0	47.3808719161879	0.16	0.5084663654201087	0.3855992027163538	25	-0.5946828401422273
SOX8	SOX8	0.583163791875122	6137.0	0.27910268125128496	0.27910268125128496	1.2564906864587596e-08	16199.0	91.23577785287821	0.7083333333333334	1.9693954828684088	1.8335048840544934	24	-0.9218916275146868
FOXJ3	FOXJ3	0.0043000630931950105	6136.0	0.27905154881252003	0.27905154881252003	0.00267156768803116	3099.0	17.44958882505351	0.08	0.3726080790392523	0.41696226660076313	25	-0.22437649092192707
AIF1	AIF1	0.305699604471185	6135.0	0.278870614072431	-0.278870614072431	0.023433875825308703	7886.0	44.412526754534184	0.2916666666666667	1.4779380222580005	2.6757431842943804	24	-0.4481249976543527
TSNAX	TSNAX	0.0066703017695976105	6134.0	0.27882665481008506	0.27882665481008506	1.2030774186486299e-06	10093.0	56.8435282189929	0.08	0.5922554986370003	0.5869198493637741	25	-0.534023247240104
NOP10	NOP10	0.0014118957975658099	6133.0	0.278773232060038	-0.278773232060038	8.43009826645688e-07	8044.0	45.30246704967894	0.16	0.5587274765907367	0.5254054517725846	25	-0.5328346776498116
MTMR10	MTMR10	0.000130022564717272	6132.0	0.278765641600225	-0.278765641600225	0.00549824868477831	1217.0	6.849160752506478	0.08	0.41861072004602534	0.4820405781811128	25	-0.29011059395347755
WDR26	WDR26	0.00487544240627939	6131.0	0.278675985974956	0.278675985974956	0.0007103303798123349	5180.0	29.170891066801847	0.08	0.4489515755576289	0.45359578880238355	25	-0.3753905873602725
PPP1R3D	PPP1R3D	0.12849759872414498	6130.0	0.27866092191356107	0.27866092191356107	0.0018895647769815898	1335.0	7.513799707108257	0.16	0.45991880007109875	0.559311418243983	25	-0.32407326624336735
CACHD1	CACHD1	0.28131724839909805	6129.0	0.27857955307706395	0.27857955307706395	0.00100740585952519	5005.0	28.185197701926327	0.16	0.6778010243528595	0.9597359262627428	25	-0.41597012297995645
SPIN1	SPIN1	0.0209296079403702	6128.0	0.278509877880643	-0.278509877880643	0.00016389504614474498	5401.0	30.415680973301793	0.08	0.4330552537204007	0.44979190356853865	25	-0.34359305850912963
MAPK10	MAPK10	0.250830884886807	6127.0	0.27849613778463694	-0.27849613778463694	0.008332139953459945	11994.0	67.55097442829785	0.3333333333333333	1.1012956242121272	1.2322334777184167	24	-0.667730183691302
CERS2	CERS2	0.0243812544270856	6126.0	0.278419417763847	-0.278419417763847	0.00702419128105299	297.0	1.6672299200180238	0.08	0.2694091525112081	0.30862320655404946	25	0.029195034790946272
UBE2G2	UBE2G2	0.00690880387355411	6125.0	0.278417629846562	0.278417629846562	7.82801159264075e-05	3903.0	21.97814576996733	0.08	0.365691957571018	0.35066543839748465	25	-0.24888203446365662
FOXN3.AS1	FOXN3.AS1	0.179443942827239	6124.0	0.278407596144973	0.278407596144973	0.0996869854820511	2108.0	11.867748113101271	0.08	0.5587574076100813	0.9920382555534432	25	-0.2825997988441538
ZNF385C	ZNF385C	0.21788711752624199	6123.0	0.278361017982911	0.278361017982911	0.0138430100334011	4973.0	28.004956629491947	0.16	0.6889302221161995	1.0853205103365826	25	-0.37829304820376203
AQP8	AQP8	0.633629208800669	6122.0	0.27834976740191497	0.27834976740191497	1.1545681604747001e-05	17101.0	96.31632308212234	0.6086956521739131	2.8037711127562392	2.3406702472664977	23	-1.0789308525212316
AMIGO2	AMIGO2	0.0876865679849176	6121.0	0.2782830467054	0.2782830467054	0.00208970490879454	7757.0	43.685929931283084	0.16666666666666666	0.7426418009867946	1.1094907881842653	24	-0.4185332219308822
LINC00957	LINC00957	0.154191061894905	6120.0	0.27815403840778	-0.27815403840778	1.965600059422531e-08	11241.0	63.30967669257632	0.2916666666666667	0.831685988309313	0.8852896043332865	24	-0.6252552240443386
ADAM20	ADAM20	0.729879922356523	6119.0	0.27812866129123304	-0.27812866129123304	3.8374125329161e-06	17669.0	99.5156021178326	0.7142857142857143	4.627690240841839	3.6299672477799243	21	-1.1982371417292492
PATJ	PATJ	0.15217312436099098	6118.0	0.27809109965309603	0.27809109965309603	5.6382055259168404e-06	10654.0	60.00337952010814	0.2	0.824114355986447	1.0871602875942885	25	-0.5022472422549695
ZNF131	ZNF131	0.00321526402797337	6117.0	0.27800111536109495	0.27800111536109495	2.57380449321496e-05	7272.0	40.9541511771995	0.08	0.4772213206396564	0.37122505946182593	25	-0.5366561340642678
SF3A3	SF3A3	0.0231687898062931	6116.0	0.27799421170926003	0.27799421170926003	0.00719032619520623	1108.0	6.235214599526867	0.08	0.40211684446756285	0.6988715609308829	25	-0.1776043549303594
IMPACT	IMPACT	0.0446447733215691	6115.0	0.277978022310783	0.277978022310783	1.7349383112662401e-07	8466.0	47.67939619240734	0.08	0.567644284740689	0.5284003533523867	25	-0.5481946796442232
CROT	CROT	0.0569741533284457	6114.0	0.27792563698334494	0.27792563698334494	2.04795641658154e-08	9442.0	53.17674890165596	0.12	0.7771708495017269	0.9581281216932952	25	-0.521063103372927
PGM1	PGM1	0.177129980749449	6113.0	0.277838040887229	-0.277838040887229	0.00036939492764159	811.0	4.562352145995269	0.12	0.48561966777679927	0.945845823467378	25	-0.21967811427010714
MRPL11	MRPL11	0.0015321356526808	6112.0	0.277822199877753	0.277822199877753	5.5233673896555297e-05	2359.0	13.281514025008448	0.12	0.5348965139384888	0.8397826596830006	25	-0.306120055107801
LENG9	LENG9	0.0505587747215119	6111.0	0.277804691987282	-0.277804691987282	0.0436613531186866	5008.0	28.20209530246705	0.16	0.4823293910876607	0.48538490127511363	25	-0.4213660098678165
SLC34A1	SLC34A1	0.7631674307154169	6110.0	0.277736870991114	0.277736870991114	0.00014030013750340834	17353.0	97.73572152754308	0.7083333333333334	2.8100117109420153	1.5963582859037233	24	-1.5862822665259892
HDDC3	HDDC3	0.0211855670565541	6109.0	0.277706321510678	0.277706321510678	0.000193293097931957	1259.0	7.085727160076603	0.12	0.497738055010316	0.7493124877423756	25	-0.2936448238872646
GABPB1	GABPB1	0.00012055850977166201	6108.0	0.277610509879393	-0.277610509879393	0.000416035443276187	1817.0	10.22868086065112	0.04	0.35792138184945155	0.4376126753192402	25	-0.18352044284702548
NIT2	NIT2	0.0186844031438981	6107.0	0.27757275981061896	0.27757275981061896	9.15469298186271e-14	10630.0	59.868198715782356	0.2	0.758500055777289	0.7144412130741702	25	-0.6731516703764712
WDR25	WDR25	0.0110863758083563	6106.0	0.277559810887495	0.277559810887495	0.0140741064524096	450.0	2.529007547594908	0.0	0.26399119236822977	0.23568445601925672	25	0.05757112178054113
ST3GAL3	ST3GAL3	0.296768169784868	6105.0	0.277491568760505	-0.277491568760505	1.3576647901214e-09	12012.0	67.65236003154219	0.28	1.0934997519348897	1.4474597062606716	25	-0.5637519163020007
LYPD3	LYPD3	0.40821436157041296	6104.0	0.277298536241118	0.277298536241118	8.140460162883855e-06	16777.0	94.49138222372423	0.625	2.374486921066315	2.2989535065661753	24	-0.9122361017024897
PLD1	PLD1	0.259776729591992	6103.0	0.277290694133939	0.277290694133939	1.3140813438868599e-05	6669.0	37.55773346851414	0.16	0.6978641787288978	1.0659686006809692	25	-0.39454584715373914
TAF7	TAF7	0.0403126901706945	6102.0	0.27729067293725	0.27729067293725	1.799379333414e-06	6229.0	35.0794187225414	0.12	0.49550010709649006	0.5273602519270562	25	-0.4137767936849031
ENOPH1	ENOPH1	1.18891614533245e-05	6101.0	0.277220794437697	0.277220794437697	1.72003987934341e-07	7468.0	42.058127745860084	0.08	0.49333797164942633	0.47304284828540266	25	-0.4568659646691003
NAXD	NAXD	0.0160972819733059	6100.0	0.277170216020594	-0.277170216020594	0.0119196326793951	201.0	1.126506702714881	0.08	0.29896479985595215	0.4176696971654165	25	-0.052181386352111836
LSM6	LSM6	0.155082256558493	6099.0	0.27709580426956604	-0.27709580426956604	2.8123416927354396e-07	7684.0	43.27475498479215	0.08	0.536556478144512	0.5764835630523185	25	-0.45007471245350794
SEC63	SEC63	0.0213114351303444	6098.0	0.27702616569051297	0.27702616569051297	1.69736588367046e-07	8075.0	45.477075588599746	0.12	0.5761032080480686	0.5677705974551026	25	-0.5267568340067234
TMEM67	TMEM67	0.205220370350584	6097.0	0.276991444329471	0.276991444329471	2.30878253182884e-06	12585.0	70.87980173482032	0.32	1.1093435651577186	0.9862815682374914	25	-0.8439295102266594
BAZ1A	BAZ1A	0.15960520810997303	6096.0	0.276990552893239	0.276990552893239	1.65071713190728e-06	9691.0	54.579249746535986	0.12	0.6368933527059528	0.6419253287778884	25	-0.5606614721028452
SNHG8	SNHG8	0.0549170415564335	6095.0	0.276979678566945	-0.276979678566945	5.0446467777672404e-08	10835.0	61.02286808606511	0.16	0.6733743714225373	0.5460027362866838	25	-0.7259939676336377
GLUD1	GLUD1	0.0058828463512102	6094.0	0.27692754685250603	-0.27692754685250603	0.0027001961639208103	2684.0	15.11208741692013	0.12	0.3603212282496226	0.48988507824291716	25	-0.17023111154196965
UMAD1	UMAD1	0.0407213141753507	6093.0	0.27681849664897307	0.27681849664897307	5.3410810383078705e-09	8778.0	49.436746648642554	0.12	0.6067657239313249	0.3949667782896222	25	-0.8353796962650042
IL9R	IL9R	0.5685585838015049	6092.0	0.27681116806462003	-0.27681116806462003	0.0005359444201213815	13993.0	78.81040892193307	0.5	1.4716064136447073	1.5143061173509833	24	-0.7890050973776525
CUX1	CUX1	0.000427371545067289	6091.0	0.276683500485127	-0.276683500485127	2.4842417549561604e-05	4480.0	25.228117607299765	0.12	0.4537731697592009	0.5033330135897516	25	-0.3518340035180232
PRR7.AS1	PRR7.AS1	0.36807372778371106	6090.0	0.27668006285807895	-0.27668006285807895	0.0200281097518339	5315.0	29.931283091134393	0.08	0.5501651240605936	0.8047544990681837	25	-0.3398366352958324
ARHGAP15	ARHGAP15	0.332554238172366	6089.0	0.276556601363786	-0.276556601363786	0.020997325831776048	12096.0	68.12549284668243	0.4166666666666667	1.5181366429532854	2.242583721064943	24	-0.5536382119994637
PSMG4	PSMG4	0.1067860647647	6088.0	0.276402949239169	0.276402949239169	2.6977858142377497e-06	1416.0	7.970034921707784	0.04	0.35119264100932635	0.39560514063619134	25	-0.18905136482777873
NBR1	NBR1	0.0193853280862678	6087.0	0.276360936253066	0.276360936253066	0.00018670375003972098	3044.0	17.139799481806918	0.08	0.44155840361053955	0.4888977607845695	25	-0.33789777865288084
APOBEC3D	APOBEC3D	0.311205064378336	6086.0	0.27630934990769396	0.27630934990769396	0.00283012798033663	3746.0	21.09383800833615	0.16	0.6973412570692039	1.1681088887363014	25	-0.3604389207387987
HNRNPU	HNRNPU	0.00869922554412459	6085.0	0.276278941763486	0.276278941763486	0.0011292508926297302	3842.0	21.634561225639292	0.08	0.4064474481177456	0.47449808327133774	25	-0.2743288349171767
POLA2	POLA2	0.010035736487289	6084.0	0.276082011351552	0.276082011351552	0.0697961000680545	118.0	0.6590064210882055	0.08	0.32334470317438924	0.5598768524067899	25	-0.0844162276394623
ISY1	ISY1	0.00399757558088019	6083.0	0.276075825144726	-0.276075825144726	4.0870719473254705e-09	6352.0	35.772220344711045	0.08	0.5361632427039669	0.7449809462788863	25	-0.3491195564911484
CAP1	CAP1	0.0112308408710169	6082.0	0.27600909448860494	0.27600909448860494	0.0048205738852167	3993.0	22.485073786189027	0.04	0.39908261032346454	0.4555818182459987	25	-0.27014580236914565
BZW1	BZW1	0.0394957796686609	6081.0	0.275980924186811	0.275980924186811	6.16822908371272e-06	6304.0	35.501858736059475	0.12	0.5458891323272294	0.5276724785927825	25	-0.511507078899055
RAB1B	RAB1B	0.00769442373122625	6080.0	0.275924254369595	-0.275924254369595	0.0858241406716978	325.0	1.8249408583981073	0.12	0.35834112614853825	0.4322032836315431	25	-0.19069006391262014
BRD3	BRD3	0.0393117819079941	6079.0	0.27591978601018896	-0.27591978601018896	1.76381335401147e-07	5490.0	30.916976456009913	0.12	0.5560011581968873	0.5562521294365865	25	-0.5035151460370778
ZNF638	ZNF638	0.00243506964785374	6078.0	0.275901258145144	0.275901258145144	1.04107129965591e-05	9070.0	51.081446434606285	0.12	0.5911205217565074	0.49916346765542113	25	-0.6314950593078323
TMPO	TMPO	0.0346395123920915	6077.0	0.275899961737181	0.275899961737181	0.12005163293693799	1353.0	7.615185310352596	0.04	0.3084105281582862	0.3163137017688374	25	-0.10277950730336667
WDR41	WDR41	0.0611741546520388	6076.0	0.275892972974384	0.275892972974384	0.00022696311611382597	6592.0	37.124028387968906	0.0	0.3481590134464405	0.23246349292638213	25	-0.31087049223226704
ACD	ACD	0.23238167916674105	6075.0	0.275873188083158	-0.275873188083158	8.877037921527059e-05	2936.0	16.531485862340883	0.08	0.34207802855325103	0.30627128712548707	25	-0.21616404558017616
C1R	C1R	0.26494993927215	6074.0	0.27585904422146695	-0.27585904422146695	0.00024656600296506204	11664.0	65.6922383688183	0.20833333333333334	1.8835195978071935	4.8155864940339725	24	-0.3338452243724531
PSMC2	PSMC2	0.00465637127654349	6073.0	0.27578715302584006	0.27578715302584006	1.9569568156658604e-05	7723.0	43.49442379182156	0.16	0.6317052384807751	0.7369201089264855	25	-0.48298055805997975
TP53BP1	TP53BP1	0.00166259178681286	6072.0	0.27567279111192	0.27567279111192	0.00014360999777493998	2430.0	13.681423904472231	0.08	0.42817801030436714	0.5541141586837248	25	-0.2752234657831465
IL17RD	IL17RD	0.33287009781216903	6071.0	0.275581580433193	0.275581580433193	5.00243179325534e-05	7909.0	44.5420750253464	0.32	1.055119458465921	1.6420401693953455	25	-0.4747373983669231
MAPKAP1	MAPKAP1	0.005579237552236571	6070.0	0.27548560678388107	-0.27548560678388107	0.0064672328948022295	1404.0	7.902444519544892	0.08	0.365549886727686	0.44718937327818536	25	-0.201400760674557
GPATCH4	GPATCH4	0.10441386836050401	6069.0	0.275457716177045	0.275457716177045	5.04495439284536e-05	1320.0	7.4293117044046415	0.08	0.45085138347812737	0.5673190464751363	25	-0.30916231068009675
SRCAP	SRCAP	0.012690198879521003	6068.0	0.27540520792060497	0.27540520792060497	3.8249948350205803e-08	9982.0	56.21831699898614	0.2	0.7367870658614833	0.5705738345891773	25	-0.8086277883266081
IGF2R	IGF2R	0.17985870738004103	6067.0	0.275296802541857	-0.275296802541857	0.0140970657526425	2267.0	12.763320941759602	0.08	0.37311978394954776	0.39476522181995083	25	-0.24780040388741995
ARMC2	ARMC2	0.18772334097567103	6066.0	0.27524833338123905	-0.27524833338123905	0.07731318510788701	2923.0	16.458262926664414	0.12	0.5416570464822641	0.8964996027359396	25	-0.2971654558328841
MED15P9	MED15P9	0.6556415450470899	6065.0	0.27520866905257396	-0.27520866905257396	0.0929925903963533	5283.0	29.751042018700012	0.2	0.6592656840984543	0.6905780656238906	25	-0.5561384500373767
WDR82	WDR82	0.00142049066411252	6064.0	0.27509914694638105	-0.27509914694638105	0.000752028135982619	5532.0	31.15354286358004	0.12	0.45985534768151426	0.41388548376557854	25	-0.4463944931196902
MAN2B2	MAN2B2	0.28896461691999	6063.0	0.275097624851388	-0.275097624851388	5.69544283195103e-05	6952.0	39.15174045285569	0.16	0.7049240478208445	1.2401331777084084	25	-0.3465969870782066
MRPL37	MRPL37	0.0776099618090618	6062.0	0.274865484387446	0.274865484387446	4.4293794144721e-08	2606.0	14.672749802861325	0.08	0.3662654159764046	0.41605861657066473	25	-0.21968041989447643
ATF6B	ATF6B	9.2391326380113e-05	6061.0	0.27477608670169296	0.27477608670169296	0.00311601156592539	3317.0	18.67748113101273	0.12	0.4713479480128344	0.5887811775021436	25	-0.3338623393925085
SH2B1	SH2B1	0.0522896416724583	6060.0	0.274719402032745	0.274719402032745	1.29369775953744e-09	7914.0	44.57023769291427	0.28	0.7128247665323606	0.5490797699137094	25	-0.7978901946587215
ANKRD10	ANKRD10	0.0111135953555638	6059.0	0.274713093636393	0.274713093636393	0.000346034970543302	4993.0	28.117607299763435	0.12	0.5140751644077869	0.6516727029333447	25	-0.3673041232108761
SENP1	SENP1	0.00434863453729609	6058.0	0.274640400159341	0.274640400159341	0.0059678415296310705	4328.0	24.371972513236454	0.0	0.3776345270846344	0.24224980622985445	25	-0.42515669476973394
C4orf45	C4orf45	0.6819262089987989	6057.0	0.274623857490388	0.274623857490388	0.012361751575855114	13754.0	77.4642334121888	0.4166666666666667	1.2876415967725112	1.2943333181340522	24	-0.782656001425134
ANKZF1	ANKZF1	0.0281842254848454	6056.0	0.274590576059958	0.274590576059958	7.833099736044979e-05	2207.0	12.425368930945139	0.08	0.3729734433376941	0.45270914956317265	25	-0.21732025379356154
NSMF	NSMF	0.043143764165477994	6055.0	0.27453886242886	-0.27453886242886	8.29731458377938e-10	12247.0	68.97600540723217	0.32	1.0863390708233418	1.0730795021335915	25	-0.7565145050114077
PDZD8	PDZD8	0.0545135174286588	6054.0	0.27448250917180805	0.27448250917180805	4.55852608635372e-06	6051.0	34.07682775712515	0.12	0.5669339319638252	0.7585026384298608	25	-0.38556414701128344
ADAR	ADAR	0.0030367480181717698	6053.0	0.274466526290777	0.274466526290777	2.57088833238345e-05	2997.0	16.87507040666892	0.08	0.4419392423977036	0.5655806227986688	25	-0.2961075916607954
GLRX5	GLRX5	0.016128195628463998	6052.0	0.274423477916385	0.274423477916385	0.0717240028490162	800.0	4.500394277345951	0.08	0.3465564949186261	0.40448418018032267	25	-0.17833334537356585
CCDC58	CCDC58	0.15280638732776	6051.0	0.274420015610031	0.274420015610031	0.00051652497191793	7003.0	39.43899966204798	0.04	0.5074346583698024	0.449041154160416	25	-0.5189160071429199
ZNF581	ZNF581	0.0691028765322141	6050.0	0.274413922115622	0.274413922115622	0.0198575439701571	511.0	2.8725920919229466	0.12	0.4411331068681069	0.6157917275941299	25	-0.2707395654758942
PCK2	PCK2	0.0365401761535724	6049.0	0.274398024432397	-0.274398024432397	0.00257750080652191	1847.0	10.397656866058352	0.04	0.5365728036154624	1.1518112622534016	25	-0.22761956561368146
PDCD4.AS1	PDCD4.AS1	0.0898435409579956	6048.0	0.27437289361336603	-0.27437289361336603	0.000380957849025614	10568.0	59.51898163794074	0.08	0.7437468961722559	0.8422765437723305	25	-0.5572682820498476
C9orf62	C9orf62	0.8156368872584351	6047.0	0.274339891032596	0.274339891032596	0.000125232668573717	17115.0	96.39517855131237	0.6666666666666666	2.834162053119643	2.3201387690666673	21	-1.103305628187403
KAT5	KAT5	0.007494798897198071	6046.0	0.274285838376468	-0.274285838376468	0.000417591813363882	600.0	3.373887574631069	0.04	0.3261106500140334	0.3632252668117837	25	-0.1426795335370212
HDAC2	HDAC2	0.0346395123920915	6045.0	0.274274346685918	0.274274346685918	5.3621122505331395e-06	7724.0	43.50005632533513	0.04	0.4850122667453757	0.3445421296217396	25	-0.6116463037214614
ATAD1	ATAD1	0.0262815510601019	6044.0	0.274142494024775	0.274142494024775	1.0056052175693301e-07	9501.0	53.50906837895685	0.08	0.5897830270660234	0.4952639781192169	25	-0.637317767869783
TMEM25	TMEM25	0.25493288373961	6043.0	0.274120350000996	0.274120350000996	0.0215132400623472	1011.0	5.68885884871015	0.16666666666666666	0.5870562979646288	0.9542743668247151	24	-0.3279307910207276
LSMEM2	LSMEM2	0.0404695988959298	6042.0	0.27407913788818805	-0.27407913788818805	0.000574137196787197	4169.0	23.476399684578123	0.16	0.544533506914689	0.7293432251716431	25	-0.37081905979568464
TMEM86B	TMEM86B	0.208711874052493	6041.0	0.273937185042939	-0.273937185042939	4.5449320845619906e-08	10657.0	60.02027712064886	0.12	0.7837659678676117	0.8852700534056371	25	-0.5759019870415354
ROS1	ROS1	0.271519203260802	6040.0	0.27387688778172603	0.27387688778172603	0.10672786576602786	13521.0	76.15185310352597	0.375	1.0991699985993109	1.0710651126851765	24	-0.7705349572525637
ZSWIM6	ZSWIM6	0.14574860819540802	6039.0	0.273873652651841	-0.273873652651841	0.000562931042325426	6595.0	37.14092598850963	0.12	0.534368967154031	0.611776831975256	25	-0.42580120868769034
TMEM223	TMEM223	0.0312941869136504	6038.0	0.273793392729434	0.273793392729434	3.3669215349836005e-11	9492.0	53.45837557733468	0.08	0.5738922053880597	0.5112687714748202	25	-0.5869687909804315
TRIM62	TRIM62	0.0161937033007786	6037.0	0.273656346251564	0.273656346251564	0.0007156680733623469	3547.0	19.97296383913484	0.08	0.4091210193426826	0.43452563963902113	25	-0.3117530031223355
FAM76B	FAM76B	0.0874819137744529	6036.0	0.273612897350177	0.273612897350177	0.000824827203739025	5998.0	33.778303480905706	0.08	0.4519805336937236	0.40425520145111726	25	-0.4412253341534676
ARPP19	ARPP19	0.0569294391414519	6035.0	0.273583860128681	-0.273583860128681	0.0512828214347395	1950.0	10.977807817956515	0.08	0.29908815064086647	0.2715776477665279	25	-0.09391159663519578
TESK2	TESK2	0.0292686164292753	6034.0	0.273504986387868	-0.273504986387868	0.00456033470527541	2697.0	15.185310352596597	0.12	0.4812113041486939	0.671122734688108	25	-0.30949080849921373
PSMD13	PSMD13	0.0006261937024366269	6033.0	0.27348567415098	0.27348567415098	6.57442950573198e-05	6661.0	37.51267320040554	0.12	0.5106120177636612	0.6060320979517223	25	-0.39127687199098005
IRF3	IRF3	0.112150082116712	6032.0	0.273479074241625	0.273479074241625	0.000170535161595365	4103.0	23.10465247268221	0.12	0.43355588718280397	0.42914046963800595	25	-0.3730172851705387
SUPT20H	SUPT20H	0.0215684521567035	6031.0	0.273452565699777	0.273452565699777	9.15686342189547e-05	4319.0	24.321279711614284	0.04	0.4058026324458641	0.4129404947051989	25	-0.3205063887971868
ECD	ECD	0.000638911141161804	6030.0	0.27343885702366894	0.27343885702366894	0.000750623046008953	1801.0	10.138560324433929	0.08	0.4344285579658924	0.49525168504617134	25	-0.32506643753713776
ASAP2	ASAP2	0.213793267440983	6029.0	0.27340636565141396	-0.27340636565141396	0.000559329440455549	7919.0	44.59840036048214	0.16	1.6064830964544916	3.8540389954100562	25	-0.3458908258039675
XRCC3	XRCC3	0.00566134387766979	6028.0	0.273324707088089	-0.273324707088089	1.08917081090396e-08	10128.0	57.040666891968	0.32	0.7103133768152885	0.5114566870700974	25	-0.8544001491710056
ZNF467	ZNF467	0.200514522233072	6027.0	0.273248906668444	-0.273248906668444	0.00022089905355322282	10929.0	61.5523262363411	0.375	1.1336229499237678	1.5628878555469061	24	-0.5505027377375393
ESRRA	ESRRA	0.0455280860256307	6026.0	0.273247322770448	0.273247322770448	0.019813821103374003	195.0	1.0927115016334346	0.04	0.3524188383292472	0.4183750064569125	25	-0.18923576776078974
ALOX15B	ALOX15B	0.6270571961354671	6025.0	0.27324731833340304	0.27324731833340304	0.01520928456712945	12694.0	71.49374788779993	0.3333333333333333	1.7097835065687896	2.5435535260155153	24	-0.5647752931253329
GPR18	GPR18	0.629739465257407	6024.0	0.273233856126867	-0.273233856126867	0.000314947500703497	11454.0	64.50940633096766	0.375	1.2915607699199747	1.719172240171574	24	-0.592335596165442
DSN1	DSN1	0.0390504005218918	6023.0	0.272995578583141	0.272995578583141	1.13645630969869e-05	7427.0	41.82719387180353	0.04	0.39278645749382535	0.27631033752574086	25	-0.4335374491717116
GALK1	GALK1	0.0588891980045706	6022.0	0.272950666772291	-0.272950666772291	7.605079375362979e-05	7312.0	41.179452517742476	0.08	0.6798407234017982	0.8111389565510735	25	-0.5016280544083168
SETD4	SETD4	0.0387586173129379	6021.0	0.27292844540441097	0.27292844540441097	7.861508632240229e-05	3367.0	18.95910780669145	0.08	0.35360220061017666	0.28014378937741563	25	-0.28797267069547744
SERPINA1	SERPINA1	0.433989036882215	6020.0	0.27286701595191604	0.27286701595191604	2.613031626888585e-06	16575.0	93.3536104539822	0.7916666666666666	2.7923794429677558	2.7113306969698936	24	-0.9292530895739038
PGAP2	PGAP2	0.0680648340011062	6019.0	0.272790340611056	-0.272790340611056	0.0036221966352504	3459.0	19.477300889940295	0.04	0.3185311958471775	0.2780846005252672	25	-0.1644853945515958
NIPBL	NIPBL	0.0009011633407149699	6018.0	0.272767076904548	0.272767076904548	3.03557644532654e-06	6924.0	38.994029514475606	0.08	0.5056154242457576	0.526876943626623	25	-0.44194066595220016
PRPF40A	PRPF40A	0.0066221484329633	6017.0	0.272750056826555	0.272750056826555	0.00050918638250493	8161.0	45.961473470767146	0.12	0.5368796415371708	0.4437768633290246	25	-0.5951855685517907
CCNDBP1	CCNDBP1	0.0016280398208353198	6016.0	0.272642781956348	-0.272642781956348	7.16215135290692e-06	3885.0	21.876760166722992	0.16	0.47523247119147405	0.5472622527170863	25	-0.37018758050513156
TRMT112	TRMT112	0.0622435010888678	6015.0	0.272626630429946	0.272626630429946	0.00181220866921282	1417.0	7.975667455221359	0.04	0.3099796665271896	0.4235590771557191	25	-0.08818849155134734
ITGB5	ITGB5	0.17194724981265	6014.0	0.27255319188089	0.27255319188089	0.0182399734420147	681.0	3.830122789230596	0.08	0.41644917254222813	0.8886093243597225	25	-0.16193390809287395
RPL13	RPL13	0.16448772815509602	6013.0	0.272482671609784	-0.272482671609784	0.00482607670835931	1903.0	10.713078742818519	0.08	0.3625572603698473	0.33371822948808705	25	-0.2699121018897733
DIS3L2	DIS3L2	0.000833689053622905	6012.0	0.272429113161888	-0.272429113161888	4.1838420430811105e-05	2771.0	15.602117832601103	0.04	0.32989144344358556	0.30208999586188157	25	-0.19021593256590294
ZNF800	ZNF800	0.0185387620645791	6011.0	0.272409189037267	-0.272409189037267	0.00102424030529869	7420.0	41.787766137208514	0.04	0.4743679950393033	0.3620213448536336	25	-0.55786436041137
PSMG3.AS1	PSMG3.AS1	0.319338549998722	6010.0	0.272325145308193	-0.272325145308193	0.0022751175579663898	3479.0	19.589951560211784	0.12	0.6862443263456767	1.2233092122939833	25	-0.338360225589482
RGS14	RGS14	0.111893963207733	6009.0	0.272313841579454	0.272313841579454	1.57588193109551e-07	8545.0	48.124366339979716	0.12	0.8558522220641208	1.289258242262967	25	-0.45261559038816973
UQCRB	UQCRB	0.025651549876807997	6008.0	0.272277882817125	0.272277882817125	1.04756253777474e-07	8374.0	47.16120310915849	0.0	0.4544300301621799	0.25569396525153215	25	-0.7123834430971712
SPINK4	SPINK4	0.8649438541980329	6007.0	0.272231205693213	0.272231205693213	1.0589715676352024e-05	17497.0	98.5468063534978	0.7916666666666666	3.587482252107096	3.2324884401797145	24	-1.0256033726850908
ULK4	ULK4	0.18506818185705398	6006.0	0.272069736336226	-0.272069736336226	0.000111326467888599	9245.0	52.0671397994818	0.08	0.47800199604865873	0.3855563686164345	25	-0.534117126508424
IFT22	IFT22	0.0776099618090618	6005.0	0.27206412149409304	0.27206412149409304	0.0008848222438801119	4431.0	24.95212346513462	0.12	0.6356329103556295	1.1922986363224028	25	-0.3049309776810194
VPS72	VPS72	0.0041112998311736	6004.0	0.272044498347789	0.272044498347789	3.27217962240394e-06	3244.0	18.2663061845218	0.04	0.4148753978263958	0.5094733925899196	25	-0.2803500664726036
RAB3IP	RAB3IP	0.21370863142362098	6003.0	0.272032829524694	-0.272032829524694	1.12309208751794e-06	9808.0	55.23825616762419	0.08	0.6010488046957079	0.3333361055315295	25	-0.9870397167038751
DCTN6	DCTN6	0.0292757439910639	6002.0	0.27173767963254297	-0.27173767963254297	3.31165549995804e-06	6702.0	37.74360707446209	0.04	0.4693438419360623	0.32851172714942556	25	-0.6015193552394462
STAT6	STAT6	0.0250967738578492	6001.0	0.271701651128945	-0.271701651128945	0.000388539233431852	6532.0	36.78607637715444	0.16	0.6020955491147117	0.7603213718649411	25	-0.434545062406132
PHPT1	PHPT1	0.0503064088849129	6000.0	0.27167137598716895	0.27167137598716895	0.005700314525378	766.0	4.308888137884421	0.12	0.45531455070002813	0.6594354000982602	25	-0.2784854660297205
PCSK7	PCSK7	0.122385569474206	5999.0	0.271624978534639	-0.271624978534639	4.402970768415191e-06	7732.0	43.54511659344373	0.08333333333333333	0.7295977527675345	1.3094747187516123	24	-0.34973777475406614
RPUSD4	RPUSD4	0.005023319455712521	5998.0	0.27153261975397697	0.27153261975397697	0.0025748984029844	1247.0	7.01813675791371	0.12	0.40862116690615446	0.5470363277213385	25	-0.25060227302127314
ATOX1	ATOX1	0.12036327229607001	5997.0	0.271353577315646	0.271353577315646	0.0070014321184588	9101.0	51.256054973527085	0.12	0.5586801587105784	0.4248354524643786	25	-0.6763243974301415
PAGE2B	PAGE2B	0.8141482991197411	5996.0	0.27135317270081	0.27135317270081	1.122918923186975e-05	15956.0	89.86707220907964	0.5416666666666666	2.211521659444841	2.3954769841395165	24	-0.8099299219278294
NTAN1	NTAN1	0.0312031615025532	5995.0	0.27131572498997203	-0.27131572498997203	0.00312710516705838	1128.0	6.347865269798356	0.04	0.33592702210850894	0.46714333556026777	25	-0.13831150355820754
ZBTB6	ZBTB6	0.15796379219005802	5994.0	0.271273841867417	0.271273841867417	0.000694052559229489	7614.0	42.880477638841946	0.04	0.5227548365036675	0.6202112012151436	25	-0.4054763831152009
IFRD2	IFRD2	0.0115108964610687	5993.0	0.27119180894596	-0.27119180894596	0.00477836667160431	854.0	4.804551087078968	0.08	0.3872602248767768	0.5985581388914426	25	-0.19391335342257793
C4BPA	C4BPA	0.441824617581789	5992.0	0.271156432239054	0.271156432239054	0.00447996610887501	16354.0	92.10882054748225	0.6086956521739131	2.032329651669499	1.8225159520781733	23	-0.966341730738883
IGSF21	IGSF21	0.6362332969915601	5991.0	0.27111508046078897	-0.27111508046078897	0.00288320717632525	12594.0	70.93049453644248	0.4583333333333333	1.4588845829450425	1.6784299758470123	24	-0.7076669980735127
FNDC8	FNDC8	0.288438899073481	5990.0	0.271057396728526	-0.271057396728526	0.0156566458844745	2812.0	15.833051706657653	0.16	0.6703428361780805	1.1683176832167244	25	-0.3417610168753104
WIZ	WIZ	0.0259582249468484	5989.0	0.271043905221011	-0.271043905221011	1.06762779135027e-06	12196.0	68.68874619803988	0.28	0.7702823607630475	0.46301635676169184	25	-1.0782307109702987
NUP62	NUP62	0.0232423547613375	5988.0	0.271038461406303	0.271038461406303	1.40705434595551e-05	1070.0	6.02117832601104	0.12	0.3819814743146147	0.45598197153368003	25	-0.24330570030029613
USP39	USP39	0.000107400460404079	5987.0	0.270984457080994	0.270984457080994	0.0036309627374042797	632.0	3.5541286470654496	0.08	0.2996081664241053	0.31013632410437025	25	-0.09229395952174428
SDC4	SDC4	0.24119501385198	5986.0	0.27097971589492803	-0.27097971589492803	0.00036506225857877204	9540.0	53.728737185986255	0.08	0.8226556164461337	1.2484590609213844	25	-0.44188545529403217
TBCB	TBCB	0.0754374393298848	5985.0	0.27086246941887504	-0.27086246941887504	0.004684656524199571	2690.0	15.145882618001576	0.0	0.2612997984441193	0.19446809469060491	25	0.04917346976618322
PFKFB1	PFKFB1	0.54714281911362	5984.0	0.27084391559071	0.27084391559071	5.076842266423139e-06	14908.0	83.96417708685367	0.5833333333333334	1.3735005802044669	1.225865099732556	24	-0.899492664286079
ATP6V1B2	ATP6V1B2	0.17447863741186903	5983.0	0.27074959798551	-0.27074959798551	0.0369115229115054	745.0	4.190604934099358	0.08	0.37400211718826165	0.5574142835585865	25	-0.1852347925919257
MAPKAPK2	MAPKAPK2	0.0454364484520531	5982.0	0.270660313953888	-0.270660313953888	1.8518679071763001e-06	5884.0	33.13619466035823	0.28	0.654694292257758	0.6936084408409581	25	-0.553675468306372
UBE2D3	UBE2D3	0.00742009738020801	5981.0	0.27064881261649804	-0.27064881261649804	0.00800334175053623	1426.0	8.026360256843528	0.08	0.39373705406205867	0.3960147404429575	25	-0.3108173228801579
POLR3B	POLR3B	0.128117776025056	5980.0	0.270626547303387	0.270626547303387	0.000650293898430168	4665.0	26.270136307311027	0.04	0.37092839086232987	0.3102194504443304	25	-0.3233254504683042
SSC5D	SSC5D	0.37054314034358204	5979.0	0.27052784554569503	-0.27052784554569503	2.946768531357465e-10	14286.0	80.46074124141037	0.5	1.6849244479489387	1.781800402953378	24	-0.7938019320563888
LHFPL3.AS1	LHFPL3.AS1	0.5927661872629489	5978.0	0.27046506613572197	-0.27046506613572197	0.0053681827854423205	16243.0	91.48360932747549	0.5652173913043478	2.148603117255677	1.955036101688813	23	-0.9606666851305553
MAT2B	MAT2B	0.00343738252066801	5977.0	0.270439576483454	0.270439576483454	2.64119075117584e-07	6065.0	34.15568322631519	0.04	0.4515081921340131	0.5160231126235393	25	-0.35089245272363667
GATAD1	GATAD1	0.0695350003230888	5976.0	0.270433512167455	0.270433512167455	2.8785039234134496e-05	3114.0	17.534076827757126	0.04	0.5230309556336994	0.9039802104781973	25	-0.2794280677146933
FCHSD2	FCHSD2	0.0096921058043011	5975.0	0.270303844084079	-0.270303844084079	0.0180354464177286	186.0	1.0420187000112648	0.08	0.34749499301580505	0.4224786518409352	25	-0.18271017623107932
MED28	MED28	0.000125544791794524	5974.0	0.27018463265178	0.27018463265178	4.74479097081929e-05	2019.0	11.36645263039315	0.04	0.34252352190835744	0.33010386123460317	25	-0.219139785236158
C20orf203	C20orf203	0.6623885299097839	5973.0	0.27005918303814896	-0.27005918303814896	0.0025430549059817908	10849.0	61.10172355525515	0.2916666666666667	0.9190762857256533	1.0206148899365102	24	-0.6359079306866451
MEP1B	MEP1B	0.7694238504398679	5972.0	0.269999156741163	0.269999156741163	3.9902915343563e-06	17472.0	98.40599301565844	0.7391304347826086	3.1935583633495837	2.2047230637104693	23	-1.3260437352563346
SUMF2	SUMF2	0.0721958328589828	5971.0	0.269949948580867	0.269949948580867	6.66513607538663e-08	4332.0	24.39450264729075	0.12	0.5182679318506501	0.5779354135784855	25	-0.42966389917557923
SRPRA	SRPRA	0.00846948436189158	5970.0	0.269909656412242	0.269909656412242	5.64406956101078e-06	6033.0	33.97544215388081	0.04	0.3737276443990869	0.3814069639781849	25	-0.2721974106188132
PRPF4B	PRPF4B	0.0029494514961364	5969.0	0.269832812471695	0.269832812471695	0.000324002320710157	5129.0	28.883631857609554	0.12	0.5222854691194488	0.6345937142825003	25	-0.39781777059230405
CENPQ	CENPQ	0.0698469336581148	5968.0	0.269767362587753	0.269767362587753	0.00044830581041621506	9213.0	51.886898727047424	0.04	0.5654068668688553	0.502054783932118	25	-0.5888590523242085
IWS1	IWS1	0.0177455751465227	5967.0	0.26976260032765104	0.26976260032765104	0.000296168712149375	2420.0	13.625098569336487	0.08	0.40045857040171046	0.4862120507046874	25	-0.2688044648104388
ERLIN2	ERLIN2	0.0589509386307093	5966.0	0.269668856879946	0.269668856879946	0.0006370918795177691	2194.0	12.352145995268671	0.12	0.448595057107168	0.5329837360438243	25	-0.335706679448301
STRIP2	STRIP2	0.31996872474201193	5965.0	0.26964052125660004	0.26964052125660004	0.000762471869679374	10241.0	57.67714317900191	0.28	1.0691960919130958	1.4854538770327155	25	-0.5382567463176015
RAP2C.AS1	RAP2C.AS1	0.402872768971614	5964.0	0.26960929400866396	0.26960929400866396	0.00235351622810935	4758.0	26.79396192407345	0.08	0.4479206393955659	0.5914815266473716	25	-0.30146562040171254
FBXL15	FBXL15	0.0567693405577219	5963.0	0.269561513904098	-0.269561513904098	2.18264751458652e-05	9370.0	52.7712064886786	0.28	0.8709717343026384	0.8227482969034854	25	-0.7309771684268711
NDUFV2	NDUFV2	0.0543285140301406	5962.0	0.26952558555770395	0.26952558555770395	8.817395636619659e-06	8410.0	47.36397431564718	0.04	0.47202155205868196	0.2797576051456213	25	-0.7238264939949477
SKIL	SKIL	0.39253827912030703	5961.0	0.269516886112619	0.269516886112619	0.000172579064855	9955.0	56.06623859411963	0.2	0.6575713504466808	0.5334408719418693	25	-0.7274554402279646
TIMP4	TIMP4	0.667950956885551	5960.0	0.26943379102592396	0.26943379102592396	1.7308906622928666e-05	13965.0	78.652697983553	0.5	1.4578999210062609	1.6339139009423296	24	-0.7273737797903005
ZFPL1	ZFPL1	0.0303448583620004	5959.0	0.269275133789377	0.269275133789377	0.0895358590613381	183.0	1.0251210994705418	0.04	0.24770875324284355	0.3874943821297627	25	0.05565598248934453
SDC3	SDC3	0.17722189616946601	5958.0	0.26925316873018107	-0.26925316873018107	3.9843305469575297e-13	12025.0	67.72558296721866	0.44	1.3464960389851028	2.249780440068524	25	-0.47882133343736905
PTPRT	PTPRT	0.6517345516255489	5957.0	0.269220660308936	0.269220660308936	0.003945562907228915	14466.0	81.47459727385377	0.5	1.259635909366508	1.163431136445682	24	-0.851288243912159
CSNK2A1	CSNK2A1	0.000258132248362986	5956.0	0.269183538238515	0.269183538238515	4.22135850875005e-06	7179.0	40.43032556043708	0.12	0.48175619929176683	0.40076800565493265	25	-0.5304132516912544
SMIM12	SMIM12	0.0046571100125419205	5955.0	0.269077459612545	-0.269077459612545	0.00030039221837295	2536.0	14.278472456911118	0.04	0.3912622225582959	0.5072699629640718	25	-0.24086733271531172
TRIL	TRIL	0.508596908373937	5954.0	0.26903719236070606	-0.26903719236070606	0.0390482831251336	7151.0	40.272614622057	0.25	0.8366428486390229	1.0216953807887057	24	-0.555552728289864
PLEKHF1	PLEKHF1	0.149137380633963	5953.0	0.268878791482094	0.268878791482094	0.0112751133126959	6995.0	39.39393939393939	0.16	0.6098043951412481	0.8721700509630981	25	-0.39089349982000104
ARID4B	ARID4B	0.00470446423395698	5952.0	0.268856613527734	0.268856613527734	0.000642174030150184	6464.0	36.40306409823138	0.16	0.5420068703889516	0.49218347859304434	25	-0.5549764848711397
TMEM70	TMEM70	0.151623169472341	5951.0	0.26866183482338896	-0.26866183482338896	0.000301349578757698	2918.0	16.43010025909654	0.04	0.3966362247367146	0.5388554634609639	25	-0.2374929801980127
SLC22A23	SLC22A23	0.16559323094727402	5950.0	0.26862292047151304	0.26862292047151304	0.00155279353034589	2323.0	13.07874281851977	0.12	0.44587509454816177	0.4963100246256686	25	-0.35714002394035355
ADO	ADO	0.0470341729702874	5949.0	0.26859790017511104	-0.26859790017511104	0.000142489986674124	3659.0	20.603807592655176	0.04	0.3715454061014355	0.3041821458537911	25	-0.3384403303401227
CAGE1	CAGE1	0.6941271113766401	5948.0	0.26852309739053	-0.26852309739053	0.006104936213553385	9608.0	54.11174946490931	0.20833333333333334	0.8522118103097776	0.9273118018219004	24	-0.6294416956329765
GNA14	GNA14	0.3393120831924731	5947.0	0.26850460381643304	0.26850460381643304	0.034546965208780846	5469.0	30.79869325222485	0.125	0.8198713093304812	1.454655005801698	24	-0.3790360623756117
RPAP2	RPAP2	0.0661988972424336	5946.0	0.268499458204765	0.268499458204765	1.76726645943367e-05	9209.0	51.864368592993124	0.16	0.5966066925612235	0.3934223883532514	25	-0.8339821120242225
AK9	AK9	0.0322598472453422	5945.0	0.268473517817254	0.268473517817254	9.92458734955038e-07	9257.0	52.13473020164469	0.16	0.6745478908298287	0.7632623029005289	25	-0.5320246676266098
U2SURP	U2SURP	0.07380593937675001	5944.0	0.268419347940546	0.268419347940546	0.000138060559376054	7606.0	42.83541737073335	0.08	0.5250970133462585	0.44592732929017886	25	-0.5756042488229831
GTF3C3	GTF3C3	0.0070445365836059705	5943.0	0.268341340332945	0.268341340332945	1.9940194237442602e-07	9620.0	54.1793398670722	0.04	0.48737985997573496	0.3315141802244067	25	-0.6607214191999862
ZNF576	ZNF576	0.0323579224533425	5942.0	0.26824149530303	0.26824149530303	0.000467657673345018	1363.0	7.671510645488341	0.12	0.49356066305461754	0.801690190353446	25	-0.2810551637812229
PRKAG1	PRKAG1	0.0016904250827919302	5941.0	0.268042699738468	0.268042699738468	3.82650978406299e-09	5649.0	31.812549284668243	0.08	0.427108932201306	0.2954084956607705	25	-0.5384619426974782
SF3A1	SF3A1	0.00330682618670743	5940.0	0.26795014377182896	-0.26795014377182896	1.70500614384343e-06	6448.0	36.31294356201419	0.12	0.47524553380491336	0.38820700511174866	25	-0.5339815801969175
GLCCI1	GLCCI1	0.0124535688138543	5939.0	0.267852265368955	0.267852265368955	0.0005017322614009839	1552.0	8.736059479553903	0.08	0.4797935581445864	0.5453196266507847	25	-0.3886551710550402
TNFSF18	TNFSF18	0.5733074437401539	5938.0	0.26782403200354105	0.26782403200354105	0.0010236751546079206	13712.0	77.22766700461867	0.4166666666666667	1.6329691317878032	1.5730092068981016	24	-0.867855759392701
DYNC1LI1	DYNC1LI1	0.055967941260985	5937.0	0.26777335242888	-0.26777335242888	0.00109314971829311	3043.0	17.13416694829334	0.08	0.4273637729922678	0.47217197814598577	25	-0.3379921468233461
SERTAD3	SERTAD3	0.145465389384751	5936.0	0.26772000463400897	-0.26772000463400897	6.281389085109001e-05	2419.0	13.619466035822912	0.16	0.5382836123994725	0.8095206057518093	25	-0.33422695585887974
CACUL1	CACUL1	0.0366065184249225	5935.0	0.267711251469229	0.267711251469229	1.04643339947695e-06	7223.0	40.67815703503435	0.12	0.6654002541237964	1.052181862106214	25	-0.37796603132702755
IRAK4	IRAK4	0.0740290002148759	5934.0	0.2676766895513	0.2676766895513	2.87033033505196e-06	6904.0	38.88137884420412	0.12	0.5063587768891351	0.5053116103326614	25	-0.47234633532505566
PER3	PER3	0.47187181809318296	5933.0	0.26766174384152597	-0.26766174384152597	0.00201590235238093	4247.0	23.915737298636927	0.12	0.5838436252375934	0.8181517274888003	25	-0.38645873469771
ICE1	ICE1	0.00902233360951313	5932.0	0.26744691768771	0.26744691768771	0.00209504142641456	2967.0	16.706094401261687	0.12	0.4022355808165842	0.38735424956463654	25	-0.3479725942864155
GAR1	GAR1	0.23246334526941198	5931.0	0.26735521419153	0.26735521419153	0.00849592109152105	964.0	5.424129773572153	0.08	0.3567952945033047	0.430629752948331	25	-0.2076960072995842
USP1	USP1	0.0629996629281173	5930.0	0.26735353505535	0.26735353505535	0.00300092065444355	2994.0	16.8581728061282	0.12	0.4496035578211843	0.5984768640473483	25	-0.3045230880494248
ZNF264	ZNF264	0.00787316844500055	5929.0	0.267336280425246	-0.267336280425246	0.0101299630416584	3256.0	18.33389658668469	0.0	0.3099367029060052	0.24847258308053444	25	-0.17144918748219265
COQ8B	COQ8B	0.21456426954511804	5928.0	0.267232940014111	0.267232940014111	0.000229260491531087	4600.0	25.904021628928692	0.08	0.5126994678286388	0.5800218995847021	25	-0.4232021721770899
LRRC39	LRRC39	0.146492810165879	5927.0	0.267209639712215	0.267209639712215	0.0307737270590874	477.0	2.681085952461417	0.08	0.500712897007148	0.8675836255223122	25	-0.2691420750989357
LIMA1	LIMA1	0.0910688405668112	5926.0	0.267193402011173	0.267193402011173	5.47035932739001e-07	8388.0	47.24005857834854	0.12	0.5445256037276207	0.36885165192649083	25	-0.7518800587389475
VPS4A	VPS4A	0.040918680439643	5925.0	0.26717351210777396	-0.26717351210777396	0.0543932337005057	39.0	0.2140362735158274	0.08	0.27175767954075225	0.39595919936667406	25	-0.01157737322509628
DDX23	DDX23	0.0589624314030828	5924.0	0.26717187452426394	0.26717187452426394	0.00126801710154208	1442.0	8.116480793060719	0.08	0.4076587319473369	0.4604833651881893	25	-0.3050856296745033
LINC00265	LINC00265	0.0092591935100674	5923.0	0.267157470120523	0.267157470120523	0.0018517360017184898	2480.0	13.96305058015095	0.08	0.5653020508795269	1.0981223827917592	25	-0.2715039647958274
ARPC4	ARPC4	0.0369634017578806	5922.0	0.267014087159852	-0.267014087159852	0.00405508665015777	2373.0	13.360369494198489	0.04	0.3393052382430162	0.3597158967763383	25	-0.20096735154330125
RPH3AL	RPH3AL	0.3216719867305	5921.0	0.266948865411754	-0.266948865411754	0.03280124686508995	752.0	4.2300326686943786	0.041666666666666664	0.42567147347516165	0.7100431012970084	24	-0.223539398908989
L3MBTL3	L3MBTL3	0.134428460765877	5920.0	0.26674352893903197	0.26674352893903197	7.17435253347615e-05	6489.0	36.543877436070744	0.08	0.537579200271776	0.5978402805351458	25	-0.45302345818905077
PIN1	PIN1	0.14589463580740802	5919.0	0.26670038614160396	-0.26670038614160396	9.203354508073711e-06	7710.0	43.42120085614509	0.12	0.6546866490840515	0.8034508915683878	25	-0.48289978518173454
GSTO1	GSTO1	0.0493904615544427	5918.0	0.26654200940635897	-0.26654200940635897	0.0093052220592755	2342.0	13.185760955277683	0.16	0.6683772354915402	1.129788190776545	25	-0.35567306276142346
RRP8	RRP8	0.0151462737267843	5917.0	0.26651199676558496	0.26651199676558496	0.0494333522334592	82.0	0.4562352145995269	0.08	0.33345459888136275	0.46220083560281183	25	-0.1448344463256322
NME9	NME9	0.40673925077464795	5916.0	0.26649048611861703	-0.26649048611861703	0.000299188398748087	8667.0	48.81153542863579	0.16666666666666666	0.6811409812339235	0.8116139941027266	24	-0.5108961872616798
ZNF711	ZNF711	0.205759126427955	5915.0	0.26641163958407	0.26641163958407	0.004249214244228736	7630.0	42.97059817505914	0.16666666666666666	0.8923349028919438	1.4319155027324042	24	-0.4371230440018821
OPN1SW	OPN1SW	0.25061646132050397	5914.0	0.266398086715052	-0.266398086715052	0.00137896597786666	9358.0	52.70361608651571	0.4166666666666667	1.1408639161473937	1.3945577386449013	24	-0.6270560229955516
ZCWPW1	ZCWPW1	0.120338193431026	5913.0	0.266320303988147	0.266320303988147	0.0305390330448225	783.0	4.404641207615185	0.12	0.612130321659016	1.3148409417668527	25	-0.2630052097451252
CABP7	CABP7	0.005286200872128079	5912.0	0.26629614377963	-0.26629614377963	0.0770506651945623	9.0	0.045060268108595244	0.16	0.6151082867513271	1.1234013303642523	25	-0.31049646599456854
MPHOSPH8	MPHOSPH8	0.00169845386792145	5911.0	0.266234328928111	-0.266234328928111	0.000212758460242531	3822.0	21.521910555367803	0.08	0.417305000497333	0.48685623919407095	25	-0.3102983168487281
TP53TG5	TP53TG5	0.144667112462992	5910.0	0.266187061174842	-0.266187061174842	0.13777554898854502	471.0	2.6472907513799706	0.12	0.404861197652697	0.53366869875901	25	-0.25985060918942227
ACTR3B	ACTR3B	0.0423186497035104	5909.0	0.26617202523593303	0.26617202523593303	0.0175423927513921	634.0	3.5653937140925986	0.12	0.4122335436998781	0.7122859827054344	25	-0.20506021739915206
CLPB	CLPB	0.10751962835211	5908.0	0.26601712088226603	0.26601712088226603	0.0006790951040832769	3078.0	17.33130562126845	0.08	0.41766617255162847	0.4012247606151215	25	-0.3779653365282537
CPT1C	CPT1C	0.518938480046563	5907.0	0.26599379596081896	-0.26599379596081896	4.34142037589658e-05	10755.0	60.572265404979156	0.2	0.8605836706994117	0.8000299782080013	25	-0.7432094933122672
FLT3	FLT3	0.477896689299822	5906.0	0.265980102917663	-0.265980102917663	2.7290748783339086e-05	15622.0	87.98580601554579	0.7083333333333334	2.486611846390517	2.741352078026968	24	-0.8100498149333333
NRSN2	NRSN2	0.0848786449434131	5905.0	0.265938471300656	0.265938471300656	0.0019125396032083802	3076.0	17.3200405542413	0.08	0.5031831399896741	0.7447954166766012	25	-0.3185366925962603
ZNHIT6	ZNHIT6	0.130018642884361	5904.0	0.26591986272735896	0.26591986272735896	1.30347620176171e-06	7106.0	40.01915061394615	0.12	0.5704196514753981	0.5779452536080588	25	-0.5268661466584855
EPM2AIP1	EPM2AIP1	0.11049461666823199	5903.0	0.265809356340884	0.265809356340884	6.505047572071371e-05	5983.0	33.69381547820209	0.08	0.47914138216931135	0.5014559150590742	25	-0.4254252854975212
CEP95	CEP95	0.006080122109349871	5902.0	0.265754873278978	0.265754873278978	1.0454425926361699e-05	7394.0	41.641320265855576	0.12	0.4730411524911869	0.374629791081244	25	-0.5533096516802525
NUDT21	NUDT21	0.0940424493517377	5901.0	0.265747271932459	0.265747271932459	0.000505084030957399	4633.0	26.089895234876646	0.04	0.3474382254901975	0.23727241113191977	25	-0.34429183388000206
IL25	IL25	0.8513542678493969	5900.0	0.265725551579572	-0.265725551579572	0.014727429382625501	14479.0	81.54782020953024	0.4166666666666667	1.345732577554962	1.00702987192508	24	-1.0724677152930964
PLBD1	PLBD1	0.41706843974075897	5899.0	0.265713852429275	-0.265713852429275	0.00687095537604367	6274.0	35.332882730652244	0.20833333333333334	0.6317831497896571	0.6963225819288782	24	-0.525717974485814
ASIP	ASIP	0.672734323244735	5898.0	0.265414308740078	0.265414308740078	0.0006131286498131539	12927.0	72.80612819646277	0.375	1.08397231661684	0.9720992004854786	24	-0.8420519299552596
GRID1.AS1	GRID1.AS1	0.807264411044067	5897.0	0.26536706834395	0.26536706834395	0.0003000040651235	15173.0	85.45679846795088	0.5714285714285714	1.595981152846385	1.2973890844046596	21	-1.025609125664119
EIF3G	EIF3G	0.168615629316942	5896.0	0.265363310089635	-0.265363310089635	0.00870386208358981	2137.0	12.031091584994929	0.12	0.4185143034027325	0.5749710448477954	25	-0.2663629667710296
C6orf62	C6orf62	0.013129874071838	5895.0	0.265360958712544	0.265360958712544	1.78459421343468e-05	6009.0	33.84026134955503	0.12	0.4921487278149772	0.4214079151530159	25	-0.5381668472460588
SPIN4	SPIN4	0.39781591691571205	5894.0	0.265356136914377	-0.265356136914377	0.000367985872961351	7739.0	43.584544328038746	0.16	0.6314224132338839	0.7938306093703655	25	-0.4611390289042343
TMEM9	TMEM9	0.0883713771056552	5893.0	0.265213659774555	0.265213659774555	8.53889202693106e-05	4999.0	28.15140250084488	0.04	0.4173751447999573	0.4681426939851505	25	-0.32503227537334767
CHCHD1	CHCHD1	0.00951583297804241	5892.0	0.26517891031275104	0.26517891031275104	4.24276444050484e-08	8057.0	45.37568998535541	0.12	0.5049493188164498	0.38459179458857545	25	-0.6234413003017857
SP5	SP5	0.461356823822255	5891.0	0.265176339906682	0.265176339906682	0.00588883312212681	14210.0	80.03266869437873	0.5217391304347826	1.2631591767110628	1.062522058700747	23	-0.9392584639839998
TPD52L1	TPD52L1	0.5182070762454289	5890.0	0.265159223473701	0.265159223473701	5.2223850476741e-06	13027.0	73.36938154782021	0.2916666666666667	0.9299860598091355	0.7201684694915423	24	-0.9231546013182437
PYCARD.AS1	PYCARD.AS1	0.0349703256924643	5889.0	0.265145307539256	-0.265145307539256	1.9979296868240697e-05	13193.0	74.30438211107355	0.4166666666666667	1.499231058176779	1.7371657064348007	24	-0.7104018609544435
ZYG11B	ZYG11B	0.17822169332888196	5888.0	0.264956621007202	0.264956621007202	0.0024351783572253197	3119.0	17.562239495325	0.04	0.361133345036039	0.4272147853519599	25	-0.22512498941159542
VPS33A	VPS33A	7.154057879903249e-05	5887.0	0.26485384656036304	0.26485384656036304	0.00500914626617667	1825.0	10.273741128759715	0.04	0.3142873279514556	0.2801168250423172	25	-0.17647451695778946
SLIRP	SLIRP	0.0206824761671516	5886.0	0.264852615547315	0.264852615547315	8.32059398115787e-12	11575.0	65.19094288611016	0.12	0.6626441865470014	0.3859049802895366	25	-1.0308018587923677
SGF29	SGF29	0.0458929986960115	5885.0	0.264834494026979	-0.264834494026979	0.000198118305531916	3985.0	22.440013518080434	0.12	0.5037024304707909	0.5924011538803113	25	-0.4032199040788377
KCTD2	KCTD2	0.0108008675442314	5884.0	0.26470069315335604	-0.26470069315335604	0.0142638496363935	1681.0	9.462656302805001	0.08	0.3348236286833952	0.36869825571267617	25	-0.19019058116913215
GDI2	GDI2	1.63554427899688e-06	5883.0	0.264682181935591	0.264682181935591	6.58113515855913e-05	8566.0	48.242649543764784	0.12	0.5052282857785676	0.4060654792838309	25	-0.5923825494036643
OXSM	OXSM	0.0320056660372219	5882.0	0.26454206874098396	0.26454206874098396	6.88607949149912e-12	10688.0	60.19488565956967	0.16	0.6957411948912686	0.5266734546884841	25	-0.8187219657868072
HLA.DQA1	HLA.DQA1	0.408157961627895	5881.0	0.264508733804126	-0.264508733804126	0.0146542023208124	9045.0	50.94063309676692	0.3333333333333333	1.5874725085290275	2.4737247023875724	24	-0.5348063887012215
ZBED6CL	ZBED6CL	0.274560670933568	5880.0	0.264423915775563	0.264423915775563	0.0389520586971883	2986.0	16.813112538019602	0.16666666666666666	0.6783825653814071	1.1229962753117877	24	-0.36861978860162553
COPG1	COPG1	0.0121337530525204	5879.0	0.264418534175119	0.264418534175119	9.458577560885392e-07	6335.0	35.67646727498028	0.12	0.5041394630760887	0.5766096395671777	25	-0.4157421459011892
MASP2	MASP2	0.0431382711778012	5878.0	0.264404297867315	-0.264404297867315	0.0001015565760105819	6376.0	35.907401149036836	0.08333333333333333	0.7444789527170378	1.6331686517024604	24	-0.29395289601553376
PIGX	PIGX	0.0251334948508544	5877.0	0.26432772496173496	0.26432772496173496	1.3928861164632602e-06	5189.0	29.221583868424016	0.08	0.5005112743608009	0.3845068526071746	25	-0.614250559639204
C7orf57	C7orf57	0.551479828107139	5876.0	0.26431590075746597	0.26431590075746597	0.00036479171657583355	12932.0	72.83429086403063	0.375	1.1672186936691171	1.1267958758745598	24	-0.8013011160613854
DDX41	DDX41	0.0319942989671595	5875.0	0.264291160452529	0.264291160452529	0.00482785106744101	505.0	2.8387968908415004	0.04	0.2516112583607659	0.2440219832843779	25	0.051962130301130206
HDGF	HDGF	0.0075706477434559095	5874.0	0.26425175339864604	0.26425175339864604	0.000901571437925899	4186.0	23.57215275430889	0.12	0.506456100293194	0.5393054594660207	25	-0.44910419993589584
NASP	NASP	0.0674352324085607	5873.0	0.264224013462683	0.264224013462683	0.00164917395020472	3507.0	19.74766249859187	0.08	0.46728259318305604	0.7746935331055484	25	-0.2621147215549394
WIPF1	WIPF1	0.35750341134073205	5872.0	0.264191042471798	-0.264191042471798	0.0001864357190124085	11769.0	66.2836543877436	0.2916666666666667	0.8248642706675177	0.7658724162658155	24	-0.7320713166945076
SNHG10	SNHG10	0.0900693202169035	5871.0	0.264133378164316	0.264133378164316	8.24821174788398e-05	4197.0	23.634110622958207	0.12	0.4648360887877576	0.4559788454958304	25	-0.4401579428650861
WRAP73	WRAP73	0.234517001902157	5870.0	0.26408282514493303	0.26408282514493303	0.00239573396022558	931.0	5.238256167624198	0.08	0.2756781049351477	0.327154707218668	25	-0.035442802852488006
EZR	EZR	0.399925400288185	5869.0	0.264040628900154	-0.264040628900154	0.00039715726551621403	6461.0	36.38616649769066	0.16	0.45531619264132894	0.5269533730287819	25	-0.36298384929538646
WDR92	WDR92	0.00712468217200964	5868.0	0.26399283087630604	0.26399283087630604	0.000939045692123077	2668.0	15.021966880702939	0.04	0.37810992248492203	0.47674990143477197	25	-0.23936468841458017
TMTC2	TMTC2	0.15406677885026998	5867.0	0.263888515548232	0.263888515548232	4.78007249179079e-05	4623.0	26.033569899740904	0.12	0.4742835952399874	0.4088925971611915	25	-0.5145485175140371
C15orf41	C15orf41	0.148803268565621	5866.0	0.26387052160193497	0.26387052160193497	6.26536452815144e-07	6049.0	34.065562690098005	0.12	0.7882905102730184	1.2914076200958626	25	-0.4060840129100021
EIF1AD	EIF1AD	0.00365994219962605	5865.0	0.263778274742738	0.263778274742738	1.32628264027365e-06	2737.0	15.410611693139574	0.12	0.5118694546152638	0.6284676957261508	25	-0.3947556597732102
MRPL52	MRPL52	0.0401422684270233	5864.0	0.263759773333971	0.263759773333971	0.00193205390766117	929.0	5.226991100597049	0.04	0.29585178449174704	0.488591336404975	25	-0.06568272657863132
LIN54	LIN54	0.0779005749636306	5863.0	0.263695513368493	0.263695513368493	0.00948670901604975	3750.0	21.11636814239045	0.08	0.3830290374900408	0.35313531085650585	25	-0.3379257764739312
PSMD12	PSMD12	0.0180659484046173	5862.0	0.26361016959850697	0.26361016959850697	5.047769562384171e-07	8748.0	49.26777064323532	0.16	0.6265081617965356	0.614991030333567	25	-0.590086642403866
SSNA1	SSNA1	0.0206027134166771	5861.0	0.26360075914206	-0.26360075914206	0.000727161979269071	1003.0	5.643798580601555	0.04	0.3654443177075752	0.543945407649645	25	-0.18723121315717142
C16orf74	C16orf74	0.247735889919101	5860.0	0.263578615906628	0.263578615906628	0.007906453314174505	8509.0	47.92159513349104	0.125	0.5816580803661725	0.5588599128844504	24	-0.5691577748309717
SCFD2	SCFD2	0.00027504008481012	5859.0	0.263567736857879	0.263567736857879	0.00462859768139023	2247.0	12.650670271488114	0.04	0.38310302699474774	0.5530910853255272	25	-0.21612225058105047
ZSCAN1	ZSCAN1	0.577467486382886	5858.0	0.263507591566162	-0.263507591566162	0.0007416096910156621	11968.0	67.40452855694491	0.4166666666666667	1.100728205434911	0.9233244700155601	24	-0.9067458310236703
SLC7A1	SLC7A1	0.382034589588866	5857.0	0.263306161787231	-0.263306161787231	0.00127356006269234	2140.0	12.047989185535654	0.16	0.5140363678005816	0.786753288666882	25	-0.318689746360262
CFLAR.AS1	CFLAR.AS1	0.23534966550358802	5856.0	0.263288579364469	-0.263288579364469	0.00140365328814065	4101.0	23.093387405655065	0.12	0.4898680029780315	0.5367754835122165	25	-0.42211209448504144
DUSP10	DUSP10	0.180765608982215	5855.0	0.263145445505511	0.263145445505511	5.1578827769302397e-11	12524.0	70.53621719049228	0.3333333333333333	0.9361521758596174	0.9049285600255556	24	-0.7437125537678912
CA8	CA8	0.6631184597662939	5854.0	0.26314122718644	0.26314122718644	5.7832452510128304e-05	9153.0	51.548946716232955	0.2916666666666667	1.0702788303543656	1.5609307755313446	24	-0.5170873787744841
MRPL33	MRPL33	0.0125671415787964	5853.0	0.26313677047121303	0.26313677047121303	0.000876294121977843	4904.0	27.616311817055312	0.04	0.37489806900666495	0.26962854362656263	25	-0.4145009910013165
ARHGAP5.AS1	ARHGAP5.AS1	0.364294520207563	5852.0	0.263092733220498	0.263092733220498	2.6508441807699553e-07	8959.0	50.45623521459952	0.08333333333333333	0.5501760489797557	0.3205328555875246	24	-0.89564395897277
ZNF142	ZNF142	0.0434859520431783	5851.0	0.26300988694466	-0.26300988694466	2.38063814315421e-07	4637.0	26.112425368930946	0.12	0.5103710983221573	0.6175799679155577	25	-0.40053308758116857
TRNAU1AP	TRNAU1AP	0.124821649266749	5850.0	0.263003293217265	0.263003293217265	3.2301536335737705e-05	6832.0	38.47583643122676	0.12	0.4877410171512176	0.493912163487155	25	-0.4550155686534277
TPGS2	TPGS2	0.0018543890715389398	5849.0	0.26298019703450104	-0.26298019703450104	7.004579123136879e-05	3829.0	21.561338289962826	0.12	0.5481245698069308	0.8061818986485453	25	-0.35369731477528293
PBXIP1	PBXIP1	0.11067511390107401	5848.0	0.262929960553305	0.262929960553305	3.02385373460143e-07	7042.0	39.65866846907739	0.12	0.7964000971709849	0.9589776001710062	25	-0.5562905082689635
CEP192	CEP192	0.0710149430886949	5847.0	0.26292579293205	0.26292579293205	0.00470503891265119	2314.0	13.0280500168976	0.04	0.3473743529040828	0.308475139359413	25	-0.2737613155711697
CDK5R1	CDK5R1	0.42413449483512106	5846.0	0.262835181006135	0.262835181006135	1.03205811104469e-07	11623.0	65.46130449476173	0.24	1.039522447589393	1.3965351296000497	25	-0.5561530462937166
FAM227B	FAM227B	0.0441440424407926	5845.0	0.262783150125344	0.262783150125344	5.77137015138019e-12	10922.0	61.51289850174608	0.12	0.688584791950549	0.6254511841142371	25	-0.6807911674645314
RLIM	RLIM	0.11228313650729699	5844.0	0.262764843802168	0.262764843802168	0.000613220842030784	7156.0	40.30077728962487	0.12	0.4682942237707968	0.47437919172896625	25	-0.43325968666445386
LITAF	LITAF	0.148211719546816	5843.0	0.26264780230421303	-0.26264780230421303	0.00126897904102411	7992.0	45.00957530697307	0.16	0.9015796268733207	1.497696569726842	25	-0.4266096601166947
F13A1	F13A1	0.551826562764141	5842.0	0.262640531881029	0.262640531881029	0.0016682134095218181	14120.0	79.52574067815704	0.5	1.884455462969931	2.3372169968875562	24	-0.6939085815517573
ZNF677	ZNF677	0.34727675323918394	5841.0	0.26261781183545	-0.26261781183545	0.00427808881561219	7006.0	39.45589726258871	0.20833333333333334	0.743068130739578	1.0420059367968748	24	-0.4610821320087981
C8orf48	C8orf48	0.461808015972697	5840.0	0.262615032590793	-0.262615032590793	0.01344318682550297	5374.0	30.26360256843528	0.25	0.83758583409446	1.1415704812264735	24	-0.5036664936237081
DERL2	DERL2	0.0258080153581857	5839.0	0.262612700357948	0.262612700357948	4.63492113687268e-06	7516.0	42.32848935451165	0.16	0.6256819216840175	0.6222965250969058	25	-0.5834344346845441
APOOL	APOOL	0.09477316283999801	5838.0	0.262557533387644	0.262557533387644	0.00311878887272746	4670.0	26.2982989748789	0.12	0.7141803311683933	1.2622780810185341	25	-0.3577839182760222
HPS4	HPS4	0.0296589164169335	5837.0	0.262500938494971	0.262500938494971	0.0238431649052608	1446.0	8.139010927115015	0.04	0.3153900171783132	0.46145467762701803	25	-0.11461380986604947
POLI	POLI	0.0935107850953989	5836.0	0.26247921909607	0.26247921909607	0.00011108236715596799	5528.0	31.13101272952574	0.04	0.4835347931026973	0.4821804638351725	25	-0.45844987631475764
CCDC171	CCDC171	0.0289683733797439	5835.0	0.262444917780273	0.262444917780273	0.00711422951010317	4371.0	24.614171454320154	0.08	0.4820934115539274	0.7055044232529225	25	-0.3113353886016823
SEMA3E	SEMA3E	0.65507870317694	5834.0	0.262409447409096	-0.262409447409096	3.8442127357260296e-07	14561.0	82.00968795764334	0.5217391304347826	1.251829432703538	1.0878047069121075	23	-0.9095566318177231
TCEA2	TCEA2	0.353421300272962	5833.0	0.262266724968648	-0.262266724968648	1.1361175642944799e-06	9680.0	54.51729187788667	0.12	0.8383520627752429	0.9862071284879068	25	-0.584142338019674
CLK1	CLK1	0.0845829854141196	5832.0	0.262229332469767	-0.262229332469767	0.00023183353431530297	4191.0	23.60031542187676	0.08	0.38619468318175976	0.3070358565187647	25	-0.40374877422310623
ZBTB44	ZBTB44	0.05323229365192	5831.0	0.262176047737742	0.262176047737742	0.00021020731311008898	4019.0	22.63151965754196	0.08	0.43272527577926323	0.4226884447548694	25	-0.4034868474827321
GPS2	GPS2	0.041606551492854	5830.0	0.262165605096156	-0.262165605096156	7.16456350687305e-06	1432.0	8.060155457924974	0.0	0.2545144779848758	0.17912020531362308	25	0.04271504210194357
CNNM3	CNNM3	0.00907355513812958	5829.0	0.262152840893294	-0.262152840893294	2.78045584488792e-07	8437.0	47.516052720513684	0.12	0.5420067072290173	0.4364262540348959	25	-0.6412397598640954
BICC1	BICC1	0.271793815106441	5828.0	0.26199902828231303	0.26199902828231303	0.00136827819753567	16581.0	93.38740565506365	0.6086956521739131	2.7075350578509974	2.8269391637066454	23	-0.8650826522782787
TOB1	TOB1	0.32178475301107695	5827.0	0.26190196139710104	-0.26190196139710104	0.0003948489178827	3444.0	19.39281288723668	0.24	0.7707227139250489	1.121760917440711	25	-0.45359108578039825
SMCHD1	SMCHD1	0.18381192733346202	5826.0	0.26184305515635103	-0.26184305515635103	0.008148703645380959	4606.0	25.93781683001014	0.04	0.3520640966762719	0.2682757081036184	25	-0.33629970509694473
MAP2K2	MAP2K2	0.0589059498589557	5825.0	0.26174690436987696	-0.26174690436987696	2.8252830094372502e-06	7386.0	41.596259997746984	0.28	0.7912135444923409	0.8660880608236833	25	-0.6113311845205679
RERE	RERE	0.1428715170147	5824.0	0.26174399354494	-0.26174399354494	6.20689957696324e-06	7965.0	44.85749690210656	0.2	0.5721855024506436	0.43216116372966823	25	-0.7183466145511759
DEFB1	DEFB1	0.7654375351104058	5823.0	0.261708831825791	0.261708831825791	0.00906650454654578	14092.0	79.36802973977694	0.5217391304347826	2.0095521577513913	2.20521054671753	23	-0.7925970282190407
ATRIP	ATRIP	0.0467892419177397	5822.0	0.261693478437832	-0.261693478437832	9.08940005900002e-06	3246.0	18.27757125154895	0.08	0.5048249761664718	0.8020040628265788	25	-0.3031549452153004
DRD4	DRD4	0.41782570345221604	5821.0	0.261563605138469	-0.261563605138469	3.4994049183466014e-08	14851.0	83.64312267657992	0.5416666666666666	1.5553006976895956	1.276333739439737	24	-1.013635425103648
KIAA0319	KIAA0319	0.467623089586495	5820.0	0.26155361469098604	-0.26155361469098604	0.028055550634091955	11589.0	65.26979835530021	0.20833333333333334	0.7111447867296806	0.7308584751354283	24	-0.6151548997983298
PRMT1	PRMT1	0.049606500661942	5819.0	0.26154854658359	-0.26154854658359	5.20707592348674e-07	9147.0	51.51515151515151	0.04	0.5012907922421065	0.6243403308872437	25	-0.38399288624814804
DAB2	DAB2	0.281719604687989	5818.0	0.261520425414553	-0.261520425414553	0.0024856473413876613	5986.0	33.71071307874281	0.125	0.5598971190548337	0.6601317522335239	24	-0.4519956700018407
ALKBH1	ALKBH1	0.0102641297240991	5817.0	0.261504293127032	0.261504293127032	2.0113868445292e-06	4609.0	25.95471443055086	0.12	0.5956242508457342	0.877739679796847	25	-0.3806595114807096
ZNF90	ZNF90	0.15530338545762698	5816.0	0.26149726772981396	0.26149726772981396	0.000147521318074227	5509.0	31.023994592767828	0.08	0.5703751206165711	0.9188846886226436	25	-0.3361443026651665
IL6ST	IL6ST	0.0624537357590859	5815.0	0.261490991128579	-0.261490991128579	0.00215732989144753	3583.0	20.175735045623522	0.12	0.5063163050065587	0.5904146796899353	25	-0.41466671188892723
IRF5	IRF5	0.0950499781390812	5814.0	0.26135014177539395	0.26135014177539395	0.02300611872082715	6395.0	36.014419285794744	0.125	0.6634507348239824	1.0661708187713863	24	-0.37714462445328745
COLGALT1	COLGALT1	0.14579661996337398	5813.0	0.26133033535385397	-0.26133033535385397	0.00046716666982574904	5637.0	31.74495888250535	0.08	0.4295929984164972	0.35769187542773995	25	-0.4704123146812576
ADCK1	ADCK1	0.144613598846728	5812.0	0.261219151360408	0.261219151360408	0.00046889772296804103	2794.0	15.731666103413314	0.08	0.4152054999565316	0.5244025654759543	25	-0.29364148601440127
KCTD20	KCTD20	0.0271037911137378	5811.0	0.26112302405415	-0.26112302405415	0.0169301966881685	387.0	2.1741579362397205	0.08	0.3395236011623336	0.5143470763575716	25	-0.15242737970513884
RAB20	RAB20	0.217798245103	5810.0	0.261056727030705	-0.261056727030705	0.0842139364686455	3817.0	21.493747887799934	0.04	0.40886225271727494	0.4612666467354289	25	-0.32043401952568995
KCNIP1	KCNIP1	0.705272505892168	5809.0	0.26105488626821	-0.26105488626821	6.719802255732995e-05	15811.0	89.05035484961135	0.625	1.8674277800391135	1.6590548093559319	24	-0.9682458257027203
DDX6	DDX6	9.77912640899609e-05	5808.0	0.26095600282879106	0.26095600282879106	0.000653773200834003	3999.0	22.518868987270476	0.04	0.39442331751757664	0.40007847635609534	25	-0.33360283688440956
TIRAP	TIRAP	0.107922359114513	5807.0	0.26094640559932897	0.26094640559932897	0.0123772313567176	751.0	4.2244001351808045	0.16	0.41456276754693144	0.5465149138999984	25	-0.2810835679695857
SLC5A8	SLC5A8	0.800703460184164	5806.0	0.26093807062089397	-0.26093807062089397	0.000870240478895113	14917.0	84.01486988847583	0.6521739130434783	1.6814024961985772	1.607780997687682	23	-0.8834937268325734
ASB6	ASB6	0.0414364276767793	5805.0	0.260805615579293	-0.260805615579293	0.00359422810172425	1409.0	7.930607187112764	0.16	0.40381258687798277	0.49065024332647567	25	-0.29146418093903564
CES5A	CES5A	0.8939308789698192	5804.0	0.260788232855233	0.260788232855233	0.0011908489388199	14956.0	84.23453869550524	0.5217391304347826	1.4355084291134743	1.349723457087459	23	-0.8703413948166437
VGLL2	VGLL2	0.914620102624747	5803.0	0.260785897271482	0.260785897271482	3.56676425473371e-08	17542.0	98.80027036160864	0.7391304347826086	3.007975678005912	2.2001574749425727	23	-1.2486332510386038
OVAAL	OVAAL	0.914620102624747	5802.0	0.260785774110002	0.260785774110002	0.0038114703755773834	15912.0	89.61924073448236	0.5	2.2839939132600464	2.1557982757847465	24	-0.938496037350045
CTAGE11P	CTAGE11P	0.914620102624747	5801.0	0.260785766032307	0.260785766032307	0.0001464254383096095	10920.0	61.50163343471893	0.2916666666666667	1.1054188876327944	1.0840720781298792	24	-0.7791300400039403
SPRR2G	SPRR2G	0.92546935426059	5800.0	0.26078374158309603	0.26078374158309603	0.000499545457461709	17587.0	99.05373436971949	0.6521739130434783	3.2520701190948516	2.5301931862851044	23	-1.1822363579690294
KRTAP1.5	KRTAP1.5	0.92546935426059	5799.0	0.26078373934174304	0.26078373934174304	0.01671397701426934	16811.0	94.68288836318575	0.5909090909090909	2.335699495453983	1.7441531396817427	22	-1.1896408112941574
GSC2	GSC2	0.925758016633909	5798.0	0.260783672384355	0.260783672384355	0.022117550987628652	16228.0	91.39912132477188	0.5416666666666666	1.7855121926214312	1.1755529341327082	24	-1.2970309340956905
MYL10	MYL10	0.9251853250930971	5797.0	0.260782711497213	0.260782711497213	0.010282147860563286	15327.0	86.32420862904134	0.5416666666666666	1.7347434925543215	1.4395926676918107	24	-1.0238734984809295
TMPRSS11B	TMPRSS11B	0.925384231682777	5796.0	0.260782667121258	0.260782667121258	0.0010832359032082362	17486.0	98.48484848484848	0.5909090909090909	3.1515066718533933	2.601535651784439	22	-1.1111606342005487
GABRR3	GABRR3	0.9387730735329192	5795.0	0.26078044986450305	0.26078044986450305	0.0017666180229559602	15321.0	86.29041342795989	0.6521739130434783	1.7603455422398255	1.6336848797608061	23	-0.9179035142902708
HAO1	HAO1	0.9392152887972081	5794.0	0.26077871387378304	0.26077871387378304	0.00012013136920241451	17174.0	96.72749802861327	0.75	2.532434114125665	1.8697454887740919	24	-1.2149543421234859
LINC01511	LINC01511	0.9392152887972081	5793.0	0.260778706325117	0.260778706325117	0.000315520360505276	16160.0	91.01610904584882	0.5652173913043478	2.100965748704769	1.9492037790739858	23	-0.9440711444002408
SIGLECL1	SIGLECL1	0.9396643202834959	5792.0	0.260778475010488	0.260778475010488	8.827433091584381e-07	17349.0	97.71319139348878	0.875	2.6599156006351046	1.4272973006988596	24	-1.6808951606998113
IL3	IL3	0.9399206899498449	5791.0	0.260778360580179	0.260778360580179	6.357785226039276e-05	17548.0	98.83406556269009	0.6	2.8533964223023984	1.9372054541019448	20	-1.3383289089097226
MORC1	MORC1	0.940481457500466	5790.0	0.260776517497608	0.260776517497608	0.00649360204086262	16112.0	90.74574743719725	0.5	2.2047728943643103	2.202868183799826	24	-0.8824842045307567
LINC00934	LINC00934	0.940560265816555	5789.0	0.260776462663732	0.260776462663732	0.0438903908348901	12022.0	67.70868536667793	0.36363636363636365	1.302682073887606	1.253464844600309	22	-0.8312204492309518
OR51B6	OR51B6	0.950886577998302	5788.0	0.260774947203385	0.260774947203385	0.00809900219890188	16011.0	90.17686155232623	0.5238095238095238	1.7893169865656557	1.4123290159541353	21	-1.0822846674502575
CCDC105	CCDC105	0.9518749389293749	5787.0	0.260772069846876	0.260772069846876	0.002264200683468805	15642.0	88.09845668581727	0.5833333333333334	1.6424830394438892	1.0710065723847846	24	-1.2901050331749044
PAGE1	PAGE1	0.9532779832709649	5786.0	0.260768447271467	0.260768447271467	0.0008601707319140651	16840.0	94.84623183507941	0.6818181818181818	2.6398391816714764	2.7629414034572006	22	-0.8610644914232117
OR51B2	OR51B2	0.953648025259898	5785.0	0.260768161627025	0.260768161627025	0.00230816038689399	15255.0	85.91866621606398	0.5	1.6590870154897395	1.2754748221558785	22	-1.0963123925090095
KRTAP4.11	KRTAP4.11	0.95544378378197	5784.0	0.26076022295389	0.26076022295389	0.10034362305569801	15439.0	86.95505238256168	0.43478260869565216	1.498870781388375	1.340838370106012	23	-0.9233853878574456
HLA.DMA	HLA.DMA	0.161201259486262	5783.0	0.26075896203654697	0.26075896203654697	0.0292132522726114	7087.0	39.91213247718824	0.16	0.6396599491417638	0.7016553925652439	25	-0.5400100834684093
CRYGA	CRYGA	0.95544378378197	5771.0	0.260756970044143	0.260756970044143	0.00112065719790325	15549.0	87.57463106905486	0.5652173913043478	1.7865044820269629	1.736212465561348	23	-0.8787792636251571
LINC00293	LINC00293	0.95544378378197	5771.0	0.260756970044143	0.260756970044143	0.05120448821235805	14493.0	81.62667567872029	0.4090909090909091	1.5179719697152068	1.2217019433427143	22	-1.0290685109587219
LINC01647	LINC01647	0.95544378378197	5771.0	0.260756970044143	0.260756970044143	0.025526115610555684	15287.0	86.09890728849837	0.5	1.5630304891422744	1.5237587254411795	24	-0.8546454877369639
HNF4A.AS1	HNF4A.AS1	0.95544378378197	5771.0	0.260756970044143	0.260756970044143	0.00023850920445450297	16974.0	95.60099132589838	0.5714285714285714	2.0869384193260996	1.4810027149812728	21	-1.2330709665883688
IAPP	IAPP	0.95544378378197	5771.0	0.260756970044143	0.260756970044143	0.006391948428384	17263.0	97.22879351132138	0.6363636363636364	3.319725208465218	2.7645089419217967	22	-1.1065141414571007
LINC01312	LINC01312	0.95544378378197	5771.0	0.260756970044143	0.260756970044143	0.18382823412431848	10411.0	58.63467387630956	0.2727272727272727	0.9691276791571201	0.9929501788423699	22	-0.7134000518926644
LINC01743	LINC01743	0.95544378378197	5771.0	0.260756970044143	0.260756970044143	0.02058430697795485	13290.0	74.85073786189027	0.4090909090909091	1.2924987196392885	1.1461475181188154	22	-0.9001823354192265
LINC00314	LINC00314	0.95544378378197	5771.0	0.260756970044143	0.260756970044143	0.3461425963468945	11485.0	64.68401486988847	0.2727272727272727	0.9415819710495892	0.8701716198018459	22	-0.7824031323389776
LINC00620	LINC00620	0.95544378378197	5771.0	0.260756970044143	0.260756970044143	0.282278609276372	9059.0	51.01948856595696	0.17391304347826086	0.8287766931437307	0.7928965813896729	23	-0.7163856377133648
CASC6	CASC6	0.95544378378197	5771.0	0.260756970044143	0.260756970044143	0.165346912328348	13591.0	76.54613044947617	0.3181818181818182	1.1704394957111162	0.990622750979348	22	-0.9182935933660358
TMCO5B	TMCO5B	0.95544378378197	5771.0	0.260756970044143	0.260756970044143	0.0081944147001101	15918.0	89.6530359355638	0.6666666666666666	2.194883330275547	2.010220458766211	21	-0.9621463913557468
OR4D1	OR4D1	0.95544378378197	5771.0	0.260756970044143	0.260756970044143	0.08725154816573674	13404.0	75.49284668243776	0.3333333333333333	1.3659722614482994	1.3152597598514861	24	-0.8403019123225917
CYLC2	CYLC2	0.95544378378197	5771.0	0.260756970044143	0.260756970044143	6.436450088748471e-05	16245.0	91.49487439450265	0.6086956521739131	2.2240549789025685	1.7687238507772656	23	-1.1100082175041934
FMR1NB	FMR1NB	0.95544378378197	5771.0	0.260756970044143	0.260756970044143	0.00290146022313768	16010.0	90.17122901881265	0.5652173913043478	2.113600433762707	2.118577114281209	23	-0.8745697530803342
SYCP1	SYCP1	0.95544378378197	5771.0	0.260756970044143	0.260756970044143	2.6974012326592603e-05	17480.0	98.45105328376704	0.6086956521739131	3.142149231152356	2.9789997734842615	23	-0.9672348036932255
C11orf40	C11orf40	0.95544378378197	5771.0	0.260756970044143	0.260756970044143	0.000983302561745222	17144.0	96.55852202320604	0.7222222222222222	2.6559767589421344	1.6622668582790907	18	-1.4409357781323457
TPD52L3	TPD52L3	0.95544378378197	5771.0	0.260756970044143	0.260756970044143	0.00298008371992297	16159.0	91.01047651233525	0.5652173913043478	2.103697227931801	1.9020612479386483	23	-0.9689174099335326
SPAM1	SPAM1	0.95544378378197	5771.0	0.260756970044143	0.260756970044143	0.0207427990988371	14098.0	79.40182494085839	0.43478260869565216	1.7199460173534	1.743346112421116	23	-0.8370047903355068
SMIM21	SMIM21	0.95544378378197	5771.0	0.260756970044143	0.260756970044143	0.009192326688536867	13847.0	77.98805902895121	0.5	1.5853338470788534	1.582995546108742	22	-0.836753382086724
CCDC182	CCDC182	0.95544378378197	5771.0	0.260756970044143	0.260756970044143	0.0325877826230985	15282.0	86.07074462093048	0.47619047619047616	1.4999460006860819	1.150855417261941	21	-1.0767547443884453
IL36B	IL36B	0.95544378378197	5771.0	0.260756970044143	0.260756970044143	0.00117573163938446	17081.0	96.20367241185085	0.5909090909090909	2.347007408195647	1.6532446171292534	22	-1.2619127360439473
PRM2	PRM2	0.95544378378197	5771.0	0.260756970044143	0.260756970044143	0.0268677801383085	17260.0	97.21189591078067	0.6086956521739131	3.2038266277332075	2.7405542961412412	23	-1.073895766937721
LECT2	LECT2	0.95544378378197	5771.0	0.260756970044143	0.260756970044143	6.50391901802239e-06	17228.0	97.03165483834628	0.6086956521739131	2.4361416253384527	1.9333527090519464	23	-1.1251876830901941
TAS2R41	TAS2R41	0.95544378378197	5724.5	0.26075371713439605	0.26075371713439605	0.17617453532539604	13837.0	77.93173369381547	0.23809523809523808	1.1050511400577172	0.7089416293387825	21	-1.19092656995017
OR1C1	OR1C1	0.95544378378197	5724.5	0.26075371713439605	0.26075371713439605	0.013009150103507651	13828.0	77.8810408921933	0.36363636363636365	1.2835057155944087	1.056129044228752	22	-0.9683968110231138
LINC01360	LINC01360	0.95544378378197	5724.5	0.26075371713439605	0.26075371713439605	0.00210080458712208	16289.0	91.74270586909992	0.5217391304347826	1.857889474140669	1.6988908750829128	23	-0.940104971090816
SCGB1D1	SCGB1D1	0.95544378378197	5724.5	0.26075371713439605	0.26075371713439605	0.017297177056400652	16825.0	94.7617438323758	0.5	2.3380458190519264	1.9226838964139095	22	-1.0804127011163864
COX7B2	COX7B2	0.95544378378197	5724.5	0.26075371713439605	0.26075371713439605	2.552948887876375e-05	17476.0	98.42852314971273	0.7727272727272727	2.819662782366531	2.1771635222682444	22	-1.1753407766845985
LINC01339	LINC01339	0.95544378378197	5724.5	0.26075371713439605	0.26075371713439605	0.0355268530736301	14925.0	84.05993015658443	0.5238095238095238	1.3971792853951608	1.2428115339729533	21	-0.9143989552687046
MAGEA11	MAGEA11	0.95544378378197	5724.5	0.26075371713439605	0.26075371713439605	0.000227476266590424	15296.0	86.14960009012053	0.5	1.9735569054084652	2.215222432761155	24	-0.7731969318038877
LINC01233	LINC01233	0.95544378378197	5724.5	0.26075371713439605	0.26075371713439605	0.0202348841347582	15040.0	84.70767151064548	0.4782608695652174	1.4712856048753644	1.09146417908066	23	-1.1090898913060059
SUN5	SUN5	0.95544378378197	5724.5	0.26075371713439605	0.26075371713439605	0.00562154681620576	15877.0	89.42210206150726	0.6956521739130435	1.9274207885000105	1.4130284382497846	23	-1.1795000201340557
LINC01467	LINC01467	0.95544378378197	5724.5	0.26075371713439605	0.26075371713439605	0.0111487705120686	15697.0	88.40824602906386	0.5238095238095238	1.8050714831316037	1.5097342435579397	21	-1.0229070265755953
LINC01448	LINC01448	0.95544378378197	5724.5	0.26075371713439605	0.26075371713439605	0.0295697511826143	13451.0	75.75757575757575	0.42857142857142855	1.2677256748080281	0.9710764419562936	21	-1.0369646653614875
ADAM18	ADAM18	0.95544378378197	5724.5	0.26075371713439605	0.26075371713439605	0.000667771588245884	15748.0	88.69550523825616	0.5652173913043478	1.766748214761042	1.5575930298401235	23	-0.9668729050368351
TNP1	TNP1	0.95544378378197	5724.5	0.26075371713439605	0.26075371713439605	0.04175567440140375	17387.0	97.92722766700462	0.5454545454545454	3.106265691862821	2.4576908038207894	22	-1.157799008038244
FOXR2	FOXR2	0.95544378378197	5724.5	0.26075371713439605	0.26075371713439605	0.00034163125401726806	15857.0	89.30945139123577	0.5909090909090909	2.1862114968477417	1.9806865598707502	22	-0.9721163452732225
OOSP2	OOSP2	0.95544378378197	5724.5	0.26075371713439605	0.26075371713439605	1.19241890416535e-06	17478.0	98.43978821673988	0.5789473684210527	3.430526705899344	2.9891987010216052	19	-1.0604089275435682
LINC01538	LINC01538	0.95544378378197	5724.5	0.26075371713439605	0.26075371713439605	0.0756060409454804	12661.0	71.30787428185197	0.34782608695652173	1.3016752939854788	1.1929161712001959	23	-0.8725856870594763
FTHL17	FTHL17	0.95544378378197	5724.5	0.26075371713439605	0.26075371713439605	0.00402977901471935	15873.0	89.39957192745297	0.5454545454545454	2.021248705500194	1.6358135894341959	22	-1.0762198087465014
OR2M4	OR2M4	0.95544378378197	5724.5	0.26075371713439605	0.26075371713439605	0.000658121066025204	17308.0	97.48225751943224	0.6842105263157895	2.5649235759278555	2.0027639355143	19	-1.1504949824262536
OR2F2	OR2F2	0.95544378378197	5724.5	0.26075371713439605	0.26075371713439605	0.0103213806977581	16289.0	91.74270586909992	0.5652173913043478	1.8589330286007324	1.5950616607195092	23	-1.0019545644056298
OR14J1	OR14J1	0.95544378378197	5724.5	0.26075371713439605	0.26075371713439605	0.0453326829936727	13639.0	76.81649205812774	0.3333333333333333	1.2260697979435018	0.9793463630121565	21	-0.9856738302882975
LINC01193	LINC01193	0.95544378378197	5724.5	0.26075371713439605	0.26075371713439605	0.0199443491887877	12210.0	68.76760166722991	0.30434782608695654	1.2068508512795237	1.2108040001085851	23	-0.7813792604420546
MCHR2	MCHR2	0.95544378378197	5724.5	0.26075371713439605	0.26075371713439605	0.001627479672978045	15209.0	85.65956967443955	0.5	1.692286952838125	1.3899919114439432	24	-1.0298860187010959
OR2B2	OR2B2	0.95544378378197	5724.5	0.26075371713439605	0.26075371713439605	0.0010783664355224801	15674.0	88.27869775825165	0.6956521739130435	1.9020338967961319	1.4348414583978277	23	-1.1438756317331544
CYP11B2	CYP11B2	0.95544378378197	5724.5	0.26075371713439605	0.26075371713439605	1.20725989357877e-09	17743.0	99.93240959783711	0.8095238095238095	4.411073767670347	2.4233555007204606	21	-1.7126335980429064
LINC01192	LINC01192	0.95544378378197	5724.5	0.26075371713439605	0.26075371713439605	0.0029628796420976197	14458.0	81.42953700574517	0.4782608695652174	1.5224499046819655	1.294296175546574	23	-0.9748125748843862
LINC01097	LINC01097	0.95544378378197	5724.5	0.26075371713439605	0.26075371713439605	0.006323533787070565	14038.0	79.06387293004393	0.4166666666666667	1.3109426743545292	1.099284147891529	24	-0.955338944197856
LINC00305	LINC00305	0.95544378378197	5724.5	0.26075371713439605	0.26075371713439605	0.00023053811186986756	15883.0	89.4558972625887	0.5909090909090909	1.596475772986487	1.0966106301355814	22	-1.2180458762167448
SLC17A2	SLC17A2	0.95544378378197	5724.5	0.26075371713439605	0.26075371713439605	2.2819729677922996e-06	17194.0	96.84014869888475	0.6521739130434783	2.7225441469034437	2.1176095192516096	23	-1.162532755632434
LINC00226	LINC00226	0.95544378378197	5724.5	0.26075371713439605	0.26075371713439605	0.000180557895838958	16982.0	95.64605159400698	0.6666666666666666	2.252956292448675	1.621730079062561	21	-1.2284427606262744
LINC00052	LINC00052	0.95544378378197	5724.5	0.26075371713439605	0.26075371713439605	0.00276631913858821	14141.0	79.64402388194209	0.5217391304347826	2.0502825945829493	2.078269681984578	23	-0.8610667291935372
CST9	CST9	0.95544378378197	5724.5	0.26075371713439605	0.26075371713439605	0.000429216686971714	15933.0	89.73752393826743	0.6956521739130435	2.2388191741411085	1.8497669498435	23	-1.069359281813348
MS4A5	MS4A5	0.95544378378197	5724.5	0.26075371713439605	0.26075371713439605	0.00999768825526125	16289.0	91.74270586909992	0.5652173913043478	2.1911225151765525	1.6527352572021272	23	-1.1679842791700517
SORCS3.AS1	SORCS3.AS1	0.95544378378197	5724.5	0.26075371713439605	0.26075371713439605	0.00310188120632814	17399.0	97.99481806916751	0.6666666666666666	2.8952331424383417	2.034920847611229	21	-1.2946348396776868
DSCR4	DSCR4	0.95544378378197	5724.5	0.26075371713439605	0.26075371713439605	0.00022643054650901302	14945.0	84.17258082685592	0.6363636363636364	1.8957637112342525	1.7295876557259724	22	-0.9453177979658867
LGALS13	LGALS13	0.95544378378197	5724.5	0.26075371713439605	0.26075371713439605	0.00401860159236605	16376.0	92.23273628478088	0.5652173913043478	2.1643862790646957	1.2492764484404801	23	-1.5237880809381121
BCORP1	BCORP1	0.95544378378197	5724.5	0.26075371713439605	0.26075371713439605	7.573257211669125e-05	15390.0	86.67905824039653	0.5416666666666666	1.7785860866750445	1.7062136900548874	24	-0.8895910157020374
NOX3	NOX3	0.95544378378197	5724.5	0.26075371713439605	0.26075371713439605	0.0007067792270528685	15919.0	89.65866846907738	0.5833333333333334	1.89948287834195	1.476992996995929	24	-1.1095036770929732
MYOD1	MYOD1	0.95544378378197	5724.5	0.26075371713439605	0.26075371713439605	0.001580851788336768	17212.0	96.94153430212909	0.6363636363636364	2.6216962177685166	2.040351197331012	22	-1.1571255496222783
KRTAP9.3	KRTAP9.3	0.95544378378197	5724.5	0.26075371713439605	0.26075371713439605	0.0006251260653093119	16697.0	94.04077954263828	0.6	1.9590411885456613	1.525663323844973	20	-1.113146947211948
KRTAP4.12	KRTAP4.12	0.95544378378197	5724.5	0.26075371713439605	0.26075371713439605	0.028038105636963802	13532.0	76.21381097217528	0.36363636363636365	1.439196638002131	1.4949783491315691	22	-0.7882675501971589
DEFB132	DEFB132	0.95544378378197	5724.5	0.26075371713439605	0.26075371713439605	0.00123739223371018	17189.0	96.81198603131688	0.7142857142857143	2.4681015731885605	1.9810498909617305	21	-1.1142313306317462
ASB10	ASB10	0.95544378378197	5724.5	0.26075371713439605	0.26075371713439605	1.0093519601989962e-06	17452.0	98.29334234538695	0.625	2.683143579617667	1.7647505180941494	24	-1.3726528694261795
DAOA	DAOA	0.95544378378197	5724.5	0.26075371713439605	0.26075371713439605	0.1421262284564945	12297.0	69.25763208291089	0.2727272727272727	1.0960034729306296	1.0967847179472079	22	-0.7615439403272548
LINC00320	LINC00320	0.95544378378197	5724.5	0.26075371713439605	0.26075371713439605	1.15885753950893e-05	17528.0	98.72141489241861	0.7894736842105263	3.422605160875912	2.2194992880138638	19	-1.4245787150357336
LINC00343	LINC00343	0.95544378378197	5724.5	0.26075371713439605	0.26075371713439605	0.003225458949118539	15520.0	87.41128759716119	0.5454545454545454	1.6683292447510851	1.228016690549618	22	-1.1462185640055973
MRGPRX1	MRGPRX1	0.95544378378197	5724.5	0.26075371713439605	0.26075371713439605	0.003514357327681985	16569.0	93.31981525290075	0.5909090909090909	2.2912562148292817	1.768976361879175	22	-1.1478403790189105
MIR124.2HG	MIR124.2HG	0.95544378378197	5724.5	0.26075371713439605	0.26075371713439605	1.3672799062685301e-05	17062.0	96.09665427509293	0.6086956521739131	2.4484544583703745	1.761245308009549	23	-1.2421328995382155
TBL1Y	TBL1Y	0.95544378378197	5724.5	0.26075371713439605	0.26075371713439605	0.0004991259579323955	9932.0	55.93669032330742	0.2916666666666667	0.9314001601547924	1.1634092052664258	24	-0.5764493180770522
NUP210P1	NUP210P1	0.95544378378197	5724.5	0.26075371713439605	0.26075371713439605	0.00398286854520004	13687.0	77.0868536667793	0.375	1.270031372127581	0.9960266352088853	24	-1.0133038809564774
LINC01007	LINC01007	0.95544378378197	5724.5	0.26075371713439605	0.26075371713439605	0.005019890528066878	15717.0	88.52089669933535	0.5416666666666666	2.026861958529886	1.5531188211880718	24	-1.137136590775772
LINC00993	LINC00993	0.95544378378197	5724.5	0.26075371713439605	0.26075371713439605	7.906167246724304e-05	17177.0	96.74439562915398	0.6818181818181818	2.5700634385730763	2.0628160511479052	22	-1.1194937717076652
PTH	PTH	0.95544378378197	5724.5	0.26075371713439605	0.26075371713439605	7.117698932311349e-06	17730.0	99.85918666216064	0.8095238095238095	4.375808502004655	2.957139375710778	21	-1.3915660582894118
LINC00927	LINC00927	0.95544378378197	5724.5	0.26075371713439605	0.26075371713439605	0.004646987603286821	15202.0	85.62014193984453	0.5652173913043478	1.5296939899192983	1.0186284597135955	23	-1.245734164095205
LINC00845	LINC00845	0.95544378378197	5724.5	0.26075371713439605	0.26075371713439605	0.158468709770638	10596.0	59.676692576320825	0.3	0.8861289441192506	0.774555972858697	20	-0.8073983661590617
LINC00838	LINC00838	0.95544378378197	5724.5	0.26075371713439605	0.26075371713439605	4.04054566979842e-05	17604.0	99.14948743945025	0.8235294117647058	3.8994422136493303	2.3817358653997505	17	-1.5277464429936762
LINC00408	LINC00408	0.95544378378197	5724.5	0.26075371713439605	0.26075371713439605	0.0249526061017503	16197.0	91.22451278585108	0.47368421052631576	1.4413414569716876	1.0948561343344585	19	-1.0783039915604506
GCG	GCG	0.95544378378197	5724.5	0.26075371713439605	0.26075371713439605	0.0015422382344726	17342.0	97.67376365889376	0.7391304347826086	3.9294631253284193	3.538551707681352	23	-1.0367827606503897
LINC00559	LINC00559	0.95544378378197	5724.5	0.26075371713439605	0.26075371713439605	0.0016691997464080076	13488.0	75.965979497578	0.4090909090909091	1.2439897219386784	0.9883363703178898	22	-0.994839443668387
TECRL	TECRL	0.95544378378197	5724.5	0.26075371713439605	0.26075371713439605	2.84527179805404e-09	17725.0	99.83102399459275	0.782608695652174	5.049677318965931	3.087743830279779	23	-1.5509458896393014
CRYGD	CRYGD	0.95544378378197	5724.5	0.26075371713439605	0.26075371713439605	5.1323284963882604e-06	17273.0	97.28511884645712	0.7916666666666666	2.5108454814779484	1.6739477369229234	24	-1.3441828049421098
LINC00507	LINC00507	0.95544378378197	5724.5	0.26075371713439605	0.26075371713439605	0.0007598473202003487	16674.0	93.91123127182607	0.65	2.0874987180160427	1.674023994425993	20	-1.0912298790006414
LINC00474	LINC00474	0.95544378378197	5724.5	0.26075371713439605	0.26075371713439605	0.00596671794055842	16648.0	93.76478540047313	0.5238095238095238	1.7458183538840273	1.118709262137926	21	-1.3274804160569622
LINC00424	LINC00424	0.95544378378197	5724.5	0.26075371713439605	0.26075371713439605	0.006862772950205371	16137.0	90.8865607750366	0.5238095238095238	1.5971791155734394	1.0621013341153802	21	-1.258284266775869
WFDC9	WFDC9	0.95544378378197	5724.5	0.26075371713439605	0.26075371713439605	0.023574758993926352	17348.0	97.70755885997521	0.6	3.3505545016251608	2.418504615179127	20	-1.2775666273690025
NEUROD6	NEUROD6	0.95544378378197	5724.5	0.26075371713439605	0.26075371713439605	0.01058421956434428	17414.0	98.07930607187112	0.5454545454545454	2.9317265444583183	1.9758146643776289	22	-1.3518336894038918
ZNRF4	ZNRF4	0.95544378378197	5724.5	0.26075371713439605	0.26075371713439605	0.00138270800943041	16722.0	94.18159288047764	0.6818181818181818	2.3349193326229165	1.575723441890555	22	-1.3163259239197038
IQCF3	IQCF3	0.95544378378197	5724.5	0.26075371713439605	0.26075371713439605	0.00286686293488947	16213.0	91.31463332206826	0.6086956521739131	1.9445837542885482	1.6190343524646618	23	-1.040021192009207
PEX5L.AS2	PEX5L.AS2	0.95544378378197	5724.5	0.26075371713439605	0.26075371713439605	0.0196369795734136	13101.0	73.7861890278247	0.2608695652173913	1.448771274051222	1.3318304434843349	23	-0.8920186219866955
CCER1	CCER1	0.95544378378197	5724.5	0.26075371713439605	0.26075371713439605	0.00016936917778015903	17370.0	97.83147459727385	0.7272727272727273	2.575941796243276	1.7234738093181667	22	-1.3433265226263025
PRAC1	PRAC1	0.95544378378197	5724.5	0.26075371713439605	0.26075371713439605	0.000785160500751639	17055.0	96.05722654049791	0.5652173913043478	2.5492673631706775	2.1255698211896603	23	-1.0766588908170625
ACSL6	ACSL6	0.46287870678361	5689.0	0.260735268954837	0.260735268954837	1.3044499728373116e-05	14518.0	81.76748901655964	0.5833333333333334	1.5201712084487642	1.821557837755716	24	-0.6914059566978331
PPP1R3F	PPP1R3F	0.13943228906587501	5688.0	0.260673973747103	-0.260673973747103	2.0539595116373301e-10	9604.0	54.089219330855016	0.12	1.0475844377882833	1.4765575050537094	25	-0.5329358737115738
AGBL3	AGBL3	0.38819146169337804	5687.0	0.260668342155944	-0.260668342155944	0.00434427004413519	5266.0	29.655288948969247	0.08	0.5825856800203999	0.9792216965329065	25	-0.3287481670435373
IMPA1	IMPA1	0.14086708127422304	5686.0	0.26054545916067195	0.26054545916067195	0.000333457596935932	5953.0	33.52483947279486	0.04	0.40837437309808355	0.25263417828053175	25	-0.585150097043712
UBN1	UBN1	0.0296865224765416	5685.0	0.26053646409930104	0.26053646409930104	0.00240192920328964	2231.0	12.560549735270923	0.04	0.3803841850949235	0.4227479872309687	25	-0.2834968459119915
SACS	SACS	0.20866264353103303	5684.0	0.260334327745399	-0.260334327745399	0.0038700511640407	3380.0	19.032330742367918	0.08	0.6354189445057796	0.9307169480180908	25	-0.403006110030662
CIRBP	CIRBP	0.0730748263403511	5683.0	0.260245111144732	-0.260245111144732	8.04326365002523e-06	2379.0	13.394164695279937	0.16	0.46061580524801937	0.506748919551356	25	-0.395404284789957
LAMTOR5	LAMTOR5	0.0015232999636324801	5682.0	0.260114068392643	-0.260114068392643	8.3270783512612e-11	9717.0	54.725695617888924	0.08	0.5186655247888706	0.4001858779762343	25	-0.646078411621467
MS4A6A	MS4A6A	0.294231020474919	5681.0	0.25990060921649	0.25990060921649	0.01520727492726005	12880.0	72.54139912132477	0.4583333333333333	1.7116305656539932	2.4103488368153747	24	-0.6022903964206162
PTPA	PTPA	0.0240607739104354	5680.0	0.259692409548058	-0.259692409548058	0.000396625979230277	4693.0	26.42784724569111	0.12	0.5332982909232683	0.6400880453124631	25	-0.42745038495703797
RFC5	RFC5	0.0464358473717853	5679.0	0.259689901918582	0.259689901918582	0.00493041086563323	2190.0	12.329615861214373	0.08	0.38381177158556634	0.5814318723846773	25	-0.2134762051449166
GMPR	GMPR	0.38072399529732204	5678.0	0.259669553000085	-0.259669553000085	0.000201785170817334	7040.0	39.64740340205024	0.2	1.0104302532648208	1.8738140502689655	25	-0.40065912631884276
NUDT6	NUDT6	0.116746261293987	5677.0	0.259656216392341	-0.259656216392341	0.00240140117809187	4436.0	24.98028613270249	0.08	0.5702752527086006	0.9065928184872492	25	-0.34262243201370374
PREB	PREB	0.028715465965603	5676.0	0.259602179375012	0.259602179375012	0.0033922909078194802	679.0	3.8188577222034468	0.08	0.3286505820688525	0.46998663271080776	25	-0.14691567352794768
ZKSCAN7	ZKSCAN7	0.22752424265914897	5675.0	0.259601699256174	0.259601699256174	0.0004089017593368655	8694.0	48.96361383350231	0.25	0.9792188836186103	1.5367914629350068	24	-0.4682594884982583
HERC3	HERC3	3.45582492918809e-05	5674.0	0.259570327824731	-0.259570327824731	1.8364667718965e-07	7622.0	42.925537906950545	0.04	0.44978163793118286	0.3633680031615964	25	-0.5234674171954029
GPR176	GPR176	0.298477579379891	5673.0	0.259530332976242	-0.259530332976242	1.45558881363756e-06	11915.0	67.10600428072547	0.36	1.1295729516415849	1.2091652796572765	25	-0.7195398621699973
NR2C2AP	NR2C2AP	0.0100967189514715	5672.0	0.259474635727457	0.259474635727457	6.0389652604656e-07	3795.0	21.369832150501296	0.04	0.41422349104925643	0.5560432592978363	25	-0.2783036260833629
ADAMTS2	ADAMTS2	0.508157778954509	5671.0	0.259404730588719	-0.259404730588719	4.39235593259841e-06	14143.0	79.65528894896924	0.5	1.505653930826781	1.8722107675301864	24	-0.6656564644599866
FMN2	FMN2	0.581024705482978	5670.0	0.259318966243364	-0.259318966243364	0.00119318798451676	13981.0	78.74281851977018	0.5217391304347826	1.090706909413998	0.8864269129886686	23	-0.937909184602185
SLC17A3	SLC17A3	0.6682533696702561	5669.0	0.25919633778748197	-0.25919633778748197	7.84602921491819e-06	17311.0	97.49915511997295	0.6666666666666666	2.2756091850950364	1.2926861361879287	24	-1.5598626695679296
VASN	VASN	0.170756829051111	5668.0	0.258961956292487	0.258961956292487	1.8353481635368598e-06	12704.0	71.55007322293567	0.36	1.0312230432915763	1.1218864619532736	25	-0.6883593957043881
ZNF850	ZNF850	0.271519203260802	5667.0	0.258936572651745	0.258936572651745	0.00010003769158541875	9063.0	51.04201870001126	0.125	0.6243290410053434	0.604468962029195	24	-0.6044850791461323
ZFYVE16	ZFYVE16	0.165681522984711	5666.0	0.25892932060199203	0.25892932060199203	6.05157546985176e-05	6762.0	38.08155908527655	0.08	0.5104706496701136	0.394250363214787	25	-0.6380243432549032
YAP1	YAP1	0.13273778799331698	5665.0	0.258830379162257	0.258830379162257	0.149291038780298	6089.0	34.29086403064098	0.0	0.40095780367364087	0.31758033269686686	25	-0.4475321985604371
CMTM4	CMTM4	0.3717392072624329	5664.0	0.258794117733292	0.258794117733292	0.019076127400873	4651.0	26.19128083812099	0.12	0.4168463419448171	0.39092341949332304	25	-0.4043048237334491
USP20	USP20	0.0471843206443221	5663.0	0.25872819541703695	-0.25872819541703695	1.5622243403079502e-05	6969.0	39.24749352258645	0.08	0.4859347278217811	0.37729268577285807	25	-0.6022023245410316
PLD6	PLD6	0.23277196206796802	5662.0	0.258725476608877	0.258725476608877	0.0135032573091716	474.0	2.6641883519206937	0.12	0.6087350613498477	1.2203508999217392	25	-0.28681060895142263
CARM1	CARM1	0.00228029451875429	5661.0	0.258689267170703	0.258689267170703	2.27420709566065e-06	9004.0	50.70969922271037	0.24	0.6980753283411822	0.5924129969268987	25	-0.7416887601213409
ZNF397	ZNF397	0.0737244343861623	5660.0	0.258671526761321	0.258671526761321	0.000627622165266344	3769.0	21.22338627914836	0.12	0.6243244583625229	1.1843732538884133	25	-0.30873116257964084
BPGM	BPGM	0.0821778571100691	5659.0	0.258539476986185	0.258539476986185	1.8368319901847e-05	8541.0	48.10183620592542	0.12	0.5664785102619991	0.594800912624302	25	-0.5177178224511563
RNF185	RNF185	0.00182122207062642	5658.0	0.25852080758999696	-0.25852080758999696	0.000926959041770509	927.0	5.2157260335699	0.08	0.3468936720299725	0.3965364549879525	25	-0.2228618915823527
SLC30A7	SLC30A7	0.19316005161399102	5657.0	0.258499385822537	0.258499385822537	6.336732402574389e-07	10145.0	57.13641996169877	0.16	0.6827588060030325	0.47375646742233735	25	-0.8955221708926732
PITPNC1	PITPNC1	0.192761159771008	5656.0	0.258402972535269	-0.258402972535269	0.0012924071343079	2601.0	14.644587135293454	0.08	0.5039115791290986	0.850089901030451	25	-0.28880310929024344
PLEKHG5	PLEKHG5	0.3622078235488789	5655.0	0.258371440635788	-0.258371440635788	5.68634449546796e-08	12863.0	72.445646051594	0.4	1.336952635403462	1.645245393691507	25	-0.6555746631495595
ZMAT5	ZMAT5	0.00542897576168205	5654.0	0.25836795339045604	-0.25836795339045604	0.011769624584898001	48.0	0.26472907513799704	0.12	0.43234757956676184	0.8151071800984531	25	-0.21344386410053656
MMEL1	MMEL1	0.38665919906167895	5653.0	0.258367071706899	0.258367071706899	0.00477440926670605	5745.0	32.35327250197138	0.12	0.5753670495528902	0.7187142168325418	25	-0.44106540600107713
WASL	WASL	0.125301128115337	5652.0	0.25828414387917803	0.25828414387917803	0.000257851289937295	6059.0	34.121888025233744	0.04	0.4129744668813317	0.32799412280809376	25	-0.47162528912952967
ARMC8	ARMC8	8.65950994676791e-05	5651.0	0.258204544241906	-0.258204544241906	0.000302283516792673	5023.0	28.286583305170666	0.04	0.3881755374140106	0.3148720982582604	25	-0.4127739291320169
PPM1A	PPM1A	0.00795432414199476	5650.0	0.258179404839902	0.258179404839902	0.000390463572036189	7353.0	41.41038639179903	0.08	0.5218430808611367	0.5622687796971513	25	-0.46892818086618476
MAPK12	MAPK12	0.281172484954442	5649.0	0.258140973471847	-0.258140973471847	3.5418187983334e-06	8719.0	49.10442717134166	0.2	0.6689601050679737	0.6737358053657349	25	-0.6097629491030465
SMOX	SMOX	0.34994407489454	5648.0	0.258140353885773	0.258140353885773	0.00038502787389409703	7123.0	40.114903683676914	0.16	0.7226380675207587	1.1501373514127182	25	-0.40386281957058545
LINC00924	LINC00924	0.509686910778353	5647.0	0.258036803551981	-0.258036803551981	0.000418194026295852	11071.0	62.352145995268664	0.391304347826087	0.9521129856108069	0.9096923486001198	23	-0.7629790259607054
WLS	WLS	0.0515900659733467	5646.0	0.258006786645914	0.258006786645914	0.00150998016341703	9633.0	54.25256280274867	0.12	0.5772843282733664	0.5062813482103286	25	-0.6306326368847631
CSNK1D	CSNK1D	0.0328452018956561	5645.0	0.25798055495655303	-0.25798055495655303	0.00021204781293373	4273.0	24.06218316998986	0.16	0.48831071576002555	0.43128088012056226	25	-0.5340606816121433
ACTR5	ACTR5	0.006891265792731	5644.0	0.257964260561631	0.257964260561631	0.00272602824315003	1698.0	9.558409372535765	0.08	0.38878164639815177	0.5949564743664839	25	-0.21987723719758914
MIR600HG	MIR600HG	0.0455280860256307	5643.0	0.25793474425870805	-0.25793474425870805	7.73343970469378e-10	16055.0	90.4246930269235	0.625	1.9130787150940896	1.9499163513351223	24	-0.8488281918873556
ZNF436	ZNF436	0.111651727705115	5642.0	0.257871795399739	0.257871795399739	7.41470875571878e-06	4686.0	26.388419511096092	0.12	0.4568934943429699	0.39523413706509536	25	-0.503553919762887
CHML	CHML	0.160002844558897	5641.0	0.25775098820417197	0.25775098820417197	0.00016705958673107199	8716.0	49.08752957080094	0.08	0.4752099061846756	0.3288849897347507	25	-0.661200494908225
LUC7L3	LUC7L3	0.0246390715010459	5640.0	0.257714052243924	0.257714052243924	1.46925654425493e-07	8088.0	45.550298524276215	0.08	0.5117402445233019	0.471534070737938	25	-0.5387228793071809
KCTD4	KCTD4	0.8664051313495781	5639.0	0.257677938141708	-0.257677938141708	0.0013696311905397394	13443.0	75.71251548946715	0.4166666666666667	1.6809703187298044	1.9346216445418467	24	-0.7356954702763897
AZI2	AZI2	0.007410207168527791	5638.0	0.257674029163004	-0.257674029163004	0.00013759158260918	5026.0	28.30348090571139	0.08	0.4549957896188328	0.41079728263044046	25	-0.4803385241312379
BRAP	BRAP	0.00288102140541629	5637.0	0.257673804449215	0.257673804449215	9.50034285458856e-05	2946.0	16.587811197476626	0.08	0.38002853171522183	0.49752007559878164	25	-0.24592922631061453
MYSM1	MYSM1	0.0717002100563868	5636.0	0.25761079212229004	0.25761079212229004	0.000438048526756069	6343.0	35.721527543088875	0.08	0.5102660706590387	0.38061895687184394	25	-0.6638010902379169
GBP3	GBP3	0.44577722167699896	5635.0	0.257580812101993	-0.257580812101993	6.853675767896529e-12	13973.0	78.6977582516616	0.5	1.3555112693735254	1.328145624476305	24	-0.8266642128979286
LINC01333	LINC01333	0.8927574356393408	5634.0	0.25752105740585995	0.25752105740585995	0.0226152919648	15767.0	88.80252337501408	0.6190476190476191	1.8476764325035457	1.369069278028305	21	-1.161486420459148
SENP2	SENP2	0.0034415831673546	5633.0	0.257496058116184	-0.257496058116184	0.000364796170369156	4985.0	28.07254703165484	0.12	0.40723191707890855	0.35536692384712626	25	-0.42135564374341933
KEL	KEL	0.6290859179965171	5632.0	0.25740757129103303	0.25740757129103303	3.1052779657275196e-05	14336.0	80.7423679170891	0.5833333333333334	1.5607685628520416	1.759670831869334	24	-0.7406845461980078
FNDC3A	FNDC3A	0.0521236694348324	5631.0	0.257269265141006	0.257269265141006	0.0007734154946470991	5025.0	28.297848372197816	0.12	0.5493656545709643	0.6308418361369631	25	-0.4630263446359965
OMD	OMD	0.6513114511598149	5630.0	0.257188116202208	-0.257188116202208	0.03381692177979035	8810.0	49.61698772107694	0.2916666666666667	1.0775856233221128	1.3686972945169997	24	-0.5994002548309378
IDUA	IDUA	0.337986347849111	5629.0	0.25711391324015	0.25711391324015	0.00380215507987439	5575.0	31.39574180466374	0.2	0.8355170541604596	1.3681183347126125	25	-0.42277274285766314
POLR2D	POLR2D	0.00965135824746437	5628.0	0.257076691263583	0.257076691263583	0.00090837776725447	3770.0	21.229018812661934	0.08	0.39157431242663243	0.4267757577417008	25	-0.315148221807978
BTK	BTK	0.312636933058813	5627.0	0.25702797851861103	-0.25702797851861103	0.002474925541424825	12841.0	72.32173031429537	0.4166666666666667	1.5398678156861898	2.392988572720306	24	-0.5360827259234546
CD99	CD99	0.236957734022631	5626.0	0.25702727530017	-0.25702727530017	0.000327613929674729	8354.0	47.04855243888701	0.0	0.41966620955513745	0.22717605834611518	25	-0.7159158207031575
DCAF15	DCAF15	0.0777631823094798	5625.0	0.257025023531316	-0.257025023531316	4.986720317760539e-13	12833.0	72.27667004618677	0.4	1.054705931348106	0.8381959994787287	25	-0.9516639405495433
MRPL50	MRPL50	0.119761770559314	5624.0	0.256989317487842	0.256989317487842	3.3793494421170095e-08	11693.0	65.85558184071195	0.16	0.7493880438167134	0.5841340446520001	25	-0.8429550217745306
PSMD5	PSMD5	0.0721496991564961	5623.0	0.25695285123302	0.25695285123302	2.71833521684219e-06	9077.0	51.1208741692013	0.16	0.6154524984778302	0.5418545739120529	25	-0.6616159842603773
AMT	AMT	0.22691295953061	5622.0	0.25683752173228896	-0.25683752173228896	5.753213468095126e-09	10291.0	57.95876985468063	0.16666666666666666	0.6768977774544277	0.5766170339643243	24	-0.7284908890640371
WDR19	WDR19	0.0177361042981229	5621.0	0.25681815536814606	-0.25681815536814606	0.000230746350332568	5440.0	30.635349780331193	0.08	0.4259905919995819	0.497937362882772	25	-0.33974642041726766
PRRC2C	PRRC2C	0.0482021204984789	5620.0	0.256771700126016	0.256771700126016	0.00040796131955449	4009.0	22.57519432240622	0.12	0.4657651605184656	0.4962660723411664	25	-0.4211318726797297
HSD17B11	HSD17B11	0.25433347018435104	5619.0	0.256641752756933	-0.256641752756933	5.25524702898813e-05	6404.0	36.065112087416914	0.16	0.5748559598521963	0.5305152527743295	25	-0.5998210332901119
UTP11	UTP11	0.075011760055487	5618.0	0.256627571560245	0.256627571560245	1.7060129700763e-06	6947.0	39.12357778528782	0.12	0.6082301138295448	0.7888371491527025	25	-0.4457225964154445
DAG1	DAG1	0.0746103685757058	5617.0	0.25650710714537805	-0.25650710714537805	0.0011120625582640802	6559.0	36.93815478202095	0.2	0.5849857492675635	0.5215400032200587	25	-0.629824443176197
NTF3	NTF3	0.39990327100660494	5616.0	0.25648666578696	-0.25648666578696	0.000486866734239117	13044.0	73.46513461755097	0.34782608695652173	1.1846860573654499	1.241938834586869	23	-0.7473793118702625
CDK5RAP1	CDK5RAP1	0.007695900182002179	5615.0	0.25647103679935196	0.25647103679935196	1.30048777189781e-06	997.0	5.6100033795201085	0.12	0.5657436153186992	1.0780472962550656	25	-0.28688219857672503
TTC17	TTC17	5.7961593096959e-07	5614.0	0.256384518282203	0.256384518282203	1.3790761285508301e-05	6167.0	34.73020164469978	0.08	0.44008014367962245	0.44049312571808397	25	-0.4170226836070646
TTC5	TTC5	0.0729372873326451	5613.0	0.256360426087958	0.256360426087958	1.03073015574734e-05	2521.0	14.193984454207502	0.08	0.38093589643932435	0.4146393828033212	25	-0.3004429282841594
IFT80	IFT80	0.3185477647769289	5612.0	0.256330635780058	0.256330635780058	1.6161031775846e-06	9249.0	52.0896699335361	0.04	0.5445412205913006	0.4543073056045891	25	-0.6343956640267845
RBPJ	RBPJ	0.0082594744112655	5611.0	0.256312749002406	0.256312749002406	0.0048952984031819	2249.0	12.661935338515264	0.08	0.4598330688563703	0.7036632493243019	25	-0.28922971328884417
TRA2B	TRA2B	0.0168853900572405	5610.0	0.25631244955641	-0.25631244955641	0.000911582718477201	2211.0	12.447899064999437	0.08	0.4491286784282529	0.5335699020379892	25	-0.3613701375122068
KIAA1217	KIAA1217	0.19863265476927303	5609.0	0.25628110805456306	0.25628110805456306	6.5654101048641406e-06	10469.0	58.96136082009688	0.24	1.0691168065476608	1.715706713518483	25	-0.47376144890531796
GDF3	GDF3	0.824039464501259	5608.0	0.25623002701522	0.25623002701522	0.0033159654571542903	16522.0	93.05508617776275	0.625	2.035878781887216	1.7319069541265815	24	-1.0275660309762376
ZNF205	ZNF205	0.226670709131834	5607.0	0.25614756050055604	0.25614756050055604	0.000108225434079831	6179.0	34.797792046862675	0.28	0.6966883611134531	0.7655539884991185	25	-0.5754536025298291
C11orf42	C11orf42	0.49658719717489797	5606.0	0.25602627204017603	0.25602627204017603	0.005907372554773594	9463.0	53.295032105441024	0.4583333333333333	0.7962529616708398	0.6397043951907608	24	-0.8444942596800001
KDM5A	KDM5A	0.0035081062455408303	5605.0	0.255972148259583	0.255972148259583	0.00284241252354611	5019.0	28.26405317111637	0.08	0.4705843083055179	0.5089809283948025	25	-0.4216506907690384
SYCE2	SYCE2	0.273523361316364	5604.0	0.25593266710282603	0.25593266710282603	0.00551499463677853	1373.0	7.727835980624085	0.16	0.6336288362448201	1.0652446542241591	25	-0.3545628392916728
BMS1	BMS1	0.0145894093865437	5603.0	0.25592152670275603	0.25592152670275603	0.000129934537526346	4516.0	25.430888813788442	0.04	0.4033449507122446	0.33716054980188254	25	-0.43724992172457716
TBC1D15	TBC1D15	0.000222306183282557	5602.0	0.255750942705311	-0.255750942705311	1.8239946586367e-06	7818.0	44.02951447561112	0.08	0.4385610963886549	0.34968208545554413	25	-0.5227895888495122
DDB2	DDB2	0.15664066009865601	5601.0	0.255727419622868	0.255727419622868	0.0501984475855131	179.0	1.0025909654162442	0.12	0.4004813734168834	0.6644508121064943	25	-0.2178550332944963
TUBB	TUBB	0.0572278751174337	5600.0	0.255669150348773	0.255669150348773	0.00623390938432305	765.0	4.303255604370846	0.04	0.3552288804535593	0.47726471029972295	25	-0.20860484330019424
MED14OS	MED14OS	0.396181093393902	5599.0	0.255632387512279	0.255632387512279	3.77506369200428e-05	8399.0	47.302016446997854	0.08333333333333333	0.5868036014137346	0.6148720685863169	24	-0.5386018178754937
MFSD10	MFSD10	0.261769954431157	5598.0	0.255628635508848	0.255628635508848	1.7619807907354e-06	8436.0	47.51042018700011	0.24	0.6696145304845758	0.7087738320993363	25	-0.5840874426042674
VDAC2	VDAC2	1.18563786612842e-06	5597.0	0.255578710855773	-0.255578710855773	4.91837146664318e-05	4987.0	28.08381209868199	0.08	0.5107172979223031	0.7001435553032511	25	-0.36440896318187593
RMND5A	RMND5A	0.0489421043842939	5596.0	0.255564892788485	-0.255564892788485	0.000311219629212636	3569.0	20.09687957643348	0.08	0.37291793520458616	0.3858020899444368	25	-0.30417938490950724
PINK1	PINK1	0.22308471588116602	5595.0	0.255533038697295	-0.255533038697295	0.00473120769850732	4668.0	26.28703390785175	0.0	0.38747232226971035	0.28139195520879745	25	-0.4688807946713126
WDR81	WDR81	0.16116434761630802	5594.0	0.25542865087988703	-0.25542865087988703	2.26180735781512e-09	12784.0	72.00067590402162	0.28	0.9704632545779402	0.8066757334417665	25	-0.8863965705864031
PPP1R3B	PPP1R3B	0.239617835695456	5593.0	0.255421128818549	0.255421128818549	0.052089433102850996	229.0	1.2842176410949644	0.12	0.3355641479942163	0.43573807154215316	25	-0.18392475757747573
SERAC1	SERAC1	0.16193449527476	5592.0	0.255219688288233	0.255219688288233	1.81111811094443e-05	5252.0	29.576433479779205	0.08	0.550904536502319	0.6326332738021881	25	-0.46738744302365093
NKX2.1	NKX2.1	0.417583295141437	5591.0	0.25520728135395804	0.25520728135395804	0.0368326244661239	11983.0	67.48901655964852	0.30434782608695654	1.1454087910796824	1.375306043787666	23	-0.6472752110316202
TMEM91	TMEM91	0.250225134445672	5590.0	0.255205299336463	-0.255205299336463	2.09686573275984e-06	9382.0	52.83879689084149	0.08	0.6733996215813124	0.6362320373654602	25	-0.6572984346662709
CCND2	CCND2	0.22185308803753398	5589.0	0.255150563528237	-0.255150563528237	1.004446206729881e-05	11617.0	65.42750929368029	0.4166666666666667	1.3450751452689458	1.632290405452319	24	-0.6677271263128469
DNAJC24	DNAJC24	0.0310870460050552	5588.0	0.255120942917561	0.255120942917561	2.25284343569267e-05	8038.0	45.26867184859749	0.08	0.5278776191659283	0.4490259417253936	25	-0.6074407977416469
ATP6V1E1	ATP6V1E1	0.0058145633068419295	5587.0	0.255100412253422	-0.255100412253422	2.0348168976475098e-08	6584.0	37.078968119860306	0.08	0.478052186062587	0.4794988245782844	25	-0.46496834273837767
SLC15A2	SLC15A2	0.41624553059493496	5586.0	0.255059720815904	-0.255059720815904	1.1063733285706914e-05	11564.0	65.12898501746085	0.25	1.122524192918581	1.3226490630587509	24	-0.6558538438734334
UBR1	UBR1	0.144385851724594	5585.0	0.25503151654286604	0.25503151654286604	0.00163477435282981	5590.0	31.480229807367355	0.04	0.4426907435578432	0.4196454044404657	25	-0.4471852307430666
ZNF599	ZNF599	0.22893230522952	5584.0	0.254982717366516	0.254982717366516	0.012596439304124999	1198.0	6.7421426157485635	0.08	0.4438505595468667	0.7894264921473163	25	-0.23924690146464672
GTF2H4	GTF2H4	0.0495849480355385	5583.0	0.254939615518518	0.254939615518518	9.8628677344318e-08	6015.0	33.874056550636475	0.24	0.6481760240199236	0.6802315801310977	25	-0.5780919616016931
ZGPAT	ZGPAT	0.10587040382200001	5582.0	0.254933134000427	0.254933134000427	0.000171402948614637	5247.0	29.54827081221133	0.24	0.4875250503768257	0.4014832561101565	25	-0.5793315482939632
EEF2K	EEF2K	0.19598601323223602	5581.0	0.254895235115363	0.254895235115363	0.0363426768073014	290.0	1.6278021854230031	0.12	0.31553190304514844	0.4340073652797525	25	-0.1397134536892024
DISP2	DISP2	0.309780281185857	5580.0	0.25489230905335797	0.25489230905335797	0.00181119664066736	5614.0	31.61541061169314	0.16666666666666666	0.6502895880253842	1.0226121109067956	24	-0.38665421106875986
TTC32	TTC32	0.19106115552559197	5579.0	0.254764625408281	0.254764625408281	7.02123645101675e-05	5628.0	31.69426608088318	0.08	0.5106510508808434	0.7853634360995707	25	-0.3258191223459509
HMGCS1	HMGCS1	0.34889932673267104	5578.0	0.25475803446280604	-0.25475803446280604	0.00475484610907033	3866.0	21.76974202996508	0.04	0.3836141967556587	0.41450289680977703	25	-0.3108691478023304
DYNC2LI1	DYNC2LI1	0.11394072548557699	5577.0	0.25473601967943105	-0.25473601967943105	2.79939766663552e-12	11654.0	65.63591303368254	0.16	0.7519753975504699	0.43049301316078564	25	-1.1550463368039008
EPB41L4A.AS1	EPB41L4A.AS1	0.25700409002673	5576.0	0.25469740682376196	-0.25469740682376196	2.58713990965439e-05	4771.0	26.867184859749916	0.04	0.4279893258768255	0.46762208090510243	25	-0.37058112978251506
VANGL2	VANGL2	0.483607414976236	5575.0	0.25464857878133396	0.25464857878133396	8.97747716252014e-09	11255.0	63.388532161766356	0.3333333333333333	1.3304994338448242	2.18456173242501	24	-0.49247903554056294
P4HTM	P4HTM	0.0495545012463197	5574.0	0.25455653405494	-0.25455653405494	0.00232198408830972	1194.0	6.719612481694266	0.12	0.6542304674065232	1.2865098509744943	25	-0.31066527244143655
CLP1	CLP1	0.0036559151297434296	5573.0	0.254539167338296	0.254539167338296	7.28598567527948e-07	7491.0	42.1876760166723	0.16	0.6501187189543438	0.7717365979550916	25	-0.5125836362616913
REPIN1	REPIN1	0.0146855312003101	5572.0	0.254511258251035	0.254511258251035	0.000148083649611233	2630.0	14.807930607187112	0.12	0.5322739343766684	1.0738632346504253	25	-0.25865740362743067
LRRC45	LRRC45	0.0707502351109082	5571.0	0.254476302823348	0.254476302823348	0.00016708253653303898	8363.0	47.09924524050918	0.2	0.7595067621637323	0.9842334546966411	25	-0.5131205985027647
RNF181	RNF181	0.00950753108517529	5570.0	0.254473882065301	0.254473882065301	4.80352137023399e-05	5241.0	29.514475611129885	0.12	0.4208692182434759	0.44382699562507644	25	-0.3749103543010655
UXS1	UXS1	0.0258603628291013	5569.0	0.254446534762785	-0.254446534762785	1.7698911038329102e-05	4384.0	24.68739438999662	0.08	0.448523144606007	0.6172956746021806	25	-0.31439813662763094
PAG1	PAG1	0.151349222341474	5568.0	0.254435269662158	-0.254435269662158	0.03340490151953005	4837.0	27.238932071645827	0.20833333333333334	0.596845199962915	0.6881472777308433	24	-0.4975823364874003
GBX1	GBX1	0.835192447075995	5567.0	0.254401043614004	-0.254401043614004	9.57431868313421e-06	15334.0	86.36363636363636	0.625	1.4269580605641814	0.7397750985699708	24	-1.5850182294819055
CDK16	CDK16	0.010010667449666001	5566.0	0.25435332330281796	0.25435332330281796	0.00123040940305465	2928.0	16.486425594232287	0.08	0.36369361495203506	0.317983876403867	25	-0.3438548296403101
HVCN1	HVCN1	0.31835151166626	5565.0	0.254329627181225	-0.254329627181225	8.98573820192851e-09	14678.0	82.66869437873154	0.5416666666666666	1.5873746762569996	2.121545454745986	24	-0.6283367844387671
THAP9	THAP9	0.148113767701078	5564.0	0.254242954632908	0.254242954632908	0.025015156482490003	2269.0	12.774586008786752	0.0	0.24796002775226775	0.16783285334443754	25	0.037435619757629005
ANKRD6	ANKRD6	0.0657996485406122	5563.0	0.254215293873426	-0.254215293873426	0.00434664599960188	936.0	5.266418835192069	0.08	0.41643196431987894	0.8766104626126003	25	-0.18504989087512316
CCDC66	CCDC66	0.032163999002841	5562.0	0.25421409259519895	0.25421409259519895	0.00011273777369272801	8491.0	47.8202095302467	0.04	0.488027317315401	0.31007492045042084	25	-0.7540539698617367
ZDHHC2	ZDHHC2	0.17712424819482997	5561.0	0.254185587315078	-0.254185587315078	5.58623673966799e-06	9168.0	51.63343471893657	0.12	0.6085119097449562	0.6528170591162132	25	-0.5427651092781901
C4orf36	C4orf36	0.0482448686263807	5560.0	0.254141301962279	0.254141301962279	5.99346837378222e-07	9003.0	50.70406668919679	0.12	0.5921755536765183	0.8001932226356835	25	-0.4224407832408516
HSDL1	HSDL1	0.11002897288245099	5559.0	0.254129744488865	0.254129744488865	0.0038603564409851	1912.0	10.763771544440688	0.04	0.3242269255296249	0.4029639600296079	25	-0.17395397105887458
CDH6	CDH6	0.5319284566562771	5558.0	0.253950605037024	-0.253950605037024	0.0013698656651719176	13685.0	77.07558859975217	0.4166666666666667	1.1081778445780428	1.1302531576312802	24	-0.7557839885457691
STK32B	STK32B	0.514590577477217	5557.0	0.253919044934539	0.253919044934539	4.495707603440788e-06	12996.0	73.1947730088994	0.3333333333333333	1.1223630542279601	1.1019040822436537	24	-0.7881303130533192
ZFP28	ZFP28	0.11662675314719198	5556.0	0.25390071367670397	-0.25390071367670397	0.02733361455079495	892.0	5.018587360594796	0.125	0.46396176813861606	0.7643883970463853	24	-0.27480931850037615
DDT	DDT	0.0214612343295689	5555.0	0.253889233230164	-0.253889233230164	0.00702488535410659	1136.0	6.392925537906951	0.08	0.3478304029894543	0.4953858099084838	25	-0.18963233883636013
FAF1	FAF1	0.0115073573911565	5554.0	0.25386192031499	0.25386192031499	0.00239404292131719	1705.0	9.597837107130786	0.08	0.4118626477449716	0.7222876038308214	25	-0.21875043485723383
SLC7A2	SLC7A2	0.339911259972768	5553.0	0.253802088582195	-0.253802088582195	0.19665544213976802	2160.0	12.16063985580714	0.12	0.6099618519739209	1.0489897983387622	25	-0.33952643195935756
TEAD1	TEAD1	0.16711034212502301	5552.0	0.253801812979731	-0.253801812979731	0.0469214767557622	2964.0	16.689196800720964	0.08	0.5687331620901419	1.0279607098855754	25	-0.30636516170493194
TMEM222	TMEM222	0.0705812890043904	5551.0	0.253704652392187	-0.253704652392187	0.000582409056216608	2361.0	13.292779092035596	0.04	0.2937435338838684	0.2700875938085597	25	-0.14824406011059263
MRPL2	MRPL2	0.0348167498704962	5550.0	0.25369102268008703	0.25369102268008703	0.0169264887455074	156.0	0.8730426946040328	0.08	0.3234852158638871	0.5858828255475045	25	-0.11912653885796666
RAD23A	RAD23A	0.0833954563870193	5549.0	0.25364365813029105	-0.25364365813029105	0.0112254286012916	155.0	0.8674101610904584	0.04	0.2970509087055497	0.3225542285748695	25	-0.13457349719779965
HADHA	HADHA	0.000213534346475882	5548.0	0.253624229062229	-0.253624229062229	0.0008747797022274849	2865.0	16.1315759828771	0.04	0.3205761235560486	0.33720116139269773	25	-0.1985517909170211
LINC01003	LINC01003	0.23491997474258702	5547.0	0.253511309121373	-0.253511309121373	0.186737430703075	44.0	0.24219894108369944	0.04	0.26358841874448935	0.38053047691262615	25	-0.0264817412389026
SLC25A3	SLC25A3	1.4169719798953e-05	5546.0	0.253450894576803	-0.253450894576803	7.92786120930104e-05	1140.0	6.415455671961248	0.08	0.3657010777023213	0.4393652170293209	25	-0.25548263443445807
SNRNP200	SNRNP200	0.0205954967222343	5545.0	0.25343891490910103	0.25343891490910103	0.000720004358878713	370.0	2.0784048665089556	0.08	0.3716108659077762	0.577135791147647	25	-0.20475588728206873
RPL36	RPL36	0.126355107637911	5544.0	0.253417205007165	-0.253417205007165	0.00751483043146291	1250.0	7.035034358454433	0.12	0.43243356554697066	0.5679569253859376	25	-0.31519355172605845
WIPF3	WIPF3	0.5357202796862139	5543.0	0.253301946495214	0.253301946495214	0.0256547906214602	10617.0	59.79497578010589	0.24	1.0469929164498293	1.2912384352215978	25	-0.614674213766263
RDH16	RDH16	0.502983021383944	5542.0	0.25327649161031895	0.25327649161031895	0.00020764165949454307	14074.0	79.2666441365326	0.5416666666666666	1.4631855128565538	1.4907097305629553	24	-0.8116328728794987
FBXO6	FBXO6	0.35245427740659796	5541.0	0.253247756523971	0.253247756523971	0.0007975964566030201	7875.0	44.35056888588487	0.16	0.6644718218697241	0.784263778323381	25	-0.5243440749295833
ZNF746	ZNF746	0.0112067085228068	5540.0	0.253187563034488	-0.253187563034488	3.18360147823708e-05	3483.0	19.61248169426608	0.12	0.4163462812778912	0.45453277188830304	25	-0.35895919575959173
TEX2	TEX2	4.21327116334863e-05	5539.0	0.253154233015156	-0.253154233015156	0.0039610022258521	984.0	5.536780443843641	0.08	0.35758325944060027	0.42561544110872557	25	-0.24536005120821583
UBQLN2	UBQLN2	0.0522178780192504	5538.0	0.253151389674486	0.253151389674486	0.00011421738339075401	2847.0	16.03019037963276	0.08	0.43931790800416193	0.564496934794192	25	-0.32979190294018107
ISCA1	ISCA1	0.00827196046640797	5537.0	0.25312974671207	-0.25312974671207	0.00105483505465982	3994.0	22.490706319702603	0.04	0.39723349573411865	0.44504990020227175	25	-0.32379234094099246
TNIK	TNIK	0.27397971475197697	5536.0	0.253058013369254	-0.253058013369254	0.0349766240292014	3538.0	19.922271037512672	0.12	0.5004758323687639	0.7694943457471652	25	-0.3215329915897844
UBE2A	UBE2A	0.0736687391143327	5535.0	0.253041173262275	0.253041173262275	0.00019391116364080602	6306.0	35.51312380308662	0.04	0.45544775629588796	0.5022771180746752	25	-0.40297790950437146
NAA30	NAA30	0.213348450604508	5534.0	0.252942369430216	0.252942369430216	0.0126462854976711	2367.0	13.326574293117043	0.08	0.3877410462736164	0.4709590195903058	25	-0.2862216694791487
ALG12	ALG12	0.11442033030047	5533.0	0.252862663735596	-0.252862663735596	0.0012981603152066401	2117.0	11.918440914723442	0.08	0.32686896912497226	0.3328644788069468	25	-0.2223316397551031
CCDC7	CCDC7	0.16597458744204502	5532.0	0.252856883417479	0.252856883417479	8.60380288879882e-06	10024.0	56.45488340655626	0.12	0.7241881875955843	0.7096343964629606	25	-0.6641889211224368
EPS8L2	EPS8L2	0.27095646485941	5531.0	0.25282782244199203	0.25282782244199203	0.027714917758296	8649.0	48.710149825391454	0.04	0.6843636114942001	1.0119489328810103	25	-0.4264402827360361
FMO4	FMO4	0.204025808180225	5530.0	0.252801819650609	0.252801819650609	8.023647192069906e-05	8625.0	48.57496902106567	0.25	0.9435473067441588	1.4777147628670118	24	-0.46744169067742747
MTERF2	MTERF2	0.197382988300437	5529.0	0.252756924172877	-0.252756924172877	0.00394197752890292	2803.0	15.782358905035483	0.04	0.4250800998272567	0.3730582165360052	25	-0.4619203331170919
ZFHX3	ZFHX3	0.0841120987835774	5528.0	0.252684495101282	-0.252684495101282	0.00101518453803435	3639.0	20.491156922383688	0.04	0.5115649671281303	0.5805024926901835	25	-0.44595927715510053
P2RY2	P2RY2	0.265160848138281	5527.0	0.252679659052312	-0.252679659052312	0.0455422016648224	3013.0	16.96519094288611	0.04	0.556440270769789	1.2063103979401393	25	-0.2518096604623236
PIGO	PIGO	0.055962698351934	5526.0	0.25256886914238896	0.25256886914238896	9.10959119515378e-05	4597.0	25.88712402838797	0.12	0.5088098394467429	0.6533656489154802	25	-0.3921861682347206
TMEM184C	TMEM184C	0.0447602428257699	5525.0	0.252551137505772	0.252551137505772	3.00419821728018e-05	8013.0	45.12785851075814	0.12	0.5270755447946935	0.38770893653509236	25	-0.7080682992306362
EHMT1	EHMT1	0.025651549876807997	5524.0	0.25250711490829303	-0.25250711490829303	1.36719742748872e-07	8015.0	45.139123577785284	0.16	0.575344291562776	0.5949899380698237	25	-0.5425926658554638
PPP1R18	PPP1R18	0.350518976684549	5523.0	0.252505082106053	-0.252505082106053	7.2951808202829695e-06	8121.0	45.73617213022417	0.28	0.6541345587306806	0.5165171122385839	25	-0.7775724503762643
LY6G5C	LY6G5C	0.353205698225266	5522.0	0.252432286113016	-0.252432286113016	0.008803458889333683	4029.0	22.687844992677707	0.08333333333333333	0.4027550291284221	0.5973975096857707	24	-0.2516293432399399
KCNJ2.AS1	KCNJ2.AS1	0.27345189086008104	5521.0	0.252303629226829	-0.252303629226829	0.0046713766705387	5871.0	33.06297172468176	0.16666666666666666	0.8783277897756679	1.3798112740668758	24	-0.45370274349454065
TREML1	TREML1	0.562195877313302	5520.0	0.25227445616915	0.25227445616915	1.9276296435206153e-06	16883.0	95.08843077616311	0.7083333333333334	3.260146972514139	2.527708333045427	24	-1.189960280235755
ZNF776	ZNF776	0.0110309146432605	5519.0	0.252226135985074	0.252226135985074	0.009676372439888259	2702.0	15.21347302016447	0.04	0.3318633616522368	0.26649336367606197	25	-0.2988338042217308
ANO3	ANO3	0.6062806829578591	5518.0	0.252115317255795	-0.252115317255795	0.03364330883086475	9593.0	54.02726146220569	0.3333333333333333	0.958102464804793	1.1688405853252992	24	-0.6040063601594697
C1orf54	C1orf54	0.0859938262083522	5517.0	0.252109771469374	-0.252109771469374	0.00109535584625281	1686.0	9.490818970372873	0.08	0.3935013531016146	0.43352223165402437	25	-0.3261460919611596
TRRAP	TRRAP	0.0249673552580666	5516.0	0.25209792566197103	0.25209792566197103	6.78481155333012e-05	5299.0	29.8411625549172	0.08	0.4050470700764129	0.31005265823467454	25	-0.49330054218943925
HECTD1	HECTD1	0.020172927558964	5515.0	0.252045982986673	0.252045982986673	7.97835553644221e-06	7204.0	40.57113889827644	0.08	0.5140607571858866	0.463779511134426	25	-0.5649554754118253
ALKBH4	ALKBH4	0.0275463335162367	5514.0	0.25200907228520697	0.25200907228520697	0.0020830494739992	914.0	5.1425030978934325	0.08	0.40811992807841546	0.5616674377441424	25	-0.27794179491730125
CRLS1	CRLS1	0.20786512529962498	5513.0	0.252006590361202	-0.252006590361202	0.000552264498958157	3403.0	19.16187901318013	0.04	0.3720419896443831	0.29639680460330126	25	-0.40498209636179117
GTF3C2.AS1	GTF3C2.AS1	0.00029164537404797797	5512.0	0.251992658070258	0.251992658070258	0.0036794046651915	869.0	4.889039089782584	0.0	0.23469601159178638	0.20631947449657304	25	0.08383428913182367
CCDC97	CCDC97	0.12989224970584598	5511.0	0.251947760347068	0.251947760347068	1.79938940163389e-06	5445.0	30.663512447899066	0.12	0.48640072990768723	0.32194328441718206	25	-0.728243081650398
PRPSAP1	PRPSAP1	0.191083979086311	5510.0	0.251923114791255	-0.251923114791255	9.08014317004528e-07	4438.0	24.99155119972964	0.08	0.43091109668858385	0.5176460538684957	25	-0.3457729090364117
MAP1S	MAP1S	0.24314903333435503	5509.0	0.25178894603555196	-0.25178894603555196	1.9739720524515e-12	14138.0	79.62712628140137	0.52	1.32767650063202	0.8881041853422142	25	-1.2114429504483135
MRPS18A	MRPS18A	0.0974635159646083	5508.0	0.25118778649980605	0.25118778649980605	3.0915739395837804e-07	3397.0	19.128083812098684	0.12	0.44582484098492997	0.3858713240041931	25	-0.5044092223940665
PIGT	PIGT	0.0225534612350322	5507.0	0.251101526799995	0.251101526799995	0.000331879455850948	4553.0	25.639292553790696	0.08	0.3928417037728499	0.34699996811601086	25	-0.40847317001904615
SNRNP35	SNRNP35	0.0162616375856686	5506.0	0.251089936831409	-0.251089936831409	0.000415500457788112	1020.0	5.739551650332319	0.16	0.4746399214227497	0.6471113432892317	25	-0.3454583000431553
BST2	BST2	0.33446249720502697	5505.0	0.251071756789208	0.251071756789208	0.00593333474361801	5453.0	30.70857271600766	0.24	0.8888864114651426	1.363627712450289	25	-0.4677337141600414
ATG10	ATG10	0.11661988569655499	5504.0	0.250934746136268	0.250934746136268	0.000612944598862106	3764.0	21.195223611580488	0.12	0.46399918108468674	0.5307332495174479	25	-0.40145296180734996
FBXO21	FBXO21	0.0536730243171814	5503.0	0.250833224153227	-0.250833224153227	0.000105365060107156	2289.0	12.887236679058239	0.08	0.3400215437418225	0.32425048966258124	25	-0.2750599380170739
NCBP2	NCBP2	0.0416041733125521	5502.0	0.250776621284455	0.250776621284455	9.09270477541995e-06	7196.0	40.526078630167845	0.12	0.5304631281953684	0.5734906357531683	25	-0.4876914974271545
ALYREF	ALYREF	0.14203975467092902	5501.0	0.250737688435442	-0.250737688435442	0.007948608403614721	2843.0	16.00766024557846	0.08	0.43079578401617274	0.5420510112425007	25	-0.33217924484265393
ERCC6L2	ERCC6L2	0.0518189032383981	5500.0	0.250593376439216	-0.250593376439216	0.0105559388478724	4126.0	23.234200743494423	0.0	0.3824822935958725	0.27275353278754416	25	-0.4835461370884927
GBX2	GBX2	0.8694657702956801	5499.0	0.250556059304348	0.250556059304348	9.765187266732521e-07	14551.0	81.9533626225076	0.4782608695652174	1.448034497591601	1.3392601405547908	23	-0.894134307462623
RHOQ	RHOQ	0.0378925818145507	5498.0	0.250512212638554	-0.250512212638554	0.00423839637804005	2862.0	16.114678382336376	0.08	0.3810382667758002	0.3360048769925932	25	-0.3884647607068022
BDNF.AS	BDNF.AS	0.325615614041701	5497.0	0.25044389024078195	-0.25044389024078195	0.00023016123294946104	4594.0	25.870226427847246	0.125	0.4833465550323662	0.5741848633631313	24	-0.4056231357744618
CDC42SE1	CDC42SE1	0.0262743388030694	5496.0	0.250417614501544	-0.250417614501544	1.37499668912948e-06	5868.0	33.046074124141036	0.08	0.3952938918202139	0.42880235025778873	25	-0.33786260087327585
GNG3	GNG3	0.21505594698845004	5495.0	0.25033733337417	0.25033733337417	8.143496832340025e-08	15551.0	87.585896136082	0.6666666666666666	1.444491531028935	1.1960586037182015	24	-0.9984077652570565
HELZ	HELZ	0.0141453351501289	5494.0	0.250333328591822	0.250333328591822	0.0131523298203171	5077.0	28.590740114903685	0.04	0.47157199400157057	0.4732800978383788	25	-0.4674582058705112
NEIL1	NEIL1	0.228243163957033	5493.0	0.250252039150798	-0.250252039150798	4.019678500750635e-06	13184.0	74.25368930945139	0.375	0.9778122051012978	1.0357131762183502	24	-0.7024726368809995
FIS1	FIS1	0.0165493834253363	5492.0	0.2502497297089	-0.2502497297089	0.0027647476204275103	817.0	4.596147347076715	0.04	0.3369802597508279	0.35794010143501376	25	-0.24230459145040598
IFT88	IFT88	0.0720187899077398	5491.0	0.25024144030864703	-0.25024144030864703	6.98008515148204e-05	6703.0	37.74923960797566	0.04	0.47042302580901657	0.40107915978373887	25	-0.5489728900875603
EPOP	EPOP	0.501298366533553	5490.0	0.250230037635442	0.250230037635442	5.84207493247307e-06	9893.0	55.71702151627802	0.32	0.9325434673388385	1.228758251786235	25	-0.5552869563329675
SPATA5L1	SPATA5L1	0.0288802069268497	5489.0	0.25022305073421897	0.25022305073421897	0.000640591897921413	50.0	0.2759941421651459	0.08	0.4040712724761154	0.7129907431377733	25	-0.21577870852128003
SNRPD1	SNRPD1	0.0838110851607977	5488.0	0.250214273575735	0.250214273575735	1.7577656488074898e-05	8125.0	45.75870226427847	0.12	0.6110990298926571	0.7328990052174281	25	-0.4924072126552538
ZNF611	ZNF611	0.12719077978983198	5487.0	0.250196731991719	0.250196731991719	0.0015302994203220599	804.0	4.522924411400248	0.08	0.3747710921696001	0.4726487618852863	25	-0.26356645827439146
TECPR2	TECPR2	0.0284205744699736	5486.0	0.25009971726621105	-0.25009971726621105	6.82214404890168e-07	7747.0	43.629604596147345	0.12	0.5853977141796242	0.6153805786482919	25	-0.5448628191190379
FGG	FGG	0.824298230471835	5485.0	0.250086369977791	0.250086369977791	1.9630551081052302e-05	17547.0	98.82843302917652	0.782608695652174	2.894245602441035	1.6879540693458956	23	-1.5664876672194583
TOR1AIP1	TOR1AIP1	0.0041679175004392605	5484.0	0.250078167161754	-0.250078167161754	0.000206265365432963	5935.0	33.42345386955052	0.04	0.39193918600755656	0.3931114052790163	25	-0.36086721713178155
VPS51	VPS51	0.0371693816511552	5483.0	0.24997406796462399	-0.24997406796462399	3.8462585968102905e-09	10702.0	60.27374112875971	0.2	0.75813457575766	0.563631625096847	25	-0.9015826741548087
LINC00526	LINC00526	0.192078185835315	5482.0	0.24993177192370103	-0.24993177192370103	6.32071327242683e-06	4061.0	22.868086065112088	0.32	0.7451808356680347	1.103217908246888	25	-0.44891318391606677
KLHL5	KLHL5	0.22681434117146201	5481.0	0.24991593233052398	0.24991593233052398	1.99312488483217e-09	10437.0	58.781119747662494	0.08	0.6740384671120632	0.7391612772557652	25	-0.5737888980820947
FDXACB1	FDXACB1	0.186355917033265	5480.0	0.249806663082171	0.249806663082171	5.56966954061171e-07	6717.0	37.828095077165706	0.12	0.6013628100387653	0.6522537631417363	25	-0.5389867668424633
ZNF580	ZNF580	0.155303290466809	5479.0	0.249793215460908	-0.249793215460908	8.63433858118911e-07	9509.0	53.55412864706545	0.24	0.8205228041271815	0.8803115630894496	25	-0.6483268113204154
FAM71E1	FAM71E1	0.175760025880172	5478.0	0.249762124702195	0.249762124702195	3.4711852946310897e-06	10330.0	58.17843866171003	0.2	0.8401183052225554	1.336255338182511	25	-0.4417989314252806
EVI5	EVI5	0.067785611331254	5477.0	0.249692983719377	-0.249692983719377	2.2444467461707597e-08	10242.0	57.682775712515486	0.24	0.6526991613780941	0.4943148976388479	25	-0.8152822817675992
SH3BGRL	SH3BGRL	0.0728424151544616	5476.0	0.249676376904068	-0.249676376904068	1.4082785065890399e-05	8833.0	49.74653599188915	0.16	0.608401114908743	0.5520531542373903	25	-0.6498010839195724
GCNT4	GCNT4	0.49678728053858506	5475.0	0.24963404379061901	0.24963404379061901	0.01282448745976645	7563.0	42.59321842964965	0.16666666666666666	0.8552450746243307	1.3054304212847065	24	-0.46391674420894435
SKP2	SKP2	0.18184178128814898	5474.0	0.249608787542588	0.249608787542588	0.0335182348266539	4188.0	23.583417821336038	0.08	0.46796874837171387	0.448552598879229	25	-0.48681015643366815
TNFRSF12A	TNFRSF12A	0.467166691186354	5473.0	0.24953310094454398	0.24953310094454398	0.0920225629110831	1695.0	9.541511771995042	0.04	0.43969021327240243	0.5848033422358527	25	-0.3251642023809905
EPHX2	EPHX2	0.18807043075543697	5472.0	0.249497327349285	-0.249497327349285	0.0623151548427535	2161.0	12.166272389320715	0.08	0.5141609994098151	0.982140434553226	25	-0.2694764035256579
TRPM7	TRPM7	0.0480478107646912	5471.0	0.24946855829561	0.24946855829561	0.000512824822762687	7507.0	42.277796552889484	0.04	0.4996936038809413	0.26862946194176396	25	-0.931487722071146
CDC42EP3	CDC42EP3	0.00195578070831786	5470.0	0.249398836310868	0.249398836310868	0.0024135287469707976	3083.0	17.359468288836318	0.125	0.6559567935317562	1.3689632284254674	24	-0.2969823796425099
ENPP4	ENPP4	0.0428095649867079	5469.0	0.249292569638651	0.249292569638651	1.7080691194828749e-09	12194.0	68.67748113101273	0.3333333333333333	1.147029870029409	1.2529095168338487	24	-0.7165220539304189
CALCOCO2	CALCOCO2	0.102176014430304	5468.0	0.24904721102413602	-0.24904721102413602	3.16514263130175e-08	7102.0	39.99662047989185	0.2	0.529212831194597	0.4346921851520284	25	-0.644514968845084
GPR107	GPR107	0.0152158898820452	5467.0	0.24898953040682503	-0.24898953040682503	0.0031934452236834898	2506.0	14.109496451503885	0.08	0.399906057729902	0.48914170624249065	25	-0.30853334605710464
TUG1	TUG1	0.0610472157294668	5466.0	0.24898055274682998	0.24898055274682998	0.00022953872056335898	2325.0	13.090007885546918	0.04	0.36572272840494013	0.3681479929869749	25	-0.3171066470060601
CEP170B	CEP170B	0.24024924645476398	5465.0	0.24893907208296898	0.24893907208296898	0.00024042610395765698	7380.0	41.56246479666554	0.32	0.8089263682889787	0.9149169033164725	25	-0.6120635591889468
SLC26A7	SLC26A7	0.517399908485863	5464.0	0.24893118300538603	-0.24893118300538603	0.06845830471655334	12701.0	71.53317562239495	0.375	1.8648629981873446	2.2987599659376836	24	-0.7029580465669918
SF3B6	SF3B6	0.024621689919482995	5463.0	0.248877133183775	0.248877133183775	3.32327686255745e-14	11570.0	65.1627802185423	0.2	0.8207999986555329	0.7326141785779633	25	-0.7806603833164758
CATSPERG	CATSPERG	0.323822505527849	5462.0	0.24887371075235198	0.24887371075235198	0.0457715488020295	4000.0	22.52450152078405	0.12	0.6510087888319653	0.9841941962215525	25	-0.40859322237771917
HERC4	HERC4	0.0322807727713676	5461.0	0.24885092101550602	0.24885092101550602	5.87696766559629e-06	8170.0	46.012166272389315	0.04	0.5686198630055354	0.4926707453144084	25	-0.6490520190841896
RNF145	RNF145	0.267836553669144	5460.0	0.24884740835288802	0.24884740835288802	0.00020265458782018999	8764.0	49.357891179452515	0.16	0.5766022950108269	0.6877803529722988	25	-0.4765400541633961
PARP15	PARP15	0.438473814817879	5459.0	0.248725321963126	0.248725321963126	0.0010891004832219975	12332.0	69.45477075588599	0.4583333333333333	1.6832831792521101	2.491430524970336	24	-0.5757968536192936
MAPK1IP1L	MAPK1IP1L	0.0173201387413853	5458.0	0.24867388899782103	-0.24867388899782103	0.000563717574739731	3177.0	17.888926439112314	0.12	0.4247036731694165	0.4260545443067427	25	-0.41316255517946276
UCK2	UCK2	0.355821022232323	5457.0	0.248517149342232	-0.248517149342232	0.008364596719132159	1518.0	8.544553340092373	0.12	0.4313923297866769	0.7028580667992242	25	-0.26018792282949543
ARL6IP6	ARL6IP6	0.0779497481631564	5456.0	0.24846637177009	-0.24846637177009	0.000331904929482362	1141.0	6.421088205474823	0.04	0.37959256852011547	0.5755014748313291	25	-0.22784684746195757
B9D1	B9D1	0.397706325443812	5455.0	0.248423368346962	0.248423368346962	0.00499184507157864	3818.0	21.499380421313507	0.08	0.5138296080802572	0.5596823852763165	25	-0.4742086703376658
CNN2	CNN2	0.0278752072175255	5454.0	0.248396112086709	-0.248396112086709	0.0102549876808154	2634.0	14.83046074124141	0.12	0.4794031183164799	0.7515501084150822	25	-0.3073740574889059
MAU2	MAU2	0.0330626277210824	5453.0	0.24832315446215697	-0.24832315446215697	1.3411856310336498e-07	5182.0	29.182156133828997	0.08	0.47147331206761806	0.42989648719175255	25	-0.5190788114207744
FAM114A2	FAM114A2	0.0585816702021314	5452.0	0.24830366603531398	0.24830366603531398	1.0690168990628802e-05	4608.0	25.94908189703729	0.08	0.5048495556009267	0.5923736060354792	25	-0.43308122939941956
AKR1C2	AKR1C2	0.6876925970685249	5451.0	0.248015232295034	0.248015232295034	1.2946195288711852e-06	15276.0	86.03694941984904	0.625	1.7969877428734902	1.5235484888153759	24	-1.0166873728993349
CD3EAP	CD3EAP	0.0155933584156242	5450.0	0.24800754996853303	-0.24800754996853303	0.00324829663606703	1203.0	6.770305283316436	0.16	0.4784987618954895	0.7564111273143853	25	-0.3047168445886148
LRFN2	LRFN2	0.746670938454711	5449.0	0.248003380264876	0.248003380264876	0.0015470681983503329	12314.0	69.35338515264165	0.4166666666666667	1.3758442973993565	1.3891550275254076	24	-0.8118898861443686
TMEM40	TMEM40	0.719863800733165	5448.0	0.247916745677744	-0.247916745677744	0.04143842917786605	11350.0	63.923622845555926	0.375	1.7698284184950632	2.192700314991443	24	-0.69408102074508
PSRC1	PSRC1	0.267120401535196	5447.0	0.247877951626057	-0.247877951626057	0.0047822323707012605	6143.0	34.595020840374	0.16	0.6093627179508133	0.9473070762310456	25	-0.3815919625164831
TMEM41B	TMEM41B	0.235189017335572	5446.0	0.247857784101108	0.247857784101108	2.7370377028543697e-08	10180.0	57.33355863467387	0.28	0.7793653186433772	0.5891223091210019	25	-0.9022023547797796
TRIM3	TRIM3	0.0653886552708031	5445.0	0.24781814484786	-0.24781814484786	0.0185365091906351	3127.0	17.60729976343359	0.04	0.37640768952540726	0.350965012076575	25	-0.36638850099818804
TIMM21	TIMM21	0.0562221161517146	5444.0	0.247813175652651	0.247813175652651	1.28414496661537e-05	4338.0	24.4282978483722	0.04	0.4750274409468079	0.44280074445455825	25	-0.5131298177333448
IGIP	IGIP	0.35518605339700604	5443.0	0.247745539916554	0.247745539916554	0.0054878284773194706	3458.0	19.471668356426722	0.125	0.5846052229047838	0.953622386323817	24	-0.35324221391950833
PCCB	PCCB	0.0292072261957593	5442.0	0.24773166570659802	0.24773166570659802	7.60612964245875e-05	1987.0	11.186211557958769	0.04	0.3186728444651453	0.26604641771284326	25	-0.26664962967145656
BBS9	BBS9	0.0375532553971487	5441.0	0.24763180455654302	0.24763180455654302	0.000439733982316633	2996.0	16.869437873155345	0.04	0.3481913897601106	0.39481363200777214	25	-0.25470140099313493
CCSER2	CCSER2	0.0198188493324434	5440.0	0.247608798389378	-0.247608798389378	9.271438411607719e-06	7281.0	41.00484397882167	0.12	0.5185065423677794	0.4953450542188349	25	-0.546886946122053
ENGASE	ENGASE	0.0443815312890935	5439.0	0.24748089406855497	0.24748089406855497	1.8562505290351697e-08	10629.0	59.86256618226878	0.28	0.8196187171846746	0.9631114456124538	25	-0.5940515251091119
ZNF394	ZNF394	0.0269179638946595	5438.0	0.247470794203069	-0.247470794203069	0.00408336554148378	813.0	4.573617213022418	0.12	0.5012007458051579	0.7994809424151391	25	-0.3173683550674769
HSPA8	HSPA8	0.0273183196560216	5437.0	0.247379912003682	0.247379912003682	8.10837281964707e-05	4388.0	24.70992452405092	0.12	0.48441102130405816	0.5209888628687696	25	-0.4549638700435738
GON4L	GON4L	0.00980060584070138	5436.0	0.24736774761796698	0.24736774761796698	4.2636536142819895e-05	3793.0	21.358567083474146	0.12	0.40911359285181254	0.4139654228729991	25	-0.3907230804720319
DIDO1	DIDO1	0.0274629597846515	5435.0	0.24735746499744896	0.24735746499744896	4.4757246209376296e-07	5615.0	31.621043145206713	0.12	0.4926074021966418	0.5649868428683543	25	-0.43408079372980674
NUP58	NUP58	0.23772713799193104	5434.0	0.247311772072725	-0.247311772072725	6.333197336419871e-05	7193.0	40.50918102962712	0.12	0.57033574677448	0.5570204435901515	25	-0.5799140380194588
SGSM3	SGSM3	0.0817673657843891	5433.0	0.24717591922287402	0.24717591922287402	0.0016469208431937302	2912.0	16.396305058015095	0.16	0.5561393507788489	0.7350205240344668	25	-0.4203466725801073
PRKAR1A	PRKAR1A	0.0342083979652081	5432.0	0.247111081574095	-0.247111081574095	0.000122591937231816	5893.0	33.1868874619804	0.04	0.43693214887542836	0.3449191712993515	25	-0.5503349279956079
YTHDC2	YTHDC2	0.0989481217254311	5431.0	0.24699146817915	0.24699146817915	0.000892252386578474	7926.0	44.63782809507716	0.08	0.4328508014035581	0.42677432535516796	25	-0.43549792520844166
SREBF1	SREBF1	0.271639865580643	5430.0	0.246977951369988	0.246977951369988	0.000643986759737217	9205.0	51.841838458938824	0.24	0.8601995822089659	1.2181255023669342	25	-0.5034141635220917
ABCF3	ABCF3	0.0365490693603119	5429.0	0.24697110549597098	-0.24697110549597098	0.000412417082805716	672.0	3.779429987608426	0.04	0.28643491194039233	0.3412089881059902	25	-0.11565875407761139
LLPH	LLPH	0.0479691953297235	5428.0	0.246931335120251	0.246931335120251	2.1726032056596198e-07	10559.0	59.46828883631857	0.12	0.5918179868135176	0.5346134700329853	25	-0.6451140328955559
THOC7	THOC7	0.0737666569693247	5427.0	0.24692633164867397	0.24692633164867397	8.72416642158712e-07	8052.0	45.34752731778754	0.04	0.5068595897885892	0.5120270035952229	25	-0.507655370351136
LINGO3	LINGO3	0.58618433862496	5426.0	0.24688440007272303	-0.24688440007272303	1.3054580017656492e-06	14372.0	80.94513912357777	0.5833333333333334	1.9030450976701447	1.973161455895498	24	-0.8393437306658674
GJD3	GJD3	0.225595851981397	5425.0	0.24687495729158604	-0.24687495729158604	2.1382499621093652e-07	13315.0	74.99155119972963	0.4166666666666667	1.378795526164416	1.2108296540677068	24	-0.9348305643739508
ZNF625	ZNF625	0.168615629316942	5424.0	0.24681793058100301	0.24681793058100301	0.000552995049831226	9089.0	51.18846457136419	0.24	0.7385036250125893	0.7664290375666123	25	-0.6415280088978266
TFPT	TFPT	0.30477319495165	5423.0	0.24681291451867604	0.24681291451867604	0.0110080448645156	2223.0	12.515489467162329	0.0	0.26662013205009305	0.2178916461206331	25	-0.09090397857865087
TEX41	TEX41	0.4411876124176621	5422.0	0.24679496798907802	0.24679496798907802	0.01730180948806355	8988.0	50.61957868649318	0.3333333333333333	0.9521421397033825	0.9706881083646991	24	-0.7266465568457311
SPATA25	SPATA25	0.370469165935065	5421.0	0.24677934665410298	0.24677934665410298	3.15026115085297e-05	10247.0	57.710938380083356	0.4	0.9764643788073465	1.0039097617656862	25	-0.7268432482117381
NAA20	NAA20	0.0059062736437513206	5420.0	0.246753403312527	0.246753403312527	3.65668979326642e-12	11197.0	63.06184521797904	0.16	0.6556110844100652	0.347839333314742	25	-1.1754210692658609
C3orf49	C3orf49	0.5803932233235319	5419.0	0.24673248465195302	-0.24673248465195302	0.208972933223166	4305.0	24.242424242424242	0.16666666666666666	0.5286511560298565	0.6269828984390345	24	-0.4496433189482219
TESPA1	TESPA1	0.390620441879068	5418.0	0.246710739949216	-0.246710739949216	0.00030721756709522346	15878.0	89.42773459502084	0.6666666666666666	2.2594676501213073	2.642629284532875	24	-0.7616493626073916
TDRP	TDRP	0.31667286843792497	5417.0	0.24671024115771104	0.24671024115771104	0.0564519231999351	4988.0	28.089444632195562	0.08333333333333333	0.5071495158370775	0.6154410136711866	24	-0.42317503853994376
TMEM104	TMEM104	0.12059361028507401	5416.0	0.24664428081085	-0.24664428081085	0.000332840999946125	5840.0	32.88836318576095	0.04	0.4249422360425556	0.2978954561945232	25	-0.5985252595302379
HLA.DMB	HLA.DMB	0.315250988973185	5415.0	0.246637719296038	0.246637719296038	0.022487932442356348	9805.0	55.22135856708347	0.16666666666666666	1.0198229502400633	1.676096328038597	24	-0.4613011901582189
LINC01220	LINC01220	0.6998237057224721	5414.0	0.24663318486848398	0.24663318486848398	0.174862455398187	3713.0	20.907964402388195	0.08333333333333333	0.4437311402833188	0.4058258019696879	24	-0.4856713261163136
EVI5L	EVI5L	0.0752376273995886	5413.0	0.246607927116852	-0.246607927116852	1.78787716770321e-07	11425.0	64.34606285907401	0.36	1.0321327854959244	1.1643160116682847	25	-0.6746663710769869
MOV10L1	MOV10L1	0.6374943251341489	5412.0	0.246555880202775	-0.246555880202775	2.800840159709695e-06	11932.0	67.20175735045623	0.4166666666666667	1.1541049945804052	1.328967011328901	24	-0.6828981506998629
SLK	SLK	0.0285529259853764	5411.0	0.24655226437983102	-0.24655226437983102	3.98823217095551e-06	8045.0	45.308099583192515	0.08	0.5004415966832104	0.33317844435577026	25	-0.7620220833742611
CTNNBIP1	CTNNBIP1	0.386187042282715	5410.0	0.24650227425757001	-0.24650227425757001	0.00027706428418604	3346.0	18.840824602906387	0.12	0.576125077029459	0.974691733883767	25	-0.3381815925107629
ZNF184	ZNF184	0.0859636462580328	5409.0	0.246500584314288	0.246500584314288	0.000101519295352168	7258.0	40.87529570800946	0.04	0.5927359589420771	0.7402325428776837	25	-0.46773865585777297
GABRA1	GABRA1	0.8347328525931321	5408.0	0.24649243656789602	0.24649243656789602	3.957312511137271e-05	16758.0	94.38436408696631	0.6086956521739131	2.549158733927726	2.61847962840904	23	-0.8793905716802941
AHSG	AHSG	0.92209518711447	5407.0	0.24640245638988503	0.24640245638988503	9.119719903343223e-08	17499.0	98.55807142052494	0.7272727272727273	3.914119586779397	3.2153793044843964	22	-1.140679460514737
KBTBD7	KBTBD7	0.299587533282087	5406.0	0.246384456395749	0.246384456395749	0.00024556131369387	2159.0	12.155007322293567	0.08	0.47926788442770873	0.8142248248320404	25	-0.2860185797945909
NPAS3	NPAS3	0.324002336469803	5405.0	0.24636351677413798	-0.24636351677413798	3.472943692878645e-05	12502.0	70.41230145319363	0.3333333333333333	1.0052388476626617	1.0008332560760003	24	-0.7582435198685054
REEP3	REEP3	0.15387540313113598	5404.0	0.246363262160335	0.246363262160335	8.995012501311769e-08	11191.0	63.028050016897595	0.24	0.6032731977104103	0.3922070925045608	25	-0.9100037770120768
NDUFS4	NDUFS4	0.12361717581944599	5403.0	0.246313469256307	0.246313469256307	1.05397274632065e-10	9707.0	54.66937028275318	0.12	0.5650029285856765	0.3313040841198955	25	-0.9619243305616452
GNAT2	GNAT2	0.34911382221333503	5402.0	0.24614119221684802	-0.24614119221684802	0.00478759965227976	8276.0	46.6092148248282	0.32	1.058305458217243	1.266472345748153	25	-0.641280694937416
ADAM1A	ADAM1A	0.172638854944321	5401.0	0.24612554226740804	-0.24612554226740804	0.00866985921682535	3676.0	20.69956066238594	0.08	0.4784826448099494	0.6758880826854251	25	-0.3437804401275204
RRP12	RRP12	0.40676522218228706	5400.0	0.246077321911835	-0.246077321911835	0.000808904535584933	1586.0	8.927565619015432	0.04	0.33140710353170344	0.2718051372478836	25	-0.31393733938902163
IQCG	IQCG	0.15907585258249	5399.0	0.245993812104855	0.245993812104855	1.51414593524227e-09	11554.0	65.07265968232511	0.08	0.7311373000107517	0.6947448963128181	25	-0.6983045006601307
DDRGK1	DDRGK1	0.19161244208122302	5398.0	0.245925541933027	0.245925541933027	0.0181277790221784	625.0	3.514700912470429	0.08	0.35601711651131185	0.43268817682387023	25	-0.25443629032437987
STARD7.AS1	STARD7.AS1	0.0811378831241544	5397.0	0.24582116267094395	-0.24582116267094395	3.5293065221033207e-11	12343.0	69.5167286245353	0.32	0.9300468531696496	0.8230962611450089	25	-0.8312827099310104
OST4	OST4	0.013199365042055	5396.0	0.24581784612181798	0.24581784612181798	1.0995910183788001e-05	3907.0	22.00067590402163	0.2	0.5979553494885443	0.8339906177617035	25	-0.422231972239456
ADAMTS5	ADAMTS5	0.650428204063596	5395.0	0.24581111787831797	0.24581111787831797	2.14401244591823e-07	12048.0	67.85513123803086	0.375	1.4921715710182435	2.0694444589914602	24	-0.6022681341964291
KCNJ16	KCNJ16	0.6813965676892308	5394.0	0.245772664194718	-0.245772664194718	0.0015972654349873882	14352.0	80.8324884533063	0.4583333333333333	1.559048771777529	1.7117088582175768	24	-0.7672310050146853
TIPARP.AS1	TIPARP.AS1	0.520809352074619	5393.0	0.24544123886420605	0.24544123886420605	0.00238025736612515	8042.0	45.29120198265179	0.04	0.4733510558696519	0.2556562215659238	25	-0.8914698637469958
ZBTB2	ZBTB2	0.0588612261916456	5392.0	0.245421386118862	-0.245421386118862	0.0727044801369256	314.0	1.7629829897487888	0.12	0.4717407861394458	0.7523329295298974	25	-0.30082346676225075
MAPK14	MAPK14	0.0270851055128955	5391.0	0.24530784187015	0.24530784187015	0.0105890464464241	1017.0	5.722654049791596	0.04	0.30975175488519163	0.3329705568144964	25	-0.19354237693437992
C11orf45	C11orf45	0.23696808526980198	5390.0	0.24522995116865803	0.24522995116865803	0.00686688612227921	7945.0	44.744846231835076	0.25	1.0249644454235407	1.7251073347124324	24	-0.45199187236941457
CLEC11A	CLEC11A	0.390765843172244	5389.0	0.245151105087715	0.245151105087715	3.9504557706586955e-09	14989.0	84.42041230145318	0.625	1.5826182689587152	1.3866657326509173	24	-0.9645202390010292
TTC26	TTC26	0.25436310430227305	5388.0	0.245136941187335	0.245136941187335	2.2672534501541403e-06	8107.0	45.65731666103413	0.04	0.5968194481296644	0.6636997054261606	25	-0.5298819693109771
MPP7	MPP7	0.310391177671024	5387.0	0.245109520719904	0.245109520719904	1.79826651749937e-08	12711.0	71.58950095753069	0.32	1.0244321889644392	1.0466587251539547	25	-0.744581447147353
PRR12	PRR12	0.110217274200312	5386.0	0.245056071769135	-0.245056071769135	2.0023255436792604e-11	13102.0	73.79182156133828	0.4	1.2541118867208616	1.1157322456227634	25	-0.9043888611362185
FBRS	FBRS	0.0156207470091328	5385.0	0.244947043463776	0.244947043463776	1.1804797011161502e-06	11149.0	62.79148360932747	0.28	0.7884560826543947	0.6120670031828599	25	-0.8879894461950616
ZMYND11	ZMYND11	0.00386439028830525	5384.0	0.244876195307668	-0.244876195307668	0.00040466721963150834	14384.0	81.01272952574067	0.4583333333333333	1.7119492098387434	1.7279637850132596	24	-0.8490183806252732
CCDC40	CCDC40	0.563731407328401	5383.0	0.24486046448369198	0.24486046448369198	0.028274502545781	5447.0	30.674777514926213	0.2	0.6580263354288237	0.8126248206707821	25	-0.5084337328068363
SRSF1	SRSF1	1.7692384148294896e-05	5382.0	0.24485792200969	0.24485792200969	0.0010005249984839	2290.0	12.892869212571814	0.12	0.432782361433214	0.5475841611634711	25	-0.3431882306899353
ASMT	ASMT	0.6490325079242111	5381.0	0.24468602091692399	-0.24468602091692399	0.0008959882192970935	13520.0	76.14622057001239	0.375	1.2089578349967198	1.0321814988323015	24	-0.9342076128768717
SBNO1	SBNO1	0.0157436228186773	5380.0	0.24468116874165502	0.24468116874165502	0.00024439658327162595	4195.0	23.622845555931058	0.08	0.5731167766922363	0.7714984372934284	25	-0.42571130682104735
MAZ	MAZ	0.000683219164973958	5379.0	0.24466971688145603	0.24466971688145603	5.19277945025194e-07	8757.0	49.31846344485749	0.2	0.6383660842156896	0.5192078861104711	25	-0.7582634583683258
CDRT1	CDRT1	0.5656369510786079	5378.0	0.24454603991616897	0.24454603991616897	0.00387677369014498	8126.0	45.764334797792046	0.12	0.6605980542632603	0.6538149204723229	25	-0.6363452428502716
CSK	CSK	0.188159777918574	5377.0	0.244517793584222	-0.244517793584222	2.62544061062828e-10	10364.0	58.36994480117156	0.32	0.8801069213437743	0.7514128356209134	25	-0.845858757834962
NSD1	NSD1	0.0358887700096531	5376.0	0.244510304759129	0.244510304759129	0.0192523774269412	1266.0	7.125154894671623	0.12	0.3703823197133493	0.4655108248464184	25	-0.27039546286758864
FBLN7	FBLN7	0.42895902879710707	5375.0	0.2444473482279	-0.2444473482279	3.036514470527555e-05	9353.0	52.67545341894784	0.25	0.8760894103583702	1.1356643728448834	24	-0.5561872655634889
DLGAP4	DLGAP4	0.0137417716851225	5374.0	0.24430899441864	-0.24430899441864	4.9318170256117596e-06	6490.0	36.549509969584314	0.12	0.5855017397751937	0.6343182889844393	25	-0.5378888663336706
CCNT1	CCNT1	0.0593538434490319	5373.0	0.24428199083305802	-0.24428199083305802	7.083817205176891e-05	6585.0	37.08460065337388	0.12	0.531901710083185	0.6131775154615029	25	-0.4690643606422072
SETMAR	SETMAR	0.0163435005208985	5372.0	0.24425923438833602	-0.24425923438833602	0.000842413532979206	345.0	1.9375915286695955	0.08	0.28722155869402144	0.30090837506120627	25	-0.14277543553563993
KLHL26	KLHL26	0.129688727928179	5371.0	0.24418566003565803	-0.24418566003565803	1.6225591264143899e-09	12129.0	68.3113664526304	0.32	0.9131536728991969	0.6523355648098684	25	-1.0254967672328554
HIPK3	HIPK3	0.248248801262303	5370.0	0.24400368074605397	-0.24400368074605397	0.00029534749020957595	3536.0	19.911005970485526	0.12	0.5044142667132246	0.6030902462708226	25	-0.4317937283473014
RNF26	RNF26	0.00907255326724985	5369.0	0.24391479513088501	0.24391479513088501	0.000262069251846874	2882.0	16.227329052607864	0.08	0.38472770586080784	0.38844197088483184	25	-0.3625069412791958
STXBP3	STXBP3	0.0376916326056396	5368.0	0.243888725962625	-0.243888725962625	8.81829846114765e-06	10606.0	59.73301791145657	0.12	0.6011358358716943	0.4087705898742806	25	-0.8739550221040666
DIRAS3	DIRAS3	0.544598573579978	5367.0	0.243884089040864	0.243884089040864	0.012642595913744663	12655.0	71.27407908077052	0.2916666666666667	0.9776494805830588	0.9019147075109608	24	-0.8135640603613036
ZNF266	ZNF266	0.43218209965964005	5366.0	0.24384034555637804	-0.24384034555637804	0.00567551379915759	1613.0	9.079644023881942	0.04	0.27924054654116837	0.2702161274364923	25	-0.1310069880751669
MFAP3	MFAP3	0.14823804665306697	5365.0	0.243800694600236	0.243800694600236	0.000170934490268842	8515.0	47.955390334572485	0.12	0.603196770447165	0.5229287163347486	25	-0.6872754634053497
SMARCA5	SMARCA5	0.0333334761842059	5364.0	0.243765621849155	-0.243765621849155	0.004778919494498	1863.0	10.487777402275542	0.04	0.307291819468117	0.286384162640754	25	-0.22182161552924465
POLR2L	POLR2L	0.205034189229399	5363.0	0.243756391834024	-0.243756391834024	0.00841276520221715	2306.0	12.982989748789004	0.08	0.4527827916246238	0.746044484842634	25	-0.28017953893820496
TEX261	TEX261	0.0470844415041436	5362.0	0.24375603477367103	-0.24375603477367103	0.0088517598446129	2196.0	12.36341106229582	0.04	0.3196860277445157	0.3103968211314789	25	-0.24462232794156746
DNAJC9.AS1	DNAJC9.AS1	0.127409423827993	5361.0	0.24370709263999696	0.24370709263999696	2.1875101399369703e-06	5516.0	31.063422327362847	0.04	0.38442034709390027	0.281695535415219	25	-0.4995224870940609
LEMD2	LEMD2	0.0860331139359929	5360.0	0.243535288482946	0.243535288482946	1.69678561922353e-06	6983.0	39.3263489917765	0.2	0.6868265760705033	0.8808224536053009	25	-0.5032697404262556
GABARAPL2	GABARAPL2	0.13571062798577002	5359.0	0.243507027287905	-0.243507027287905	1.3391230633720902e-08	6082.0	34.25143629604596	0.08	0.5631334417098544	0.6435868451991961	25	-0.4966329203373044
CCAR2	CCAR2	0.00728414099154385	5358.0	0.243498173187805	-0.243498173187805	2.6357824391531896e-05	7707.0	43.40430325560437	0.04	0.455836230651555	0.3036071728986971	25	-0.6993841925289415
THAP4	THAP4	0.0293602885708129	5357.0	0.243495114148927	-0.243495114148927	0.00046656059840820995	3463.0	19.49983102399459	0.08	0.3379810458988461	0.3274819587170466	25	-0.2885225559297376
CD99L2	CD99L2	0.3685104975388979	5356.0	0.243452766624509	-0.243452766624509	9.0007204988063e-06	5342.0	30.0833614960009	0.12	0.5975797343596595	0.8281286620296225	25	-0.4276231266615467
DCXR	DCXR	0.129007345683936	5355.0	0.243437934200649	-0.243437934200649	0.139210283547365	617.0	3.4696406443618337	0.08	0.41838635618813447	0.7570182354815124	25	-0.23110199171913873
SRSF2	SRSF2	0.023628496748579	5354.0	0.24338563404697303	-0.24338563404697303	1.6380239405721702e-06	5042.0	28.39360144192858	0.16	0.5072404929168794	0.5794083931893649	25	-0.45538667021634294
STEAP4	STEAP4	0.613843879596268	5353.0	0.243378215062006	0.243378215062006	0.001288112559978796	12538.0	70.61507265968233	0.4166666666666667	1.5023012860309477	1.9791134705177367	24	-0.6361045436367057
RCC1L	RCC1L	0.000513996004732783	5352.0	0.243355982296932	0.243355982296932	3.63932327742504e-05	4345.0	24.46772558296722	0.08	0.4138707785514367	0.44778376335233927	25	-0.3807971842881112
ZDHHC5	ZDHHC5	0.000605294624016164	5351.0	0.243355384148376	0.243355384148376	0.0196072193611857	2741.0	15.43314182719387	0.0	0.2542228689397559	0.2045382517318765	25	-0.05313179661682913
SLC35A4	SLC35A4	0.0341866684828961	5350.0	0.24332070864394797	-0.24332070864394797	2.24746823481955e-06	3408.0	19.190041680748	0.08	0.38224671265636395	0.29826444366146354	25	-0.4657813124051083
ZSCAN22	ZSCAN22	0.025699705028553	5349.0	0.243298711634401	-0.243298711634401	0.0009824454901008381	3318.0	18.683113664526303	0.12	0.4041179677367752	0.38688118936872756	25	-0.4156812492351524
DYNC1LI2	DYNC1LI2	0.0748026824147111	5348.0	0.24328511958495103	0.24328511958495103	0.000106865578020337	3984.0	22.434380984566857	0.04	0.35605978539310745	0.3469112524043327	25	-0.3250821788758673
EVA1C	EVA1C	0.428136971334394	5347.0	0.24322690725847698	-0.24322690725847698	0.00230847937382176	5747.0	32.36453756899853	0.16666666666666666	0.9404002934562903	1.6113772319428081	24	-0.4326568430889669
MRPS16	MRPS16	0.000595874488343303	5346.0	0.24321838501421203	0.24321838501421203	1.60136286696736e-06	3712.0	20.90233186887462	0.08	0.38083916786824257	0.38139111057340486	25	-0.3608389892651764
CCNY	CCNY	0.0849703862837651	5345.0	0.243213685961848	-0.243213685961848	0.000233588673909045	2169.0	12.211332657429312	0.08	0.3705357799560675	0.3985080256160803	25	-0.31949693810402874
GPR108	GPR108	0.0468508721725058	5344.0	0.24315557055604997	-0.24315557055604997	0.179917901758047	85.0	0.4731328151402501	0.12	0.3540941388543921	0.6519521942380562	25	-0.17016365506369266
MTA3	MTA3	0.10080533213473501	5343.0	0.243108484936121	0.243108484936121	0.0028466041022111198	2795.0	15.737298636926889	0.08	0.6144269863197878	1.347046200637781	25	-0.2756538723080618
CLPP	CLPP	0.0496728965747694	5342.0	0.24308285823588102	-0.24308285823588102	7.522200729860692e-05	6371.0	35.87923848146896	0.08	0.4892294433355991	0.5797666251434347	25	-0.4245614949615653
USP3	USP3	0.0154657066748971	5341.0	0.243044205370635	0.243044205370635	8.814779175444409e-05	8981.0	50.58015095189816	0.04	0.49544645521723235	0.4056850168030671	25	-0.6221631053461402
DND1	DND1	0.165295631706633	5340.0	0.24302337641199398	0.24302337641199398	0.00541755578387395	446.0	2.5064774135406105	0.08	0.2959466924250465	0.4327548571381203	25	-0.1222939850127696
C9orf40	C9orf40	0.24809281350848802	5339.0	0.242981591563782	0.242981591563782	0.000627231048476758	3376.0	19.00980060831362	0.16	0.6194730563206696	0.7856432945535569	25	-0.47921425329650347
LMBRD1	LMBRD1	0.0560895633371328	5338.0	0.242981354022302	-0.242981354022302	3.7091879516966995e-05	9019.0	50.794187225413985	0.12	0.6060529608531475	0.5482558449952749	25	-0.6622302528009977
C2orf74	C2orf74	0.38832754703348205	5337.0	0.242981250121721	0.242981250121721	9.58574451008583e-06	11088.0	62.44789906499943	0.12	0.6729574588678302	0.4843444484958037	25	-0.8877488119900159
ZBTB34	ZBTB34	0.0402401008213221	5336.0	0.242967955462573	-0.242967955462573	0.021718313118523	627.0	3.525965979497578	0.08	0.38502168266862535	0.6054445509607188	25	-0.23462714625252082
MEF2C.AS1	MEF2C.AS1	0.194771301566002	5335.0	0.24294693465069198	0.24294693465069198	0.00141226508099083	8710.0	49.05373436971949	0.25	0.8883288969332782	1.0736789976323997	24	-0.6010939617015295
ADI1	ADI1	0.0993317940433682	5334.0	0.24288197575543302	0.24288197575543302	4.5344604717339596e-05	1357.0	7.637715444406894	0.08	0.33818766544068224	0.40683405191938904	25	-0.23426183043334162
CDC123	CDC123	0.00612681122278061	5333.0	0.242822823579784	0.242822823579784	0.000110104308206498	2301.0	12.954827081221133	0.04	0.34217760219890186	0.3090706461973591	25	-0.3214630047904136
MRPS14	MRPS14	0.0189123357420606	5332.0	0.242773216325903	0.242773216325903	2.29982563885256e-07	7678.0	43.24095978371071	0.16	0.623900952609229	0.6876262550242628	25	-0.5542658290002
CASP2	CASP2	0.0358767253738502	5331.0	0.24258915113436103	0.24258915113436103	0.0007947366222658231	606.0	3.4076827757125154	0.12	0.48437934652726766	0.6454878111975446	25	-0.3745852225223651
NAA16	NAA16	0.0538875665850727	5330.0	0.24258025036610503	0.24258025036610503	0.0220397388330951	4227.0	23.80308662836544	0.08	0.3838074350707585	0.4869635267418929	25	-0.29001593948843857
C11orf54	C11orf54	0.12231878652592403	5329.0	0.24256471808752897	0.24256471808752897	8.25837171229464e-07	8814.0	49.63951785513123	0.12	0.5416175928024543	0.40262550764138316	25	-0.742756901982699
PLA2R1	PLA2R1	0.327610683903701	5328.0	0.24250620213717397	0.24250620213717397	0.00253075840002273	7991.0	45.0039427734595	0.125	0.795793373098693	1.2700958159040339	24	-0.4356263236468487
DACT3.AS1	DACT3.AS1	0.5460255804152839	5327.0	0.242334629939391	-0.242334629939391	0.0007115885550465311	11583.0	65.23600315421876	0.3333333333333333	0.9020591765574265	0.6723566161102433	24	-0.9812122478019364
TMLHE	TMLHE	0.23683488165165198	5326.0	0.242223417926993	0.242223417926993	2.4342452462003e-06	6399.0	36.036949419849044	0.12	0.8063678243944759	1.5246496158989937	25	-0.37001577318788814
MIS12	MIS12	0.0527524076758857	5325.0	0.24221098283989298	0.24221098283989298	0.027027504244381	3540.0	19.933536104539822	0.08	0.3816160440630307	0.32725297961872984	25	-0.42598561328777906
MON2	MON2	0.0370985614507859	5324.0	0.242155715996347	0.242155715996347	0.000110460382076296	7694.0	43.3310803199279	0.12	0.5352721097210561	0.5364433547684329	25	-0.5464069805678533
TAF8	TAF8	0.0465865771129681	5323.0	0.24206137071302203	0.24206137071302203	0.00015129575743421202	1316.0	7.4067815703503435	0.0	0.30113257039929403	0.2510666557511856	25	-0.23528094365829802
RNASE1	RNASE1	0.532696515723814	5322.0	0.241993941186571	0.241993941186571	0.001457707974627035	12317.0	69.37028275318238	0.25	1.3934466301713522	1.777748888497228	24	-0.6477026628649059
REPS2	REPS2	0.242812957005458	5321.0	0.241990781847288	-0.241990781847288	0.0007241582047097457	7376.0	41.53993466261124	0.20833333333333334	1.1680618164399967	2.0660781549957146	24	-0.44822652635549964
AAAS	AAAS	0.0423286532669904	5320.0	0.241862434578203	0.241862434578203	1.4542584250650198e-05	3687.0	20.76151853103526	0.12	0.41155245226050163	0.5963538659989971	25	-0.28454584996785115
ZNF684	ZNF684	0.239211749053776	5319.0	0.241668294922867	0.241668294922867	0.00156964319709798	4206.0	23.684803424580377	0.08	0.5025710625156313	0.7841646410011157	25	-0.33271427191575337
SLC35E4	SLC35E4	0.12216995119138198	5318.0	0.241620100635053	-0.241620100635053	0.00022352792786207299	5895.0	33.198152529007544	0.12	0.5608068640264166	0.7301462331335258	25	-0.43715457110766487
PTPRR	PTPRR	0.5763725263950029	5317.0	0.24159736303422702	-0.24159736303422702	4.243087424595815e-05	13767.0	77.53745634786526	0.4166666666666667	1.1763268488601908	0.96913156387052	24	-0.964502159121553
SMYD4	SMYD4	0.00324384089971644	5316.0	0.24159181918020603	-0.24159181918020603	6.14199779909516e-06	4994.0	28.123239833277008	0.12	0.4345783100822598	0.3700701176205934	25	-0.5214862852015225
VCPIP1	VCPIP1	0.0446719669392299	5315.0	0.241516642025946	0.241516642025946	0.00581671210287466	7210.0	40.604934099357884	0.08	0.4799720337949043	0.4083189505518236	25	-0.5839929580703936
ZNF202	ZNF202	0.00906513616335642	5314.0	0.241490607351285	0.241490607351285	0.007996528005512791	674.0	3.7906950546355747	0.12	0.3951099520511903	0.5613944958909695	25	-0.27363885079796063
PDZD3	PDZD3	0.6827264991311189	5313.0	0.24148542309968	-0.24148542309968	6.210088954289929e-05	15865.0	89.35451165934437	0.625	1.4869603032394076	1.0638646531168232	24	-1.1707080186289092
PPP2R2B	PPP2R2B	0.524913383179599	5312.0	0.241455883368642	-0.241455883368642	6.88732734090554e-05	13153.0	74.07908077053058	0.48	1.4475501512144109	1.5244224049208575	25	-0.7911811476612252
HOOK3	HOOK3	0.20201740955734598	5311.0	0.241411725289405	0.241411725289405	0.000273965777141469	6035.0	33.98670722090796	0.08	0.4954864434926246	0.5542033414042666	25	-0.45845035426786324
SNRPF	SNRPF	0.0946209620942356	5310.0	0.24139390449769396	0.24139390449769396	8.923163584261341e-07	5458.0	30.73673538357553	0.08	0.4476711381924592	0.3954182126898269	25	-0.521668519746643
ZBTB40	ZBTB40	0.09390627898411699	5309.0	0.24123237150456303	-0.24123237150456303	0.0528592270805503	565.0	3.1767489016559645	0.04	0.27292621439513876	0.32981333076276675	25	-0.09609630640846643
MPHOSPH10	MPHOSPH10	0.0631473147050765	5308.0	0.24120274312863	0.24120274312863	4.09335741598565e-06	8328.0	46.90210656753407	0.12	0.7024811236442031	0.7670323239466305	25	-0.6013806277969435
TNFRSF25	TNFRSF25	0.47345275639474804	5307.0	0.241172601884172	0.241172601884172	1.5813842799139266e-07	9365.0	52.74304382111073	0.2916666666666667	0.964213343739798	1.3089851807854103	24	-0.5523674006926426
SDC2	SDC2	0.28425962614049105	5306.0	0.24107639928882998	-0.24107639928882998	0.0355005599188874	1408.0	7.924974653599189	0.12	0.6629581127473577	1.029603750533366	25	-0.4097515313439566
WNT10B	WNT10B	0.449852375194076	5305.0	0.24107617919465898	0.24107617919465898	0.00083611337662653	10095.0	56.85479328602005	0.16666666666666666	0.6649724942039491	0.7548018810901972	24	-0.5615994416932772
MYH4	MYH4	0.8266914680759591	5304.0	0.24107191910008396	0.24107191910008396	0.0007205253145240335	15654.0	88.16604708798016	0.625	2.7963614300911463	2.9373984789315237	24	-0.86991585558407
PRTFDC1	PRTFDC1	0.35750341134073205	5303.0	0.241052372871583	0.241052372871583	0.02708979708414605	470.0	2.641658217866396	0.08333333333333333	0.6229180518637577	1.2604833416439403	24	-0.3029517855381889
GNAI3	GNAI3	0.0856102014052444	5302.0	0.24103555838371998	-0.24103555838371998	7.630146587239391e-05	4603.0	25.920919229469416	0.08	0.4366528893852459	0.3789905905540034	25	-0.5161535296049833
HR	HR	0.4705103584828	5301.0	0.24100011743479502	-0.24100011743479502	7.80659785746586e-08	12056.0	67.90019150613945	0.4583333333333333	1.3276608054392345	1.4452711714777444	24	-0.7518732189844781
PRPF38B	PRPF38B	0.11019014167228501	5300.0	0.24086774525158397	-0.24086774525158397	5.90150999996844e-06	8092.0	45.572828658330515	0.08	0.5452418577857708	0.3985410707969012	25	-0.7637208178458919
ATG4D	ATG4D	0.218749250273091	5299.0	0.240773238580482	-0.240773238580482	0.0103942963495799	2890.0	16.27238932071646	0.08	0.4033405892983392	0.4033984326443052	25	-0.40299450261176467
SEC23B	SEC23B	0.053591954070369006	5298.0	0.24059793723552103	0.24059793723552103	0.0202571033345811	1361.0	7.660245578461192	0.16	0.5904727670173684	1.1296526795413446	25	-0.30971893938577794
ATG4B	ATG4B	0.0655836100756513	5297.0	0.24057131451581198	-0.24057131451581198	0.00257685063933063	1555.0	8.752957080094626	0.04	0.32758725086893475	0.3819214380366929	25	-0.22783726622008257
EIF3J	EIF3J	0.0357231479750319	5296.0	0.24056954497360897	0.24056954497360897	9.67960976717788e-05	4851.0	27.31778754083587	0.08	0.43541259917085484	0.4834999849981998	25	-0.4029846127047374
GNAL	GNAL	0.0226334129489386	5295.0	0.24054218539555602	-0.24054218539555602	0.00424627632929051	808.0	4.545454545454546	0.08	0.3057121100677306	0.33931359778136216	25	-0.19206399359853243
PLVAP	PLVAP	0.56464689219934	5294.0	0.240538663493178	-0.240538663493178	3.75947799247877e-10	16967.0	95.56156359130337	0.75	2.6439911386477513	2.319005739354867	24	-1.0364150611473686
RNF150	RNF150	0.443753070113846	5293.0	0.240531070099947	-0.240531070099947	0.018346793772070102	2960.0	16.666666666666668	0.125	0.7561076236818797	1.322719000508965	24	-0.38978539915397414
SLC16A3	SLC16A3	0.36950870252099	5292.0	0.24052951200617398	0.24052951200617398	0.0005450034989915941	7052.0	39.71499380421313	0.32	0.8772110049693832	1.146283668881611	25	-0.5554310073913878
ARID3A	ARID3A	0.217734176021089	5291.0	0.24051680234196202	-0.24051680234196202	1.2250398842201198e-11	12857.0	72.41185085051255	0.28	0.8967278757507071	0.6540378607545994	25	-1.0033227627703973
IL5	IL5	0.824797777071801	5290.0	0.240484816061139	-0.240484816061139	0.00238540571690432	16169.0	91.06680184747098	0.6818181818181818	1.6493365231500718	0.8644739184487786	22	-1.629721472241744
GMEB1	GMEB1	0.00169887438175294	5289.0	0.24043473493063	-0.24043473493063	0.000222050538514046	4074.0	22.941309000788554	0.04	0.4178741104648296	0.524864739710809	25	-0.33806686201089725
NAGS	NAGS	0.39737343754584903	5288.0	0.240392250239474	0.240392250239474	0.0123978535998613	4949.0	27.86977582516616	0.04	0.5570169433593241	0.9497431800967164	25	-0.3333792753190466
SEMA4G	SEMA4G	0.47651623726495507	5287.0	0.24037516463060699	0.24037516463060699	0.027619797897512	2864.0	16.125943449363525	0.08	0.42745292936061174	0.5116533554082918	25	-0.3656338080314542
SPPL2A	SPPL2A	0.0587797061953716	5286.0	0.240363073823929	0.240363073823929	0.00448231754750479	2555.0	14.385490593669031	0.04	0.4114499195603695	0.4630525622866744	25	-0.3694760804077382
NOC4L	NOC4L	0.0074782691889627405	5285.0	0.240324786761721	-0.240324786761721	5.87373238782948e-06	6486.0	36.52697983553002	0.12	0.5587605882665073	0.5547064142193915	25	-0.5740618701027712
GRHPR	GRHPR	0.06656709888246	5284.0	0.24021037508305396	-0.24021037508305396	0.0696125248794706	129.0	0.7209642897375239	0.04	0.2283432489811199	0.30886134942896015	25	0.038422179155386864
FHAD1	FHAD1	0.3350229296694289	5283.0	0.240170596877571	0.240170596877571	5.262644709433695e-06	12678.0	71.40362735158274	0.2916666666666667	1.0945469957233158	1.123011932387415	24	-0.7607901342859492
LINC00294	LINC00294	0.153293631786971	5282.0	0.240093547817678	-0.240093547817678	0.0037962477695309	2673.0	15.050129548270812	0.08	0.5156482266485153	0.653797068313488	25	-0.42146820808121466
RELT	RELT	0.451643751182595	5281.0	0.239943790555573	-0.239943790555573	1.3916052580964902e-05	8451.0	47.59490818970372	0.16	0.6837411787557671	0.6172469637174074	25	-0.7189948501769815
PTPN2	PTPN2	0.15353477175698402	5280.0	0.239909618842883	0.239909618842883	7.09770065295025e-05	5134.0	28.911794525177424	0.08	0.5348852742683158	0.7121086439179115	25	-0.4142284438544692
USP21	USP21	0.00614912740943156	5279.0	0.239731153844593	0.239731153844593	0.000554101698831252	1399.0	7.8742818519770195	0.16	0.37757935896538425	0.43562530801724164	25	-0.3164375498480803
STK24	STK24	0.0172959266141243	5278.0	0.23961445964129602	-0.23961445964129602	0.00013131210357607	516.0	2.9007547594908187	0.08	0.3112709569738705	0.40991901859208313	25	-0.17480647172382363
DALRD3	DALRD3	0.0121828961837564	5277.0	0.23957036568697304	-0.23957036568697304	0.0009311046645945619	1835.0	10.33006646389546	0.04	0.3398289872634798	0.45652773527558255	25	-0.21961123898854853
TBC1D14	TBC1D14	0.004305147617216979	5276.0	0.239542061433383	-0.239542061433383	0.00165689789506342	1153.0	6.488678607637715	0.04	0.2804216251718068	0.33310330020900747	25	-0.12272338254461514
BANP	BANP	0.0215684521567035	5275.0	0.239534406990301	-0.239534406990301	0.00013098059471943502	3292.0	18.53666779317337	0.08	0.39569726488758017	0.4630753124803358	25	-0.337229935797777
HUS1	HUS1	0.00894780630402169	5274.0	0.23953049974718998	0.23953049974718998	0.0011881910764454	5218.0	29.384927340317674	0.08	0.44902809506151087	0.5023201185812476	25	-0.4170599336256443
IFNLR1	IFNLR1	0.49408281050603703	5273.0	0.239517367025066	0.239517367025066	0.04280604556086645	3726.0	20.98118733806466	0.125	0.46165060736749036	0.5162519319106788	24	-0.43028069555167797
LINC01697	LINC01697	0.8273567201751079	5272.0	0.23950370202420998	0.23950370202420998	0.00017712101376938827	14179.0	79.85806015545792	0.5416666666666666	1.3161297431208554	1.1208965974472884	24	-0.9605043351443264
UNC79	UNC79	0.451619637004134	5271.0	0.239411745981226	-0.239411745981226	0.01220486631055793	12054.0	67.88892643911231	0.4583333333333333	1.2775763096063306	1.5500174222530037	24	-0.669776061043299
ZBTB24	ZBTB24	0.0918695043502291	5270.0	0.23937621601872303	0.23937621601872303	0.0031366813378981197	1456.0	8.195336262250759	0.04	0.2763599004142353	0.2328818649453011	25	-0.15880877802227727
PRPF6	PRPF6	0.0429347316124823	5269.0	0.239370443138447	0.239370443138447	0.00755685101108823	851.0	4.787653486538245	0.04	0.30600153516821726	0.41178849194715955	25	-0.1618090192727395
IFI16	IFI16	0.284765255804601	5268.0	0.239342383396021	0.239342383396021	9.648770392257124e-06	8024.0	45.18981637940745	0.16666666666666666	1.0277014780157112	1.8043944902023512	24	-0.43691060846194496
PSME2	PSME2	0.285867989392625	5267.0	0.23932730875177696	0.23932730875177696	7.13095397930337e-11	10407.0	58.61214374225526	0.24	0.7034878861285915	0.5359013929333304	25	-0.8661305671108026
SF1	SF1	0.00032212541961939	5266.0	0.239322768085508	-0.239322768085508	2.46102401244903e-09	7358.0	41.4385490593669	0.08	0.5443524864482437	0.41016413734887225	25	-0.7436772028249934
PPHLN1	PPHLN1	0.00169890638457518	5265.0	0.23929499253480602	0.23929499253480602	0.0019024506881383102	4156.0	23.403176748901657	0.04	0.41636609109291456	0.5343790551752001	25	-0.331358605550239
KBTBD8	KBTBD8	0.34506828912275894	5264.0	0.239271997412562	0.239271997412562	0.0179912619142649	4529.0	25.504111749464908	0.2	0.5621001723339035	0.7636507595103716	25	-0.42274321199959075
PCSK6	PCSK6	0.505336522826049	5263.0	0.23923190645594	0.23923190645594	0.0035853100056047	5226.0	29.42998760842627	0.08	0.47962262531340505	0.5206597232258281	25	-0.46170408067689017
SRRM5	SRRM5	0.11776689015856599	5262.0	0.23922382273610301	0.23922382273610301	3.7363038911067295e-05	7137.0	40.19375915286695	0.04	0.5560023179510417	0.760073895618224	25	-0.41677328617802284
NUDT16	NUDT16	0.20272690452341396	5261.0	0.239171405752427	-0.239171405752427	0.000107293005912245	2045.0	11.512898501746085	0.08	0.6353804060209497	1.5335626206569346	25	-0.2583585403893047
SYCP3	SYCP3	0.395824833980179	5260.0	0.23916198953725099	0.23916198953725099	2.61938884353716e-05	9944.0	56.00428072547031	0.16	0.8591764540154382	0.88390115513674	25	-0.7014522617998736
CNOT8	CNOT8	0.0882613938194738	5259.0	0.23913646463479502	0.23913646463479502	1.27650329372647e-06	8230.0	46.350118283203784	0.04	0.49273809080064945	0.41181510332751814	25	-0.6158142916972235
ZNF682	ZNF682	0.37350167048974	5258.0	0.239070720912515	0.239070720912515	0.00498851959957205	6720.0	37.84499267770643	0.20833333333333334	0.6658960701358443	0.7629243515443634	24	-0.5594595956457811
MED29	MED29	0.121655397187489	5257.0	0.239044807185564	0.239044807185564	0.00461073255162341	277.0	1.5545792497465358	0.0	0.2899600037904554	0.2966461130071975	25	-0.17163614951413853
NR2C1	NR2C1	0.134796235594065	5256.0	0.23891589266050897	0.23891589266050897	0.0006303845644047589	3068.0	17.274980286132703	0.12	0.5145388010605781	0.6341331941399235	25	-0.4346451359858196
MACROD2	MACROD2	0.715139265524929	5255.0	0.23889269447259803	0.23889269447259803	0.011041839021343586	3867.0	21.775374563478653	0.16666666666666666	0.5520971104251337	0.6657659218810725	24	-0.47044224652953043
RBBP6	RBBP6	0.0743711523258506	5254.0	0.23884139001277302	0.23884139001277302	0.000109897448910342	4536.0	25.54353948405993	0.16	0.48953166860092656	0.5328653326961756	25	-0.4704570990192185
STK33	STK33	0.29305982835610805	5253.0	0.23883138416867897	0.23883138416867897	0.036398100530009005	6207.0	34.95550298524276	0.16	0.9935830481283694	1.577335965495331	25	-0.47849772050475986
STIM2	STIM2	0.00621601847397976	5252.0	0.238815342363229	-0.238815342363229	0.0024830328364136302	1264.0	7.113889827644474	0.0	0.2668353135844413	0.1731000563036356	25	-0.16187153152661224
IL2	IL2	0.878182629661137	5251.0	0.23878624976236199	0.23878624976236199	2.3669109982286102e-05	17438.0	98.2144868761969	0.5789473684210527	3.295018560676993	2.233688511716448	19	-1.3682446298504307
GPD1L	GPD1L	0.38294971535393	5250.0	0.23863642154599998	-0.23863642154599998	1.03086318919995e-05	5367.0	30.224174833840262	0.16	0.5097023751776443	0.4391976332481072	25	-0.6171844589119551
WDR53	WDR53	0.0412001539309771	5249.0	0.238549021504257	0.238549021504257	0.0305404339970777	680.0	3.8244902557170213	0.04	0.3947087205071235	0.64484696691742	25	-0.24216551680371715
ECI1	ECI1	0.16318745036907098	5248.0	0.238412201505045	0.238412201505045	0.00947396675111231	2215.0	12.470429199053733	0.12	0.4843893839884859	0.6112249565532711	25	-0.40243314649735323
PTPDC1	PTPDC1	0.0392985517687922	5247.0	0.23835965830042102	-0.23835965830042102	6.196342119781011e-07	7733.0	43.5507491269573	0.16	0.6692866014855349	0.6435973872994019	25	-0.6695598081796538
GTF2E1	GTF2E1	0.0140394657515654	5246.0	0.23830819838994	0.23830819838994	2.5716402210042497e-06	7437.0	41.883519206939276	0.24	0.6936196287174718	0.7410960167693936	25	-0.6143757624178553
MYH3	MYH3	0.441571434466355	5245.0	0.23830071189544802	-0.23830071189544802	1.8062745589628117e-08	17630.0	99.29593331080319	0.7916666666666666	4.072939411124079	3.246183993480956	24	-1.1812758324634154
ZNF654	ZNF654	0.140210961572688	5244.0	0.23825343817089498	0.23825343817089498	0.00109245529114427	6217.0	35.011828320378505	0.04	0.38724020907260287	0.24358200989488377	25	-0.611649320760602
ZSCAN5A	ZSCAN5A	0.474849368335065	5243.0	0.23820314470030804	0.23820314470030804	0.00691251251823708	2799.0	15.759828770981187	0.08	0.38757531070388074	0.5474978144722248	25	-0.2728269630584078
ING1	ING1	0.0716788650201275	5242.0	0.23820009901255498	-0.23820009901255498	2.0869752679196103e-05	3586.0	20.192632646164245	0.12	0.46730030194889627	0.4306375215719167	25	-0.5320024184146281
NCKIPSD	NCKIPSD	0.142213956150488	5241.0	0.23818695570572898	-0.23818695570572898	9.37514599066557e-06	7854.0	44.23228568209981	0.04	0.47364215486012873	0.4713287689287004	25	-0.4995561796271721
STON2	STON2	0.285294749164734	5240.0	0.23810628348700003	-0.23810628348700003	0.00224539318288577	8725.0	49.13822237242311	0.125	0.6039585276885558	0.6236141336420779	24	-0.5866644523671685
PRDX2	PRDX2	0.0973454618669308	5239.0	0.237939199730494	0.237939199730494	8.65546620263407e-07	6893.0	38.8194209755548	0.08	0.5060121962203428	0.5000813969923166	25	-0.53605872584372
GINM1	GINM1	0.0770775865862015	5238.0	0.237918607486728	-0.237918607486728	5.9618724110201403e-05	3254.0	18.32263151965754	0.08	0.4541199266120923	0.5037342748035892	25	-0.42919715798505714
HCCS	HCCS	0.0478449894235006	5237.0	0.237892279583297	0.237892279583297	6.04026925243358e-07	5830.0	32.832037850625206	0.12	0.5498608183040159	0.6368377157636826	25	-0.4898713298514562
PSMD3	PSMD3	0.034659452076540996	5236.0	0.23787143382471201	0.23787143382471201	8.07326410719722e-05	3918.0	22.06263377267095	0.2	0.5591165255971	0.5913306528365235	25	-0.5432579728979446
RBM5	RBM5	0.0182490823351424	5235.0	0.237851321225091	-0.237851321225091	0.0209488254733197	1342.0	7.553227441703278	0.08	0.34239220392803377	0.43241022388043276	25	-0.24176320755045264
CCDC149	CCDC149	0.0528381064700524	5234.0	0.23774201136603895	0.23774201136603895	1.0093053534628136e-06	8806.0	49.59445758702264	0.16666666666666666	0.7833733238384508	0.9244600422382977	24	-0.5902162208669748
PEX14	PEX14	0.199742207840541	5233.0	0.237706236018922	-0.237706236018922	0.000260364234389111	4834.0	27.222034471105104	0.0	0.35730175539040604	0.24813269399886473	25	-0.4819821098304411
PRSS36	PRSS36	0.272760984795186	5232.0	0.23769022706148302	-0.23769022706148302	0.0177019106186047	4496.0	25.318238143516954	0.125	0.6523544727040489	1.0846366183416551	24	-0.3823070682202882
CYP51A1.AS1	CYP51A1.AS1	0.5499060605559211	5231.0	0.237669032605191	-0.237669032605191	0.0107717468127701	5127.0	28.872366790582404	0.08	0.443527080321793	0.356560936798469	25	-0.5773432433877482
SERTAD4.AS1	SERTAD4.AS1	0.26101277069377804	5230.0	0.23766314472267003	0.23766314472267003	0.01600404482262248	5225.0	29.424355074912697	0.08333333333333333	0.5318112327174921	0.7578761002801346	24	-0.38812160442332955
RSBN1	RSBN1	0.13697325311205302	5229.0	0.23758166099296202	-0.23758166099296202	0.0543100322999249	2708.0	15.247268221245916	0.0	0.2878210134324854	0.23699387970195682	25	-0.21198586437212774
WHRN	WHRN	0.40813232887590206	5228.0	0.23757707854686302	0.23757707854686302	1.14452108338824e-06	9367.0	52.75430888813788	0.2	0.8688947551376996	1.023567297844901	25	-0.6167817962923028
ROMO1	ROMO1	0.0869513279059151	5227.0	0.237476563226922	0.237476563226922	0.000309399174111037	4142.0	23.324321279711615	0.04	0.4506565803198269	0.3618924911695425	25	-0.589070020226069
XPA	XPA	0.11455357822524599	5226.0	0.23743365678237602	-0.23743365678237602	8.684540061134351e-06	6467.0	36.419961698772106	0.12	0.48869020679593544	0.5617034449658197	25	-0.44731174833518894
TXLNG	TXLNG	0.157545093086354	5225.0	0.23742496809711802	0.23742496809711802	0.001980483659167	3153.0	17.753745634786526	0.08	0.4020125827485087	0.44254875914361635	25	-0.3719084309938796
KMT5B	KMT5B	0.0065221290738348295	5224.0	0.237413950391676	0.237413950391676	0.00877420442948563	1790.0	10.076602455784611	0.04	0.32608006344977913	0.4335414529793965	25	-0.20451588296521409
PLOD3	PLOD3	0.0254927150541303	5223.0	0.237353192773558	-0.237353192773558	0.0162058441387669	1573.0	8.854342683338965	0.08	0.4038804079976312	0.5106077792042384	25	-0.32613528819243437
DENND4C	DENND4C	0.0267245214627696	5222.0	0.237321348837416	-0.237321348837416	0.0118154186840086	5334.0	30.038301227892305	0.04	0.47569744575988027	0.5089294481500625	25	-0.46838731338685846
GPATCH3	GPATCH3	0.064980728825679	5221.0	0.23722440703696399	-0.23722440703696399	0.0109531468189137	1818.0	10.234313394164694	0.08	0.4012007579750974	0.6199359993186891	25	-0.2645052894465618
NRAS	NRAS	0.203846892354902	5220.0	0.237187044978465	-0.237187044978465	0.00134789866567666	3776.0	21.262814013743384	0.04	0.46552958260079125	0.5086253630519272	25	-0.4489405252073795
CPO	CPO	0.633868236754498	5219.0	0.237171862644879	-0.237171862644879	8.782974536447335e-06	15813.0	89.06161991663849	0.5833333333333334	1.9134471639011752	1.4562938415577147	24	-1.1510556821851832
C6orf132	C6orf132	0.19582627071142897	5218.0	0.23715256575386603	0.23715256575386603	0.08429177155431046	8361.0	47.08798017348203	0.25	0.9792957539286413	1.595411491357286	24	-0.46517352557326874
PDSS2	PDSS2	0.0751169201014878	5217.0	0.237089313783537	0.237089313783537	2.1696759853613e-06	6822.0	38.41951109609102	0.08	0.4664388782609686	0.3056483166677263	25	-0.7503707757264048
HRH3	HRH3	0.898060149341562	5216.0	0.23705837451670397	0.23705837451670397	5.705913573587675e-05	16620.0	93.60707446209304	0.5833333333333334	2.017848082717453	1.4251622884617716	24	-1.2495346829046527
SLC12A3	SLC12A3	0.621229437193266	5215.0	0.236962557537015	-0.236962557537015	1.8028802275721916e-06	15886.0	89.47279486312944	0.7083333333333334	2.3572287026551533	2.2616199632042258	24	-0.9374988634757982
NSG1	NSG1	0.629362232300556	5214.0	0.23684468607327697	-0.23684468607327697	3.883454532171775e-06	13707.0	77.1995043370508	0.4583333333333333	1.1397732606400777	0.8840750552073081	24	-1.0213256999487126
EMD	EMD	0.10976434131819501	5213.0	0.23683650302383602	-0.23683650302383602	5.906024752938879e-05	6237.0	35.12447899064999	0.2	0.6343740064567812	0.7185386801788491	25	-0.5532583205318821
PLIN4	PLIN4	0.588829058267463	5212.0	0.23678536688336202	0.23678536688336202	1.2952500183971795e-10	17609.0	99.17765010701812	0.875	3.4965973094058427	2.3780803347181845	24	-1.3707745255413275
ABCF1	ABCF1	0.130792762388864	5211.0	0.23673625743395102	0.23673625743395102	0.000222426916438204	1187.0	6.680184747099245	0.08	0.411419251751597	0.5473680976222767	25	-0.3191325820347495
MTG1	MTG1	0.138964484442711	5210.0	0.23671817295674	0.23671817295674	0.00142205287149466	599.0	3.3682550411174943	0.04	0.39149149516887455	0.69905841111346	25	-0.22140256057517663
C6orf136	C6orf136	0.0524455142744306	5209.0	0.236673714633699	0.236673714633699	0.0949984647846289	8.0	0.03942773459502084	0.08	0.3004067583867829	0.5617297600095377	25	-0.11345854944911903
ETFA	ETFA	1.58112377540789e-05	5208.0	0.23661458247670103	0.23661458247670103	3.0424781237805604e-10	8338.0	46.958431902669815	0.12	0.5937458231749823	0.4141093006981731	25	-0.8624081615558286
PARP4	PARP4	0.0271138959761165	5207.0	0.236573053802387	0.236573053802387	2.97173233777563e-05	9455.0	53.24997183733243	0.12	0.5983602883117861	0.7037224308947435	25	-0.5141050201418291
P4HA2	P4HA2	0.243003695345685	5206.0	0.23642210423431698	0.23642210423431698	1.1863900347083798e-06	10327.0	58.16154106116931	0.16	0.8401246202811977	1.0726949078280756	25	-0.5627905116742086
FLYWCH1	FLYWCH1	0.5091531643579721	5205.0	0.23640085434776298	-0.23640085434776298	2.60421616558863e-10	11369.0	64.03064098231384	0.24	0.8605101897992768	0.7687738588300428	25	-0.8118243463706137
MFSD12	MFSD12	0.30674628496871503	5204.0	0.236399655998581	-0.236399655998581	8.37385781958851e-05	9486.0	53.42458037625323	0.32	0.7838004056343008	0.7304665428733719	25	-0.7493851087038944
ARMCX4	ARMCX4	0.23485193609566501	5203.0	0.23628656350530497	-0.23628656350530497	3.2975304846329293e-05	4293.0	24.17483384026135	0.16666666666666666	0.6981304850582295	1.1413360013995948	24	-0.4046520227054747
C8orf34	C8orf34	0.406102221892905	5202.0	0.23624926575219002	-0.23624926575219002	0.000324022238735083	12637.0	71.17269347752618	0.25	0.9773544290686872	1.0928242424732946	24	-0.6781558593898118
DCUN1D4	DCUN1D4	0.10054615894300699	5201.0	0.23621247826601396	0.23621247826601396	2.9751811314328104e-07	7717.0	43.460628590740114	0.12	0.5522423481598907	0.5560253492305673	25	-0.568373133223515
TMC8	TMC8	0.48740384117778895	5200.0	0.236168748495933	-0.236168748495933	7.5436975708061625e-06	15229.0	85.77222034471104	0.5416666666666666	1.7803724662504425	2.1733233999037944	24	-0.7105264305454339
RFC3	RFC3	0.177593601105805	5199.0	0.236148551946054	0.236148551946054	0.00023056768939068702	7810.0	43.98445420750253	0.12	0.5840089803086478	0.7659681508122221	25	-0.4541447682827639
TMEM35B	TMEM35B	0.0385035687251727	5198.0	0.236084945471028	-0.236084945471028	4.2749322734572e-05	7446.0	41.934212008561445	0.04	0.47592354430578077	0.2958508652828743	25	-0.810673981316343
FSCN3	FSCN3	0.145675028034382	5197.0	0.23596953241245802	-0.23596953241245802	0.00029196518155578103	1158.0	6.5168412752055875	0.04	0.4214321744619992	0.6942716406215069	25	-0.2671326771802408
PIGV	PIGV	0.132573215593366	5196.0	0.23596154220585502	0.23596154220585502	0.000102480064684887	3528.0	19.86594570237693	0.04	0.3225861637545763	0.25931893708157094	25	-0.3340466474358284
RER1	RER1	0.166040431023187	5195.0	0.235893916635034	0.235893916635034	0.0167091768152465	1256.0	7.068829559535879	0.04	0.26917990100018263	0.2807254453089982	25	-0.11857131201095898
IL12A.AS1	IL12A.AS1	0.7097756121842329	5194.0	0.235889097793262	-0.235889097793262	0.0666644401485631	6092.0	34.307761631181705	0.16666666666666666	0.6294843491705115	0.6975229743368477	24	-0.5642756810289299
CDYL	CDYL	0.0326728497116377	5193.0	0.23585943046286198	0.23585943046286198	2.45015624639004e-05	6120.0	34.46547256956178	0.08	0.47076157870679936	0.4413412706623329	25	-0.5322460505255112
UGP2	UGP2	0.015239614881611002	5192.0	0.235698993991832	0.235698993991832	3.6014130937721004e-05	7511.0	42.300326686943784	0.04	0.4076247909415167	0.247562816638318	25	-0.6944734240960881
MDS2	MDS2	0.60556976335961	5191.0	0.23562821731269895	0.23562821731269895	7.584562431735406e-05	14949.0	84.19511096091021	0.5416666666666666	1.4611780081397987	1.088555068674122	24	-1.1258500613293174
NBAT1	NBAT1	0.7127524911506629	5190.0	0.23561581754076802	0.23561581754076802	0.004119252997628955	12286.0	69.19567421426157	0.4166666666666667	1.2120023115408662	1.426689860519866	24	-0.6843719304518759
KIAA2026	KIAA2026	0.031629347156568996	5189.0	0.23560312370880201	-0.23560312370880201	0.00451022749859644	1794.0	10.09913258983891	0.12	0.4274702307420683	0.47111211075416054	25	-0.40726422151645325
AGFG1	AGFG1	0.0157070630658181	5188.0	0.23558769783271	-0.23558769783271	0.0440773620446519	438.0	2.4614171454320153	0.0	0.32420660535784246	0.311834121254591	25	-0.28418605112421697
STX18	STX18	0.0465517592314519	5187.0	0.235554011801918	0.235554011801918	0.000767943800274545	1023.0	5.756449250873043	0.04	0.3234075795410261	0.3246696696527603	25	-0.27059370169399866
WDR83OS	WDR83OS	0.10249386032575099	5186.0	0.235550438217459	-0.235550438217459	0.0019633769559498897	1274.0	7.170215162780218	0.04	0.37352486687582354	0.5700232987701646	25	-0.24205050733197545
TAOK1	TAOK1	0.16041080725196202	5185.0	0.23553633470990804	0.23553633470990804	0.00275930045928873	5398.0	30.398783372761066	0.08	0.4923777105156554	0.5525763336743429	25	-0.4648070504538022
UFSP2	UFSP2	0.0549622739035437	5184.0	0.235534990216198	-0.235534990216198	4.0183470824093595e-08	7675.0	43.224062183169984	0.08	0.5910439712805677	0.656417945639739	25	-0.541589369129593
MS4A4A	MS4A4A	0.34984907973616997	5183.0	0.235426454531892	-0.235426454531892	0.005893405070784715	11831.0	66.63287146558521	0.3333333333333333	1.5993990163804914	2.291144338067457	24	-0.5953237162696995
AGO3	AGO3	0.129121957590377	5182.0	0.235379565921544	0.235379565921544	0.000601704473603408	4872.0	27.43607074462093	0.08	0.42854968685672395	0.33759731016760675	25	-0.5721909361163953
LINC01023	LINC01023	0.421023477743406	5181.0	0.235336696953332	0.235336696953332	0.133561110621363	1726.0	9.71612031091585	0.04	0.3890795447926021	0.5874623526454665	25	-0.26170672409378015
CCT4	CCT4	0.00269581900769414	5180.0	0.235309979667756	0.235309979667756	0.00332873058125311	1270.0	7.147685028725921	0.04	0.3393016641116525	0.45629139303588767	25	-0.22790630292629147
LRFN4	LRFN4	0.301605181681803	5179.0	0.235267051411155	-0.235267051411155	4.654577206354891e-13	15645.0	88.115354286358	0.52	1.751404610901469	1.7734483219392234	25	-0.8549093541290528
TP53TG1	TP53TG1	0.12842124053909101	5178.0	0.235133029265111	0.235133029265111	0.00037431331753389797	6862.0	38.64481243663399	0.08	0.5961354731534039	0.7674163545144913	25	-0.47041275803495525
NIPAL4	NIPAL4	0.601203127866915	5177.0	0.23507663328752398	0.23507663328752398	0.0001436925142465385	12091.0	68.09733017911456	0.4166666666666667	1.4597514800959284	1.8442836831736085	24	-0.6640382160194613
TCF7L2	TCF7L2	0.23534966550358802	5176.0	0.23494166235188	-0.23494166235188	0.000133543060391356	6897.0	38.8419511096091	0.08	0.48189455955514376	0.38049828086916665	25	-0.6490250012145992
TOP1	TOP1	0.22226353843400895	5175.0	0.234774349284014	0.234774349284014	0.00305319587736133	3020.0	17.004618677481133	0.12	0.5306414064866545	0.7338325697439965	25	-0.40318060195373473
YWHAH	YWHAH	0.0472844054843036	5174.0	0.234699705077933	-0.234699705077933	0.0004977748302806191	2541.0	14.306635124478989	0.04	0.3538818229725913	0.38822009248565076	25	-0.3069962637213669
SNX3	SNX3	0.005558410672030999	5173.0	0.23466058107337803	-0.23466058107337803	6.4672685484825e-05	4068.0	22.907513799707107	0.04	0.36837391190358326	0.2685706837695131	25	-0.4978701656989405
SUMO1	SUMO1	0.0944799389441669	5172.0	0.234531630985125	0.234531630985125	6.237251338663079e-10	10160.0	57.220907964402386	0.2	0.6771297661138154	0.4729714033602084	25	-0.935782019767512
ZNF808	ZNF808	0.0299553100686896	5171.0	0.234510364372065	0.234510364372065	0.00196376705491283	5358.0	30.173482032218093	0.04	0.4708729571532794	0.4747886344276009	25	-0.4978269816129237
ALAS1	ALAS1	0.230262152550189	5170.0	0.234508321863578	-0.234508321863578	2.0746875623972304e-05	1954.0	11.000337952010813	0.12	0.4404330758083216	0.6678301208077553	25	-0.30834900602517457
HSF1	HSF1	0.312468431183693	5169.0	0.23448998181457198	0.23448998181457198	3.49669605135091e-06	8866.0	49.9324095978371	0.2	0.6601065212674646	0.5177307608068467	25	-0.8220808413809515
CLSTN3	CLSTN3	0.28896461691999	5168.0	0.234475253939542	0.234475253939542	4.85922931631012e-05	6063.0	34.144418159288044	0.16	0.7167745254244094	1.0520237719835792	25	-0.458449023994484
ARHGAP17	ARHGAP17	0.066538902623839	5167.0	0.234449406535591	-0.234449406535591	8.27071452498193e-09	6951.0	39.146107919342114	0.12	0.6045418300207486	0.671535169222858	25	-0.5511139854573088
CCDC153	CCDC153	0.25703977497527897	5166.0	0.234415518625498	-0.234415518625498	0.0768826420024053	4484.0	25.25064774135406	0.08333333333333333	0.4709831924450108	0.5991769041074939	24	-0.39482108238449715
ANAPC11	ANAPC11	0.044022513572237	5165.0	0.234372758251683	0.234372758251683	8.91307167140093e-05	2248.0	12.656302805001689	0.08	0.3895227802452421	0.4473400669339615	25	-0.3468279133969529
JAK1	JAK1	0.11767033937300998	5164.0	0.234344184483696	-0.234344184483696	0.000261901866441351	3855.0	21.70778416131576	0.12	0.4409474554591944	0.44755404750642336	25	-0.4616275333149192
CTH	CTH	0.41736442488118897	5163.0	0.234329526768135	-0.234329526768135	0.00124021689846912	6112.0	34.42041230145319	0.12	0.698659237692506	0.9926275031420475	25	-0.4677784057509882
KLRA1P	KLRA1P	0.309756564012293	5162.0	0.234312645428146	0.234312645428146	0.0068654229421811295	5188.0	29.215951334910443	0.08333333333333333	0.4337737676960421	0.32103239421081736	24	-0.6213115120616546
CAPN2	CAPN2	0.19344368449873603	5161.0	0.234166761541667	0.234166761541667	5.952061291830841e-14	10690.0	60.20615072659682	0.2	0.9000087325604141	1.2045362790655432	25	-0.5527786772311207
NPY4R	NPY4R	0.702280419076553	5160.0	0.23415386251606402	0.23415386251606402	0.00031978973841547797	16824.0	94.75611129886222	0.6363636363636364	1.9697566218473115	1.208144337608918	22	-1.4365856009938691
GTF3C2	GTF3C2	6.34364018001076e-08	5159.0	0.23412243252231896	0.23412243252231896	0.00154857220828962	1784.0	10.042807254703165	0.08	0.3556440370066084	0.41191587568810983	25	-0.29501558851376225
TMEM17	TMEM17	0.403063773658301	5158.0	0.234037424672737	-0.234037424672737	4.96021866305815e-09	12584.0	70.87416920130674	0.24	0.929179906508978	0.6800055289341242	25	-1.0222600438644125
GPATCH11	GPATCH11	0.123088449482493	5157.0	0.23394922607810198	-0.23394922607810198	3.1196581866313504e-05	6458.0	36.36926889714994	0.16	0.563145168909247	0.5614257685870914	25	-0.586357023938559
C12orf54	C12orf54	0.7008831440418599	5156.0	0.23393345176994898	-0.23393345176994898	0.010218940594554686	10945.0	61.642446772558294	0.25	1.0006569030610375	1.13767141779826	24	-0.6739410336729136
ATG9B	ATG9B	0.661213977241605	5155.0	0.23373529771414897	-0.23373529771414897	0.044854471027425596	4546.0	25.599864819195673	0.125	0.5897426184712837	0.8701173397900889	24	-0.4091486337268254
NAA35	NAA35	0.0543197119418411	5154.0	0.23372733610531896	0.23372733610531896	7.971006474139429e-08	10365.0	58.37557733468514	0.12	0.6121886320951295	0.5385504206508306	25	-0.7027406933086143
EDC4	EDC4	0.22810403793591	5153.0	0.233705725365271	-0.233705725365271	6.06807347482147e-08	8244.0	46.42897375239382	0.04	0.5267189855595907	0.41614778518805673	25	-0.704108661931019
C3orf20	C3orf20	0.596365340380271	5152.0	0.233584982117948	0.233584982117948	0.0373822006798751	5719.0	32.20682663061845	0.2	0.6549297993388588	0.8038734987495052	25	-0.52414318655404
RPL3	RPL3	0.13805840046427098	5151.0	0.23356751173747	-0.23356751173747	0.00019400572910251499	4070.0	22.918778866734257	0.08	0.44116806357049887	0.6395656700736078	25	-0.3245961463333954
SEC62	SEC62	0.085471617061242	5150.0	0.233465393413613	0.233465393413613	7.35373288999799e-08	9990.0	56.26337726709473	0.12	0.655726516269325	0.6077700049989521	25	-0.6947712446856276
FAM110C	FAM110C	0.537008704733339	5149.0	0.23335391404913702	0.23335391404913702	0.010736568557470912	7753.0	43.66339979722879	0.20833333333333334	0.9132487682559605	1.5079427715426048	24	-0.45087576732855744
SLC9B2	SLC9B2	0.0181425849690806	5148.0	0.233329214590839	-0.233329214590839	0.0010931124714483901	567.0	3.1880139686831135	0.12	0.4787816205530956	0.998321535041967	25	-0.2458650818866072
SCFD1	SCFD1	0.0349287440410767	5147.0	0.23321110868687397	0.23321110868687397	2.6680130629962404e-08	10895.0	61.36082009687957	0.12	0.6311370176083191	0.3345675841569237	25	-1.1893737700984328
SPSB3	SPSB3	0.24698274057518102	5146.0	0.23320314257546898	-0.23320314257546898	3.3366571306818e-05	5229.0	29.446885208966993	0.04	0.43091696915255456	0.2793577053779748	25	-0.7077443105053289
PHC2	PHC2	0.12730642301472198	5145.0	0.23319799677528302	0.23319799677528302	0.00239756665192136	2713.0	15.275430888813787	0.04	0.3990639505813285	0.31040477751079343	25	-0.5343537400943449
BNIP3L	BNIP3L	0.18172847529707398	5144.0	0.233190194117188	0.233190194117188	5.545254094554871e-05	5776.0	32.52788104089219	0.04	0.4709677961352005	0.4503203949865624	25	-0.5280187276996589
DNAJC9	DNAJC9	0.0238813102812429	5143.0	0.23317790725989201	0.23317790725989201	1.26386304239695e-05	4403.0	24.794412526754535	0.08	0.4338250260212523	0.4163856028293863	25	-0.48187813747147085
PIGL	PIGL	0.222988013128212	5142.0	0.23315035648476398	0.23315035648476398	0.00641824487999756	1369.0	7.705305846569787	0.0	0.23123073046236972	0.14597355157184388	25	0.013150505702736686
C19orf48	C19orf48	0.268524971145475	5141.0	0.23297037866619502	0.23297037866619502	0.0048332549819274	9446.0	53.199279035710255	0.28	0.8935556661730683	1.0843155992827358	25	-0.6092186517872139
AXIN1	AXIN1	0.12449315648760699	5140.0	0.23295841249564897	0.23295841249564897	1.7323359502753e-05	7269.0	40.937253576658776	0.12	0.4878479093169801	0.3380913023998643	25	-0.7539072878008276
TRABD2B	TRABD2B	0.545726944847235	5139.0	0.232896272394198	-0.232896272394198	5.629055376616925e-06	13341.0	75.13799707108257	0.375	1.2136955349157097	1.1854800214358125	24	-0.8273435610779855
TARDBP	TARDBP	0.021450046878543	5138.0	0.232841836941068	0.232841836941068	0.00042782956164315496	4347.0	24.47899064999437	0.08	0.42345357959131547	0.3440266148096588	25	-0.5540610361082329
FBXO25	FBXO25	0.132168729259432	5137.0	0.23279478810531698	-0.23279478810531698	0.005881768486350225	748.0	4.207502534640081	0.0	0.25442019143108896	0.19600539787142954	24	-0.1103306519137664
UBXN2A	UBXN2A	0.0528381064700524	5136.0	0.23279147489974103	-0.23279147489974103	0.000584462760934786	3939.0	22.18091697645601	0.12	0.5167286650582168	0.6736488272020053	25	-0.42149140426445403
ATXN7L1	ATXN7L1	0.165506509893693	5135.0	0.232772147741748	-0.232772147741748	1.84863525765984e-05	7017.0	39.51785513123803	0.12	0.5687783847665834	0.7220659605314884	25	-0.46534008718194175
GTF3C5	GTF3C5	0.0643613090852422	5134.0	0.232747556913161	-0.232747556913161	0.000569023727841283	3421.0	19.26326461642447	0.12	0.4327017434858292	0.4199726580598482	25	-0.47611239145043033
RSPH1	RSPH1	0.573151479696315	5133.0	0.23270420850239898	-0.23270420850239898	2.8148075091209637e-05	13870.0	78.11760729976343	0.4583333333333333	1.1900561909933767	0.770431746560262	24	-1.2426175151338927
ALX4	ALX4	0.5528817943787621	5132.0	0.23269985999120898	0.23269985999120898	4.147778517439465e-07	16240.0	91.46671172693478	0.5	1.7661829403553904	1.5152026931295464	24	-1.0120646480616255
C14orf119	C14orf119	0.0262743388030694	5131.0	0.23260260248101602	0.23260260248101602	5.018596185694759e-10	8741.0	49.2283429086403	0.16	0.6509512966808266	0.6165273187020379	25	-0.6785566211089419
LINC.PINT	LINC.PINT	0.260467963550288	5130.0	0.232590223108442	0.232590223108442	2.071983655803475e-06	16939.0	95.40385265292328	0.7083333333333334	3.1957650676385136	2.9280551774117813	24	-1.0119941958024623
SENP7	SENP7	0.16141742885452098	5129.0	0.23257693247972	-0.23257693247972	0.00182404382235731	6539.0	36.82550411174946	0.16	0.4993249195383988	0.5066609939970127	25	-0.5264821847727468
TES	TES	0.0999463335797953	5128.0	0.2325729384547	-0.2325729384547	4.81302977277093e-10	9813.0	55.26641883519206	0.16	0.7733382313229559	0.9804596447864518	25	-0.5515426318092232
HOXB5	HOXB5	0.676085770145292	5127.0	0.232514491298468	0.232514491298468	0.007846136459655994	14028.0	79.00754759490819	0.4583333333333333	1.400682240304999	1.6282733763935773	24	-0.7174272858246181
GAPVD1	GAPVD1	0.00936651113438147	5126.0	0.23244972592748497	-0.23244972592748497	0.00012139439439306101	6533.0	36.791708910668014	0.12	0.538799949015566	0.4918354268722843	25	-0.6228714044375488
SNRPA	SNRPA	0.0370277323749653	5125.0	0.23237495851182996	0.23237495851182996	0.00196968603492671	6936.0	39.0616199166385	0.04	0.3811596748589405	0.294251477333378	25	-0.5056379587129208
GSTO2	GSTO2	0.310741493067642	5124.0	0.23225029081942997	0.23225029081942997	0.0072549249855011445	6443.0	36.28478089444632	0.125	0.5379168228428743	0.5354387515989074	24	-0.5708711427977043
ZNF540	ZNF540	0.251396669346906	5123.0	0.23221555189106402	0.23221555189106402	0.00263868600759758	9862.0	55.54241297735721	0.16666666666666666	0.731694683411313	0.7832430644662239	24	-0.6377064211358724
ZNF287	ZNF287	0.145817798920091	5122.0	0.23216078521145198	0.23216078521145198	0.0001182866408175595	4712.0	26.534865382449027	0.125	0.6795570774855729	1.111721170590078	24	-0.40243570430223297
HMGN3	HMGN3	0.141660459080321	5121.0	0.23212728672914698	0.23212728672914698	4.04193569219925e-08	7830.0	44.09710487777402	0.2	0.6848386295669148	0.8268588759026937	25	-0.5475073873320115
SLC8B1	SLC8B1	0.244989946809723	5120.0	0.232126247572077	-0.232126247572077	0.00675579747627935	3396.0	19.122451278585107	0.12	0.48918660912694134	0.5699470414218153	25	-0.45102499508303456
ATRN	ATRN	0.0474769918678355	5119.0	0.23211116690775196	0.23211116690775196	0.0138289641297919	1758.0	9.89636138335023	0.04	0.3323057047645335	0.3539492811042631	25	-0.2830759750215941
COPZ2	COPZ2	0.443241255695242	5118.0	0.232084127663517	0.232084127663517	0.00084332482613907	9756.0	54.945364424918324	0.3333333333333333	1.1797296221842104	1.746154106141677	24	-0.542704387423526
TMPRSS2	TMPRSS2	0.35714943563391105	5117.0	0.232002502242972	0.232002502242972	0.00064232438181899	13856.0	78.03875183057339	0.4782608695652174	1.4573709788204496	1.518988439154661	23	-0.8067003309514409
RNF169	RNF169	0.007197720480612591	5116.0	0.231968978359528	0.231968978359528	0.00012301099798080602	6446.0	36.301678494987044	0.04	0.4775300679411126	0.48168921567613826	25	-0.5097915452329466
KDM5C	KDM5C	0.00315171997695339	5115.0	0.23190638734775196	0.23190638734775196	0.000548795740451971	5449.0	30.686042581953362	0.08	0.4845865492908406	0.6075541369287972	25	-0.4158973605552153
SPEN	SPEN	0.149987574468557	5114.0	0.23187578122306302	-0.23187578122306302	0.00952341581243593	3124.0	17.590402162892868	0.12	0.3756901717260039	0.3817272998670443	25	-0.3767464117788575
PASK	PASK	0.171825545943426	5113.0	0.231862660096827	0.231862660096827	4.49275218567811e-06	7956.0	44.80680410048439	0.08	0.6143994408451678	0.8595995610023123	25	-0.44501742218469076
LIPT1	LIPT1	0.0591474421422331	5112.0	0.23185346643594199	0.23185346643594199	0.00045228721201167596	6315.0	35.5638166047088	0.04	0.4339310961180953	0.3401177293024005	25	-0.5941402410765981
DBP	DBP	0.40273955460046	5111.0	0.231766572377255	0.231766572377255	0.0005654206853864099	10801.0	60.83136194660358	0.28	0.8801738828783272	1.0601366105733727	25	-0.6116261848087506
TMX3	TMX3	0.19038285603770602	5110.0	0.23174170474028	-0.23174170474028	0.00022462009283524302	6769.0	38.120986819871575	0.08	0.4962286501583017	0.4904129307086586	25	-0.5393147873075689
TIMM29	TIMM29	0.11567365533950599	5109.0	0.23173334441350002	0.23173334441350002	0.00403242143965556	3436.0	19.347752619128084	0.08	0.4629090438448806	0.6482756276532934	25	-0.35660094189907826
MORC3	MORC3	0.0605274971306748	5108.0	0.231664018399452	0.231664018399452	0.000573662994547903	7518.0	42.33975442153881	0.08	0.46223379498736894	0.45662731669581386	25	-0.5049408306457341
KHDRBS3	KHDRBS3	0.521997276689296	5107.0	0.23163691142477502	0.23163691142477502	0.000642022989788896	3394.0	19.11118621155796	0.08	0.649273530647213	1.199524330187506	25	-0.34816852706702023
RUVBL1	RUVBL1	0.0375184897333825	5106.0	0.23158535503292899	0.23158535503292899	0.00237323025109956	2105.0	11.850850512560548	0.08	0.3636287785696882	0.5385143527171047	25	-0.24519945080484237
SNAPIN	SNAPIN	0.00949016136661864	5105.0	0.231542340805739	0.231542340805739	1.28661280944796e-06	5287.0	29.77357215275431	0.08	0.43727437079795417	0.3483958066350379	25	-0.5905123600058994
ANKFY1	ANKFY1	0.0454664613763562	5104.0	0.231498804259031	-0.231498804259031	0.0100494193116531	3298.0	18.570462994254818	0.12	0.4434689857048388	0.5975275228250506	25	-0.3547454692022116
MAG	MAG	0.8730325119522511	5103.0	0.23142488587014604	-0.23142488587014604	1.18338490393837e-06	16217.0	91.33716345612255	0.6521739130434783	2.2773015400282146	1.8122445369505684	23	-1.128918648915134
POT1	POT1	0.0020828736558588102	5102.0	0.23138457066218301	0.23138457066218301	2.1789348091185699e-07	8239.0	46.40081108482595	0.04	0.5084677816273371	0.344671846746931	25	-0.8039043907424135
TRAF3IP3	TRAF3IP3	0.512529983773257	5101.0	0.231376377016793	0.231376377016793	0.00315850353978548	11437.0	64.4136532612369	0.2916666666666667	1.1521556982088037	1.578301500644492	24	-0.5833988758269664
MADCAM1	MADCAM1	0.51687759012067	5100.0	0.23132438494619	0.23132438494619	3.078957085215275e-10	15475.0	87.15782358905035	0.625	1.5144556794187987	1.030291226263489	24	-1.2454064072020523
TSEN34	TSEN34	0.3665822554759	5099.0	0.231222730832047	0.231222730832047	0.0375562315185667	66.0	0.36611467838233636	0.04	0.2367870975804727	0.33958047175678546	25	-0.01638600335183883
C5orf58	C5orf58	0.4477612923907489	5098.0	0.231158321787387	-0.231158321787387	0.0033916394489815352	11092.0	62.47042919905373	0.3333333333333333	1.1089242322518016	1.3716920085959308	24	-0.6399147220832023
CENPN	CENPN	0.269267667990709	5097.0	0.231145925188739	0.231145925188739	0.006578017282158071	1368.0	7.699673313056213	0.08	0.3736663930081751	0.399750135160974	25	-0.35652387650111744
SKAP1	SKAP1	0.528889513496675	5096.0	0.231102806150853	0.231102806150853	0.0005699882531842924	12472.0	70.2433254477864	0.375	1.5234898482977535	2.0084223240076864	24	-0.6434837069367062
HAVCR2	HAVCR2	0.433356721631165	5095.0	0.231011063882397	-0.231011063882397	0.03219817119277555	8903.0	50.140813337839354	0.16666666666666666	0.8326157186872524	1.3118198688386506	24	-0.4586030971900538
RNF19B	RNF19B	0.31570690228070597	5094.0	0.230987838629928	-0.230987838629928	0.00452023326664825	4190.0	23.594682888363185	0.12	0.5422720484808462	0.7608469775128761	25	-0.40912853576480196
HK2	HK2	0.267760782155878	5093.0	0.23095646400856898	0.23095646400856898	0.00899497125048094	3782.0	21.29660921482483	0.08	0.3802010492997215	0.3569048980642655	25	-0.418163455028513
AKAP7	AKAP7	0.298275899252956	5092.0	0.230772739793251	-0.230772739793251	0.000410300437763042	5201.0	29.28917427058691	0.16	0.5916745612150514	0.8909689468211316	25	-0.4050666666997251
NUAK1	NUAK1	0.5998211831235389	5091.0	0.23065550963406398	-0.23065550963406398	0.0005265587240573916	9450.0	53.221809169764555	0.041666666666666664	0.6820979782144695	0.6564723029625235	24	-0.6876793834913357
PPP1CC	PPP1CC	0.00740687014484308	5090.0	0.230402118891478	0.230402118891478	0.0227357311832786	2188.0	12.318350794187225	0.08	0.3640573323376198	0.5469106368694857	25	-0.24438217952970104
BBS7	BBS7	0.0159453236830833	5089.0	0.23027789032761398	-0.23027789032761398	2.1264562539792598e-06	7206.0	40.58240396530359	0.04	0.4904569819230795	0.44069205472091527	25	-0.5903875252759746
PCDHB16	PCDHB16	0.526529556568205	5088.0	0.230139691414763	-0.230139691414763	0.1032305271980195	4465.0	25.143629604596146	0.08333333333333333	0.5711723662828333	0.8044370762150441	24	-0.42393952858645295
FAM13A.AS1	FAM13A.AS1	0.353112370735104	5087.0	0.23009942904817499	0.23009942904817499	0.0197805736703601	1697.0	9.552776839022192	0.08	0.41056869933808465	0.6052348368977581	25	-0.2981805727094923
USP16	USP16	0.10827546986471198	5086.0	0.230046930997841	0.230046930997841	5.92597514445525e-07	8334.0	46.93590176861552	0.08	0.5999751664678036	0.5716328769665409	25	-0.6471430359867412
TMEM127	TMEM127	0.00706908157970953	5085.0	0.229924625537436	-0.229924625537436	0.0765764489548601	570.0	3.2049115692238366	0.08	0.34735025782823103	0.49412506645514703	25	-0.23764354464590606
SDF4	SDF4	0.119382992027251	5084.0	0.22988757251766898	0.22988757251766898	2.51736887785971e-05	4622.0	26.02793736622733	0.24	0.6608203239137643	0.725837130779753	25	-0.5937044732516681
USP14	USP14	0.0158648955365793	5083.0	0.22988112400155603	0.22988112400155603	7.71320822901176e-06	6057.0	34.1106229582066	0.04	0.44091304131949727	0.4505344578930348	25	-0.468403500821782
C6orf52	C6orf52	0.5599175862690029	5082.0	0.22981504796819396	-0.22981504796819396	8.969309538392354e-06	16117.0	90.77391010476512	0.625	2.184162320677065	1.9257149912903166	24	-1.0148683899476576
LRRC56	LRRC56	0.45956905971340095	5081.0	0.229811044951519	0.229811044951519	0.0012417284983240599	5790.0	32.60673651008223	0.2	0.7232232843752011	1.0423000529338913	25	-0.4733879059439875
LBR	LBR	0.1547107208706	5080.0	0.22977921017502598	0.22977921017502598	0.0143631534538482	3761.0	21.178326011039765	0.04	0.457121210567694	0.6813276247851192	25	-0.3336750076211402
PLPP1	PLPP1	0.0405145762235513	5079.0	0.22976970004114602	-0.22976970004114602	0.0105449069115244	248.0	1.391235777852878	0.04	0.22697597102277375	0.2554980907652787	25	0.01093444185827133
DHX9	DHX9	0.00256401901443154	5078.0	0.229580214328565	0.229580214328565	0.0121066372971798	1400.0	7.8799143854905935	0.08	0.3775882009547658	0.5667809842503299	25	-0.2611378834841611
KLF12	KLF12	0.348108120949911	5077.0	0.229530503608593	-0.229530503608593	0.039928090086126	3916.0	22.0513687056438	0.08	0.6701570550341862	1.6443355687665864	25	-0.26796632013263966
CST5	CST5	0.7431845150924091	5076.0	0.229530304883589	-0.229530304883589	0.004197753882065164	15399.0	86.72975104201869	0.5454545454545454	2.40286377608673	2.3554463549583153	22	-0.9226843424509249
ACAA2	ACAA2	0.24532280721858396	5075.0	0.22949853475752302	-0.22949853475752302	0.00616837202950341	2479.0	13.957418046637377	0.08	0.39786254712740576	0.5307355556346584	25	-0.31722768633533804
UBA52	UBA52	0.182885846863565	5074.0	0.229483981280463	-0.229483981280463	0.0137819354210975	677.0	3.807592655176298	0.08	0.3721067180815323	0.6168722469652572	25	-0.2312030367757847
CELSR2	CELSR2	0.23800956651020003	5073.0	0.22947524224541396	0.22947524224541396	1.3400488249523e-07	11709.0	65.94570237692913	0.28	1.0617654960613798	1.1098533309789116	25	-0.7499101282886362
KIZ.AS1	KIZ.AS1	0.447442001612904	5072.0	0.22935338839184802	0.22935338839184802	0.0233152501308239	2580.0	14.52630393150839	0.16666666666666666	0.47287086873359163	0.5177831687111012	24	-0.4703078335820046
GPR61	GPR61	0.685816848388182	5071.0	0.22927405093457	0.22927405093457	0.0002651608458053095	10347.0	58.274191731440794	0.16666666666666666	0.900679059953054	1.068222615362005	24	-0.6285253648098011
NFYA	NFYA	0.0653175465150535	5070.0	0.229271979773455	0.229271979773455	6.8530344976134e-05	3670.0	20.665765461304495	0.08	0.44940180248306183	0.5574162187952979	25	-0.39491104723389103
FXYD5	FXYD5	0.15907217028018	5069.0	0.229250825760042	-0.229250825760042	0.0343712599219954	1600.0	9.006421088205474	0.08333333333333333	0.5125748654364175	0.7959532043670607	24	-0.3559556493043757
CD48	CD48	0.606026787587989	5068.0	0.22922044509593803	-0.22922044509593803	0.002399033359678015	12899.0	72.64841725808267	0.4583333333333333	1.872459214644466	2.402323545045794	24	-0.6840205903727277
RAB32	RAB32	0.30137352502223497	5067.0	0.229157051204218	-0.229157051204218	0.000117380221594287	3469.0	19.53362622507604	0.12	0.9191860670403403	1.8350490214451693	25	-0.3760275653522862
TAT	TAT	0.6442027734947521	5066.0	0.22914998815627802	-0.22914998815627802	3.7999710685546504e-05	17077.0	96.18114227779655	0.6956521739130435	2.8918898353275986	2.587238706477699	23	-1.0291821317084457
PPP1R11	PPP1R11	0.057896425312795	5065.0	0.229149537917489	0.229149537917489	5.63870440630365e-07	6434.0	36.23408809282415	0.08	0.43370126455136726	0.443517032703983	25	-0.46120376795179907
BRMS1L	BRMS1L	0.0614102233049955	5064.0	0.229146850410989	0.229146850410989	0.00152727031235072	5410.0	30.466373774923962	0.04	0.46263233275373494	0.4973199229684101	25	-0.46948748996242606
CLDN7	CLDN7	0.37434179977123705	5063.0	0.22913806289063698	0.22913806289063698	0.005337661110346989	11141.0	62.74642334121888	0.375	0.8947368192383593	0.7252199270498557	24	-0.9177888410420986
SPG21	SPG21	0.0312156003644523	5062.0	0.22907652383750501	0.22907652383750501	6.73439655338711e-06	3691.0	20.784048665089557	0.04	0.427188203158364	0.5224993736383058	25	-0.37916156327873324
CHD9	CHD9	0.22167407991733498	5061.0	0.22906769858820497	0.22906769858820497	6.31837716288514e-05	8842.0	49.797228793511316	0.08	0.5277943167027156	0.31702326196972597	25	-0.9422861157205474
LAMA5.AS1	LAMA5.AS1	0.22088933282715398	5060.0	0.22906353738869	-0.22906353738869	0.001896400248070005	10069.0	56.70834741466711	0.25	0.7849611951684715	0.8689630298019043	24	-0.6397253262966875
TSSK6	TSSK6	0.27612124533767307	5059.0	0.228932892411626	-0.228932892411626	0.000970103552804992	12081.0	68.04100484397881	0.36	0.9145874865171709	0.8915106598138215	25	-0.7690929845401215
IQUB	IQUB	0.6404736595707751	5058.0	0.228925509373844	0.228925509373844	0.018156086019722	13210.0	74.40013518080433	0.375	0.9503264735005491	0.6874300707299845	24	-1.049417235066029
ZNF398	ZNF398	0.0953214087199208	5057.0	0.228873533747633	0.228873533747633	0.00615256987630359	1779.0	10.014644587135292	0.08	0.3590837996903953	0.4631240587345177	25	-0.28115634134525563
FBXL3	FBXL3	0.0413934047428302	5056.0	0.22855889638385501	-0.22855889638385501	1.4015951566180301e-08	8480.0	47.758251661597384	0.08	0.5547182061481013	0.6544412008571638	25	-0.49837832541266414
MISP	MISP	0.656290068921744	5055.0	0.22846963616621396	0.22846963616621396	0.0046637522339781036	13033.0	73.40317674890166	0.4166666666666667	1.0284289479046873	0.9120073251890474	24	-0.8771413229303308
PARP16	PARP16	0.0985531038518559	5054.0	0.228462714177982	0.228462714177982	8.02200253141602e-06	4638.0	26.11805790244452	0.04	0.3975785009701631	0.5667281421822613	25	-0.29840725068103824
CNPY4	CNPY4	0.120009133585839	5053.0	0.228411271096508	-0.228411271096508	0.100801826096355	284.0	1.5940069843415567	0.04	0.2445368291647438	0.3633462480301715	25	-0.044380692399214716
YJEFN3	YJEFN3	0.254368917250911	5052.0	0.228410057523705	-0.228410057523705	3.828291864761341e-06	9748.0	54.90030415680973	0.2	0.7499549663086413	0.6759414255732353	25	-0.7715829938113908
GSS	GSS	0.0579302623721704	5051.0	0.228290268500911	0.228290268500911	7.415897363616009e-06	5711.0	32.16176636250985	0.08	0.4963087241277143	0.5689447543622105	25	-0.47107993099831486
ARL16	ARL16	0.11173141312665799	5050.0	0.22827364850495302	0.22827364850495302	0.0015692186888875302	1228.0	6.911118621155796	0.12	0.3879713579897993	0.5787568725130101	25	-0.27593229051678586
DHRS3	DHRS3	0.533369612324992	5049.0	0.228218111732175	0.228218111732175	0.000358018130785208	9464.0	53.3006646389546	0.16	0.7992141570115865	0.9508826225155982	25	-0.6004905671415243
RBPMS.AS1	RBPMS.AS1	0.49200966233984605	5048.0	0.22820244559158603	-0.22820244559158603	0.0023736147557242102	6013.0	33.86279148360932	0.041666666666666664	0.5202158327185434	0.5694840471717253	24	-0.512768335789575
NUP85	NUP85	0.014035989170040002	5047.0	0.22807428297045101	0.22807428297045101	2.06517901707498e-05	3566.0	20.079981975892757	0.04	0.3890418909260445	0.4217799891116631	25	-0.3816387977405408
SNX5	SNX5	0.0137330593506728	5046.0	0.22800421299072798	0.22800421299072798	3.18394682609677e-05	4652.0	26.19691337163456	0.08	0.4741937940244382	0.5319204675391231	25	-0.46283156234367456
PLXNC1	PLXNC1	0.479091766971735	5045.0	0.22799076800165602	0.22799076800165602	0.0132782675118554	7128.0	40.143066351244784	0.24	0.794492739753654	0.9636685373503145	25	-0.5878597772940075
ZNF687	ZNF687	0.0643440496171861	5044.0	0.22795981912950003	0.22795981912950003	0.00013055255640343	8948.0	50.3942773459502	0.16	0.6469019474140922	0.6693814984819006	25	-0.6258645170724269
CCR5	CCR5	0.6250723026784699	5043.0	0.22763337126236302	-0.22763337126236302	0.04226264193794165	12717.0	71.62329615861213	0.4166666666666667	1.7771545092030074	2.518829880671654	24	-0.6151749865407582
TCEAL1	TCEAL1	0.116967342204173	5042.0	0.22759998683927	-0.22759998683927	5.67307514495433e-05	8262.0	46.53035935563816	0.12	0.7444724412243627	1.180665269036382	25	-0.43778068851550633
THEM4	THEM4	0.0405284112703307	5041.0	0.22746420323850602	0.22746420323850602	2.9975024472422895e-08	3628.0	20.42919905373437	0.12	0.62738739371031	1.0182191602350952	25	-0.39276730009624483
MDM4	MDM4	0.0470341729702874	5040.0	0.22740081502138398	0.22740081502138398	0.000882511199022729	5246.0	29.54263827869776	0.04	0.4464812324340205	0.36677786701485293	25	-0.5973108988164891
ESF1	ESF1	0.0626454718032942	5039.0	0.227296614714007	0.227296614714007	0.0017875876836031	4308.0	24.259321842964965	0.08	0.5384290206836871	0.713056532412436	25	-0.43633623959245826
GPN1	GPN1	0.0022627221413575303	5038.0	0.22726580877356303	0.22726580877356303	2.4693509286167797e-08	3720.0	20.947392136983215	0.12	0.4603097778351596	0.4107813302479736	25	-0.5673187944566918
CASC3	CASC3	0.0190515086560007	5037.0	0.227244785558617	-0.227244785558617	2.24129020508797e-06	2830.0	15.934437309901993	0.08	0.4439489475835321	0.5124593268015136	25	-0.42287094934433545
MBD2	MBD2	0.0513743148572985	5036.0	0.227192098842038	-0.227192098842038	0.00034919546979011003	2806.0	15.799256505576206	0.04	0.3818932605991888	0.41926996164012653	25	-0.3689774510722903
UQCRC1	UQCRC1	0.0372884941751458	5035.0	0.227138784777714	-0.227138784777714	0.0020995378853054	3009.0	16.942660808831814	0.04	0.28766972756865994	0.2656253819199234	25	-0.22788086873864288
MAP1LC3B2	MAP1LC3B2	0.183929056645143	5034.0	0.227137041348085	-0.227137041348085	0.0101845096000216	716.0	4.027261462205701	0.08	0.43254252984456154	0.7406181233813998	25	-0.27734331906255266
DPPA3	DPPA3	0.848160006202567	5033.0	0.227043371098225	0.227043371098225	0.0330693251407097	16812.0	94.68852089669933	0.47619047619047616	2.3970975398119068	2.076809282906384	21	-1.0448981457155306
RNF175	RNF175	0.6605648057827801	5032.0	0.22699927207069698	0.22699927207069698	0.009046718242150935	16494.0	92.89737523938267	0.5	2.607045774863965	2.5211860703763986	24	-0.944018583458991
TMEM131	TMEM131	0.0243990939652737	5031.0	0.226984338018936	0.226984338018936	0.0277388280153385	635.0	3.571026247606173	0.04	0.3047381228719262	0.28430082871323287	25	-0.2734912353400788
SCLT1	SCLT1	0.0722135094787091	5030.0	0.226822492496792	-0.226822492496792	0.00455562470049791	3193.0	17.979046975329503	0.04	0.3559636160537565	0.41387878470102624	25	-0.3120264394567897
ZNF839	ZNF839	0.012095631974306001	5029.0	0.226807503560258	0.226807503560258	2.6104915911498198e-05	2384.0	13.422327362847808	0.12	0.35327979605060095	0.3782454523327507	25	-0.33436566576108506
KCNK6	KCNK6	0.4873206312100421	5028.0	0.22649355148251898	-0.22649355148251898	0.0380484416677052	3063.0	17.24681761856483	0.08333333333333333	0.5017908564552297	0.951304995046753	24	-0.28938910907240734
CYFIP1	CYFIP1	0.00269798067971431	5027.0	0.226427549913356	-0.226427549913356	0.00109558359372567	1780.0	10.020277120648867	0.08	0.3468686521939868	0.4774370002012646	25	-0.25226595808422597
HLA.DPB1	HLA.DPB1	0.42018187469360097	5026.0	0.22637630392194502	-0.22637630392194502	0.04623293299682705	7799.0	43.922496338853215	0.20833333333333334	0.9484978351251954	1.3240418737063742	24	-0.5453917625594608
TOMM7	TOMM7	0.206859276942018	5025.0	0.226348144134353	-0.226348144134353	0.048046239709270994	2081.0	11.715669708234763	0.08	0.6690832809382214	1.1897762849394007	25	-0.3721162897665408
TTBK2	TTBK2	0.014841701983928	5024.0	0.22634554794727102	-0.22634554794727102	0.0253459351901108	769.0	4.325785738425144	0.04	0.3277520521768958	0.4466152641641754	25	-0.22705561669371835
MAGEF1	MAGEF1	0.245637858071732	5023.0	0.22623222461727802	0.22623222461727802	0.000181028995544051	3285.0	18.49724005857835	0.12	0.580129044710593	0.9126908717936607	25	-0.3877510239560315
AFG3L2	AFG3L2	0.007980557725848521	5022.0	0.226175347889361	-0.226175347889361	0.000263122669162355	633.0	3.559761180579024	0.08	0.36766957183312116	0.5663963567131678	25	-0.24981485538653475
C10orf88	C10orf88	0.0887796575924495	5021.0	0.22613942606335896	0.22613942606335896	1.03201599302997e-06	6761.0	38.075926551762976	0.04	0.5378883270565585	0.7540217761559721	25	-0.413448140161821
TOE1	TOE1	0.259854575051642	5020.0	0.22611851012495	-0.22611851012495	0.00538565427803295	5091.0	28.669595584093724	0.08	0.4954931395276393	0.831004098999872	25	-0.3241555964969203
PIGA	PIGA	0.509702101231754	5019.0	0.226058508230559	-0.226058508230559	3.8415587174389e-06	7147.0	40.2500844880027	0.08	0.5403599494822406	0.42418351343562466	25	-0.7409562873060151
CDC37L1	CDC37L1	0.10765382592183399	5018.0	0.225977482495367	-0.225977482495367	0.000656020714056454	4924.0	27.7289624873268	0.04	0.30359800341711074	0.22743852493459196	25	-0.3412813240152093
HLA.DQB1	HLA.DQB1	0.44274086542920893	5017.0	0.22584814775562398	-0.22584814775562398	0.008186104067366445	8650.0	48.71578235890503	0.25	0.9725196808450262	1.3734847208260064	24	-0.5436329372782231
TMX2	TMX2	0.0199676698614085	5016.0	0.225835579793947	0.225835579793947	1.74996379266678e-07	5280.0	29.73414441815929	0.12	0.5295785591798549	0.6359014766308406	25	-0.4776572952703482
HIGD1A	HIGD1A	0.0836188696800293	5015.0	0.22580065595859503	-0.22580065595859503	6.787007926674451e-11	11189.0	63.01678494987045	0.24	0.7494882345068484	0.48602341152212875	25	-1.0774945530055189
TSN	TSN	0.0377208374474062	5014.0	0.22579974449712	0.22579974449712	1.01639673825508e-06	5570.0	31.367579137095866	0.08	0.5233847026982534	0.6880818357883733	25	-0.4324848335229979
TMEM119	TMEM119	0.42633172558632704	5013.0	0.22578219356968002	-0.22578219356968002	8.286916934117584e-07	13647.0	76.86155232623634	0.5	1.884081467539226	2.2134187230426674	24	-0.7492026956788236
ZGRF1	ZGRF1	0.24299638586677696	5012.0	0.225610875783947	0.225610875783947	0.00213196203816176	7752.0	43.657767263715215	0.12	0.6110059644963524	0.8225637743475472	25	-0.4685291289640107
FANCE	FANCE	0.21695693693168	5011.0	0.225552922387353	0.225552922387353	0.000116667053775743	3581.0	20.164469978596372	0.08	0.4125270952928301	0.5027101772533659	25	-0.3719323406719935
HS1BP3	HS1BP3	0.134990886033893	5010.0	0.22551367262901198	-0.22551367262901198	0.00687839568822916	2390.0	13.456122563929254	0.08	0.3898190396693492	0.4662604595425345	25	-0.35238966478423533
ANO10	ANO10	0.0987681447061854	5009.0	0.22545897732884304	-0.22545897732884304	0.000604503566207665	3059.0	17.224287484510533	0.08	0.4676455543529851	0.8022572759480779	25	-0.3018814341545671
CWF19L2	CWF19L2	0.0419045816647221	5008.0	0.225386092081852	0.225386092081852	0.00019978391149283798	8819.0	49.66768052269911	0.08	0.48556608527357414	0.4548106120913011	25	-0.5720622744385134
THEMIS	THEMIS	0.637791176010841	5007.0	0.225379393060048	-0.225379393060048	4.5100559732030856e-07	15812.0	89.05598738312493	0.6666666666666666	2.2224342999468822	2.225227970068888	24	-0.897460814689027
DET1	DET1	0.13820495882258402	5006.0	0.225368574179034	0.225368574179034	0.00597408987462215	1139.0	6.409823138447674	0.04	0.38785355446927494	0.7019832763445041	25	-0.23146560005868302
MON1A	MON1A	0.0248746611001994	5005.0	0.225312065701827	-0.225312065701827	0.000168242178395891	3373.0	18.992903007772895	0.0	0.3626211990343937	0.19993567243449728	25	-0.6867665567661608
GABARAP	GABARAP	0.0422214041662313	5004.0	0.225201268370952	-0.225201268370952	0.000132568806993527	1823.0	10.262476061732567	0.08	0.42957632917669303	0.43546039006574316	25	-0.4693310010926269
UGCG	UGCG	0.416522140429004	5003.0	0.22514875274089802	-0.22514875274089802	2.70117812500324e-07	10749.0	60.53847020389771	0.08	0.637686934332391	0.5243065246194388	25	-0.7868263357793011
CCDC106	CCDC106	0.0858978466308548	5002.0	0.225082685743357	-0.225082685743357	2.40457836055819e-08	11040.0	62.177537456347864	0.32	1.1001792011686171	1.1314533965109257	25	-0.7734269198570654
SCRN2	SCRN2	0.134909002334747	5001.0	0.225007549242631	-0.225007549242631	0.0563422873863863	350.0	1.9657541962374674	0.12	0.473946213856347	0.9354361621514902	25	-0.26612042027663385
SORCS2	SORCS2	0.5571129951450999	5000.0	0.22492755997476102	0.22492755997476102	7.05222346548243e-05	8818.0	49.66204798918553	0.20833333333333334	1.102297374281813	2.0092846253967465	24	-0.43665780508015856
HIVEP1	HIVEP1	0.33566021941008	4999.0	0.224881947513026	-0.224881947513026	0.0070936696555442096	2629.0	14.802298073673537	0.08	0.40162138927697016	0.376627903655953	25	-0.4692680495744532
PYHIN1	PYHIN1	0.615710818498488	4998.0	0.22476612900683604	-0.22476612900683604	0.008314318508195835	13753.0	77.45860087867523	0.4583333333333333	1.7107418781031019	2.248265497162129	24	-0.6609431808529451
UBE2I	UBE2I	0.0352228858123252	4997.0	0.22474556764456302	0.22474556764456302	0.00159492134413579	2245.0	12.639405204460965	0.0	0.2898150367350799	0.23494729121362498	25	-0.27695347647720997
LINC00458	LINC00458	0.890967146513035	4996.0	0.224672775126637	-0.224672775126637	0.0011786465683046518	17376.0	97.8652697983553	0.7727272727272727	2.471812426954798	1.5495967733346463	22	-1.4501447670108665
PCNP	PCNP	0.0851858516946301	4995.0	0.224619066506504	-0.224619066506504	2.2134038068346903e-06	8740.0	49.22271037512673	0.08	0.4648632417641905	0.3502063243936177	25	-0.6860075290578185
ZCCHC12	ZCCHC12	0.732708594198367	4994.0	0.22444783335231	0.22444783335231	0.00010385308346897245	14242.0	80.21290976681311	0.5	1.9819136579700505	2.106731830220556	24	-0.8342143026498771
ACER1	ACER1	0.756298718065412	4993.0	0.22439510074974	-0.22439510074974	0.0006888111383197044	16573.0	93.34234538695505	0.5833333333333334	2.0693980163291834	1.6711594606454931	24	-1.1040256534626578
MFN2	MFN2	0.34332122329605796	4992.0	0.224380328918785	-0.224380328918785	5.96552811644304e-05	2989.0	16.830010138560326	0.04	0.278916849929487	0.2378120865539441	25	-0.22932611122072305
PLRG1	PLRG1	0.00579816279252644	4991.0	0.22436367575950303	0.22436367575950303	1.78941541290221e-06	7557.0	42.55942322856821	0.08	0.620499050672327	0.7834319864422994	25	-0.5056410534266587
SNRPB2	SNRPB2	0.0459114090254395	4990.0	0.22425720531313398	0.22425720531313398	2.7689793393031503e-06	8661.0	48.77774022755435	0.08	0.6120766649921874	0.7034998510000007	25	-0.5512715590881526
COL6A1	COL6A1	0.5769806884496079	4989.0	0.224223687464888	-0.224223687464888	5.44243888475373e-05	12144.0	68.395854455334	0.32	1.257502313431769	1.7336224783157723	25	-0.5960228590083346
BID	BID	0.182672041385202	4988.0	0.22418956846985	-0.22418956846985	0.00259071209089369	728.0	4.094851864368593	0.12	0.6324158301855146	1.1358141570171914	25	-0.35941290148004895
EMC9	EMC9	0.0579031476081511	4987.0	0.224154395326052	0.224154395326052	0.0008683988518352901	3846.0	21.65709135969359	0.0	0.31711567785410166	0.23831029659584207	25	-0.3900850439782114
STXBP4	STXBP4	0.0523283331836899	4986.0	0.224093343692815	0.224093343692815	7.63571138512655e-05	5133.0	28.90616199166385	0.08	0.4586582403022621	0.3312353633189494	25	-0.708151733133586
CEP68	CEP68	0.072909902616023	4985.0	0.22404298537198	-0.22404298537198	0.000216199165600027	4534.0	25.53227441703278	0.12	0.4455100610533967	0.4329217766517715	25	-0.5115637226527363
GOSR2	GOSR2	0.00232197290468239	4984.0	0.224019103935053	0.224019103935053	0.000645158874274524	5462.0	30.75926551762983	0.04	0.37676968155663026	0.4118485172238941	25	-0.3708901968403522
ASB2	ASB2	0.577213265600143	4983.0	0.224000694750378	-0.224000694750378	2.4551421628404437e-07	15193.0	85.56944913822237	0.75	1.582975250098426	1.108057280788259	24	-1.2264479272960414
MSRB1	MSRB1	0.281096911253386	4982.0	0.223980974656545	0.223980974656545	0.000328612837968127	4865.0	27.396643010025908	0.04	0.4292910227842102	0.5535612090262908	25	-0.37088951461899533
SLC25A21	SLC25A21	0.565955897032026	4981.0	0.22391495360355898	0.22391495360355898	0.013827410595815675	3554.0	20.012391573729865	0.16666666666666666	0.7805995591201277	1.3133536891874416	24	-0.4238649573984779
PLPP6	PLPP6	0.22296827170101102	4980.0	0.223871572841846	0.223871572841846	0.0484814923166902	694.0	3.903345724907063	0.12	0.4567464737739026	0.8545260205785997	25	-0.2725193795437346
ZNF639	ZNF639	0.0896959831395499	4979.0	0.223869387899471	-0.223869387899471	0.00075838613142196	4218.0	23.75239382674327	0.08	0.5384644525660781	0.7360749882308579	25	-0.42739540087176486
ZNF43	ZNF43	0.318626678109436	4978.0	0.223682954267358	0.223682954267358	0.00118840424879193	6440.0	36.2678832939056	0.12	0.6240567192985779	0.7562018534178276	25	-0.5294535621959122
YEATS2	YEATS2	0.173098849422675	4977.0	0.223445725777458	-0.223445725777458	0.0183351136296027	667.0	3.751267320040554	0.08	0.2992575482841273	0.33410977738927844	25	-0.2269069259183617
EFCAB6	EFCAB6	0.522186383515516	4976.0	0.22340828537745497	-0.22340828537745497	3.75401682706832e-06	11914.0	67.1003717472119	0.2916666666666667	1.050817521306096	1.1862816702559569	24	-0.6974812615541096
LINS1	LINS1	0.0807208403959249	4975.0	0.22337323028366898	0.22337323028366898	0.000562207174650571	6267.0	35.29345499605722	0.08	0.40555609995854147	0.3525464520931849	25	-0.5167627374866277
CYP11A1	CYP11A1	0.39328114314839197	4974.0	0.223310987684065	0.223310987684065	8.186993998294605e-05	16477.0	92.8016221696519	0.6666666666666666	2.2488151875072955	1.8651735785730603	24	-1.0859601610767133
DFFB	DFFB	0.181620645631465	4973.0	0.22325326836054002	0.22325326836054002	0.078995619681295	4.0	0.016897600540723215	0.08	0.2554195650961576	0.45917266072201013	25	-0.07005272632094167
SNAP47	SNAP47	0.0623522500684219	4972.0	0.22323633295716	0.22323633295716	0.00236401707408527	140.0	0.7829221583868424	0.04	0.3736938046257622	0.7042895608775623	25	-0.21363013173321557
ANXA11	ANXA11	0.000608519131330024	4971.0	0.223210492985629	-0.223210492985629	0.00291510963135365	2376.0	13.377267094739212	0.08	0.4528562993754416	0.6003332687353089	25	-0.3825305348703988
MAN1C1	MAN1C1	0.20386504251762397	4970.0	0.223173101254471	-0.223173101254471	2.66034677490839e-08	10602.0	59.71048777740227	0.12	0.6629034584110894	0.4559138396158727	25	-0.9645031998307191
C16orf86	C16orf86	0.514590577477217	4969.0	0.22315513477146695	-0.22315513477146695	1.6957790131591401e-09	13112.0	73.84814689647403	0.4	1.1022121914595822	0.9147261382065742	25	-0.9610057261636883
THG1L	THG1L	0.10255173312514501	4968.0	0.22314682457909	0.22314682457909	4.843513417279629e-05	1512.0	8.510758139010926	0.08	0.4248999520681741	0.7053954906779588	25	-0.28601420076442263
SIRT6	SIRT6	0.0959533619294604	4967.0	0.22311882954611	-0.22311882954611	9.92877357296374e-05	7031.0	39.59671060042807	0.12	0.5298626806195749	0.3913997636661295	25	-0.7837098525565858
NFYC	NFYC	0.0684380190593059	4966.0	0.22308457577056698	0.22308457577056698	0.000418656413036202	365.0	2.0502421989410835	0.04	0.2961904468793037	0.3868936047120088	25	-0.18895600810758909
KANSL1L	KANSL1L	0.300756248708995	4965.0	0.22304575635663898	0.22304575635663898	6.92892951900067e-05	7487.0	42.165145882618	0.12	0.5207394862929631	0.4886488076861448	25	-0.609218164976124
KLF5	KLF5	0.41844420575005004	4964.0	0.223014979090959	0.223014979090959	2.57595529608242e-05	11275.0	63.50118283203785	0.24	0.8976091245553462	0.8766761692747896	25	-0.7694906843680145
AQR	AQR	0.0119270397948566	4963.0	0.22282918884069897	0.22282918884069897	0.0036778950185854704	3379.0	19.02669820885434	0.08	0.4322697602184371	0.4145187831096443	25	-0.5052619565428451
EXT2	EXT2	0.00642546188520039	4962.0	0.222787170280333	0.222787170280333	0.00389597721232621	719.0	4.044159062746424	0.12	0.3608926966495021	0.4039825208033903	25	-0.3418601529950403
SFSWAP	SFSWAP	0.0014595800202888	4961.0	0.22269853564321998	-0.22269853564321998	8.00727368010432e-06	4344.0	24.462093049453646	0.08	0.4130911575284238	0.45915548926164634	25	-0.41465827228019914
ERMP1	ERMP1	0.206859276942018	4960.0	0.22268595113104298	-0.22268595113104298	4.83260202563157e-06	6963.0	39.21369832150501	0.2	0.6286827428046746	0.6173746771458918	25	-0.6576181477843326
GSTK1	GSTK1	0.104809961100743	4959.0	0.222584472977965	-0.222584472977965	0.00209114455098491	3316.0	18.671848597499157	0.16	0.5634593531213848	0.6590814849037875	25	-0.5171968685983959
SNORA71B	SNORA71B	0.5563183153478709	4958.0	0.222565926464983	-0.222565926464983	0.0030233770579538967	15052.0	84.77526191280838	0.5416666666666666	1.6861214173368149	1.6427643190075147	24	-0.8909102017482624
OTUD3	OTUD3	0.30854411118562197	4957.0	0.222431922563997	0.222431922563997	0.12339886587005529	2807.0	15.804889039089781	0.20833333333333334	0.6639437080400822	0.9139883848294557	24	-0.4830606086514638
ADARB2.AS1	ADARB2.AS1	0.898193045153213	4956.0	0.22242205122649497	0.22242205122649497	0.0234700019580469	14626.0	82.37580263602568	0.5	1.3583306068294967	1.1933917154852542	24	-0.9518321108347239
TMEM214	TMEM214	0.0112728189474357	4955.0	0.22239385037821502	0.22239385037821502	0.00986563402293978	1155.0	6.4999436746648644	0.12	0.36486310432891017	0.45891664305656255	25	-0.3104469103621842
RORA.AS1	RORA.AS1	0.41489355735099004	4954.0	0.222371258359254	-0.222371258359254	0.0289310345405547	4262.0	24.000225301340542	0.08	0.38433624472140593	0.27219736132524947	25	-0.595027760642468
LYRM4	LYRM4	0.0669599167108442	4953.0	0.222327077040615	-0.222327077040615	0.00335107121470644	749.0	4.2131350681536555	0.08	0.33869957427855285	0.4755142037601959	25	-0.24472980263829316
EXOC3	EXOC3	0.22027251283512903	4952.0	0.222259517888655	0.222259517888655	0.0235751233841494	710.0	3.9934662611242535	0.08	0.3321748654222567	0.32486444695801164	25	-0.33834218721942244
PSMB6	PSMB6	0.0563656141461564	4951.0	0.22225893282205303	-0.22225893282205303	3.61349256660592e-05	6599.0	37.16345612256393	0.16	0.6184904246100689	0.7128616838495041	25	-0.5558322193000155
CMTM3	CMTM3	0.323337111511515	4950.0	0.22225648887589	-0.22225648887589	0.00046842877930187304	6685.0	37.64785400473132	0.08	0.7482467553131399	0.9435318726820089	25	-0.5574695266436646
FAM53B.AS1	FAM53B.AS1	0.5460130073575999	4949.0	0.222233099774816	-0.222233099774816	0.02424481611497055	10427.0	58.72479441252675	0.375	1.063470857363891	1.2503614912655512	24	-0.6727956382738703
C12orf65	C12orf65	0.0939957690450983	4948.0	0.22217798063754604	0.22217798063754604	0.000180503831710967	2179.0	12.267657992565054	0.0	0.32029467974866954	0.26355094860425843	25	-0.37228740640373525
PPP1R10	PPP1R10	0.12776202364866301	4947.0	0.22211175520022	-0.22211175520022	0.00313688438575646	1771.0	9.969584319026698	0.04	0.34165420199841756	0.35350458451480765	25	-0.3381637807109971
MRFAP1L1	MRFAP1L1	0.0274392526044234	4946.0	0.221972263362692	0.221972263362692	1.4058124210582598e-05	3515.0	19.79272276670046	0.08	0.4634992463261943	0.4760646404326195	25	-0.5073407315948038
RRP7BP	RRP7BP	0.127809490099426	4945.0	0.22196720558165497	-0.22196720558165497	0.000112543301574817	5914.0	33.30517066576546	0.04	0.43468406246819313	0.4486551867426782	25	-0.4741210247248068
PAK1IP1	PAK1IP1	0.0962644417235311	4944.0	0.22194192791330603	0.22194192791330603	1.2128011620735701e-06	9692.0	54.58488228004956	0.24	0.65654524947056	0.6051263236112567	25	-0.7182026373660956
COMTD1	COMTD1	0.21378937233104	4943.0	0.221729571737656	-0.221729571737656	0.0195810527930741	4735.0	26.66441365326124	0.2	0.7297628357525859	1.148773416603244	25	-0.4422397460389625
CCL20	CCL20	0.766388453587157	4942.0	0.22172410176064397	0.22172410176064397	8.700616308174506e-06	15870.0	89.38267432691224	0.75	2.3037187331262063	1.8439883630520466	24	-1.1290714589541029
HRAS	HRAS	0.123825383942377	4941.0	0.22170366370602201	-0.22170366370602201	0.0039828932439100705	3056.0	17.20738988396981	0.08	0.5236861773460892	0.7029794971721197	25	-0.4295751367640938
EXOSC3	EXOSC3	0.021833589173446	4940.0	0.221639503745385	0.221639503745385	0.000189402891079479	2453.0	13.810972175284443	0.12	0.533810706944798	0.7515992824574103	25	-0.4153426040785269
MARK1	MARK1	0.561194579600916	4939.0	0.221584572552025	0.221584572552025	0.007181170503943691	5455.0	30.71983778303481	0.125	0.5199083796162757	0.5566703630772566	24	-0.5359074720901718
UBE2D2	UBE2D2	0.0369537227312703	4938.0	0.22151976477754898	0.22151976477754898	0.0048877403472110895	1068.0	6.009913258983891	0.0	0.263444517060365	0.18257298884153822	25	-0.22963283095071654
MEOX1	MEOX1	0.631628472528599	4937.0	0.22147347275277598	-0.22147347275277598	0.00017829631119095402	13575.0	76.45600991325898	0.375	1.457146026053134	1.673817622387084	24	-0.7382360758862883
ORC3	ORC3	0.0713877437961638	4936.0	0.22143866553828798	0.22143866553828798	0.00345978804346085	4036.0	22.727272727272727	0.08	0.36562485467818895	0.3248931425074271	25	-0.4437957293500119
MARK3	MARK3	0.00457616224817989	4935.0	0.221340552954077	-0.221340552954077	0.000751640468427352	3986.0	22.445646051594007	0.08	0.38004792453164676	0.41153004864589204	25	-0.3856519641756031
SOX21	SOX21	0.709240500728792	4934.0	0.22131831570876104	0.22131831570876104	0.0005463891697256109	12342.0	69.51109609102174	0.4166666666666667	1.5155315486910503	1.9011092136325938	24	-0.6807674297203251
LIN37	LIN37	0.156137501458435	4933.0	0.221293049543505	-0.221293049543505	0.0519843449742785	241.0	1.3518080432578572	0.08	0.37780508771435456	0.6830418621332317	25	-0.2291397450839124
USP4	USP4	0.0300133014821582	4932.0	0.22127448020463797	-0.22127448020463797	0.000909441845747164	1967.0	11.07356088768728	0.08	0.3997373820524757	0.45254770283308754	25	-0.39435158046456803
SNX29	SNX29	0.0740392574901389	4931.0	0.22126262880479	0.22126262880479	0.0622641834283286	346.0	1.9432240621831698	0.04	0.3183390299621073	0.4369020749011625	25	-0.2221925844121437
EMG1	EMG1	0.0251590527847702	4930.0	0.22126172319938198	-0.22126172319938198	6.80065830033654e-08	5408.0	30.455108707896812	0.04	0.43615307257049635	0.499836230109295	25	-0.42992351579661575
KDM3A	KDM3A	0.030167933055965997	4929.0	0.221156203234154	0.221156203234154	0.0127839755293364	2599.0	14.633322068266304	0.08	0.3652254862279939	0.39414142329744795	25	-0.36552687557814667
TBC1D22A.AS1	TBC1D22A.AS1	0.661783556313103	4928.0	0.221127938975494	0.221127938975494	0.02971045487936995	10725.0	60.403289399571925	0.3333333333333333	0.9684037992966861	0.9223523772411233	24	-0.8101847826926971
COMMD2	COMMD2	0.19138308876364202	4927.0	0.22111021675514803	-0.22111021675514803	0.00011712164500090801	6067.0	34.166948293342344	0.12	0.5161617792188811	0.5728274582004811	25	-0.515079293493765
KAT14	KAT14	0.0668379209924514	4926.0	0.221109770528928	0.221109770528928	1.24744485897534e-06	5911.0	33.288273065224736	0.08	0.4734234836507562	0.4650548184521791	25	-0.5425461754414082
PIGG	PIGG	0.0296711425911882	4925.0	0.22110866229440498	0.22110866229440498	0.00116203493759293	1184.0	6.663287146558522	0.04	0.3160923039077622	0.36152589587946393	25	-0.26272984230436885
RMDN1	RMDN1	0.37800814722808895	4924.0	0.22109779972272	0.22109779972272	1.1433808048137e-07	8222.0	46.305058015095184	0.08	0.47422361535903507	0.27962387076231	25	-0.9052367916453057
ENOX2	ENOX2	0.0209064246622459	4923.0	0.22109301039806697	0.22109301039806697	9.33204252573456e-07	5829.0	32.826405317111636	0.12	0.5465608252683449	0.6254833102462661	25	-0.5203461220126471
RAB12	RAB12	0.0180659484046173	4922.0	0.221014960668987	-0.221014960668987	0.00014949184160385	3931.0	22.135856708347415	0.08	0.4720044504618566	0.5214697769273353	25	-0.4813116711610383
ELK1	ELK1	0.181620645631465	4921.0	0.220976095069913	0.220976095069913	4.64207697141447e-06	6061.0	34.1331530922609	0.24	0.5645614823420512	0.4748060164406211	25	-0.7236331793936034
NDUFS3	NDUFS3	0.0104929265421456	4920.0	0.220968650108893	0.220968650108893	1.71110456955757e-05	2952.0	16.62160639855807	0.04	0.3692960246121892	0.5120559171379432	25	-0.2896702675214632
MYO16	MYO16	0.592128171994566	4919.0	0.220964520036978	-0.220964520036978	0.00010544424448432818	10285.0	57.924974653599186	0.25	0.9743227494338114	1.0460441482112426	24	-0.7201973556136151
PRR22	PRR22	0.38356161597009997	4918.0	0.22095354430548803	-0.22095354430548803	6.63662297358824e-08	13178.0	74.21989410836994	0.44	1.0127705213875617	0.7818004544124791	25	-1.0128121218311672
SCML2	SCML2	0.348970249836186	4917.0	0.22087782738975897	-0.22087782738975897	0.0177758244333104	2934.0	16.520220795313733	0.16	0.6807952665087071	1.2690314012568256	25	-0.3624161219836281
AP3M1	AP3M1	0.0072957480181231405	4916.0	0.220811997530302	0.220811997530302	3.90334736629719e-05	7110.0	40.041680748000445	0.0	0.4073505267161231	0.2616632065563218	25	-0.7128955256675322
CYP1A1	CYP1A1	0.85597834148158	4915.0	0.220755381623763	0.220755381623763	0.012928908355780384	13720.0	77.27272727272727	0.4583333333333333	1.4955325405728956	1.788791426502453	24	-0.7126471762231383
TMEM120B	TMEM120B	0.0756165673777814	4914.0	0.22070355967212196	-0.22070355967212196	0.0234184642796464	1897.0	10.679283541737073	0.08	0.3080428029504342	0.3224802317782402	25	-0.27083596038337243
GTF2A2	GTF2A2	0.05967037688203201	4913.0	0.220685811601695	0.220685811601695	2.46227388632156e-06	7754.0	43.66903233074236	0.12	0.7224341420362177	0.9733670326068946	25	-0.5154770129112843
IFI27L2	IFI27L2	0.201413885533317	4912.0	0.22056789188825301	-0.22056789188825301	0.002489325180994915	4472.0	25.18305733919117	0.125	0.7742845124199896	1.6040549658882832	24	-0.3451980339246685
FOLR1	FOLR1	0.637165571485068	4911.0	0.22055332597461	0.22055332597461	0.007705640391346261	15071.0	84.88228004956629	0.5	1.5099738739899593	1.5796668658727087	24	-0.8162610585004524
PAWR	PAWR	0.33972281513296704	4910.0	0.22050208475037303	0.22050208475037303	0.0005627488855537519	6014.0	33.8684240171229	0.08	0.522571324531911	0.6709185223554937	25	-0.45023237504461566
SSR4P1	SSR4P1	0.32904340080654104	4909.0	0.22049335268682999	-0.22049335268682999	3.10340451312619e-05	15065.0	84.84848484848484	0.5	1.4659586005188512	1.3291232453631308	24	-0.9370577575684087
SLC10A7	SLC10A7	0.0220913622128612	4908.0	0.220467352342283	0.220467352342283	8.797575875530779e-10	10470.0	58.96699335361045	0.2	0.7518042904793054	0.6045524279426984	25	-0.8788930679596649
POMT2	POMT2	0.0780835635259346	4907.0	0.22040314626642998	0.22040314626642998	0.000658690685704321	2548.0	14.34606285907401	0.04	0.38250174387984315	0.32280339472049685	25	-0.5021589000133291
VPS54	VPS54	0.0288804852109353	4906.0	0.220353665684173	0.220353665684173	9.81453966232628e-07	8967.0	50.501295482708116	0.08	0.557047893121279	0.4440091247088152	25	-0.7583047480339796
UBR7	UBR7	0.0121177867011823	4905.0	0.220287247994967	0.220287247994967	0.000402318187274238	4093.0	23.04832713754647	0.08	0.4415636097066928	0.49057026172893853	25	-0.45105946889620196
C3orf33	C3orf33	0.426697719393994	4904.0	0.22026284341731797	0.22026284341731797	4.803731846577829e-07	8240.0	46.40644361833952	0.04	0.5749208891677632	0.4532687860560542	25	-0.7824453319108232
POLR3A	POLR3A	0.0014751615329772802	4903.0	0.22023056249152304	0.22023056249152304	0.00045478633011213	3740.0	21.060042807254703	0.08	0.486711727248777	0.7735382902129683	25	-0.34449641101009637
VTA1	VTA1	0.103493740204571	4902.0	0.22019147601870198	0.22019147601870198	4.1974091253407095e-06	7902.0	44.502647290751376	0.12	0.6822388611329511	1.0347569728472763	25	-0.4465274429056149
PCAT4	PCAT4	0.960595763304637	4885.0	0.22013053387657602	-0.22013053387657602	0.0029063948629452	16304.0	91.82719387180353	0.6521739130434783	2.2766258947108358	1.8618430426438828	23	-1.1045481889353916
AMELY	AMELY	0.960595763304637	4885.0	0.22013053387657602	-0.22013053387657602	0.054541729926639346	15206.0	85.64267207389884	0.45454545454545453	1.4272356115744178	1.0992489468165954	22	-1.0981180206663794
PRNT	PRNT	0.960595763304637	4885.0	0.22013053387657602	-0.22013053387657602	0.0511118000865879	12093.0	68.1085952461417	0.38095238095238093	1.2870623594912796	1.4018540880380965	21	-0.7610862176875207
ATXN3L	ATXN3L	0.960595763304637	4885.0	0.22013053387657602	-0.22013053387657602	0.00848564028866965	15554.0	87.60279373662273	0.5238095238095238	1.6708485281883028	1.4992379758828889	21	-0.9676369046464494
STATH	STATH	0.960595763304637	4885.0	0.22013053387657602	-0.22013053387657602	2.95677720815133e-05	17735.0	99.88734932972851	0.8181818181818182	4.700706697160967	3.1900347421131237	22	-1.4045540332630968
IQCF5	IQCF5	0.960595763304637	4885.0	0.22013053387657602	-0.22013053387657602	4.27221649627242e-05	17052.0	96.04032893995719	0.65	2.3760293928323994	1.6442410537542766	20	-1.3111817479762378
MAGI2.AS2	MAGI2.AS2	0.960595763304637	4885.0	0.22013053387657602	-0.22013053387657602	0.00843366015187779	15633.0	88.0477638841951	0.42105263157894735	1.553544346536123	1.0885831155063384	19	-1.2249076746329373
BTF3P11	BTF3P11	0.960595763304637	4885.0	0.22013053387657602	-0.22013053387657602	0.00424986546858425	12318.0	69.37591528669596	0.34782608695652173	1.5094398794715211	1.750755793412616	23	-0.7364301465950268
CDX4	CDX4	0.960595763304637	4885.0	0.22013053387657602	-0.22013053387657602	5.07259852126822e-06	17631.0	99.30156584431677	0.75	3.288973251540907	2.3677105933250293	20	-1.2961223919493836
LINC01049	LINC01049	0.960595763304637	4885.0	0.22013053387657602	-0.22013053387657602	0.253401819309612	12447.0	70.10251210994704	0.3333333333333333	1.0227639670053155	0.9648149695680651	21	-0.8319040007101753
OR2F1	OR2F1	0.960595763304637	4885.0	0.22013053387657602	-0.22013053387657602	0.0007613014363227936	16000.0	90.11490368367691	0.5909090909090909	2.053041887623662	1.7416698277496545	22	-1.0523873839597493
OR8D2	OR8D2	0.960595763304637	4885.0	0.22013053387657602	-0.22013053387657602	0.0225681023186029	14585.0	82.14486876196912	0.42857142857142855	1.5305599619988548	1.2464160990787585	21	-1.0513579125709571
OR8G1	OR8G1	0.960595763304637	4885.0	0.22013053387657602	-0.22013053387657602	0.0203231329317554	14099.0	79.40745747437197	0.4782608695652174	1.318093684458189	1.0889338336643928	23	-1.008291887567526
FGF21	FGF21	0.960595763304637	4885.0	0.22013053387657602	-0.22013053387657602	0.0019522295305970101	15772.0	88.83068604258195	0.6521739130434783	1.808882517830325	1.384816248343171	23	-1.1472655566069303
CSPG4P1Y	CSPG4P1Y	0.960595763304637	4885.0	0.22013053387657602	-0.22013053387657602	0.202565508165181	15212.0	85.67646727498028	0.47368421052631576	1.4582047468521915	0.9376845736877817	19	-1.3203525446797568
BGLT3	BGLT3	0.960595763304637	4885.0	0.22013053387657602	-0.22013053387657602	0.0110907693900276	17004.0	95.76996733130562	0.5714285714285714	2.3842121484652474	2.0726483928749238	21	-1.044114198060831
DAB1.AS1	DAB1.AS1	0.960595763304637	4885.0	0.22013053387657602	-0.22013053387657602	0.00010507114576182799	17027.0	95.89951560211783	0.6818181818181818	2.5654776207011505	1.8647537147028466	22	-1.2577248503823528
TAAR1	TAAR1	0.960595763304637	4885.0	0.22013053387657602	-0.22013053387657602	0.003199733382937735	15236.0	85.81164807930607	0.5909090909090909	1.9022184865296075	1.4801443944544497	22	-1.136435039010511
LINC00523	LINC00523	0.960595763304637	4885.0	0.22013053387657602	-0.22013053387657602	0.0160956811298369	11102.0	62.52675453418947	0.34782608695652173	1.2103682993112035	1.365028337730036	23	-0.7254338522241496
LINC01255	LINC01255	0.960595763304637	4885.0	0.22013053387657602	-0.22013053387657602	0.0009540745784235169	15562.0	87.64785400473133	0.5238095238095238	1.6539398035443642	1.4235399171841827	21	-1.0072139547051961
C3orf56	C3orf56	0.960595763304637	4885.0	0.22013053387657602	-0.22013053387657602	0.00446955132594767	16833.0	94.8068041004844	0.42857142857142855	3.256363312942026	3.052317047369512	21	-0.9947304726034527
LINC00347	LINC00347	0.960595763304637	4885.0	0.22013053387657602	-0.22013053387657602	0.0002450218426088858	16309.0	91.8553565393714	0.5909090909090909	1.9725964807203185	1.4371925056279262	22	-1.2193675794865557
LINC00572	LINC00572	0.960595763304637	4885.0	0.22013053387657602	-0.22013053387657602	0.284396339425069	13383.0	75.37456347865269	0.2857142857142857	1.344771395831176	1.2442397263510454	21	-0.9038779570660468
LINC00644	LINC00644	0.960595763304637	4885.0	0.22013053387657602	-0.22013053387657602	0.551704244469725	13810.0	77.77965528894896	0.3157894736842105	1.3427679807431685	1.1730093151458985	19	-0.9570575718121721
ESX1	ESX1	0.960595763304637	4885.0	0.22013053387657602	-0.22013053387657602	4.557887059494859e-06	17734.0	99.88171679621493	0.75	4.88413696761563	3.388691950665703	20	-1.3763441769390745
MIR3663HG	MIR3663HG	0.960595763304637	4885.0	0.22013053387657602	-0.22013053387657602	0.00668988511680766	16289.0	91.74270586909992	0.5652173913043478	1.524507506505391	0.9396463463318865	23	-1.388157339961714
POM121L12	POM121L12	0.960595763304637	4885.0	0.22013053387657602	-0.22013053387657602	9.078711197718242e-06	17266.0	97.24569111186212	0.65	3.0575579005577245	2.0869886198275265	20	-1.3595797024114296
DEFA5	DEFA5	0.960595763304637	4885.0	0.22013053387657602	-0.22013053387657602	6.743172441853465e-05	17703.0	99.70710825729412	0.6818181818181818	4.33098258308599	3.249743685073734	22	-1.264977317469929
KRTAP8.1	KRTAP8.1	0.960595763304637	4885.0	0.22013053387657602	-0.22013053387657602	2.00603241557285e-05	17250.0	97.15557057564492	0.5789473684210527	2.0765570677757297	1.636452967591296	19	-1.1344209523061564
LINC01734	LINC01734	0.960595763304637	4885.0	0.22013053387657602	-0.22013053387657602	0.13595312762330394	14053.0	79.14836093274755	0.45454545454545453	1.332504781739353	1.2096131334360498	22	-0.9196115825089843
KRTAP4.3	KRTAP4.3	0.960595763304637	4885.0	0.22013053387657602	-0.22013053387657602	0.000493024810778662	17025.0	95.88825053509068	0.5789473684210527	2.366052392221251	1.7479610038156634	19	-1.2276714718808335
LINC00692	LINC00692	0.960595763304637	4885.0	0.22013053387657602	-0.22013053387657602	0.03380072644192235	13669.0	76.98546806353497	0.35	1.3506484831361647	1.0860202306043918	20	-1.0409731949748606
LINC00836	LINC00836	0.960595763304637	4885.0	0.22013053387657602	-0.22013053387657602	0.0083526497505481	12808.0	72.1358567083474	0.43478260869565216	1.3738526481411566	1.5627716785562127	23	-0.7382537897861459
LINC00437	LINC00437	0.960595763304637	4863.5	0.22012728096682999	-0.22012728096682999	1.9867388546446968e-05	17667.0	99.50433705080545	0.7777777777777778	3.385246129744316	2.2036929160261316	18	-1.4362794497180087
TNP2	TNP2	0.960595763304637	4863.5	0.22012728096682999	-0.22012728096682999	0.000183218956937802	16357.0	92.12571814802297	0.6190476190476191	2.6026794535266355	2.034902949893933	21	-1.1708431464429265
OR7A17	OR7A17	0.960595763304637	4863.5	0.22012728096682999	-0.22012728096682999	0.000692468420401343	16627.0	93.64650219668806	0.5714285714285714	2.051580487235779	1.6082360503943829	21	-1.1387962642796292
HTR5A	HTR5A	0.960595763304637	4863.5	0.22012728096682999	-0.22012728096682999	8.31750020450576e-05	16215.0	91.32589838909541	0.5652173913043478	2.1678488820844795	1.686274104365816	23	-1.1550444830261806
LINC01425	LINC01425	0.960595763304637	4863.5	0.22012728096682999	-0.22012728096682999	0.00341785469870739	15496.0	87.2761067928354	0.5238095238095238	1.5081690742450253	1.2807567075233661	21	-1.0056881105615418
LINC01209	LINC01209	0.960595763304637	4863.5	0.22012728096682999	-0.22012728096682999	0.0213187332280707	12730.0	71.6965190942886	0.25	1.056015314242706	0.9630641111630455	24	-0.8679464052153443
LINC00690	LINC00690	0.960595763304637	4863.5	0.22012728096682999	-0.22012728096682999	0.0006508439774389637	16523.0	93.06071871127632	0.6363636363636364	2.0963192142091565	1.720883489462194	22	-1.0902492497203684
CASC23	CASC23	0.960595763304637	4863.5	0.22012728096682999	-0.22012728096682999	0.0166818831642926	15178.0	85.48496113551874	0.5714285714285714	1.6032552789903987	1.4704267180706863	21	-0.9406303496976305
GJA8	GJA8	0.960595763304637	4863.5	0.22012728096682999	-0.22012728096682999	0.02583480512748245	15594.0	87.8280950771657	0.45454545454545453	1.8429373178591462	1.7594304052494438	22	-0.9223496604642579
SOHLH1	SOHLH1	0.960595763304637	4863.5	0.22012728096682999	-0.22012728096682999	0.000897545399097843	15074.0	84.899177650107	0.5	2.0671350903065293	1.9266896833259082	24	-0.9586431200230129
SLC22A24	SLC22A24	0.960595763304637	4855.5	0.220127280966829	-0.220127280966829	0.00465203506653641	15085.0	84.96113551875634	0.4090909090909091	1.3814176945882144	1.0239489825555976	22	-1.1341291738217343
LINC01618	LINC01618	0.960595763304637	4855.5	0.220127280966829	-0.220127280966829	0.0029359712799140853	14805.0	83.38402613495549	0.5	1.3436115364342003	0.9262847071824893	22	-1.2128930195605951
ZP4	ZP4	0.960595763304637	4855.5	0.220127280966829	-0.220127280966829	1.09181941342551e-05	16644.0	93.74225526641882	0.7142857142857143	2.7393042702972346	2.2352536092477937	21	-1.127020656138503
OR3A1	OR3A1	0.960595763304637	4855.5	0.220127280966829	-0.220127280966829	6.7756388019687e-06	16520.0	93.0438211107356	0.6956521739130435	2.0871170921222837	1.4377708027952691	23	-1.298530897640786
CHRNB3	CHRNB3	0.960595763304637	4855.5	0.220127280966829	-0.220127280966829	0.002707561751037285	16659.0	93.82674326912245	0.625	1.9260850848448072	1.3446450644536838	24	-1.2687049162457544
SLC17A6	SLC17A6	0.960595763304637	4855.5	0.220127280966829	-0.220127280966829	1.6808204608460097e-05	16797.0	94.60403289399571	0.6521739130434783	2.6243472460731074	2.0596950396738847	23	-1.167269871896639
SMYD1	SMYD1	0.960595763304637	4852.0	0.220124028057083	-0.220124028057083	2.32500376123503e-06	17422.0	98.12436633997972	0.7391304347826086	3.2805787686432146	2.688177301321454	23	-1.1384869365133294
KRTAP2.2	KRTAP2.2	0.957039930011985	4851.0	0.22011960555816895	-0.22011960555816895	0.07116835026574714	15898.0	89.54038526529233	0.45454545454545453	1.7821203477799186	1.7005030300021864	22	-0.9185521664255673
UMOD	UMOD	0.9570326856583679	4850.0	0.22011957666956303	-0.22011957666956303	0.0011407836178596435	17531.0	98.73831249295932	0.65	3.5121354554098025	2.8006373929273107	20	-1.175452376324707
ODF4	ODF4	0.9570326856583679	4849.0	0.22011955853558202	-0.22011955853558202	0.100448005463205	11867.0	66.83564267207389	0.2608695652173913	1.0103824089828337	0.9389782500887345	23	-0.8416199740223707
FAM155A.IT1	FAM155A.IT1	0.956576016304428	4848.0	0.22011932673633397	-0.22011932673633397	0.00953591593809314	13120.0	73.89320716458262	0.391304347826087	1.574381608755606	1.7282272448049043	23	-0.7836135474025302
CFHR5	CFHR5	0.95544378378197	4847.0	0.22011636708842103	-0.22011636708842103	0.0006771109651570755	17441.0	98.23138447673763	0.65	3.4513115804386616	2.8350835838097437	20	-1.1397177959064642
HBBP1	HBBP1	0.95544378378197	4846.0	0.22011613609713604	-0.22011613609713604	9.893152795135629e-06	17415.0	98.08493860538469	0.6956521739130435	3.1931197939384868	2.141777114525376	23	-1.3881013284149208
OR11A1	OR11A1	0.952456831778433	4845.0	0.22011510659023104	-0.22011510659023104	0.060937016351317	15268.0	85.99188915174045	0.4166666666666667	1.5067995300234933	1.5144250875629028	24	-0.849619062705747
CARTPT	CARTPT	0.952453398251496	4844.0	0.220115093177561	-0.220115093177561	0.00793505334343219	17412.0	98.06804100484398	0.6363636363636364	3.688064416827215	2.9595759533712935	22	-1.1717723681662116
NTSR2	NTSR2	0.951922596220987	4843.0	0.22011495033532102	-0.22011495033532102	0.0021868081035481602	17128.0	96.46840148698884	0.6956521739130435	2.3147207277844095	1.5839686851969397	23	-1.3223782749143553
PIN1P1	PIN1P1	0.951922596220987	4842.0	0.220114943864111	-0.220114943864111	0.0068717451967029	13756.0	77.47549847921594	0.4166666666666667	1.0238785131067727	0.7337654623256903	24	-1.0953957504283596
PTH2	PTH2	0.951922596220987	4841.0	0.220114930504773	-0.220114930504773	0.114049118411492	14083.0	79.31733693815478	0.391304347826087	1.452220245859958	1.415120579397433	23	-0.8706716115172483
GABRG1	GABRG1	0.9502347989914591	4840.0	0.220112894046793	-0.220112894046793	0.000107574162695607	17049.0	96.02343133941646	0.6956521739130435	2.5014888138043854	2.0184620771803274	23	-1.1302545366344163
FOXR1	FOXR1	0.949531828335076	4839.0	0.22011274221913	-0.22011274221913	0.00231531504688505	16947.0	95.44891292103188	0.5217391304347826	2.2945389821538558	1.8223436075294193	23	-1.138328815358295
KNCN	KNCN	0.949373715736995	4838.0	0.220112707831939	-0.220112707831939	0.0018324674437328102	15816.0	89.07851751717922	0.5217391304347826	1.8049660880135179	1.4145671430955467	23	-1.1203804555458492
MIR7.3HG	MIR7.3HG	0.9397354327085831	4837.0	0.220110908981971	-0.220110908981971	0.000266238184162579	15228.0	85.76658781119747	0.5652173913043478	1.967552557400713	1.8637766173879537	23	-0.9375810556458999
IGSF11.AS1	IGSF11.AS1	0.9395704433036199	4836.0	0.220110867824793	-0.220110867824793	0.0270312160123811	15604.0	87.88442041230145	0.5217391304347826	1.8644192056367508	1.3606236276453116	23	-1.2084960928229576
RDH8	RDH8	0.9392152887972081	4835.0	0.22011079847329698	-0.22011079847329698	0.0005152606129679941	14648.0	82.49971837332431	0.5652173913043478	1.885638326938044	1.977927274740744	23	-0.8420570107579184
DDI1	DDI1	0.9392152887972081	4834.0	0.220109700323228	-0.220109700323228	1.2273156075250081e-05	15727.0	88.5772220344711	0.625	1.5627417955924015	1.2307207154127218	24	-1.0909315805405309
PWRN2	PWRN2	0.928434285347097	4833.0	0.22010961084933803	-0.22010961084933803	0.0294341285230922	11734.5	66.08933198152529	0.43478260869565216	1.5627528547713496	1.8032948059992884	23	-0.7445500532997938
CYP11B1	CYP11B1	0.9292892498138601	4832.0	0.22010881430389198	-0.22010881430389198	1.3541430523031e-09	17748.0	99.96057226540498	0.8571428571428571	6.71157445107491	3.776367489522555	21	-1.7189708508987647
RPE65	RPE65	0.9126507561068101	4831.0	0.220107697091973	-0.220107697091973	8.991701336535495e-05	17146.0	96.56978709023318	0.7727272727272727	2.93121378832226	2.5191740306781725	22	-1.0761884880579073
BUB3	BUB3	0.0349656474022138	4830.0	0.21998812640363197	0.21998812640363197	0.00131123407257215	961.0	5.40723217303143	0.08	0.4676609213770386	0.7499455094097364	25	-0.33025438763990167
UBA1	UBA1	0.0508913411083743	4829.0	0.21996652522075302	0.21996652522075302	0.0203307554448654	3145.0	17.708685366677933	0.04	0.3654030245129812	0.4226886735857548	25	-0.34407474905457125
PUS1	PUS1	0.24843265441323198	4828.0	0.219950946269335	0.219950946269335	0.000533143888895352	4631.0	26.0786301678495	0.08	0.4633168341218586	0.5177470066155828	25	-0.47004788968913935
GPR68	GPR68	0.454680544700377	4827.0	0.21989781013324106	0.21989781013324106	0.013125088783605906	9764.0	54.99042469302692	0.125	0.8185566619803532	1.1664647662955157	24	-0.5132249761373813
MRPS31	MRPS31	0.12191932960958198	4826.0	0.21989598381632802	0.21989598381632802	9.96899766203695e-05	6189.0	34.85411738199842	0.04	0.4003603584291309	0.2514310172509354	25	-0.7177490533425088
ZNF33A	ZNF33A	0.0542859566513586	4825.0	0.219761314718383	0.219761314718383	8.34690652649079e-06	7302.0	41.12312718260673	0.12	0.5279831844595987	0.5326074284001572	25	-0.5787036629719015
RAB14	RAB14	0.0969614897108375	4824.0	0.21972525490994896	-0.21972525490994896	5.1159144084164e-07	8458.0	47.634335924298746	0.04	0.5065351386748244	0.44137087689888443	25	-0.6498160589571067
AP4E1	AP4E1	0.0132846497517585	4823.0	0.21970328765499697	0.21970328765499697	0.09929714501968	455.0	2.55717021516278	0.04	0.2790904190696812	0.32922263281465425	25	-0.18038593187521826
HTR4	HTR4	0.7357104897296709	4822.0	0.219683187578129	0.219683187578129	4.63532936893375e-05	15412.0	86.80297397769516	0.6086956521739131	1.589196704128546	1.2216500828372279	23	-1.1210358316104583
DOK1	DOK1	0.192110873739752	4821.0	0.219674050130893	-0.219674050130893	2.52083897781187e-05	9088.0	51.18283203785062	0.08	0.6277975653060568	0.4625001424481433	25	-0.8824289502157799
EIF4A3	EIF4A3	0.23558783692564103	4820.0	0.21964826625981196	-0.21964826625981196	4.14739661779396e-05	729.0	4.100484397882168	0.08	0.3709495141277177	0.5660296174580516	25	-0.2673027050198812
LZTS2	LZTS2	0.055871272910426	4819.0	0.219605142341268	-0.219605142341268	1.72144549216221e-10	11284.0	63.55187563366002	0.24	0.754099616460334	0.6344969774274134	25	-0.8423908909482746
TP53AIP1	TP53AIP1	0.767303192020153	4818.0	0.21949316891390197	-0.21949316891390197	0.0139336998577912	11341.0	63.872930043933756	0.375	1.2518216944631413	1.3980287051567746	24	-0.7384172597754166
ZSCAN26	ZSCAN26	0.122720012759643	4817.0	0.21941796055549398	0.21941796055549398	0.00039477918217608	4614.0	25.982877098118735	0.08	0.4532496632883968	0.4239474262777736	25	-0.5515582551967056
TXNRD2	TXNRD2	0.0601806502833987	4816.0	0.21937597386676397	-0.21937597386676397	0.000131625814497355	4620.0	26.01667229920018	0.2	0.6417927737995478	0.9788221153547977	25	-0.43155624837886775
INTS3	INTS3	0.00904757464503282	4815.0	0.21928718884647	-0.21928718884647	6.914744483575179e-05	3328.0	18.73943899966205	0.08	0.39371110863575703	0.38433236183678826	25	-0.45383615097018143
PSMF1	PSMF1	0.00148059790321351	4814.0	0.21920647231532603	-0.21920647231532603	2.12329715794512e-05	4254.0	23.95516503323195	0.0	0.3112696583940092	0.21271657236119546	25	-0.43279743113930363
FEV	FEV	0.8227686173013941	4813.0	0.219192565736269	-0.219192565736269	0.0009671459799182659	16366.0	92.17641094964515	0.5833333333333334	2.1446719497116766	1.7896332862302748	24	-1.075907225681571
CPE	CPE	0.6374943251341489	4812.0	0.21918973234665803	0.21918973234665803	0.000254574498441254	9480.0	53.390785175171786	0.2	1.022838463649345	1.5844291944130737	25	-0.5072165636283834
TOMM20	TOMM20	0.0376787774163932	4811.0	0.219172828879769	0.219172828879769	1.61639054598714e-05	5725.0	32.2406218316999	0.08	0.41188809923790665	0.37931381058026786	25	-0.5080628887815213
CARD6	CARD6	0.28835928264031896	4810.0	0.219140096918018	-0.219140096918018	0.00016790071647503798	6590.0	37.11276332094175	0.08	0.6325223927035697	0.8541087792664999	25	-0.48399256139312874
BCKDHB	BCKDHB	0.205956345023036	4809.0	0.21909745493198	0.21909745493198	6.46577438660007e-08	7378.0	41.551199729638384	0.04	0.5074255116662342	0.5307501608081532	25	-0.5432462918055984
POLE3	POLE3	0.00533249247011122	4808.0	0.218925577484339	0.218925577484339	1.9971663783624e-05	3511.0	19.770192632646165	0.12	0.5724972701085074	0.8601732115334993	25	-0.41104708666040407
ZNF708	ZNF708	0.0958102428541568	4807.0	0.218897031554338	0.218897031554338	0.02115831607524945	2604.0	14.661484735834177	0.041666666666666664	0.3858828997636106	0.5008591403138097	24	-0.3333988636099339
NALCN.AS1	NALCN.AS1	0.413493596315187	4806.0	0.21888234988362196	-0.21888234988362196	0.03882454965770115	8381.0	47.200630843753515	0.16666666666666666	0.6537024899404742	0.6716154157112634	24	-0.6474242995098065
TRMT13	TRMT13	0.25681514165166697	4805.0	0.218859973958017	0.218859973958017	0.000103170332444743	8580.0	48.32150501295482	0.08	0.6897041395550692	0.9103133568221756	25	-0.5172330627342742
KCND3	KCND3	0.5319284566562771	4804.0	0.218821051228842	0.218821051228842	0.001145745937281121	9815.0	55.277683902219216	0.375	1.0291791319540031	1.3176733493747241	24	-0.6149916298373194
PHRF1	PHRF1	0.009611885317020041	4803.0	0.218690868122147	-0.218690868122147	6.2608969669063e-09	10120.0	56.99560662385941	0.28	0.6862885399586034	0.4729383918984524	25	-0.9887073662162265
MKLN1	MKLN1	0.0605274971306748	4802.0	0.21859979017010997	0.21859979017010997	0.00211187258335536	6805.0	38.32375802636025	0.08	0.4427212950950002	0.2899138789195764	25	-0.7730623513442166
CCT2	CCT2	0.0657096355166019	4801.0	0.21857321253929604	0.21857321253929604	0.000147225773794794	3392.0	19.09992114453081	0.12	0.5566879447765569	0.8316791018344513	25	-0.40654470154591404
EHMT2	EHMT2	0.073485734027836	4800.0	0.21845699385205203	0.21845699385205203	1.6630382680917401e-06	7877.0	44.361833952912015	0.04	0.4995071759075248	0.2697218013485444	25	-1.0420002411754972
KLHDC3	KLHDC3	0.0514817128582739	4799.0	0.21842756615920897	-0.21842756615920897	5.08691823571914e-06	7637.0	43.01002590965416	0.04	0.4410782593132261	0.3076323845908677	25	-0.7237557042316235
PAQR8	PAQR8	0.32151669890314	4798.0	0.21841072764686997	-0.21841072764686997	0.0350142226899137	698.0	3.9258758589613607	0.12	0.5400483693757602	0.944628491020357	25	-0.34049115052783097
ADGRG2	ADGRG2	0.600690167181234	4797.0	0.21839189276690302	0.21839189276690302	0.00963692565528075	6484.0	36.51571476850287	0.3333333333333333	0.9722992929052799	1.1959973204146093	24	-0.6303587702663284
PDE4DIP	PDE4DIP	0.127788571776583	4796.0	0.218382205049418	0.218382205049418	0.0141840368441772	111.0	0.6195786864931846	0.12	0.5071348517707149	1.1356608441096971	25	-0.25425957777708275
GJD4	GJD4	0.8219880224607851	4795.0	0.218325871565225	0.218325871565225	0.013623091569525951	13606.0	76.63061845217979	0.375	1.050871978180393	0.6441615354937773	24	-1.2924492704721742
ZNF354C	ZNF354C	0.11403269102272401	4794.0	0.21828097870813698	-0.21828097870813698	0.0349149717686566	771.0	4.337050805452293	0.04	0.3678779503757575	0.48316328431016414	25	-0.309619908063187
MROH8	MROH8	0.0830536899600971	4793.0	0.21825754884706103	0.21825754884706103	0.0216095332285056	409.0	2.2980736735383576	0.04	0.33581133838403054	0.5599913463374773	25	-0.20992072521443222
HEXA	HEXA	0.00454072011659734	4792.0	0.21824537043488604	0.21824537043488604	0.0101922299485594	326.0	1.8305733919116818	0.12	0.3509488265183646	0.5627116810476311	25	-0.2358285078362285
ARMT1	ARMT1	0.16786295491310801	4791.0	0.21820852962717802	0.21820852962717802	0.000732209890165046	5812.0	32.73065224738087	0.08	0.4747369170873748	0.42510843580703345	25	-0.6034422416793465
DACT2	DACT2	0.7000300871285899	4790.0	0.21818082884582501	0.21818082884582501	1.23657962729754e-05	14633.0	82.4152303706207	0.6521739130434783	1.5820454842548712	1.3379538097127062	23	-1.0193660240796383
CROCCP3	CROCCP3	0.11833560192831499	4789.0	0.218170216289427	0.218170216289427	0.0484336740245946	208.0	1.1659344373099019	0.04	0.3079336080069719	0.484530409151291	25	-0.18525853077988536
SEH1L	SEH1L	0.0575474801535574	4788.0	0.21816043557774	-0.21816043557774	0.000288884755180416	2845.0	16.01892531260561	0.12	0.4507300086829505	0.5354877520381414	25	-0.4343135248565782
PARD3	PARD3	0.11050951483030601	4787.0	0.21814478264693202	-0.21814478264693202	0.00309322966449806	2751.0	15.489467162329614	0.12	0.6471489211262097	1.3306592893647393	25	-0.32239968706345973
SP6	SP6	0.6975987972225429	4786.0	0.21812026652084301	0.21812026652084301	0.006308120689518545	8323.0	46.8739438999662	0.2916666666666667	0.7896730113765208	0.7423966861886923	24	-0.7698751294135064
ZNF665	ZNF665	0.32821083839070697	4785.0	0.218043936147963	0.218043936147963	0.0413418058734051	3947.0	22.225977244564607	0.125	0.49651951607342776	0.693891445072944	24	-0.4013244173895105
PCED1B	PCED1B	0.12719077978983198	4784.0	0.21800464787978002	0.21800464787978002	0.012609279311503099	3636.0	20.474259321842965	0.16666666666666666	0.5624071529626338	0.6685540125056202	24	-0.5151453714144877
IRAK1BP1	IRAK1BP1	0.276103429517049	4783.0	0.217984383280305	-0.217984383280305	0.00180789096800825	3225.0	18.159288047763884	0.12	0.5073387589877669	0.7125650843338609	25	-0.406074311061654
BPTF	BPTF	0.0415171268132751	4782.0	0.21792749090352398	0.21792749090352398	5.91202578345015e-05	4906.0	27.627576884082462	0.08	0.48298554989893155	0.4910509301906569	25	-0.5397771243249562
ATE1	ATE1	0.0869653881801367	4781.0	0.217916317644945	-0.217916317644945	0.00919976660452141	1752.0	9.862566182268784	0.0	0.28049913843247265	0.21630004695279792	25	-0.2893333666320691
RRAGD	RRAGD	0.264009016272332	4780.0	0.21787676829528302	0.21787676829528302	6.90860089301309e-07	7872.0	44.333671285344145	0.28	1.2757234321646065	2.432840780426296	25	-0.4348195214336886
EID1	EID1	0.0366043772763046	4779.0	0.217831117374406	-0.217831117374406	0.000430748766060025	4945.0	27.847245691111862	0.12	0.5453619859323502	0.8173349006480495	25	-0.4007303105474282
INTU	INTU	0.121095377311382	4778.0	0.217819240509507	-0.217819240509507	0.006755234027178129	2859.0	16.097780781795652	0.12	0.8515639732105688	1.7811201141642445	25	-0.35581246186669113
TEAD3	TEAD3	0.19839042323328598	4777.0	0.217764542133023	0.217764542133023	0.0730596875620372	2469.0	13.901092711501633	0.04	0.3994779910250103	0.5439443775367349	25	-0.3340662324976701
NPY6R	NPY6R	0.572055243529955	4776.0	0.217749744248557	0.217749744248557	1.820412797737755e-07	16683.0	93.96192407344823	0.6666666666666666	1.8569366753930787	1.2889370221646326	24	-1.271735471133944
ARL2BP	ARL2BP	0.12100646879274499	4775.0	0.21774711988101603	-0.21774711988101603	0.000159432745465846	4561.0	25.684352821899292	0.04	0.3468521708304324	0.2558882237025211	25	-0.5045368992810918
RPL37	RPL37	0.27498222053152005	4774.0	0.21772256685577	0.21772256685577	1.74379410620892e-06	6605.0	37.197251323645375	0.04	0.43561924817114045	0.2692879782378467	25	-0.8091585920070845
IL20RA	IL20RA	0.7329420704245241	4773.0	0.21771338449372502	-0.21771338449372502	0.000390508739129733	14043.0	79.0920355976118	0.5217391304347826	1.1682263482588737	1.174343204457019	23	-0.8093996373101484
MIR497HG	MIR497HG	0.15091010208782799	4772.0	0.21767907383142798	-0.21767907383142798	3.1265051103405e-07	14123.0	79.54263827869775	0.5416666666666666	1.30193897273099	1.5735201869957876	24	-0.6890664052869026
TRAPPC6B	TRAPPC6B	0.0325075923783087	4771.0	0.217665525620774	0.217665525620774	1.95536083409732e-08	9190.0	51.75735045623521	0.08	0.5364544736989442	0.3777573759821315	25	-0.8438986723934925
LINC01664	LINC01664	0.8435006760399459	4770.0	0.21766117333096602	0.21766117333096602	0.000744671189980081	13092.0	73.73549622620254	0.4583333333333333	1.2408526454972415	1.116329043956018	24	-0.9165679937344603
CALB1	CALB1	0.7234906708133921	4769.0	0.217625019839614	0.217625019839614	3.790655106976841e-06	15596.0	87.83936014419285	0.5416666666666666	2.612845157401144	2.8799515012674983	24	-0.8316876643607948
FKTN	FKTN	0.154373329041944	4768.0	0.21758742740216397	0.21758742740216397	0.004148684893057629	3702.0	20.846006533738876	0.16	0.5842817507335003	0.7753619539289232	25	-0.47293308818316215
NNT.AS1	NNT.AS1	0.324093641511235	4767.0	0.21750839065607	0.21750839065607	0.0034133865372670603	2109.0	11.873380646614846	0.12	0.5239006715234287	0.7724072583894518	25	-0.3966719338011116
EXOSC9	EXOSC9	0.0597990313879306	4766.0	0.217490232907143	-0.217490232907143	0.009112870956849671	4726.0	26.613720851639066	0.08	0.4469975019162735	0.5361066713199886	25	-0.42810000562769235
SYCE1L	SYCE1L	0.42829537202684	4765.0	0.21745507988658302	0.21745507988658302	0.0170295670788083	4086.0	23.00889940295145	0.04	0.4908187207399145	0.6620394736842568	25	-0.41291139232538493
ZNF136	ZNF136	0.0332503135534246	4764.0	0.21744537953555104	-0.21744537953555104	0.000542042846441513	3930.0	22.13022417483384	0.04	0.4656611127560253	0.5711170555860999	25	-0.434614464395126
LSM14A	LSM14A	0.32884400458348	4763.0	0.217411721664843	0.217411721664843	1.04809960576782e-05	3754.0	21.138898276444746	0.04	0.4550188896917804	0.5613846478664831	25	-0.42325198761660593
CUL3	CUL3	0.016979381336596	4762.0	0.21738466253291502	0.21738466253291502	3.3907298756073495e-05	8463.0	47.662498591866616	0.12	0.5503986745704562	0.6565157514949786	25	-0.5072445120763995
CNNM2	CNNM2	0.0109420839331417	4761.0	0.217350751370808	0.217350751370808	0.00032696035362236403	1604.0	9.02895122225977	0.16	0.42082167825006467	0.5334994099477383	25	-0.38138922571477396
SFT2D1	SFT2D1	0.0200956349375758	4760.0	0.21711992523020898	0.21711992523020898	2.90591153792859e-06	6903.0	38.875746310690545	0.12	0.5743856392574039	0.6496034797035272	25	-0.54997506200282
PSMA2	PSMA2	0.00738521483404222	4759.0	0.21708091612016298	0.21708091612016298	8.95119920908864e-08	10504.0	59.15849949307198	0.2	0.616185056460949	0.38920469828805604	25	-1.0254350528045353
RBL1	RBL1	0.148934465935129	4758.0	0.21706376057964	0.21706376057964	0.0133355294905298	4216.0	23.74112875971612	0.08	0.3932170415483571	0.4533679761166173	25	-0.38854372220460104
DOC2A	DOC2A	0.36283310393335	4757.0	0.21700695964766897	0.21700695964766897	7.5473098160523405e-06	6871.0	38.69550523825616	0.16	0.6193827986834586	0.6508436423597672	25	-0.6182373351253665
EIF3L	EIF3L	0.0753693352016389	4756.0	0.21693138557437502	-0.21693138557437502	0.00446287269142234	725.0	4.07795426382787	0.04	0.3460039320395645	0.480336190200137	25	-0.26871293293851134
FAM107B	FAM107B	0.252494347963068	4755.0	0.21691439160117998	0.21691439160117998	0.000300650478556476	5783.0	32.56730877548721	0.04	0.4883368919584339	0.4930517483600601	25	-0.5504949556715548
CLIP3	CLIP3	0.40907363149111203	4754.0	0.21689483129757603	-0.21689483129757603	1.57240057312943e-11	14094.0	79.3792948068041	0.52	1.3458490751569336	1.3640092092313458	25	-0.8276734762630762
GRIPAP1	GRIPAP1	0.18562233852339002	4753.0	0.21685782190550604	0.21685782190550604	0.0018317775807545	1680.0	9.457023769291427	0.16	0.44715042757074586	0.5316851792242687	25	-0.43313715458692653
MIEN1	MIEN1	0.0466720733104024	4752.0	0.21682803431772102	0.21682803431772102	2.08018067371398e-11	14736.0	82.99538132251887	0.52	1.0518106841557475	0.6655661285645411	25	-1.2545449865949072
RNF25	RNF25	0.050333032152792	4751.0	0.21680125805483	-0.21680125805483	0.000324265370365723	1086.0	6.111298862228231	0.12	0.34258475201803534	0.40655266378761346	25	-0.30939040662371775
NTM	NTM	0.706970717306106	4750.0	0.216779102588321	-0.216779102588321	0.0084231797356728	10542.0	59.37253576658781	0.20833333333333334	1.0950530295906062	1.3613847129335392	24	-0.6451327965257982
HIF1AN	HIF1AN	0.0693516803995674	4749.0	0.21676349248919397	-0.21676349248919397	0.0172871055713339	158.0	0.8843077616311816	0.04	0.26773709309022103	0.3306917227201979	25	-0.15414235403816387
ZNF420	ZNF420	0.273234233930008	4748.0	0.21668291188229602	0.21668291188229602	0.000138494793999631	8469.0	47.69629379294806	0.08	0.4970908300992029	0.44650581476685125	25	-0.6280050761787402
FOXJ2	FOXJ2	0.0253502029829819	4747.0	0.21667250964790802	-0.21667250964790802	0.0144337087029227	272.0	1.5264165821786637	0.04	0.37244209094106934	0.6748212541821604	25	-0.23083087606946218
CLRN1.AS1	CLRN1.AS1	0.900006973838337	4746.0	0.21663392814885898	0.21663392814885898	0.00749168417952027	15489.0	87.2366790582404	0.4166666666666667	1.5096385393867868	1.340395357046402	24	-0.964644203249927
HEBP2	HEBP2	0.183584700069303	4745.0	0.216624460056696	0.216624460056696	2.38978228981042e-08	8475.0	47.73008899402951	0.24	0.6780739948827751	0.7138153812552229	25	-0.6464550175629922
ZSWIM7	ZSWIM7	0.222881826134558	4744.0	0.216619835700295	-0.216619835700295	0.00011294876656843899	2074.0	11.676241973639742	0.08	0.3958646704145141	0.5240073744881248	25	-0.3420654812144847
CAMLG	CAMLG	0.178305710544805	4743.0	0.21660377549763699	0.21660377549763699	0.0209750438087427	320.0	1.7967781908302354	0.04	0.38043690251819334	0.587216282811811	25	-0.27899963236043474
SCRN3	SCRN3	0.14142496959559803	4742.0	0.216566387550213	0.216566387550213	1.89807743881608e-09	10131.0	57.057564492508725	0.08	0.5899330193513933	0.4363417503686669	25	-0.8556747812596922
RNASET2	RNASET2	0.226329059287394	4741.0	0.216512191726042	0.216512191726042	0.000652763845186933	7370.0	41.50613946152979	0.2	0.8039498194306858	1.2248107993914066	25	-0.47961499686035947
ACOX2	ACOX2	0.441749736957312	4740.0	0.216432444376117	-0.216432444376117	0.005117336817926215	6283.0	35.38357553227441	0.16666666666666666	0.7574234119384532	1.1653011212483995	24	-0.46424993308404855
ATL3	ATL3	0.0930937155322486	4739.0	0.216358460159423	0.216358460159423	0.000145965843835209	7221.0	40.66689196800721	0.08	0.47525958119168465	0.33313512306095155	25	-0.7771654896469509
GAN	GAN	0.282409936631584	4738.0	0.21634848406939303	0.21634848406939303	1.82520798778329e-08	7821.0	44.046412076151846	0.24	0.7168352995531849	0.8058333548184048	25	-0.6210797958302149
PEX11A	PEX11A	0.36364240969890005	4737.0	0.21633907562400304	0.21633907562400304	0.000348917976390133	9992.0	56.274642334121886	0.16	0.7108720308049485	0.6286899161063169	25	-0.7866086961339392
LAMTOR1	LAMTOR1	0.0866379820574538	4736.0	0.21633815234753895	-0.21633815234753895	0.000341197550687608	1956.0	11.011603019037961	0.08	0.4175840397725543	0.5911557586148016	25	-0.3404278559284874
TRMT6	TRMT6	0.161070832668461	4735.0	0.216289183545615	0.216289183545615	1.6127238200020902e-05	5635.0	31.7336938154782	0.12	0.4885084530995066	0.4407332540157477	25	-0.6176508513336845
MAP1LC3B	MAP1LC3B	0.233555203212794	4734.0	0.21628159484148998	-0.21628159484148998	3.6992588494003705e-05	4071.0	22.92441140024783	0.08	0.4932703564872702	0.7400152263150401	25	-0.37430143569486535
WAC.AS1	WAC.AS1	0.123283259594464	4733.0	0.216279511180057	0.216279511180057	7.04264392248506e-05	4566.0	25.71251548946716	0.08	0.3999541833210496	0.4143164813059174	25	-0.4433197336539778
RIC1	RIC1	0.148113767701078	4732.0	0.21625112288065898	-0.21625112288065898	0.0202886235090439	1284.0	7.226540497915963	0.08	0.37463431953921805	0.4187474794841951	25	-0.3782308059588857
NR2C2	NR2C2	0.0416532176122893	4731.0	0.216236744745031	-0.216236744745031	0.00128532264984837	2653.0	14.937478877999324	0.12	0.3700375998460874	0.40449925697035943	25	-0.3802253093194842
BCL2L11	BCL2L11	0.35633302983650106	4730.0	0.216230726813118	-0.216230726813118	0.0787568789989017	31.0	0.16897600540723218	0.08	0.30587338283853727	0.3658152001322118	25	-0.24504901926716247
PINK1.AS	PINK1.AS	0.29497346225500504	4729.0	0.21622468085578897	-0.21622468085578897	0.0141822393112797	499.0	2.805001689760054	0.04	0.2807206643040234	0.3502895191679541	25	-0.18412193319809383
DPH2	DPH2	0.264750635396065	4728.0	0.21619283586638297	0.21619283586638297	0.00014749816046381102	873.0	4.9115692238368815	0.12	0.47369767938782026	0.7693728633059101	25	-0.334694471046155
ZFR2	ZFR2	0.600351930851027	4727.0	0.21613594022130703	-0.21613594022130703	0.01024319699010275	13165.0	74.14667117269347	0.3333333333333333	1.2990888314948552	1.1766038105658605	24	-0.9204057317753602
SERP1	SERP1	0.131851738543834	4726.0	0.216111345647732	0.216111345647732	1.7136198929373997e-05	3690.0	20.778416131575984	0.0	0.3773168322006311	0.26350812885499536	25	-0.6117666549922949
PRPF19	PRPF19	0.0027806314908509103	4725.0	0.216069329408992	0.216069329408992	7.5701069572765e-05	3798.0	21.38672975104202	0.28	0.7413850986762698	0.8588914073737359	25	-0.611620706363282
NANP	NANP	0.0869653881801367	4724.0	0.216067700567915	0.216067700567915	2.45562815695999e-07	8815.0	49.64515038864481	0.12	0.5637430170790122	0.36262902420094995	25	-0.9587630699919756
ATP2A3	ATP2A3	0.5272824209802249	4723.0	0.21604145165012098	-0.21604145165012098	0.00074022912788094	10394.0	58.538920806578794	0.32	1.1130296922665601	1.7602088219031868	25	-0.5095919469637644
PRIMPOL	PRIMPOL	0.21200773856874106	4722.0	0.215985753732555	0.215985753732555	4.96052056645891e-05	6292.0	35.43426833389658	0.08	0.5026003061888175	0.5657962548643671	25	-0.5065684864332829
TRIP12	TRIP12	0.0479131481784596	4721.0	0.215962916461233	0.215962916461233	0.00518520947881853	3417.0	19.240734482370172	0.08	0.4376056826375291	0.5510673356140795	25	-0.4022063218994997
SESN2	SESN2	0.4470745439397871	4720.0	0.21594068275883302	0.21594068275883302	0.0006501055162991889	4764.0	26.827757125154896	0.16	0.5882580478199965	0.6487373810557211	25	-0.5739107625573753
NAPB	NAPB	0.208039779078607	4719.0	0.21590863858359302	0.21590863858359302	0.0073373261883221295	5542.0	31.20986819871578	0.12	0.48341802327461747	0.6526613228036929	25	-0.409874731877571
SMC1A	SMC1A	0.0196833385089685	4718.0	0.21590680039438798	0.21590680039438798	0.004216000336088921	3715.0	20.919229469415342	0.04	0.3498284841039883	0.24059428055823265	25	-0.5566287087077549
MS4A2	MS4A2	0.550590494004447	4717.0	0.21589867396004997	-0.21589867396004997	0.0081279764992295	11563.0	65.12335248394727	0.3333333333333333	1.4004582669024346	2.114827325260083	24	-0.5601211875757784
PHF20	PHF20	0.0545260608774862	4716.0	0.215880876926602	-0.215880876926602	1.5605527749156e-06	5208.0	29.32860200518193	0.16	0.5399828984797703	0.4940001409830721	25	-0.6560767794685192
DUS1L	DUS1L	0.13569494224332598	4715.0	0.21586462648894394	0.21586462648894394	0.0453450482773941	142.0	0.7941872254139912	0.12	0.3308367907104255	0.40591696515339193	25	-0.2832405986727722
ERI1	ERI1	0.208631436387145	4714.0	0.21582396074832502	0.21582396074832502	0.0319031307932508	2057.0	11.580488903908977	0.08	0.38686220019277706	0.498196723164928	25	-0.34331466164186275
ZMYM2	ZMYM2	0.0722912183266236	4713.0	0.215772104694173	0.215772104694173	0.0019297552811113102	3624.0	20.406668919680072	0.04	0.388171828553678	0.3766562512325583	25	-0.45771103836813926
TEKT4P2	TEKT4P2	0.7004867868756579	4712.0	0.21575243585253198	-0.21575243585253198	0.10253098916248876	453.0	2.545905148135631	0.08333333333333333	0.377140608932449	0.5941386524527752	24	-0.2716338558578208
PDCD11	PDCD11	0.119908451840629	4711.0	0.21567768194907103	0.21567768194907103	0.00486772339472311	1510.0	8.499493071983778	0.12	0.3718304041330981	0.4329682181085361	25	-0.36065631529768044
ZNF627	ZNF627	0.0613489234118013	4710.0	0.21565792200151399	0.21565792200151399	1.109381027867e-05	7211.0	40.61056663287146	0.12	0.5071694987383688	0.46457849581453525	25	-0.6274753983732156
MCMBP	MCMBP	0.00406912576423305	4709.0	0.215610965281873	-0.215610965281873	0.016967439361707	559.0	3.1429537005745183	0.08	0.34562346331904836	0.4468560727523402	25	-0.2909493816127051
ERCC1	ERCC1	0.0928619742614432	4708.0	0.21556227050055898	-0.21556227050055898	0.0157670051732943	117.0	0.653373887574631	0.08	0.3094630396275747	0.43295470108942113	25	-0.21688358826163143
TRMT61A	TRMT61A	0.11019801050433099	4707.0	0.215513273132071	-0.215513273132071	3.8520256321074104e-05	7713.0	43.438098456685815	0.12	0.5684113745150698	0.6666910820602152	25	-0.529327766455897
BBS5	BBS5	0.0232479985031301	4706.0	0.21544850746870603	-0.21544850746870603	0.0007043213872059019	2005.0	11.287597161203108	0.12	0.5803403321777375	0.9616968181121612	25	-0.37942500987507133
C8orf49	C8orf49	0.934975997099985	4705.0	0.21533656413275598	0.21533656413275598	4.99691654085918e-06	16920.0	95.29683451616536	0.6086956521739131	2.3031048974189225	1.9178350656912375	23	-1.088606820594179
B9D2	B9D2	0.30549961006897	4704.0	0.215316632063445	-0.215316632063445	0.0302187067755681	442.0	2.483947279486313	0.16	0.44475512095886943	0.682909110207684	25	-0.3359722186538826
C3orf18	C3orf18	0.18919552491682898	4703.0	0.215293648424309	-0.215293648424309	8.33269036012808e-06	8060.0	45.39258758589613	0.12	0.7744838079328713	1.0468657870105655	25	-0.534156494984317
SLC27A1	SLC27A1	0.22413740678319297	4702.0	0.21526083339795102	0.21526083339795102	0.000247379612494754	7475.0	42.09755548045511	0.08	0.5622294468545168	0.5420945158067162	25	-0.6400518790348314
WDR13	WDR13	0.253250137051179	4701.0	0.21511595172131698	-0.21511595172131698	0.0017437128125795801	1382.0	7.778528782246254	0.04	0.35709086961041864	0.3829496360231413	25	-0.3707404434783749
GLO1	GLO1	0.145730113007514	4700.0	0.215079462536375	0.215079462536375	8.635211249366041e-07	7634.0	42.99312830911344	0.12	0.6594996932632883	0.7863073560568814	25	-0.5651991264021241
APOBEC3C	APOBEC3C	0.15955094711297899	4699.0	0.21494204443749695	0.21494204443749695	0.00376665757289075	3849.0	21.673988960234315	0.12	0.8982713264518596	1.696081466487724	25	-0.4028870638091537
PWAR5	PWAR5	0.426697719393994	4698.0	0.214940392036798	0.214940392036798	0.0005457695646012315	15862.0	89.33761405880364	0.625	2.391285540402231	2.707765586083711	24	-0.8037420814972093
ANGPTL6	ANGPTL6	0.21420838648698498	4697.0	0.214872590660147	-0.214872590660147	0.0006058988465555941	5047.0	28.42176410949645	0.08	0.6670410833002336	0.9661994936057291	25	-0.4679866793892154
MTOR	MTOR	0.31731770624673905	4696.0	0.214839723888934	0.214839723888934	0.0272255327193526	1514.0	8.522023206038075	0.08	0.3027833117934385	0.32708018629913743	25	-0.26887470286590215
TPM3	TPM3	0.0245951346412893	4695.0	0.21479348666856896	-0.21479348666856896	0.0291868334295289	2399.0	13.506815365551423	0.08	0.4423970285320019	0.5674271322458665	25	-0.40111501359228663
PCP2	PCP2	0.612480859617266	4694.0	0.214729839040245	-0.214729839040245	0.01066661184037728	10966.0	61.760729976343356	0.3333333333333333	1.0125555360939533	1.2416098718642699	24	-0.6425735773635384
CDC42	CDC42	0.180630209411183	4693.0	0.2146954697539	0.2146954697539	1.3246332638494e-05	6551.0	36.89309451391235	0.2	0.5612742450383963	0.4574591033073739	25	-0.7576169602457876
RAB33B	RAB33B	0.0602738227864998	4692.0	0.214629289994254	-0.214629289994254	3.86230947525971e-05	6258.0	35.24276219443505	0.08	0.4944890613381775	0.5958697116458516	25	-0.4696660459061141
PCDHA3	PCDHA3	0.577636883250102	4691.0	0.21449870268067497	0.21449870268067497	0.05088593272902465	4841.0	27.261462205700123	0.125	0.5685147186587387	0.7870319153579591	24	-0.4498115121761608
CNOT10	CNOT10	0.00212424030156591	4690.0	0.214476990150406	-0.214476990150406	0.00497799488832516	1244.0	7.001239157372987	0.0	0.24019306613329236	0.16879773284793725	25	-0.1523484678911706
MBNL2	MBNL2	0.259240996225202	4689.0	0.21447343919801604	-0.21447343919801604	7.510254749335951e-08	6485.0	36.521347302016444	0.12	0.6417544577998949	0.8515531399418641	25	-0.5017667113893204
U2AF1	U2AF1	0.112867837383366	4688.0	0.214434194011188	-0.214434194011188	2.0299556279758104e-05	6523.0	36.73538357553227	0.04	0.46076427985543167	0.4440268013862236	25	-0.5547640031530006
DNM3	DNM3	0.492054999857502	4687.0	0.214433325853463	-0.214433325853463	1.3877369833410755e-06	17111.0	96.37264841725808	0.625	3.048947994686188	2.9097721522853246	24	-0.9741362967566061
ZCCHC4	ZCCHC4	0.0529562957803499	4686.0	0.21440461331335298	0.21440461331335298	8.52509703812825e-06	6516.0	36.69595584093725	0.0	0.4014036495502642	0.2521895234817683	25	-0.7415020007777209
KIAA2012	KIAA2012	0.78211811122015	4685.0	0.21437892628727104	-0.21437892628727104	3.769774064881195e-05	13474.0	75.88712402838796	0.4166666666666667	1.1312853815372033	0.7429448516977846	24	-1.2341514355400793
ATP6V1G2	ATP6V1G2	0.24485309189651	4684.0	0.21435290368597304	-0.21435290368597304	1.09868574269401e-08	12710.0	71.58386842401711	0.375	1.0611085314278228	1.4067697204328566	24	-0.6019148801989475
ASCC1	ASCC1	0.0489759048756915	4683.0	0.21429544994424202	0.21429544994424202	2.04717408289196e-05	4784.0	26.940407795426385	0.12	0.4855890992020677	0.5913232539137633	25	-0.45879076708420863
NKTR	NKTR	0.20668943943120896	4682.0	0.21423167038325197	-0.21423167038325197	0.00144651973774316	4015.0	22.608989523487665	0.04	0.3647461817362883	0.3498737923240317	25	-0.43019658704141805
KCNQ1	KCNQ1	0.13034197852341697	4681.0	0.2141675405006	-0.2141675405006	0.001332791428264545	11296.0	63.61946603582291	0.2916666666666667	1.0440618894647933	1.4468305405805806	24	-0.5735947131936925
ADGRG5	ADGRG5	0.5554508041316429	4680.0	0.21412407490757399	0.21412407490757399	5.3396271660202155e-06	14201.0	79.98197589275655	0.5416666666666666	1.4684308260576444	1.9210950954686767	24	-0.6529123696732283
PCDHB9	PCDHB9	0.51746359026599	4679.0	0.21405632076008602	-0.21405632076008602	0.0010031084029255054	4152.0	23.380646614847358	0.125	0.7717487495737004	1.3970832366358763	24	-0.39918339451020596
ZNF134	ZNF134	0.19134708992303098	4678.0	0.21399470802539103	-0.21399470802539103	0.00258737207734728	4489.0	25.278810408921935	0.08	0.40112751966991106	0.3680449754922398	25	-0.508450934275737
PAK2	PAK2	0.11714598121923299	4677.0	0.21390243158606198	-0.21390243158606198	0.0197519068789439	3545.0	19.961698772107695	0.04	0.3970368022277192	0.44556530875014305	25	-0.4110157748936248
UVRAG	UVRAG	0.0057093296910849	4676.0	0.213887291214015	-0.213887291214015	0.0173361061767657	531.0	2.9852427621944346	0.04	0.26147884849639125	0.23963095439706103	25	-0.19860354603236488
SLC7A8	SLC7A8	0.29448258250555603	4675.0	0.213861522503467	0.213861522503467	0.007714793929733095	10644.0	59.947054184972394	0.041666666666666664	0.5574700657831785	0.3687959656671609	24	-0.9317036390517863
BAZ2A	BAZ2A	0.00977866676084686	4674.0	0.213785149102288	-0.213785149102288	0.0037242568363506	1968.0	11.079193421200856	0.04	0.3719026944594111	0.44417209605912433	25	-0.35598261745842735
SFI1	SFI1	0.19796105849420897	4673.0	0.21370793797450602	0.21370793797450602	0.000109400454324248	937.0	5.272051368705644	0.08	0.4374203839737962	0.6582347549002242	25	-0.3398672651874796
AAR2	AAR2	0.0110835819520203	4672.0	0.21352634825833203	-0.21352634825833203	5.67055083072995e-05	2438.0	13.726484172580825	0.16	0.5264702435111915	0.6908197715010347	25	-0.45300367500033367
C21orf58	C21orf58	0.246281933232916	4671.0	0.21352191897218697	0.21352191897218697	8.27794898142142e-07	10042.0	56.5562690098006	0.12	0.775073697388306	0.9538560824541965	25	-0.5887175106870322
HNF1B	HNF1B	0.457181496347145	4670.0	0.213518615729267	0.213518615729267	0.00842940062859013	11136.0	62.718260673651	0.21739130434782608	0.9814259144906169	1.3752590838625987	23	-0.5583728242714673
CDK19	CDK19	0.13540695044395198	4669.0	0.21338584935901803	0.21338584935901803	0.00380469390590523	2610.0	14.695279936915624	0.08	0.36311348349541084	0.373035804291961	25	-0.4013760406205048
MRPS7	MRPS7	0.0252557929689518	4668.0	0.21328914688812603	0.21328914688812603	1.34882686928696e-08	4100.0	23.08775487214149	0.12	0.485059287440341	0.5398694062918873	25	-0.5033997803633253
CYB5R1	CYB5R1	0.0223508193745401	4667.0	0.213273905671821	0.213273905671821	1.49365746906026e-08	5395.0	30.381885772220343	0.08	0.4859257903854913	0.5955691595941193	25	-0.4578005430964268
TMEM248	TMEM248	0.0141793095902445	4666.0	0.213233332031575	0.213233332031575	0.00073303011244852	4039.0	22.74417032781345	0.16	0.47735329869547916	0.5324134499957932	25	-0.49608056796084143
ILKAP	ILKAP	0.0298612210809972	4665.0	0.21312776708593398	-0.21312776708593398	0.0240871651068287	106.0	0.5914160189253126	0.08	0.2652322876374824	0.3814150252439365	25	-0.1366084634925555
DDX58	DDX58	0.16667149243582902	4664.0	0.21309597487294	0.21309597487294	6.847179999817924e-07	10592.0	59.654162442266525	0.20833333333333334	0.9698356348448386	1.2681493200018559	24	-0.5967275683046467
GNA15	GNA15	0.390382732486359	4663.0	0.21309531644094395	-0.21309531644094395	0.003139336536991145	12183.0	68.61552326236341	0.4583333333333333	1.6161038569774535	2.547751099738108	24	-0.5506850887752456
ZNF410	ZNF410	0.0680663456786407	4662.0	0.2130702771965	-0.2130702771965	3.70238252951332e-06	5238.0	29.497578010589162	0.12	0.5085772735122426	0.5232747197736742	25	-0.5647262998746714
COX6A1	COX6A1	0.0918681086739793	4661.0	0.213043825330364	0.213043825330364	7.1067169032107e-07	7971.0	44.89129210318801	0.12	0.5347504795317405	0.43825993957656717	25	-0.7340544392722712
TXK	TXK	0.47301033964024997	4660.0	0.21302524586459198	-0.21302524586459198	0.001426776494444306	12335.0	69.47166835642672	0.4583333333333333	1.7082052097458151	2.333428254939158	24	-0.6407653463166831
IREB2	IREB2	0.100226792080577	4659.0	0.212903789515379	0.212903789515379	0.00391429663382364	4570.0	25.73504562352146	0.08	0.48094153293489966	0.5324648710188271	25	-0.5033904732656876
TBX1	TBX1	0.609117384146245	4658.0	0.212880679337398	-0.212880679337398	1.1598635519448952e-05	13365.0	75.27317787540835	0.375	1.4537079429630362	1.5511117620971133	24	-0.7999599345104775
LINC00592	LINC00592	0.875909021454687	4657.0	0.21283114169149	0.21283114169149	0.0381416879528528	12734.0	71.7190492283429	0.2916666666666667	1.0119868336109528	0.9449254239227948	24	-0.8457341412212419
ALG13	ALG13	0.14165070723041698	4656.0	0.21281134932169102	0.21281134932169102	0.000915049623640698	2897.0	16.31181705531148	0.04	0.4620528017157843	0.6981983400931339	25	-0.3569780076544532
YTHDF2	YTHDF2	0.0252612285152438	4655.0	0.212806934337934	0.212806934337934	3.34554389038215e-06	2582.0	14.53756899853554	0.08	0.4644771816341254	0.5610668548790988	25	-0.448556611583164
ZFYVE28	ZFYVE28	0.32000800263737	4654.0	0.21278240510142102	-0.21278240510142102	0.0007023724013766099	8966.0	50.495662949194546	0.08	0.7225315841795604	1.075544727060032	25	-0.473945124041027
VAC14	VAC14	0.30860870498738896	4653.0	0.21277946175635398	-0.21277946175635398	0.00193232412964963	4537.0	25.549172017573504	0.04	0.352215096486807	0.38545968875459863	25	-0.3617385651427331
XYLT1	XYLT1	0.43676059457145505	4652.0	0.212768936696443	-0.212768936696443	0.0030032115330404802	9543.0	53.74563478652698	0.041666666666666664	0.5145261753842411	0.25708527447546087	24	-1.1737632165182652
SNED1	SNED1	0.28945556408542894	4651.0	0.21275875000279001	0.21275875000279001	8.99018371847648e-08	11006.0	61.98603131688633	0.12	0.6588232081807307	0.5026010032723145	25	-0.8875120727450245
POLR2J	POLR2J	0.0122233177802869	4650.0	0.21268391250687	0.21268391250687	5.4053988672146897e-05	4049.0	22.800495662949196	0.08	0.4352891492685773	0.5391539192488509	25	-0.41287882516339836
ZDHHC6	ZDHHC6	0.0013661147293988801	4649.0	0.21264186524739298	0.21264186524739298	0.000155956862040446	5375.0	30.26923510194886	0.0	0.35125329497701663	0.2838433255312281	25	-0.48833781618857824
COL28A1	COL28A1	0.46764127647799203	4648.0	0.21260240145466897	-0.21260240145466897	0.0027879007920008454	10302.0	58.02072772332995	0.3333333333333333	0.9319100171697863	0.8819523150620016	24	-0.8155856086896826
TMEM254.AS1	TMEM254.AS1	0.5751404130967521	4647.0	0.21254350149440698	0.21254350149440698	0.00222253762240527	5523.0	31.10285006195787	0.08	0.5388422501592312	0.48113875571081444	25	-0.6781801399115395
SLC25A6	SLC25A6	0.0949581775835979	4646.0	0.212440423285379	-0.212440423285379	7.683186465989742e-05	6265.0	35.282189929030075	0.12	0.5089167256286286	0.5232689206078551	25	-0.5665849636145942
BNIP1	BNIP1	0.185834892561	4645.0	0.21238018130515	0.21238018130515	1.62510144026007e-07	6328.0	35.63703954038526	0.08	0.5084224223266165	0.5461092096774252	25	-0.5420934783288717
USP33	USP33	0.17410415178559302	4644.0	0.21228059245720998	-0.21228059245720998	1.49812642161e-05	7847.0	44.192857947504784	0.04	0.4537979943145616	0.3302178921973473	25	-0.7313879943035132
VPS41	VPS41	0.0312092639828197	4643.0	0.21210844748300303	0.21210844748300303	2.57049366236929e-07	8623.0	48.56370395403852	0.12	0.595639195918993	0.4950920432312797	25	-0.774665546900792
TFCP2	TFCP2	0.0541748410282177	4642.0	0.21210307516362	0.21210307516362	0.00236818052236936	1739.0	9.789343246592317	0.08	0.32540794435602954	0.35240080737831536	25	-0.3215227287228447
MIPEP	MIPEP	0.160356879497742	4641.0	0.21207208649751197	0.21207208649751197	1.0901345711115501e-07	7419.0	41.78213360369494	0.08	0.5317025381373697	0.4911548632211037	25	-0.6507732602781321
ATP6V0E1	ATP6V0E1	0.0348959724457066	4640.0	0.21200733728464	0.21200733728464	2.0335683256443e-07	10006.0	56.353497803311924	0.24	0.7206343657281397	0.7035235303818232	25	-0.7229708836710161
RPS9	RPS9	0.215572277518702	4639.0	0.211985068408573	-0.211985068408573	0.00152982445022875	4359.0	24.54658105215726	0.04	0.3895926697653032	0.29973644150259077	25	-0.5925459062180635
SLC22A14	SLC22A14	0.6937296596203261	4638.0	0.21190408498738103	0.21190408498738103	0.001796656245930424	12960.0	72.99200180241071	0.2916666666666667	1.1285852297169763	1.1519342050045809	24	-0.7957756100540047
ZEB1.AS1	ZEB1.AS1	0.277114428716143	4637.0	0.211820280389654	0.211820280389654	0.00013545868580646698	5433.0	30.595922045736174	0.08	0.690243710736873	1.1938690099757185	25	-0.4007336033933483
HLA.DOA	HLA.DOA	0.413208308006552	4636.0	0.21170904369823101	0.21170904369823101	0.002730186428834855	9615.0	54.15117719950433	0.20833333333333334	1.4289225817482087	2.260699434450134	24	-0.5384234275026651
IGFBP4	IGFBP4	0.309078881316398	4635.0	0.21170752709957502	-0.21170752709957502	6.8341852903938396e-09	13166.0	74.15230370620705	0.4	1.5445608116234368	2.309262175567495	25	-0.5771771168409306
PTDSS2	PTDSS2	0.145000798283213	4634.0	0.21162930816368802	-0.21162930816368802	3.33449779079983e-07	10403.0	58.58961360820096	0.2	0.6716617113537882	0.4196317995019808	25	-1.0962763158942357
NEU3	NEU3	0.182885846863565	4633.0	0.21158489876658	0.21158489876658	0.0823945770330489	394.0	2.2135856708347412	0.08	0.3856784690147833	0.5840850401658844	25	-0.2980620256919429
KRT86	KRT86	0.5489153546330611	4632.0	0.21154434287640603	0.21154434287640603	0.0002502345378754194	16107.0	90.71758476962937	0.5833333333333334	2.053546096214379	2.049602018806705	24	-0.8987119140380245
C10orf95	C10orf95	0.230421160344079	4631.0	0.21154132429100503	-0.21154132429100503	0.0199530738128962	4299.0	24.208629041342796	0.16666666666666666	0.6278581318562819	0.796176617426197	24	-0.5228950442065301
TNFSF10	TNFSF10	0.459470228806433	4630.0	0.211472872519602	-0.211472872519602	1.5763294081053735e-07	14503.0	81.68300101385603	0.5416666666666666	1.3004567776562699	1.3769655912654792	24	-0.7908577469505638
SETD9	SETD9	0.257938001091001	4629.0	0.211450163462395	0.211450163462395	1.1235649671100501e-05	5807.0	32.702489579813	0.04	0.3837402753184304	0.37498271225860325	25	-0.4594614797527444
STRADA	STRADA	0.0401665739412378	4628.0	0.21144944960373802	0.21144944960373802	0.027767233195654	384.0	2.157260335698997	0.08	0.33690303341174976	0.5164320055536156	25	-0.24292371979061483
VPS39	VPS39	0.0303342994476416	4627.0	0.211411482385398	-0.211411482385398	0.000737166608002463	829.0	4.663737749239608	0.12	0.37992804982284517	0.46430988081375807	25	-0.36293986925736305
CCDC88C	CCDC88C	0.43754601590873293	4626.0	0.21138818516163	0.21138818516163	0.000653753839974424	8214.0	46.25999774698659	0.08	0.5971577378249036	0.7072857700284454	25	-0.5454224713834676
ARL5A	ARL5A	0.28150731443446997	4625.0	0.21135793379896	-0.21135793379896	0.000426791738349999	5636.0	31.739326348991778	0.04	0.49977413587108027	0.6628925727613405	25	-0.43508739413189657
RPRD2	RPRD2	0.153274425908566	4624.0	0.211354046200373	0.211354046200373	0.0298061087433096	2383.0	13.416694829334233	0.08	0.34810307491230197	0.3314281096896539	25	-0.41260540284280484
TTF2	TTF2	0.07345731612272399	4623.0	0.21130659589458103	0.21130659589458103	0.00119142373423096	1482.0	8.341782133603694	0.04	0.29308696368610687	0.3514917710404351	25	-0.2326665217494322
USP24	USP24	0.100995519328767	4622.0	0.211274385542618	0.211274385542618	0.0725102117232287	1653.0	9.304945364424917	0.04	0.3883342188867646	0.4545266050087673	25	-0.3895477875068091
COL4A6	COL4A6	0.71781604036569	4621.0	0.21126186187470303	0.21126186187470303	0.000862897755230306	11712.0	65.96259997746986	0.2916666666666667	1.135115248859054	1.8573704909061888	24	-0.49739854892042235
ZNF382	ZNF382	0.48951620745643804	4620.0	0.21120996461154898	0.21120996461154898	0.0073684412880485155	1325.0	7.457474371972514	0.20833333333333334	0.5368967957132139	0.7754567713574829	24	-0.41999353559261715
HPS6	HPS6	0.0513717186876926	4619.0	0.211179665043022	-0.211179665043022	0.000138544004971317	5648.0	31.80691675115467	0.16	0.5929898529368632	0.6435622267095589	25	-0.5932762552674694
RAB3GAP1	RAB3GAP1	0.004143616726357729	4618.0	0.21087302267721802	0.21087302267721802	0.000106638203802585	5751.0	32.38706770305283	0.08	0.4556740562370793	0.45533133743193854	25	-0.5376327378223849
TACR2	TACR2	0.5199477107585679	4617.0	0.21080991330499202	-0.21080991330499202	0.003445125877513965	10283.0	57.91370958657203	0.2916666666666667	0.9661690468167837	1.1320205343412653	24	-0.6672662823659319
MRPS17	MRPS17	0.0462917563342349	4616.0	0.21077396168055199	0.21077396168055199	2.15807108373406e-08	8824.0	49.69584319026698	0.2	0.6396523625838	0.45993468904479673	25	-0.9324767431522786
THRAP3	THRAP3	0.0148705602741511	4615.0	0.210608365304345	0.210608365304345	0.00137942292343257	4762.0	26.816492058127746	0.16	0.48773164451878354	0.4339943350271004	25	-0.6385412362516986
CDKL2	CDKL2	0.571234630820772	4614.0	0.210522031469526	0.210522031469526	0.020259586464912	7454.0	41.979272276670045	0.20833333333333334	0.7712505654589882	0.8104119020508879	24	-0.691905600806752
TRMT61B	TRMT61B	0.0295063542670221	4613.0	0.210464311032157	0.210464311032157	4.07775829266342e-06	5421.0	30.528331643573278	0.08	0.5445005809263569	0.6882525383384881	25	-0.48533968461721555
LKAAEAR1	LKAAEAR1	0.636254503176429	4612.0	0.21042132989904697	-0.21042132989904697	0.000390706949384296	14538.0	81.88013968683113	0.5	1.4650956763901009	1.0665534607896912	24	-1.1763820498618751
ARHGEF10L	ARHGEF10L	0.0847750079982594	4611.0	0.21039457385991298	0.21039457385991298	0.000321352645744217	13269.0	74.73245465810521	0.4166666666666667	1.247839245919674	1.6274582344638482	24	-0.6374631619357889
CAMSAP1	CAMSAP1	0.032182023382528	4610.0	0.210320495038929	-0.210320495038929	0.0015265255002188199	2916.0	16.418835192069395	0.04	0.3329199312750361	0.3212766332209652	25	-0.3816008497318465
ADCK2	ADCK2	0.081289891055162	4609.0	0.210320262757083	0.210320262757083	0.0659701749644311	979.0	5.508617776275769	0.16	0.46895818543611445	0.750776092123686	25	-0.3444940847109745
DDX31	DDX31	0.0291141407353202	4608.0	0.210304238968844	0.210304238968844	0.0031872790356142397	1029.0	5.790244451954489	0.12	0.3285505357266571	0.3824006701857822	25	-0.30922094540358763
CAMKK1	CAMKK1	0.415537286520048	4607.0	0.21010839373735302	-0.21010839373735302	9.558379906615865e-08	12208.0	68.75633660020277	0.3333333333333333	1.3476459448304652	2.154182623276265	24	-0.5280599419946336
C21orf62.AS1	C21orf62.AS1	0.453072584208729	4606.0	0.21002655538854897	0.21002655538854897	0.00358439173620961	6858.0	38.6222823025797	0.20833333333333334	0.5938316489459653	0.5487419266453383	24	-0.6994273171429753
WDR6	WDR6	0.0785821008759751	4605.0	0.20993840667538002	-0.20993840667538002	4.3879756217823e-07	7415.0	41.75960346964064	0.12	0.5564027636440363	0.6271566808304726	25	-0.5524366837803159
CXorf21	CXorf21	0.121955759260053	4604.0	0.209808524016184	0.209808524016184	0.0058935049866792304	13413.0	75.54353948405992	0.375	1.7567140026873174	2.415733232207399	24	-0.6403461516558407
SRSF9	SRSF9	0.00533244855992144	4603.0	0.20976598479591899	0.20976598479591899	0.00028957332624972	1131.0	6.364762870339079	0.04	0.3269164484743697	0.4374727787093935	25	-0.26778915027367217
METTL17	METTL17	0.0701435179128588	4602.0	0.20968949808668602	0.20968949808668602	0.00143710642719188	4372.0	24.619803987833727	0.08	0.3652363990458685	0.3868615333453732	25	-0.4020738366363165
CPAMD8	CPAMD8	0.699405121314985	4601.0	0.209624613137696	-0.209624613137696	0.0009282505782439225	12968.0	73.03706207051931	0.3333333333333333	0.8917705427883345	0.9886840845767838	24	-0.6899533837875401
UCN	UCN	0.471411862066966	4600.0	0.20960154976777104	0.20960154976777104	0.0018024452075064302	7402.0	41.686380533964176	0.16666666666666666	0.6349123346967123	0.6525246149170622	24	-0.6517927066751337
CHM	CHM	0.381395586715927	4599.0	0.209566917640248	0.209566917640248	0.000228028749122098	7164.0	40.34583755773347	0.08	0.49275445985829597	0.4330393400642365	25	-0.6539533848727007
GPSM3	GPSM3	0.210767670590444	4598.0	0.209483007871886	-0.209483007871886	3.3913150108735404e-05	12410.0	69.8941083699448	0.4583333333333333	0.9710891595871264	0.8688136604081186	24	-0.8766047156273783
NFRKB	NFRKB	0.00602313323068626	4597.0	0.209472083837117	0.209472083837117	0.0032570240391633603	119.0	0.6646389546017799	0.08	0.3297967858198614	0.49440810676798397	25	-0.24337121567306827
MAF1	MAF1	0.23988738916495997	4596.0	0.20946154156316002	0.20946154156316002	3.28542241027854e-06	8892.0	50.07885546919004	0.12	0.5644840648028453	0.36466680673634383	25	-0.9735531632753419
TNKS1BP1	TNKS1BP1	0.18464516934580702	4595.0	0.209366315074087	0.209366315074087	8.0209009263842e-06	10632.0	59.8794637828095	0.16	0.7813343562210178	0.838760460932704	25	-0.6819206052117678
KYAT3	KYAT3	0.163386068845264	4594.0	0.209333217243214	-0.209333217243214	1.1300336446866498e-08	11207.0	63.11817055311479	0.08	0.6000401760498558	0.3596753575751867	25	-1.0862766952972815
PCDHB3	PCDHB3	0.517567433208187	4593.0	0.20925773929710298	-0.20925773929710298	0.08320758920384394	5770.0	32.494085839810744	0.08333333333333333	0.5325252567552704	0.6381805272876915	24	-0.5065455676500743
YOD1	YOD1	0.391387825478452	4592.0	0.20922597043557997	0.20922597043557997	0.000818152982086217	6917.0	38.95460177988058	0.08	0.4975167830004788	0.5056873451217456	25	-0.5700969489269937
NEDD4	NEDD4	0.19086608999240398	4591.0	0.209222817369712	-0.209222817369712	0.00494149241529162	4503.0	25.357665878111977	0.08	0.46750339541498787	0.4539076466355781	25	-0.5690157016734236
HNRNPLL	HNRNPLL	0.108195823754293	4590.0	0.209077579637285	-0.209077579637285	0.000853428760071955	3312.0	18.649318463444857	0.08	0.45112798095647016	0.704086072393163	25	-0.3437795616329473
MTMR6	MTMR6	0.159529826157793	4589.0	0.20907508102055103	-0.20907508102055103	1.86139841936441e-05	9582.0	53.96530359355638	0.08	0.6102421298168847	0.5423207995713853	25	-0.7397227786826353
PWWP2B	PWWP2B	0.162398570230854	4588.0	0.20904796981061102	-0.20904796981061102	3.58436641134027e-05	11539.0	64.98817167962149	0.24	0.9685475240531994	1.0034333449953472	25	-0.7569008524887222
TBC1D25	TBC1D25	0.143758832013694	4587.0	0.20899362673709804	-0.20899362673709804	2.9182577681778603e-05	4109.0	23.138447673763658	0.12	0.4695938329952519	0.4146617087612576	25	-0.6284646031982545
SVIL	SVIL	0.23731565387941897	4586.0	0.208936570184955	-0.208936570184955	0.0177505782380878	1731.0	9.74428297848372	0.04	0.42600127088572753	0.6236536008980067	25	-0.3480533109858074
GABBR1	GABBR1	0.422822644443186	4585.0	0.208928933282011	-0.208928933282011	0.000199129948470179	3348.0	18.852089669933537	0.12	0.6748771361070921	1.107366891167239	25	-0.4207712967957173
DOCK5	DOCK5	0.22736296744002696	4584.0	0.20892817764048396	-0.20892817764048396	0.0019156416155238398	5625.0	31.67736848034246	0.12	0.6386318674254019	1.0468760529299233	25	-0.41046281322635414
PRKAG3	PRKAG3	0.820994712805752	4583.0	0.208922695535287	-0.208922695535287	0.00486991205363609	14600.0	82.22935676467274	0.5217391304347826	1.7354116425617228	1.4569300150767033	23	-1.0477434957272607
VPS13A	VPS13A	0.2577577342911	4582.0	0.208896903438307	0.208896903438307	0.00023138863233499598	9475.0	53.362622507603916	0.08	0.5303433724092975	0.3018179297856828	25	-1.0650343708846115
ZNF503.AS2	ZNF503.AS2	0.486919033001512	4581.0	0.20883872361004002	-0.20883872361004002	0.0006173108859568129	5934.0	33.417821336036944	0.2916666666666667	0.8377792937758611	1.060806434799142	24	-0.5928890978917446
GGCX	GGCX	0.10580180475484499	4580.0	0.20880828403261603	0.20880828403261603	2.0665391788699302e-05	3678.0	20.71082572941309	0.16	0.506054427010751	0.6095285218162735	25	-0.48766568312898745
DCTN4	DCTN4	0.0160907813098781	4579.0	0.208759778733912	0.208759778733912	2.5198924685748302e-05	5678.0	31.9758927565619	0.04	0.46368819332993644	0.4429240301151287	25	-0.5755578773401868
ADNP	ADNP	0.0479214165198755	4578.0	0.208624273286346	0.208624273286346	0.000131160754269277	11310.0	63.69832150501295	0.28	1.3709209023043238	1.9124969862644865	25	-0.6077377571654063
MAPT	MAPT	0.529556752445781	4577.0	0.20862081683691602	-0.20862081683691602	0.001024978647816485	11879.0	66.90323307423678	0.375	1.1371687530168872	1.4588362623171316	24	-0.6364990781796986
ACTN1	ACTN1	0.348760309834502	4576.0	0.20857973558264398	0.20857973558264398	1.7305589956192002e-06	7019.0	39.529120198265176	0.12	0.8578163105143733	1.2934850551630375	25	-0.5019281609325562
BEST2	BEST2	0.7817493720284558	4575.0	0.20845936881269395	-0.20845936881269395	6.915209024573725e-05	14202.0	79.98760842627013	0.5	1.3543533560101892	1.2444843320814132	24	-0.9207781549816506
AADAT	AADAT	0.53976927669772	4574.0	0.20841733403910503	0.20841733403910503	0.0546838036515351	2201.0	12.391573729863692	0.08	0.6513740332268462	1.2004081348419366	25	-0.3690050794649666
SCARB1	SCARB1	0.4946192701284579	4573.0	0.208313884478448	-0.208313884478448	9.48154964952957e-09	11128.0	62.67320040554241	0.28	0.8527835894196224	0.7538906817621559	25	-0.8548582978035765
C7orf31	C7orf31	0.146492810165879	4572.0	0.208292176338829	-0.208292176338829	0.000102517628973082	7572.0	42.64391123127182	0.08	0.7620336966405985	1.2134455542983187	25	-0.4563381672463858
MTMR7	MTMR7	0.616783736473097	4571.0	0.208249662513184	0.208249662513184	0.046594139079652847	4333.0	24.400135180804327	0.041666666666666664	0.3870937274805759	0.3359797218717744	24	-0.5323061283908295
PPP4R3B	PPP4R3B	0.11847096097070402	4570.0	0.20824115992754	0.20824115992754	2.95406798288795e-05	5488.0	30.905711388982766	0.08	0.47104597761298167	0.5350133333942174	25	-0.49121171619810355
KATNBL1	KATNBL1	0.18710570433637	4569.0	0.208205363716205	0.208205363716205	0.000390500265325313	4922.0	27.71769742029965	0.08	0.5159356839374847	0.6631800532966003	25	-0.46402227975884325
CNST	CNST	0.13632918205280198	4568.0	0.208203941722707	-0.208203941722707	0.0032634840152614302	3553.0	20.00675904021629	0.08	0.5146250257183771	0.7071088938977347	25	-0.4333435580291062
THAP5	THAP5	0.113264805047726	4567.0	0.208197186858595	0.208197186858595	6.2385355988649005e-06	9596.0	54.04415906274642	0.16	0.6370522015870764	0.5457185310053395	25	-0.7858538612174879
S100A6	S100A6	0.181564014085031	4566.0	0.208094520773375	-0.208094520773375	7.126995439548057e-07	11985.0	67.50028162667567	0.25	1.0643289590793787	1.089002830547372	24	-0.7862554754569642
IQCA1	IQCA1	0.570555156237026	4565.0	0.20786499702847802	0.20786499702847802	0.0326455101108136	3559.0	20.040554241297738	0.16666666666666666	0.5414557237577103	0.5444990132064708	24	-0.6126562558208654
SNAPC1	SNAPC1	0.206859276942018	4564.0	0.20786091184380398	0.20786091184380398	5.9424700776437e-06	10243.0	57.68840824602906	0.12	0.5939544784305902	0.4009890175633528	25	-0.9628532196041674
VPS13D	VPS13D	0.0973924458762349	4563.0	0.20785228576783601	-0.20785228576783601	0.00447449158584524	2054.0	11.563591303368254	0.08	0.37114608951681327	0.36990197267568664	25	-0.44145156233634336
POU2F1	POU2F1	0.0137407087505956	4562.0	0.207837221562485	0.207837221562485	0.0156344939050438	700.0	3.9371409259885093	0.08	0.33480443566432605	0.40410700049326287	25	-0.314192067810906
GPR25	GPR25	0.738439318181757	4561.0	0.207757082953798	-0.207757082953798	0.00035013930609104104	15351.0	86.45938943336712	0.5833333333333334	1.683559963800618	1.3909536422021873	24	-1.0610007667187942
IQCB1	IQCB1	0.0650487922949703	4560.0	0.20752150711703501	0.20752150711703501	8.81752100516579e-08	7263.0	40.90345837557733	0.04	0.5096764943609119	0.4874200018850165	25	-0.6199068279416977
GEMIN4	GEMIN4	0.0955041577804873	4559.0	0.20750423884684902	-0.20750423884684902	9.63751288970329e-07	4236.0	23.853779429987608	0.08	0.533711258417592	0.5617971992477744	25	-0.5806490669720713
TLE1	TLE1	0.13050735864295301	4558.0	0.20749431144386102	-0.20749431144386102	0.00047377556495770996	5878.0	33.10239945927678	0.04	0.40129853381364866	0.2996522851593333	25	-0.646763705695542
ZNF709	ZNF709	0.12075571251006698	4557.0	0.207477107134443	0.207477107134443	0.0242699416816191	6311.0	35.5412864706545	0.12	0.5028362964904955	0.4818167274692489	25	-0.6130114886368351
DRICH1	DRICH1	0.675988873225285	4556.0	0.20739669339727	0.20739669339727	0.0026059738249401354	11541.0	64.99943674664864	0.16666666666666666	0.7948520687449991	0.6862374978920738	24	-0.8560525723998249
PSMB5	PSMB5	0.111739534763945	4555.0	0.207350202422839	0.207350202422839	2.64902584449618e-07	4180.0	23.538357553227442	0.12	0.5250149509385933	0.6374603773892795	25	-0.49832861740638856
WDR48	WDR48	0.0009735415192844689	4554.0	0.207349509228943	-0.207349509228943	0.00462012891174391	3174.0	17.87202883857159	0.04	0.3146261410790762	0.2517127341164231	25	-0.4261867490602015
GMPR2	GMPR2	0.114261316227737	4553.0	0.207331683059857	0.207331683059857	4.3075545745247494e-06	2981.0	16.78494987045173	0.04	0.36506073831140456	0.2947871637569423	25	-0.5350607985821194
PSMB3	PSMB3	0.0998318005306241	4552.0	0.20722875776895103	0.20722875776895103	1.08002444261015e-06	8803.0	49.577559986481916	0.16	0.5910756738287506	0.46014797625197695	25	-0.8341814717655198
RP1	RP1	0.7612161822849	4551.0	0.207092854189948	-0.207092854189948	0.0019213251746587102	12373.0	69.68570462994255	0.34782608695652173	1.2461648615353718	1.3438801664208617	23	-0.7731879919864958
NSL1	NSL1	0.0307950130736493	4550.0	0.20699582229271402	0.20699582229271402	5.4375799349502504e-05	5716.0	32.18992903007773	0.04	0.430554623586683	0.44432139893061673	25	-0.503146600258339
TRIM44	TRIM44	0.00961828459501499	4549.0	0.206942911518771	0.206942911518771	0.00628147634148935	3933.0	22.147121775374565	0.0	0.31598333479750074	0.21585725760658606	25	-0.5051506003910372
ANAPC4	ANAPC4	0.0722173851285479	4548.0	0.20690963178336103	0.20690963178336103	6.03565696820773e-08	7674.0	43.218429649656414	0.08	0.4864539406729578	0.3521113099910768	25	-0.7939089173156095
PEF1	PEF1	0.261576247078017	4547.0	0.206775756721807	-0.206775756721807	0.000450346329124563	2891.0	16.278021854230033	0.04	0.36793768392213166	0.3454705128663325	25	-0.4664998059115989
TOPBP1	TOPBP1	0.0507971035199279	4546.0	0.206741065575128	0.206741065575128	0.0498931833628852	1924.0	10.83136194660358	0.04	0.3210483923562862	0.4867385831237892	25	-0.23484336509252465
ABCD2	ABCD2	0.621229437193266	4545.0	0.20673645303181198	0.20673645303181198	1.140188583747453e-05	16151.0	90.96541624422665	0.7916666666666666	2.130003086049137	1.8989899568902997	24	-1.0127839939537016
NHEJ1	NHEJ1	0.0774758236668932	4544.0	0.20670293618684302	-0.20670293618684302	0.00908861407384465	1049.0	5.902895122225978	0.04	0.31868407803338333	0.4477809056741065	25	-0.2500802075916114
EFCAB14	EFCAB14	0.17984144079042397	4543.0	0.206665172526303	0.206665172526303	7.19738966062305e-05	7345.0	41.36532612369043	0.16	0.5439549589393107	0.5964509351379104	25	-0.5654946057466069
ZXDA	ZXDA	0.312911151523523	4542.0	0.206635616288663	0.206635616288663	0.00031146442936261134	3022.0	17.01588374450828	0.08333333333333333	0.7451284058737789	1.3297396033517395	24	-0.40496108277725346
C11orf58	C11orf58	0.10510720462114802	4541.0	0.20662745280702102	0.20662745280702102	0.00112845987381193	6781.0	38.18857722203447	0.08	0.47373787371736215	0.4975248381418749	25	-0.536878564511329
C11orf16	C11orf16	0.608912304561501	4540.0	0.206587574264727	0.206587574264727	0.0172497080203763	12151.0	68.43528218992903	0.391304347826087	1.1312814386169205	1.039778521553823	23	-0.889318104946379
IFT74	IFT74	0.252087884434043	4539.0	0.20657430973292604	0.20657430973292604	0.000153815721873993	8297.0	46.72749802861327	0.08	0.5728492595068139	0.6263789276412793	25	-0.5847497953884708
AGO1	AGO1	0.0464401676809722	4538.0	0.20653440162548498	0.20653440162548498	0.0062767926846359	850.0	4.782020953024671	0.12	0.379391190811217	0.504892014940032	25	-0.34236387994027384
CDK8	CDK8	0.0158530319073242	4537.0	0.20647481496337	0.20647481496337	0.000670686919777778	1675.0	9.428861101723554	0.08	0.34096325795897725	0.385906969408469	25	-0.3484996479896582
PIK3R4	PIK3R4	0.0859578963336411	4536.0	0.206466941418401	-0.206466941418401	0.000831045084623772	4350.0	24.495888250535092	0.08	0.3820694899442467	0.4236101668736959	25	-0.4145380877466135
ZNF83	ZNF83	0.296762020533465	4535.0	0.206243989439057	0.206243989439057	1.25297722993886e-05	5515.0	31.057789793849274	0.12	0.6051193158773345	0.820797921530178	25	-0.4859604489429889
PDE8A	PDE8A	0.0215622713605626	4534.0	0.20619936257426802	-0.20619936257426802	1.2195022084754499e-05	2734.0	15.39371409259885	0.04	0.4340543091025422	0.5083345540126043	25	-0.4482381627014568
IMPA2	IMPA2	0.319338549998722	4533.0	0.20618889246166502	0.20618889246166502	7.73657388134572e-06	8009.0	45.10532837670384	0.08	0.5973174538255988	0.8636456050614383	25	-0.45288085653618243
CDC7	CDC7	0.386187042282715	4532.0	0.206162274505483	-0.206162274505483	0.0027056302665733603	4725.0	26.608088318125493	0.12	0.6381267988591126	0.967977397046899	25	-0.4462547634598339
FBXL4	FBXL4	0.20753310478009399	4531.0	0.206139737047497	0.206139737047497	3.65880218940115e-05	8242.0	46.41770868536668	0.04	0.44515396342995756	0.2560440911691044	25	-0.9334885460200038
CALD1	CALD1	0.362538571449363	4530.0	0.20611157449680603	-0.20611157449680603	0.0141071413543009	5346.0	30.1058916300552	0.08	0.7864618336982772	1.317245965447839	25	-0.440578505779794
SH3RF1	SH3RF1	0.428052412205367	4529.0	0.20609889792228603	0.20609889792228603	0.000643721922425854	3623.0	20.4010363861665	0.16	0.6079739290399582	0.8599496905259575	25	-0.46732388597277086
BNC2	BNC2	0.517354587782756	4528.0	0.20603043807901103	-0.20603043807901103	0.000941862633532107	9824.0	55.328376703841386	0.28	1.2095374540907895	1.5670049986434318	25	-0.6403980950159841
SLC16A14	SLC16A14	0.478234010565375	4527.0	0.205945870942288	0.205945870942288	3.1084314818177298e-06	9851.0	55.48045510870789	0.12	1.000449692203425	1.8838204440608837	25	-0.42175135308992284
GYS1	GYS1	0.165241138567036	4526.0	0.20585286147941395	0.20585286147941395	3.51244667299294e-07	6867.0	38.67297510420187	0.12	0.6240864965590461	0.8142915072844055	25	-0.5136165996307718
RPS4X	RPS4X	0.19729936767770997	4525.0	0.20583323016212304	0.20583323016212304	9.07703080774732e-06	6320.0	35.59197927227667	0.12	0.4951770400858107	0.47635553042471157	25	-0.6074114635883686
GRPEL1	GRPEL1	0.109726564645719	4524.0	0.20579859540185	0.20579859540185	0.00258799815150409	3987.0	22.45127858510758	0.08	0.4882019385861799	0.748893311153794	25	-0.3770942255436103
SIPA1L2	SIPA1L2	0.30549961006897	4523.0	0.20578349452643202	-0.20578349452643202	0.0420224158286495	944.0	5.311479103300665	0.04	0.406427437127627	0.6951212453984008	25	-0.2886459649009839
TMEM203	TMEM203	0.0569451187886036	4522.0	0.205531731736364	-0.205531731736364	0.00039735062682497597	2032.0	11.439675566069617	0.08	0.351024571328645	0.38938471664552066	25	-0.37364804876184066
LAMC1	LAMC1	0.268070470103601	4521.0	0.20552321119376504	-0.20552321119376504	0.0251698070257988	4407.0	24.81694266080883	0.0	0.3378094556301175	0.2733144555740389	25	-0.4840074929754935
ZNF491	ZNF491	0.381610509907647	4520.0	0.205365821075474	-0.205365821075474	0.00605094574899165	5090.0	28.66396305058015	0.16666666666666666	0.6556697485002524	0.8431702762512243	24	-0.5340604858924243
PIP4K2B	PIP4K2B	0.10540700538146303	4519.0	0.205346944380452	-0.205346944380452	0.000184881077436471	3794.0	21.364199616987722	0.12	0.3685370531854863	0.3221561634473307	25	-0.5065559108314692
CTCFL	CTCFL	0.8593620032183521	4518.0	0.205342466535275	-0.205342466535275	6.40215848631245e-05	14787.0	83.28264053171115	0.5217391304347826	2.177424786061028	2.233295606128108	23	-0.883036851061905
RAB5A	RAB5A	0.135743428013715	4517.0	0.205262714678495	-0.205262714678495	0.000195654136895978	6493.0	36.56640757012504	0.08	0.4963698161674006	0.5532488253963039	25	-0.5261775319276627
RWDD4	RWDD4	0.16590935642267002	4516.0	0.20523796714760698	0.20523796714760698	1.4159202321860002e-06	7022.0	39.5460177988059	0.08	0.5316436425192509	0.333667007078069	25	-0.9782377893157229
ANAPC7	ANAPC7	0.0450205117021041	4515.0	0.20515923521212198	0.20515923521212198	2.1314953889954502e-05	3509.0	19.758927565619015	0.04	0.3577152014908712	0.3759790424946518	25	-0.40575656894737505
MC2R	MC2R	0.853290099820191	4514.0	0.205134390343016	0.205134390343016	6.17990047329077e-06	17728.0	99.84792159513349	0.7619047619047619	3.835887808580541	2.340447252068265	21	-1.5513075182655836
FASTKD2	FASTKD2	0.0472232315241361	4513.0	0.20511894164546	0.20511894164546	5.58106063736145e-08	10892.0	61.34392249633885	0.2	0.6598834939069051	0.42344852398750754	25	-1.0739547465629176
ZNF79	ZNF79	0.0582548855985689	4512.0	0.20508452192020601	-0.20508452192020601	0.000393506336653858	3660.0	20.60944012616875	0.12	0.47852252236199233	0.7788778022006502	25	-0.35106662389043763
FBXO3	FBXO3	0.15779468318431197	4511.0	0.205051585825749	0.205051585825749	9.34947552049439e-07	7770.0	43.75915286695955	0.08	0.5064067583631972	0.3103493232692251	25	-0.9710192674595439
ESD	ESD	0.0439798931211786	4510.0	0.20502664796782602	-0.20502664796782602	3.15333924309057e-06	7440.0	41.90041680748	0.08	0.5359562424151308	0.6632751381111559	25	-0.4989326079516726
IDH3B	IDH3B	0.0980278509484969	4509.0	0.204951298889447	-0.204951298889447	0.0172302352288837	101.0	0.5632533513574406	0.12	0.3992678764390436	0.7330374534593025	25	-0.26508410536540866
CCDC91	CCDC91	0.00921068577117098	4508.0	0.204902327434357	0.204902327434357	1.24467302819916e-05	9490.0	53.44711051030753	0.04	0.49401191674354855	0.3565408854426149	25	-0.8108735943432878
POLR2G	POLR2G	0.0409455754228454	4507.0	0.20482495905016898	0.20482495905016898	7.47605831947193e-06	2811.0	15.82741917314408	0.12	0.47120696088151093	0.683097853726744	25	-0.38996170223351534
ACIN1	ACIN1	0.065137533424313	4506.0	0.20481470746418598	0.20481470746418598	0.000108636687902187	2034.0	11.450940633096765	0.08	0.3917899812269565	0.4678972006921413	25	-0.39960759219372466
CYP4V2	CYP4V2	0.18818872307008497	4505.0	0.204797419779549	-0.204797419779549	8.72086144506208e-08	8535.0	48.06804100484398	0.2	0.7577592423698263	1.0087551495784657	25	-0.5481625772332827
ZIK1	ZIK1	0.567130444273055	4504.0	0.20460087908986	0.20460087908986	0.00010788084868492251	2772.0	15.607750366114677	0.25	0.8198689880668798	1.2535420803514765	24	-0.49082365771439185
FEM1C	FEM1C	0.33354012538650607	4503.0	0.20453636916271303	0.20453636916271303	0.000102800980122795	6416.0	36.132702489579806	0.08	0.4623448022931019	0.44751247283206375	25	-0.5760921734736444
RP2	RP2	0.205918072128618	4502.0	0.20452138613782897	-0.20452138613782897	0.0215693103375099	1925.0	10.836994480117156	0.12	0.4074397681014003	0.48883569030883267	25	-0.4151054965634224
C17orf99	C17orf99	0.7733790851317071	4501.0	0.20446528284920898	0.20446528284920898	0.000926332504755444	14366.0	80.91134392249633	0.5416666666666666	1.4345329294986486	1.244701776105676	24	-0.9882428628791529
LSM4	LSM4	0.113927914304158	4500.0	0.204395312349677	0.204395312349677	0.00903883467927803	682.0	3.83575532274417	0.08	0.34910742055480887	0.5303458258959	25	-0.2728636695889391
IQCK	IQCK	0.23249642455207797	4499.0	0.204301461833422	0.204301461833422	0.0108033990853343	1809.0	10.183620592542525	0.04	0.4331887664122595	0.39221990068708035	25	-0.5835688198836388
STOML1	STOML1	0.26405602264479	4498.0	0.20428046447257395	-0.20428046447257395	0.0149390985774423	536.0	3.0134054297623067	0.08	0.35005898474862823	0.43529395313826424	25	-0.3348967272002284
DAGLB	DAGLB	0.111744021307253	4497.0	0.204234774584966	0.204234774584966	0.000133386974392613	1337.0	7.525064774135406	0.04	0.3604420156380562	0.45927328348625784	25	-0.3401182839710383
MLXIPL	MLXIPL	0.657141130570019	4496.0	0.20422007959549102	0.20422007959549102	4.4545156528122604e-06	15519.0	87.40565506364763	0.6666666666666666	1.629496206450213	1.5782389875097127	24	-0.9030800392934475
SNTA1	SNTA1	0.15352341740946301	4495.0	0.204215216649474	-0.204215216649474	0.0017334244291031	5271.0	29.68345161653712	0.08	0.5380234935246491	0.9611445300601844	25	-0.34730289403433723
U2AF1L4	U2AF1L4	0.300420797624515	4494.0	0.204179465621023	-0.204179465621023	4.28433868935466e-05	6248.0	35.186436859299306	0.12	0.5407696247148821	0.7749713108979664	25	-0.4343259606653684
LRRIQ3	LRRIQ3	0.65833739199094	4493.0	0.204068462815466	0.204068462815466	0.0015914590990366599	9579.0	53.948405993015655	0.28	0.8095230827443366	0.8308764049334765	25	-0.7286939625844182
MRPL14	MRPL14	0.239557886050466	4492.0	0.203992319640262	-0.203992319640262	0.0122075884067016	4960.0	27.931733693815477	0.16	0.7197267192483865	1.291723682305229	25	-0.3992606210391199
SLC25A12	SLC25A12	0.0986817895275006	4491.0	0.203987210163487	0.203987210163487	2.32238717639943e-08	7655.0	43.1114115128985	0.12	0.7047005631942471	1.0239443022440544	25	-0.48900448191704127
SMG9	SMG9	0.0844186444891238	4490.0	0.20393113437267898	0.20393113437267898	0.0148405437879227	1449.0	8.155908527655738	0.04	0.2392604020219726	0.23186790981104036	25	-0.15236807748896788
SIGLEC6	SIGLEC6	0.662267146949313	4489.0	0.203918796451315	-0.203918796451315	5.00869026407766e-06	16442.0	92.6044834966768	0.625	1.6770567684402096	1.395474461532415	24	-1.055653838602818
ZADH2	ZADH2	0.289777081600745	4488.0	0.20390356045187696	-0.20390356045187696	0.000127086108312575	4242.0	23.887574631069054	0.12	0.4680591187148911	0.44837860792489925	25	-0.5891350604024771
HEATR5A	HEATR5A	0.34641236755684396	4487.0	0.203869437389398	0.203869437389398	3.8461693901951296e-07	7088.0	39.91776501070181	0.08	0.562598495765801	0.4590074223188323	25	-0.781532151624392
ZNF470	ZNF470	0.210484488948212	4486.0	0.203867386056754	0.203867386056754	0.00149417369996414	7922.0	44.61529796102286	0.2	0.9990637100804807	1.6510387758152754	25	-0.4816339480767569
SDR39U1	SDR39U1	0.0722135094787091	4485.0	0.20382731359345604	-0.20382731359345604	1.40508848828986e-05	1515.0	8.52765573955165	0.08	0.32472666469127304	0.45338469824927846	25	-0.2666595312207571
RPS11	RPS11	0.21950778542577598	4484.0	0.20378173146080703	-0.20378173146080703	0.000281203107911509	1730.0	9.738650444970146	0.08	0.3891328591437401	0.48593283015598404	25	-0.3814336389320217
BCL2L13	BCL2L13	0.124731748880555	4483.0	0.203738855410026	-0.203738855410026	0.000982630633853755	865.0	4.866508955728286	0.04	0.3283977310345269	0.35826975450552595	25	-0.3479469702837507
IRGQ	IRGQ	0.120898396785871	4482.0	0.20370884941697698	0.20370884941697698	0.000791914287773357	3366.0	18.953475273177876	0.04	0.3790014554634795	0.3437970166074894	25	-0.5098723885862944
FOLR2	FOLR2	0.471838744217079	4481.0	0.203708519610336	-0.203708519610336	0.00021050529241333095	13796.0	77.70079981975893	0.4583333333333333	1.6766317670420126	1.9327514601183338	24	-0.7620862163733644
CHMP2B	CHMP2B	0.0988473343545583	4480.0	0.2036303447147	0.2036303447147	2.42441573099927e-09	11134.0	62.706995606623856	0.12	0.6904838953299458	0.47198452123902135	25	-1.0315032139977627
RUNDC1	RUNDC1	0.15794412633272198	4479.0	0.20362542312656198	0.20362542312656198	0.0007598580676910731	1289.0	7.254703165483835	0.08	0.36345540780589125	0.3864024757886245	25	-0.413636026407765
SLC16A1.AS1	SLC16A1.AS1	0.458374293581225	4478.0	0.20360140636913798	0.20360140636913798	0.00015469675237322084	17334.0	97.62870339078516	0.625	2.5371974937138444	1.9442671150512174	24	-1.200244590508971
FRMD8	FRMD8	0.16771108205739801	4477.0	0.203494938047958	-0.203494938047958	6.308556441077429e-05	2556.0	14.391123127182606	0.12	0.44012538138518104	0.43074432934128465	25	-0.5493524283862075
BACH1	BACH1	0.18717596211428	4476.0	0.20346336822133199	-0.20346336822133199	0.000599659831525897	6198.0	34.90481018362059	0.04	0.43368737119805373	0.49689074352674806	25	-0.46332922473595767
MYDGF	MYDGF	0.20558109457653198	4475.0	0.20338790016693103	0.20338790016693103	0.00433934921344191	1977.0	11.129886222823025	0.08	0.33561371067557855	0.3788959979330032	25	-0.34897652978648724
ITGA3	ITGA3	0.565329836763632	4474.0	0.20334696920585302	-0.20334696920585302	0.00029620003777760303	10726.0	60.408921933085495	0.16666666666666666	0.8349898454621428	1.1343332899915253	24	-0.5568406409557185
APMAP	APMAP	0.080669635975801	4473.0	0.20332140231058898	0.20332140231058898	9.78999038280396e-05	4225.0	23.791821561338292	0.12	0.4112257677842757	0.45543353225183636	25	-0.45649771207167944
FNBP1L	FNBP1L	0.282557840284801	4472.0	0.20325028341316503	0.20325028341316503	5.16878165018279e-05	7853.0	44.22665314858623	0.16	0.7080569492332225	1.00092625208031	25	-0.5043395202902061
LSM10	LSM10	0.111121564502733	4471.0	0.203180822190197	0.203180822190197	0.009608993273041091	935.0	5.260786301678495	0.12	0.44272938818551905	0.6657867782998348	25	-0.3597977217376374
HECTD3	HECTD3	0.11465090789072199	4470.0	0.20315479060925604	0.20315479060925604	0.0123410797888945	398.0	2.236115804889039	0.08	0.3071680626588337	0.4673044454269808	25	-0.22258138793124396
PNMA1	PNMA1	0.189605952303954	4469.0	0.20314436945351103	-0.20314436945351103	3.1648684813540695e-07	7954.0	44.795539033457246	0.12	0.8243052768436903	1.6012461939676295	25	-0.3879234247239913
RCOR3	RCOR3	0.21921675303318203	4468.0	0.20311033489755803	0.20311033489755803	2.2236765570076e-05	4853.0	27.329052607863016	0.04	0.3931751190203972	0.3041480584375345	25	-0.6249087536485932
LAMTOR5.AS1	LAMTOR5.AS1	0.0726425587397884	4467.0	0.203061616150469	-0.203061616150469	2.13004616097644e-05	6282.0	35.37794299876084	0.08	0.4495084655887077	0.3906830333640704	25	-0.63081021798195
CDPF1	CDPF1	0.276106410284033	4466.0	0.20300629399976297	-0.20300629399976297	0.012693164953858999	407.0	2.2868086065112085	0.04	0.30364103196369324	0.5203003346206412	25	-0.19341663125645417
SSBP3	SSBP3	0.33457543794283195	4465.0	0.20299694759082998	-0.20299694759082998	1.58731057235442e-08	7379.0	41.55683226315196	0.08	0.4554933022659076	0.2849853151577303	25	-0.8859977733776526
HNRNPR	HNRNPR	0.00921920459517128	4464.0	0.20289101607936103	0.20289101607936103	0.0777916317056374	103.0	0.5745184183845894	0.04	0.31136536660369535	0.5296319040947653	25	-0.2048108312314308
PDZD9	PDZD9	0.7866635897633649	4463.0	0.202876326865923	-0.202876326865923	0.005236647776417839	10900.0	61.38898276444744	0.3333333333333333	0.8512006176514432	0.7800585233597769	24	-0.8311226290985626
NMT2	NMT2	0.0508133163151846	4462.0	0.20277319915706699	-0.20277319915706699	0.0217431194531906	640.0	3.5991889151740453	0.12	0.42975453806555436	0.7238103739328241	25	-0.313592270963435
AP2B1	AP2B1	0.242970536484182	4461.0	0.202717912265005	0.202717912265005	0.00200180058895373	3404.0	19.167511546693703	0.08	0.36230456174483616	0.3101301377788683	25	-0.5145796233245189
KMT2E	KMT2E	0.172804710779289	4460.0	0.20268824731731896	-0.20268824731731896	0.0308579445663751	373.0	2.0953024670496787	0.04	0.28296576048665456	0.30157034147645834	25	-0.26619830310999715
TIGAR	TIGAR	0.16783769659092002	4459.0	0.202555450756583	0.202555450756583	4.55498230564339e-06	7865.0	44.29424355074912	0.08	0.5947360128384507	0.8470256185154942	25	-0.46300909147140956
SETD3	SETD3	0.0355111042878404	4458.0	0.202546222340964	-0.202546222340964	5.691984991422731e-06	5827.0	32.81514025008448	0.08	0.48551918050699683	0.5152524489711676	25	-0.5491928446551981
POU1F1	POU1F1	0.835944102813425	4457.0	0.202526061874763	0.202526061874763	3.15324152920168e-05	17424.0	98.13563140700687	0.5714285714285714	2.289645389732676	1.801398150766324	21	-1.158610786277338
REM2	REM2	0.370857444227459	4456.0	0.20249942055979603	-0.20249942055979603	0.0009275194764782555	6700.0	37.73234200743494	0.125	0.646685269381602	0.8520974798652471	24	-0.5212852511804761
ZNF430	ZNF430	0.18461906239608197	4455.0	0.202489934660433	0.202489934660433	0.00396964835751715	5434.0	30.601554579249747	0.04	0.39945692157832235	0.3523871887916294	25	-0.5589504760184634
TMEM200A	TMEM200A	0.40273955460046	4454.0	0.202371804317395	0.202371804317395	0.0006362203027346259	12079.0	68.02973977695167	0.3333333333333333	1.0682544946475196	1.313862358929583	24	-0.6590360736383133
ZFP37	ZFP37	0.495247688758195	4453.0	0.202355058065706	0.202355058065706	0.0930405262617209	2436.0	13.715219105553677	0.04	0.43449893156171243	0.7832401491202262	25	-0.2963891390868584
SNX4	SNX4	0.157686698548276	4452.0	0.202347530773053	-0.202347530773053	4.03286975896428e-05	5485.0	30.888813788442043	0.04	0.4116034439548114	0.3525690614987714	25	-0.5935175148159948
PPP1R3C	PPP1R3C	0.7620377316500291	4451.0	0.20224246096368	0.20224246096368	0.013478649788429787	7975.0	44.91382223724231	0.08333333333333333	0.6469850905328091	0.7994287628662571	24	-0.5563255292123304
VARS2	VARS2	0.181620645631465	4450.0	0.20223214124020997	0.20223214124020997	1.03422776529651e-06	6483.0	36.5100822349893	0.2	0.5808898056452433	0.5764741134514408	25	-0.6568511153743758
CHTOP	CHTOP	0.00549194861706002	4449.0	0.20219907553401897	0.20219907553401897	3.43892350533207e-05	664.0	3.734369719499831	0.12	0.3953946746317171	0.463607030825777	25	-0.41672275494523475
BGN	BGN	0.541376268520917	4448.0	0.20219187929821	0.20219187929821	7.465089358162131e-05	12732.0	71.70778416131576	0.375	1.597161650540673	2.1994928575316663	24	-0.6342233694761518
TBC1D22B	TBC1D22B	0.188712684075629	4447.0	0.20213868049652103	0.20213868049652103	0.0327625925861516	379.0	2.1290976681311253	0.04	0.2687754487474809	0.34863805703719875	25	-0.191134521621803
SNRPD2	SNRPD2	0.24226574259035502	4446.0	0.202083329612672	0.202083329612672	4.6339974740440997e-07	7941.0	44.72231609778078	0.16	0.5796194565193189	0.5911709742101874	25	-0.6386242616377443
FTSJ3	FTSJ3	0.156077673956641	4445.0	0.20206529100880202	0.20206529100880202	0.000258269591631554	1483.0	8.347414667117269	0.08	0.4423386182184049	0.6652565472646547	25	-0.3611739383814235
ALMS1P1	ALMS1P1	0.7005225812493989	4444.0	0.202007456426873	-0.202007456426873	0.01897657843348395	4456.0	25.092936802973977	0.16666666666666666	0.6141282178990446	0.8622270290057218	24	-0.47797244531687805
FAM20C	FAM20C	0.268271418748786	4443.0	0.20196842518629998	0.20196842518629998	0.0010336940640991435	8477.0	47.74135406105666	0.25	1.1242827090187668	2.1010431510005363	24	-0.43897922010466667
CTU1	CTU1	0.22431532467541299	4442.0	0.20196033504968397	-0.20196033504968397	3.63414612669103e-08	12334.0	69.46603582291314	0.4	1.3614298356920878	1.3158113301835512	25	-0.8811821832242939
GRB2	GRB2	0.14017819539882598	4441.0	0.201939967196546	-0.201939967196546	0.0038893022962525397	1745.0	9.823138447673763	0.08	0.37805896417610924	0.5511112880390776	25	-0.31957065805386875
DDX20	DDX20	0.0598047867390872	4440.0	0.201889089927814	-0.201889089927814	0.000854652199857419	2127.0	11.974766249859186	0.12	0.5504499972156132	0.789815372552341	25	-0.44131947718541026
PYCARD	PYCARD	0.0560970506775152	4439.0	0.20185672659162598	-0.20185672659162598	0.000764445394848624	12271.0	69.11118621155795	0.3333333333333333	1.3688924305292067	1.7580111205829658	24	-0.6638386357593605
ATMIN	ATMIN	0.184869374501142	4438.0	0.201817418697919	0.201817418697919	0.00555164102586655	1147.0	6.454883406556269	0.12	0.4246239949004639	0.5653694497770742	25	-0.39409022947808336
AMBRA1	AMBRA1	0.00434029265281859	4437.0	0.20175154553468802	0.20175154553468802	2.5673824177208102e-05	5739.0	32.319477300889936	0.12	0.45966989909237965	0.37772153814723364	25	-0.6828267056806187
GRINA	GRINA	0.22315507124687303	4436.0	0.20173075092718304	-0.20173075092718304	6.82021477132429e-06	7100.0	39.985355412864706	0.28	0.7751381847839527	0.8736201423559711	25	-0.6563578448528092
SLC16A1	SLC16A1	0.558929026628068	4435.0	0.20172589836953397	-0.20172589836953397	4.8219117794314e-05	7160.0	40.32330742367917	0.2	0.818952970751376	1.2027638453289131	25	-0.5131739491330091
TMEM98	TMEM98	0.35007313046991495	4434.0	0.20164464190615602	0.20164464190615602	0.0307863469799199	2851.0	16.052720513687056	0.16	0.8640524787585899	1.6072060285732244	25	-0.4121486760726486
GNG12	GNG12	0.28988090698589003	4433.0	0.20163692261832897	0.20163692261832897	4.54842567867082e-05	10244.0	57.69404077954263	0.04	0.60469709925393	0.5877741177534695	25	-0.6857399202539517
AMN	AMN	0.393729157807506	4432.0	0.201579179283903	-0.201579179283903	0.00147279707461665	8290.0	46.688070294018246	0.28	0.7603513137322948	0.8027319451661598	25	-0.6960880749958568
SLC30A4	SLC30A4	0.19811123598955802	4431.0	0.201569028203757	-0.201569028203757	2.27126227835246e-05	10898.0	61.377717697420294	0.16	0.862503326744081	1.075198693010855	25	-0.6147089861963322
TECR	TECR	0.20438508218120102	4430.0	0.20147680703048002	0.20147680703048002	0.00014357315574519498	1908.0	10.74124141038639	0.04	0.3250124962792158	0.3008218616907505	25	-0.41066061008468985
EPN2.AS1	EPN2.AS1	0.651872212116039	4429.0	0.201405818362791	0.201405818362791	0.08716761011442645	5667.0	31.913934887912582	0.16666666666666666	0.6991604566358504	0.8722603133379878	24	-0.5706491865578972
DOCK8	DOCK8	0.39323581725541895	4428.0	0.20132326322713603	-0.20132326322713603	0.019013339479584945	8862.0	49.90987946378281	0.16666666666666666	0.7732239626948069	1.2507505685341698	24	-0.45724600400375265
PHLPP1	PHLPP1	0.200100359386802	4427.0	0.201299379688465	-0.201299379688465	1.27582829866726e-06	7618.0	42.903007772896245	0.12	0.6010162619173799	0.6431610042809263	25	-0.6214880559741189
MYB	MYB	0.523538612768637	4426.0	0.201284453616908	0.201284453616908	0.0011577662774626264	10594.0	59.66542750929368	0.3333333333333333	1.4218776581909507	1.9811051665638963	24	-0.616117319350131
ZNHIT1	ZNHIT1	0.18847230176498997	4425.0	0.201225015616925	0.201225015616925	0.000183385889109568	2510.0	14.132026585558183	0.08	0.4003171534746087	0.5065125638148794	25	-0.3930645596590731
NELFA	NELFA	0.0625273105276779	4424.0	0.201132971793204	0.201132971793204	0.00015883381867791202	5228.0	29.44125267545342	0.04	0.4208068537901937	0.3783282563362724	25	-0.5806436033203275
ZFP30	ZFP30	0.418777652116753	4423.0	0.201102469902696	0.201102469902696	3.32538610188744e-05	7248.0	40.818970372873714	0.08	0.6001835826369014	0.6104232699925066	25	-0.6537776856690022
CACNG8	CACNG8	0.626518301994266	4422.0	0.20106916229565602	-0.20106916229565602	8.082051056673285e-08	13688.0	77.09248620029288	0.3333333333333333	1.384868279167659	1.4941035461334469	24	-0.7923139731081739
INSM1	INSM1	0.713553460181292	4421.0	0.20104442300208397	0.20104442300208397	2.63372964810921e-06	15061.0	84.82595471443055	0.5416666666666666	2.139521108740863	2.2479844386984498	24	-0.8623176621547829
SCAF11	SCAF11	0.0486931632743304	4420.0	0.20103115635313298	0.20103115635313298	8.24606292715368e-05	8502.0	47.88216739889602	0.12	0.5945386680513809	0.6749960616531724	25	-0.5829774928382332
GNB1	GNB1	0.171374196203807	4419.0	0.20099045798194098	-0.20099045798194098	0.00145450609487732	2545.0	14.329165258533287	0.08	0.36812714652621203	0.5020110836297569	25	-0.33293425980916724
ANKRD55	ANKRD55	0.5054827003708859	4418.0	0.20096163936473802	0.20096163936473802	0.01434048758403294	12479.0	70.28275318238143	0.2916666666666667	1.1461651122671206	1.3831300407660472	24	-0.6833800474602383
PSORS1C1	PSORS1C1	0.47585209681383095	4417.0	0.20087696257814702	-0.20087696257814702	9.268233024795691e-07	15110.0	85.1019488565957	0.625	1.9170058340775151	2.0534090340147353	24	-0.8357462361719857
ACSS2	ACSS2	0.246215362074758	4416.0	0.20084969833423802	-0.20084969833423802	0.000544305221708371	1238.0	6.9674439562915405	0.08	0.4105474696731835	0.6558541085737194	25	-0.3197323438210573
ACBD4	ACBD4	0.23539710634256603	4415.0	0.20083565272874102	0.20083565272874102	3.87172324637322e-05	5559.0	31.305621268446547	0.12	0.6129477252717719	0.8151976386057324	25	-0.5055363914545727
GNG8	GNG8	0.7969668960800509	4414.0	0.200743803840895	-0.200743803840895	8.47552881606151e-05	16911.0	95.2461417145432	0.7083333333333334	1.9923231005509041	1.2482034838606484	24	-1.4353263068684272
ZNF713	ZNF713	0.36199685731627396	4413.0	0.200742219398786	0.200742219398786	0.00337206479365051	3598.0	20.260223048327138	0.08	0.4867212844830977	0.7106450962414226	25	-0.40242178071282714
MRFAP1	MRFAP1	0.0279301231501058	4412.0	0.20072262840478	-0.20072262840478	0.000100152250897344	2886.0	16.24985918666216	0.16	0.56903864653724	0.8256568892789972	25	-0.44608846957492365
SNX9	SNX9	0.187384506354534	4411.0	0.20071113464860801	0.20071113464860801	0.009713097187699759	1665.0	9.372535766587811	0.04	0.32575775045408273	0.40284158787572005	25	-0.31041138643325134
NUFIP1	NUFIP1	0.123247128326369	4410.0	0.20058646224856302	0.20058646224856302	0.00897817861193616	466.0	2.6191280838120985	0.08	0.28501007598232975	0.45923676215341175	25	-0.183834615804482
KMT2B	KMT2B	0.275175740844337	4409.0	0.200565521069573	0.200565521069573	2.7423984054471204e-13	11658.0	65.65844316773685	0.2	1.0030756967877559	1.1631923353986544	25	-0.6899204467704328
FYCO1	FYCO1	0.0921132983656398	4408.0	0.200558968921109	-0.200558968921109	6.58921835810282e-05	959.0	5.395967106004281	0.04	0.37483441369150533	0.47760544860973264	25	-0.36489417211988845
TVP23A	TVP23A	0.0871395279103442	4407.0	0.200445561704673	0.200445561704673	0.00166458241518509	3737.0	21.04314520671398	0.08	0.43304797112260146	0.6228492585992034	25	-0.3734489625002597
STKLD1	STKLD1	0.322222308140445	4406.0	0.200334318193139	0.200334318193139	0.0171733529445541	3274.0	18.43528218992903	0.04	0.4778218795569241	0.7443879962207527	25	-0.3727727512702859
POMT1	POMT1	0.0587797061953716	4405.0	0.20031263083320003	-0.20031263083320003	0.0109720312717276	488.0	2.7430438211107355	0.12	0.3858991729468125	0.4713209624781855	25	-0.3937583024905286
FGF5	FGF5	0.741776812192272	4404.0	0.20027760095803102	-0.20027760095803102	0.00039113005714016603	15116.0	85.13574405767714	0.5217391304347826	2.1582683940791982	2.456839419423775	23	-0.7969551357900277
VHL	VHL	0.0410901044566746	4403.0	0.200207265544698	0.200207265544698	0.0430562887793221	280.0	1.5714768502872591	0.04	0.3034988101953175	0.5895723625073366	25	-0.1751973993681465
PMS1	PMS1	0.0954634028123093	4402.0	0.20020706292233803	0.20020706292233803	0.00011210684758777601	6389.0	35.9806240847133	0.04	0.4547713066157135	0.39898242104587245	25	-0.6380337334814742
BCAM	BCAM	0.37624330521120397	4401.0	0.20018142884403	-0.20018142884403	8.462223765096099e-06	12154.0	68.45217979046974	0.4	1.337608787822194	1.500407098687301	25	-0.7580791639637627
FN3KRP	FN3KRP	0.0540169707013982	4400.0	0.200170507887226	0.200170507887226	0.00175202503438223	112.0	0.625211220006759	0.08	0.3581726489060735	0.5373430046196929	25	-0.29404335714889274
PDXP	PDXP	0.120781662010054	4399.0	0.20008848909080104	0.20008848909080104	9.804568137338171e-11	9394.0	52.906387293004386	0.12	0.7187199280842453	0.7040359815968503	25	-0.7366547343462716
STK11IP	STK11IP	0.11110665298254901	4398.0	0.19999665481089	-0.19999665481089	2.7299431772243302e-05	5167.0	29.09766813112538	0.04	0.4388156389904612	0.3433363615993214	25	-0.6955831391324537
C1orf216	C1orf216	0.0171508314050244	4397.0	0.19998053237349997	-0.19998053237349997	0.00043868856300038	3700.0	20.834741466711726	0.12	0.46926454685412383	0.5755903807473749	25	-0.4678396712102316
APOL2	APOL2	0.331812258280771	4396.0	0.199966652036782	-0.199966652036782	0.004206494190723471	4201.0	23.656640757012504	0.12	0.5082190822179351	0.6019519824348143	25	-0.512088072098897
ATP6V0C	ATP6V0C	0.25693353504123	4395.0	0.19990634200131602	-0.19990634200131602	1.9093095897145397e-05	8235.0	46.378280950771654	0.28	0.9146223277444636	0.9837963616318226	25	-0.7264877302022631
PACRGL	PACRGL	0.0909599799233917	4394.0	0.19987918765825896	0.19987918765825896	2.0319427360083e-06	5577.0	31.407006871690886	0.04	0.4567104523245604	0.5458106619418779	25	-0.47055010569517025
C18orf54	C18orf54	0.390334252792466	4393.0	0.19986834400391396	-0.19986834400391396	0.01452909953226622	11557.0	65.08955728286583	0.45454545454545453	2.0301566783780385	2.507279016565078	22	-0.7299898903479769
LTBP1	LTBP1	0.3789124809214471	4392.0	0.19986392143184603	-0.19986392143184603	0.0941222294540174	4060.0	22.862453531598515	0.08	0.5249401146650234	0.7634970770054522	25	-0.425772675526374
MAMDC4	MAMDC4	0.352009145695381	4391.0	0.19985979429009698	0.19985979429009698	0.00010021317820506	5168.0	29.103300664638954	0.08	0.6133890162293842	0.835634982725088	25	-0.4948682504778914
ICA1L	ICA1L	0.48547939019652797	4390.0	0.19983700874546104	-0.19983700874546104	0.00565942916542556	6319.0	35.58634673876309	0.16	0.6195570347397625	0.8837561088355446	25	-0.4749274395934115
SF3B3	SF3B3	0.0695350003230888	4389.0	0.19981898802814002	0.19981898802814002	0.0604468220263916	444.0	2.4952123465134615	0.0	0.20502205063749065	0.1352724956689652	25	-0.03846356632676766
ACAT1	ACAT1	0.150166198520175	4388.0	0.199791552172947	-0.199791552172947	3.06860130462574e-06	6624.0	37.30426946040328	0.04	0.43843769723330966	0.2665855787143025	25	-0.8951952547895238
SPTSSA	SPTSSA	0.290674867755614	4387.0	0.199734790194299	-0.199734790194299	4.53751313356111e-11	11724.0	66.03019037963276	0.2	0.677898271854325	0.36111710060018004	25	-1.3241230638629793
TAS2R40	TAS2R40	0.914620102624747	4386.0	0.19966307623211	0.19966307623211	0.0740833367793115	12999.0	73.21167060944012	0.34782608695652173	1.1539467576364566	1.12545250973765	23	-0.8479111052200649
RYR1	RYR1	0.343848493005718	4385.0	0.199653089610493	-0.199653089610493	1.2585510415267348e-10	16950.0	95.46581052157259	0.7083333333333334	2.2797692022388207	1.760318758197732	24	-1.1816701395365543
NLK	NLK	0.0330626277210824	4384.0	0.19964860472224302	0.19964860472224302	0.0378467260396834	517.0	2.9063872930043932	0.0	0.2988350956000241	0.2631968990106073	25	-0.37685280962897544
CTSF	CTSF	0.303890040188535	4383.0	0.199646004472379	-0.199646004472379	0.00181935026410855	8938.0	50.33795201081446	0.04	0.5143687852545618	0.2762303503242498	25	-1.1393490266827995
FANCG	FANCG	0.0748007290910534	4382.0	0.19959703307868898	0.19959703307868898	0.0801430613699479	130.0	0.7265968232510983	0.08	0.3744677151058777	0.7057713604749858	25	-0.24777242577468758
GLCE	GLCE	0.23912271227589	4381.0	0.199441491231072	0.199441491231072	9.57847447826168e-08	9285.0	52.29244114002478	0.08	0.6087647121817397	0.605920254905617	25	-0.6755397556637666
BMPR1A	BMPR1A	0.34811950866245	4380.0	0.199365176942031	-0.199365176942031	0.000687781417750133	8450.0	47.58927565619015	0.08	0.7214415308108144	1.2197218117328765	25	-0.42802903813539406
OLIG1	OLIG1	0.7460561986011559	4379.0	0.199356583424977	-0.199356583424977	6.924013529144825e-05	16493.0	92.89174270586909	0.6666666666666666	2.095939393100093	1.9866872335768362	24	-0.9546458937376388
SAFB2	SAFB2	0.150794016566839	4378.0	0.19928143821739003	-0.19928143821739003	3.90789282319066e-07	2858.0	16.09214824828208	0.08	0.45469397938354844	0.4981528506759563	25	-0.5127192202545516
OTUD4	OTUD4	0.22835625623112102	4377.0	0.19927656085612805	-0.19927656085612805	0.00121405663616854	5075.0	28.579475047876535	0.08	0.4276887803551108	0.38472701637350765	25	-0.5936994538413998
VAX2	VAX2	0.719863800733165	4376.0	0.199260678127738	0.199260678127738	0.00595345164768816	9481.0	53.39641770868536	0.30434782608695654	0.9913448795787312	1.1081772947995303	23	-0.7147630664949525
CNOT2	CNOT2	0.0346137267421869	4375.0	0.199212936689745	0.199212936689745	0.000133421039828585	4435.0	24.974653599188915	0.08	0.46560735076281845	0.43372962876494836	25	-0.6141946420207344
GPR137	GPR137	0.00762079133526148	4374.0	0.19917169413378	0.19917169413378	0.0037917490560061295	3461.0	19.488565956967445	0.12	0.40703058724462543	0.45833035407571926	25	-0.4535132601680266
TUBD1	TUBD1	0.178022290726832	4373.0	0.19903588812909498	0.19903588812909498	0.00051489518197491	4749.0	26.743269122451277	0.08	0.5302469433830848	0.7769939081490088	25	-0.4262723964503354
SLC2A9	SLC2A9	0.320486570121581	4372.0	0.198927604274165	-0.198927604274165	0.0001110835843678001	7243.0	40.790807705305845	0.20833333333333334	0.7917363550565248	0.9480977877262128	24	-0.6252611897809305
CCDC190	CCDC190	0.8005262745847191	4371.0	0.19878515097938101	-0.19878515097938101	0.000891885838841799	12440.0	70.06308437535203	0.30434782608695654	1.254013330841743	1.402235323975802	23	-0.7525328750601149
AUH	AUH	0.12026939076834699	4370.0	0.198702350860156	-0.198702350860156	0.0418125979238558	1438.0	8.09395065900642	0.0	0.24349622444620952	0.1810521178301164	25	-0.247408724752307
IQGAP1	IQGAP1	0.0235054155746101	4369.0	0.198692938307155	0.198692938307155	0.0231213900853965	6130.0	34.52179790469753	0.04	0.4240368921519895	0.427324232268637	25	-0.5273371759155755
NPHP3.AS1	NPHP3.AS1	0.5447922407893839	4368.0	0.19868297698156898	-0.19868297698156898	5.0168714140377e-06	8570.0	48.26517967781908	0.24	0.618048570811548	0.5779409222438064	25	-0.7256201761969506
SOCS4	SOCS4	0.263590849685538	4367.0	0.19866411668623898	0.19866411668623898	0.00815781580507948	4527.0	25.49284668243776	0.08	0.44823085105463234	0.5018954128521672	25	-0.49724848639312624
STK19	STK19	0.11248798044381801	4366.0	0.19863190320028398	0.19863190320028398	0.00189243765075189	918.0	5.165033231947731	0.0	0.21764774446857607	0.14317632419475543	25	-0.1328141462999554
ORMDL2	ORMDL2	0.125658617123374	4365.0	0.19857733300984698	0.19857733300984698	3.84854344384984e-06	4464.0	25.137997071082573	0.08	0.46082414676962535	0.4613522615776096	25	-0.568430753678364
CXorf56	CXorf56	0.0470555120816669	4364.0	0.19856287765582398	0.19856287765582398	2.2255389342456497e-07	6549.0	36.881829446885206	0.08	0.48944635791045227	0.6018311857935216	25	-0.4833306866128829
NAA38	NAA38	0.301278305532428	4363.0	0.198507738871595	-0.198507738871595	0.00041999213838226897	4108.0	23.132815140250084	0.16	0.5232534109430879	0.710246202256978	25	-0.4572297198345242
PFDN2	PFDN2	0.21711363933892	4362.0	0.198430242462357	-0.198430242462357	0.00026752138295479304	1180.0	6.640757012504224	0.08	0.3601198074892336	0.5143454690172099	25	-0.3143598510468584
WASHC4	WASHC4	0.152361521477224	4361.0	0.19839049871462502	0.19839049871462502	0.00808346070271293	3943.0	22.203447110510307	0.04	0.4264348108032597	0.49544976539596836	25	-0.46027736415694814
THOC1	THOC1	0.0885410009979485	4360.0	0.198351599044725	0.198351599044725	6.48518492246985e-05	7242.0	40.78517517179227	0.04	0.46294596265397603	0.4365717890815329	25	-0.6060729763732767
LPP.AS2	LPP.AS2	0.253965356432785	4359.0	0.198173694839657	0.198173694839657	3.4382846299472494e-05	6883.0	38.76309564041906	0.04	0.48129114322319616	0.6535361773276976	25	-0.43320853260366293
PTPRCAP	PTPRCAP	0.7105689262796651	4358.0	0.1980035586948	-0.1980035586948	5.0317544169060046e-05	13015.0	73.3017911456573	0.4583333333333333	1.488424370130211	1.8253619123084495	24	-0.7069397047972127
C2orf49	C2orf49	0.0535502788086573	4357.0	0.197793911250071	0.197793911250071	0.000991056283131908	3763.0	21.189591078066915	0.08	0.4612030844794986	0.5888338243829373	25	-0.4473404249585436
LINC01315	LINC01315	0.555148778864116	4356.0	0.197764905060239	-0.197764905060239	0.013305759288276084	9456.0	53.255604370846	0.20833333333333334	0.8331791329661521	1.2236652389329408	24	-0.5192712906186714
INTS6L	INTS6L	0.314380073527959	4355.0	0.197762990636669	0.197762990636669	0.0928588986443202	354.0	1.988284330291765	0.125	0.6354548192455941	1.2142638731468096	24	-0.36045857765217915
SBF2	SBF2	0.19355823864306196	4354.0	0.19775558086186498	-0.19775558086186498	0.0018307335704950399	2191.0	12.335248394727948	0.08	0.3985906405247974	0.5527608218412478	25	-0.36333085075376786
CNOT7	CNOT7	0.135657490658643	4353.0	0.19774601751588103	0.19774601751588103	0.0036591466599938	3582.0	20.17010251210995	0.04	0.3941741429273201	0.4055630179289339	25	-0.4843344109986351
RIMKLB	RIMKLB	0.349714661271962	4352.0	0.197641016671884	-0.197641016671884	5.03437666909144e-05	4281.0	24.107243438098457	0.12	0.5727510317581465	0.8320362564414804	25	-0.4508337373308264
RPS14	RPS14	0.251432989277941	4351.0	0.19760742658198396	0.19760742658198396	7.98309320898978e-06	4803.0	27.047425932184296	0.12	0.432268147135172	0.37759218873650874	25	-0.6214660354558841
ABL2	ABL2	0.45060351057765297	4350.0	0.19752875005816797	-0.19752875005816797	0.0329052402724582	2486.0	13.996845781232397	0.04	0.31668453475632435	0.3062309256058504	25	-0.3891043481726
ARRDC3	ARRDC3	0.581885509836198	4349.0	0.19751346673100698	0.19751346673100698	8.75211148474891e-09	12042.0	67.82133603694942	0.2	0.8473831460984523	0.6132356886564864	25	-1.059738843300557
DPM2	DPM2	0.10027819667559501	4348.0	0.19740021593030702	0.19740021593030702	0.000792201857474778	643.0	3.6160865157147684	0.08	0.37672414704221346	0.5986952118881974	25	-0.2995245787023165
NDUFV1	NDUFV1	0.148287054596988	4347.0	0.197361054801932	0.197361054801932	0.0120142871429979	592.0	3.3288273065224736	0.08	0.3492203122195368	0.6034209337357054	25	-0.25166388656333594
EPHA3	EPHA3	0.509352960101205	4346.0	0.19734773101255	0.19734773101255	0.026557311622766443	8658.0	48.76084262701362	0.3333333333333333	1.307688624738912	1.907455703150191	24	-0.5821057295813568
AMN1	AMN1	0.18693175588711802	4345.0	0.197323685097123	0.197323685097123	5.04256253247411e-09	9538.0	53.7174721189591	0.08	0.7099221331133996	0.9007190217292367	25	-0.569099170385199
AKAP9	AKAP9	0.135473969407331	4344.0	0.197320754284763	0.197320754284763	3.24006055740447e-07	12092.0	68.10296271262814	0.2	0.711526727505481	0.40730558812572276	25	-1.262457447703856
PDCD4	PDCD4	0.157665707301413	4343.0	0.19726994467869896	0.19726994467869896	1.08120786266961e-05	8411.0	47.369606849160746	0.2	0.6772554483470243	0.7207483128104568	25	-0.6659543909255775
FBXL2	FBXL2	0.30854047357733	4342.0	0.19723588352077398	-0.19723588352077398	4.2319163262818097e-08	9545.0	53.756899853554124	0.04	0.7088312986026595	0.886669131872436	25	-0.5769857060451814
CCNT2	CCNT2	0.0597766886278956	4341.0	0.19720854808410998	0.19720854808410998	0.00124343357768383	6099.0	34.34718936577672	0.04	0.3820695506564946	0.2944791221860383	25	-0.6277558870730333
PATL1	PATL1	0.00846405522941025	4340.0	0.19719402395507898	0.19719402395507898	0.0280663652950003	1249.0	7.029401824940859	0.12	0.35988596292998815	0.4351833438522923	25	-0.37384688838212804
MRPL46	MRPL46	0.110307027804779	4339.0	0.197168461617886	0.197168461617886	7.511005141145079e-09	4927.0	27.745860087867523	0.08	0.4127031727594459	0.3924414861955453	25	-0.5492148988401382
GPR62	GPR62	0.6914676599989829	4338.0	0.19716396506220396	0.19716396506220396	3.207496683240865e-05	14232.0	80.15658443167736	0.5416666666666666	1.2421388717645392	0.8101047324288371	24	-1.289925690928031
VPS37C	VPS37C	0.150251466982085	4337.0	0.197008726477012	0.197008726477012	0.0321042279923268	663.0	3.7287371859862564	0.12	0.4127401414806516	0.5686539302402391	25	-0.3793720636248826
LAMTOR4	LAMTOR4	0.11886618341192098	4336.0	0.19696643880269	-0.19696643880269	0.0153636999818725	395.0	2.2192182043483157	0.08	0.3294946161173398	0.5520633898941542	25	-0.24005971006347507
TXLNA	TXLNA	0.12240997259819802	4335.0	0.19696552914115198	0.19696552914115198	0.000244584524105119	2228.0	12.5436521347302	0.12	0.41289762085223985	0.46343632546507035	25	-0.4659369148380728
ICE2	ICE2	0.11725582655898	4334.0	0.196796837879492	0.196796837879492	0.00077045552894178	5429.0	30.573391911681874	0.04	0.43301407208394876	0.420015378146168	25	-0.5624013940800321
NCL	NCL	0.11235409037682499	4333.0	0.19665014966146901	0.19665014966146901	0.0018167493541750897	2617.0	14.734707671510645	0.04	0.3929828314719255	0.5355561382725911	25	-0.3665958949583091
ZNF704	ZNF704	0.46148995201878995	4332.0	0.19662501698524198	-0.19662501698524198	0.0051692147449726705	4735.0	26.66441365326124	0.04	0.5167535531216951	0.5764517516119779	25	-0.5553431579334303
FARSA	FARSA	0.15971070141100902	4331.0	0.19647662595416102	0.19647662595416102	0.0020528984721598803	1221.0	6.871690886560775	0.08	0.4180387526034402	0.6412171555036765	25	-0.3455336850356756
ATRAID	ATRAID	0.0261062177295197	4330.0	0.19644668804420498	0.19644668804420498	3.09241970713853e-08	5172.0	29.12583079869325	0.12	0.45458542251085354	0.455442288314041	25	-0.5667869257864221
PLAGL2	PLAGL2	0.32884400458348	4329.0	0.196431046660052	-0.196431046660052	0.0072468696021247905	601.0	3.3795201081446433	0.04	0.33529228246398596	0.4164492587607714	25	-0.33344094840543964
TOR1AIP2	TOR1AIP2	0.10883558439761801	4328.0	0.196379989180165	0.196379989180165	1.35928467863143e-06	6222.0	35.039990987946375	0.16	0.6421329239340315	0.7430525963877743	25	-0.599894189080046
DYDC2	DYDC2	0.6682533696702561	4327.0	0.19637476809358304	-0.19637476809358304	0.0131033761596345	13787.0	77.65010701813675	0.4583333333333333	1.149693240522158	1.104693181930475	24	-0.8629712648018978
KLHL9	KLHL9	0.117950434068402	4326.0	0.196340889819795	-0.196340889819795	0.00020187198243157	1504.0	8.46569787090233	0.12	0.4907491782705232	0.6661460852916413	25	-0.44195754497579176
FAM219B	FAM219B	0.12729279630694199	4325.0	0.196306375656827	-0.196306375656827	0.0017893497871274398	827.0	4.652472682212459	0.0	0.26668169905008726	0.2438100387117176	25	-0.2886481777580638
SLC25A11	SLC25A11	0.0745765485399309	4324.0	0.196221764916899	-0.196221764916899	0.0038980561681471798	509.0	2.861327024895798	0.04	0.2568089286650379	0.24871424708522646	25	-0.2436015003490235
LINC00997	LINC00997	0.49389913880508796	4323.0	0.196200802684478	0.196200802684478	0.0115658740839621	6641.0	37.40002253013405	0.16666666666666666	0.8907676882453863	1.4890907523942536	24	-0.4664369075183229
PIGB	PIGB	0.12391881575639199	4322.0	0.196174340976106	0.196174340976106	3.447521718491e-09	9828.0	55.35090683789568	0.12	0.5569494108951832	0.3892407403905338	25	-0.9268687279679504
LAP3	LAP3	0.40191583429086297	4321.0	0.19615364859770898	-0.19615364859770898	0.000128830904709549	6108.0	34.39788216739889	0.04	0.4235330214484893	0.36702592897162706	25	-0.6195185541465053
HEXB	HEXB	0.0755412429189406	4320.0	0.19614878542178799	0.19614878542178799	0.00294120000043924	2006.0	11.293229694716683	0.08	0.4623814130073605	0.6113671908604617	25	-0.4354709110426199
MRPL23	MRPL23	0.375644073554544	4319.0	0.196105737991908	0.196105737991908	0.004146228513890271	744.0	4.184972400585783	0.12	0.5776473555460744	1.0092751451564277	25	-0.3780352854077579
PTPN11	PTPN11	0.0334317777643905	4318.0	0.19605058555839497	-0.19605058555839497	0.023342615898614	414.0	2.3262363411062292	0.04	0.333346245172449	0.5186713673634824	25	-0.2647064562517828
ZNF544	ZNF544	0.18214618532200302	4317.0	0.19603437120892497	0.19603437120892497	3.1623461823871e-08	5071.0	28.55694491382224	0.12	0.45580286826027594	0.3954344666549908	25	-0.6569192090126886
SRD5A2	SRD5A2	0.7924652834531709	4316.0	0.195955219949618	-0.195955219949618	0.001293829100276425	14521.0	81.78438661710037	0.5	1.3387943812920369	1.1879917025357731	24	-0.9619925449841309
RPP14	RPP14	0.00518507255116161	4315.0	0.195818125400414	-0.195818125400414	4.20019511136585e-06	4087.0	23.014531936465023	0.12	0.4867830605857702	0.5724371678245849	25	-0.5082914799035521
PPP1R27	PPP1R27	0.848099326274755	4314.0	0.19575342075259	0.19575342075259	1.2636752088826115e-05	17610.0	99.1832826405317	0.7916666666666666	3.2840811204937155	2.258903874322448	24	-1.3671797790277647
TPD52L2	TPD52L2	0.0764342100534229	4313.0	0.19574246011869104	0.19574246011869104	0.00345002066142925	1661.0	9.350005632533513	0.12	0.3760037090023915	0.5324865942443329	25	-0.3385272997144922
TMCO6	TMCO6	0.150022526937137	4312.0	0.195741794008999	0.195741794008999	0.0012693802101382	143.0	0.7998197589275656	0.08	0.3118718251982104	0.402278421950936	25	-0.2886807366550106
NUP214	NUP214	0.0417350604277587	4311.0	0.19569703979645897	-0.19569703979645897	0.00401482799029699	1879.0	10.577897938492733	0.12	0.39856453197329267	0.47681613393665245	25	-0.4254627260657789
CSTF2T	CSTF2T	0.0620950011748207	4310.0	0.19567216149403896	-0.19567216149403896	0.000704890223333788	2950.0	16.610341331530922	0.2	0.4066439891560868	0.4333276176473373	25	-0.48686448559977724
PPP2R2D	PPP2R2D	0.00150719734078155	4309.0	0.19557673172701898	-0.19557673172701898	0.00175695795333376	1838.0	10.346964064436182	0.12	0.33992043435230634	0.3576189780424871	25	-0.40362428027558017
NPFFR1	NPFFR1	0.6645604288343989	4308.0	0.195558960640406	-0.195558960640406	0.00191519466223809	13366.0	75.27881040892193	0.375	1.3318022827981129	1.6676395883111417	24	-0.6813482542162528
C3orf22	C3orf22	0.911923523514591	4307.0	0.19554381282656502	0.19554381282656502	0.003924546689722918	15407.0	86.77481131012729	0.5416666666666666	1.6876663192608852	1.3101438390625564	24	-1.1388997619543626
GTF3A	GTF3A	0.0985957949105144	4306.0	0.195528318183261	0.195528318183261	2.5401135386723098e-06	5313.0	29.920018024107243	0.08	0.4456534812441527	0.45773861408516486	25	-0.5464366679240972
CIAPIN1	CIAPIN1	0.0832190026743431	4305.0	0.19548231849733397	0.19548231849733397	0.000565996209487893	3707.0	20.87416920130675	0.08	0.3724931558097384	0.31354154454911176	25	-0.5645530564919388
ZNF821	ZNF821	0.26327564585574204	4304.0	0.19545288417798898	0.19545288417798898	6.0662724458108496e-05	5890.0	33.169989861439674	0.12	0.6194558724059587	0.9063139598602535	25	-0.4678323483987244
NRBP2	NRBP2	0.5043553126792361	4303.0	0.19542510756774803	-0.19542510756774803	0.0015985072756341699	2561.0	14.419285794750477	0.08	0.37480546418229344	0.40822427316505666	25	-0.4394161944946787
COA5	COA5	0.25368915406799203	4302.0	0.19538952502889997	0.19538952502889997	2.3919570908162197e-07	6110.0	34.409147234426044	0.04	0.4321306491460816	0.3044185214904481	25	-0.7776830495006855
RNF8	RNF8	0.0436495401103378	4301.0	0.19528647432734803	0.19528647432734803	2.47533513322313e-05	3826.0	21.544440689422103	0.08	0.3946318970597434	0.47519148104141	25	-0.41950546397742267
SMIM2	SMIM2	0.765606547002172	4300.0	0.19521729354114498	0.19521729354114498	0.001429177804102815	15288.0	86.10453982201193	0.5416666666666666	1.4249479360435615	1.0150436358540065	24	-1.211505199446705
TMEM18	TMEM18	0.0280580214745712	4299.0	0.195202920759032	-0.195202920759032	0.000533303837685829	3191.0	17.967781908302356	0.04	0.33200491504424834	0.27141894575102754	25	-0.5040252216243767
CEP76	CEP76	0.168515840254943	4298.0	0.19518361242931304	0.19518361242931304	0.0017966890400314302	2174.0	12.239495324997183	0.08	0.4487173649222407	0.7513336216105024	25	-0.3374449714488641
GON7	GON7	0.157648615741896	4297.0	0.195138977657975	0.195138977657975	1.5328725714946299e-12	10068.0	56.70271488115354	0.2	0.7041036222642133	0.5175670402778324	25	-0.9833791663646583
USP5	USP5	0.10474803281144099	4296.0	0.19506215311412498	0.19506215311412498	9.51550922226777e-05	5738.0	32.31384476737636	0.08	0.41250539998917335	0.28694772052475176	25	-0.7577800112069264
KHSRP	KHSRP	0.0422521090318102	4295.0	0.19498764086596698	-0.19498764086596698	5.207954652609121e-10	11281.0	63.534978033119295	0.32	0.9037901235949191	0.6167624786941931	25	-1.149230874468281
MRPL34	MRPL34	0.194771301566002	4294.0	0.19494899093678103	-0.19494899093678103	0.00185015841635917	1027.0	5.77897938492734	0.12	0.4797904696087446	0.7161134979741105	25	-0.39776024258414605
KCTD11	KCTD11	0.115548546267395	4293.0	0.194938490011674	-0.194938490011674	0.001289090526620885	7457.0	41.99616987721077	0.16666666666666666	0.6514375435718552	0.7598968882077503	24	-0.6007381536156229
EIF2B1	EIF2B1	0.00177740641825902	4292.0	0.19486510244009	0.19486510244009	2.0719730191600197e-05	1486.0	8.364312267657992	0.08	0.3680787047332083	0.4787365689614295	25	-0.3618140194906933
TTYH1	TTYH1	0.602128945599	4291.0	0.19484271514777501	0.19484271514777501	2.70884720953472e-08	16108.0	90.72321730314295	0.7083333333333334	1.8785773536212982	1.5603160145241521	24	-1.0790984792827432
MRPL39	MRPL39	0.198949205247727	4290.0	0.194835777605993	0.194835777605993	0.000380824001225146	7279.0	40.99357891179452	0.08	0.5152471560644677	0.5546031841817425	25	-0.5777308670364151
DCPS	DCPS	0.14108528550064497	4289.0	0.194749382061155	0.194749382061155	0.000422719906227158	1660.0	9.344373099019938	0.08	0.37477812824854484	0.575190373460798	25	-0.3129898456126712
LPAR3	LPAR3	0.612449523939764	4288.0	0.194724128838404	-0.194724128838404	0.000984931996395942	10942.0	61.62554917201757	0.2	0.9257839022079071	0.902577586073809	25	-0.8099688986844839
VPS28	VPS28	0.29931566631865997	4287.0	0.194658295372576	0.194658295372576	0.00604678711405969	1210.0	6.809733017911457	0.08	0.42371788065880706	0.573290362276182	25	-0.39955247874179656
SLC4A4	SLC4A4	0.5446946686246901	4286.0	0.194653161290683	0.194653161290683	0.000220746534763806	11159.0	62.84780894446322	0.375	1.3232700926149314	2.0154514263644114	24	-0.559982203768668
CIC	CIC	0.07537106361648199	4285.0	0.194639752869679	-0.194639752869679	3.1011357070819997e-13	14087.0	79.33986707220907	0.52	1.8538621907490735	1.96445921161055	25	-0.8446204574128526
ATXN7L3	ATXN7L3	0.0789764939408717	4284.0	0.19456858126666102	0.19456858126666102	4.74831813405887e-08	7496.0	42.21583868424017	0.24	0.6225782662095496	0.5587984105519642	25	-0.7659464967341506
NAGPA	NAGPA	0.365946374054399	4283.0	0.19438459806965697	-0.19438459806965697	0.00019933767023783898	6502.0	36.617100371747206	0.08	0.46683935508247193	0.37127416897479226	25	-0.7338370933942171
ZNF559	ZNF559	0.166860243064376	4282.0	0.19434866034324602	-0.19434866034324602	0.0343482792632651	2334.0	13.140700687169087	0.04	0.37607045223225916	0.4018901057129753	25	-0.45216786705069195
RIPK3	RIPK3	0.30407977783631795	4281.0	0.194340705133107	0.194340705133107	0.010642748647992344	7246.0	40.80770530584657	0.2916666666666667	1.1599971285087483	1.7616369974398882	24	-0.5481585734058654
CDKAL1	CDKAL1	0.0549313427903435	4280.0	0.19420582617857698	0.19420582617857698	2.54296773374254e-07	7149.0	40.261349555029845	0.08	0.48729326674499523	0.36688993881883136	25	-0.7988429486782507
ZNF415	ZNF415	0.5121822273007639	4279.0	0.19416732341538	0.19416732341538	0.0113374665453784	2540.0	14.301002590965416	0.16666666666666666	0.5594930164981677	0.8119665298526274	24	-0.44992703473761986
PRDX6	PRDX6	0.12376502809623899	4278.0	0.194166671537449	-0.194166671537449	1.09455236667589e-07	2185.0	12.301453193646502	0.04	0.39657070082954077	0.5231193006390062	25	-0.38691753304618864
SMIM8	SMIM8	0.132674943183473	4277.0	0.194157404376823	-0.194157404376823	2.1304136718683203e-06	9581.0	53.9596710600428	0.16	0.6006312356219944	0.39130351130922175	25	-1.0387686782702072
STAG3L4	STAG3L4	0.108672301848449	4276.0	0.19412341616870002	0.19412341616870002	2.15287587955651e-07	6911.0	38.92080657879914	0.16	0.5787826686354217	0.5641453810553817	25	-0.6818441936848191
CYP20A1	CYP20A1	0.0309767349342393	4275.0	0.19410310242760098	-0.19410310242760098	2.89879032906839e-05	5233.0	29.469415343021293	0.04	0.430217125881289	0.35240701736086266	25	-0.6700037508387885
CAMSAP3	CAMSAP3	0.37091450067199105	4274.0	0.194080338869499	0.194080338869499	0.0276816772901502	9308.0	52.42198941083699	0.08	0.852023545681365	1.231413388888547	25	-0.5342992148280233
ALPK1	ALPK1	0.0973924458762349	4273.0	0.19399746129827897	0.19399746129827897	2.1128807659447195e-09	9548.0	53.77379745409485	0.16	0.7733828726320912	0.9437637735570629	25	-0.6139093569464931
DPF1	DPF1	0.577318048883808	4272.0	0.193906633219558	-0.193906633219558	1.3243928070267134e-07	16058.0	90.44159062746422	0.625	2.19140183414989	2.147615476023786	24	-0.930099090470611
CD38	CD38	0.7173029132935841	4271.0	0.19389949010973398	-0.19389949010973398	0.001327915602893835	10641.0	59.93015658443167	0.2916666666666667	1.2588025643831415	1.6985647190051518	24	-0.6269428902874661
EIF4A2	EIF4A2	0.0365547855433546	4270.0	0.19385963587413896	-0.19385963587413896	0.00024084682690659302	6622.0	37.29300439337614	0.08	0.5470382640588405	0.6176346822294432	25	-0.5718244754485796
ABHD2	ABHD2	0.275863648325876	4269.0	0.19380197838774302	-0.19380197838774302	0.0030220413850496103	7927.0	44.64346062859074	0.12	0.4895592670228019	0.4487002554945614	25	-0.6591422336255918
NALT1	NALT1	0.630800180773787	4268.0	0.19373458450226003	0.19373458450226003	6.0618474006939946e-06	12765.0	71.8936577672637	0.3333333333333333	1.0047193413567836	0.9769880735014225	24	-0.8300866498278117
EIF2S2	EIF2S2	0.0466720611265215	4267.0	0.193729910302337	0.193729910302337	5.47523711431397e-06	6491.0	36.55514250309789	0.04	0.44587406665528073	0.33743269704273576	25	-0.7472428089000804
STN1	STN1	0.23253447411519199	4266.0	0.193705598825166	-0.193705598825166	2.427476039217e-09	6034.0	33.98107468739439	0.04	0.4738111327575429	0.5431545146595183	25	-0.5157013821526713
MISP3	MISP3	0.6148876312485461	4265.0	0.193699462540065	0.193699462540065	0.0143373129691032	6182.0	34.8146896474034	0.12	0.5124819709830405	0.45908757343572204	25	-0.6943827863979617
NUDT7	NUDT7	0.495672506003789	4264.0	0.193661202038835	0.193661202038835	0.00889403006098999	4419.0	24.884533062971727	0.04	0.3312861917134319	0.31324850462824794	25	-0.4393476349964552
CCDC13	CCDC13	0.706551826359624	4263.0	0.193615521721851	0.193615521721851	0.00161993839404936	10643.0	59.941421651458825	0.125	0.6488603045771898	0.5240080034149808	24	-0.8687744841462165
HMGXB3	HMGXB3	0.183584700069303	4262.0	0.193550878804702	0.193550878804702	0.00274126812270093	966.0	5.435394840599302	0.04	0.33375830144659924	0.4543695406340985	25	-0.3085757519006001
EIF1B.AS1	EIF1B.AS1	0.420113417551614	4261.0	0.19341491126550303	-0.19341491126550303	0.000948858642699868	7729.0	43.52821899290301	0.12	0.5407692527439115	0.5372833527699168	25	-0.6465012170722467
RNF187	RNF187	0.0511006658165018	4260.0	0.19337626041034303	0.19337626041034303	0.0071109633515571095	3252.0	18.311366452630395	0.12	0.473334033579922	0.6117041942921848	25	-0.4576685525158507
TRAPPC4	TRAPPC4	0.126999173977924	4259.0	0.19337614799770397	0.19337614799770397	4.3522284242603e-07	7032.0	39.602343133941645	0.12	0.5008425237956459	0.5253285826048144	25	-0.5852839270107594
SLC35E1	SLC35E1	0.0383696757479532	4258.0	0.19326247146446002	0.19326247146446002	1.2697103145498501e-08	6079.0	34.234538695505236	0.04	0.5290243395987987	0.840004358229801	25	-0.3997144358178245
OTUB1	OTUB1	0.0558581413705242	4257.0	0.19324812762563198	0.19324812762563198	0.0022975325101208303	504.0	2.833164357327926	0.0	0.24149490998146386	0.2130061955785963	25	-0.22650412690944238
TPRG1L	TPRG1L	0.35063764760852395	4256.0	0.193224076156465	-0.193224076156465	0.0124436554953933	225.0	1.2616875070406668	0.04	0.2603316129316239	0.27625837680159737	25	-0.2429158440446279
MOSPD3	MOSPD3	0.0431317327102876	4255.0	0.193212628496993	0.193212628496993	0.0445832504128256	209.0	1.1715669708234762	0.12	0.3434811148193206	0.4399619948407815	25	-0.34154878849639836
TSHZ2	TSHZ2	0.573627514741917	4254.0	0.193010626810145	0.193010626810145	0.0014340143663267649	6555.0	36.91562464796665	0.20833333333333334	1.0251401692447157	1.7521058997608512	24	-0.4749310772528932
DDX5	DDX5	0.0920539028288187	4253.0	0.19298708131762402	-0.19298708131762402	0.000140975409542667	3506.0	19.74202996507829	0.08	0.41004769358124393	0.4417488365232316	25	-0.49136657375713244
UBE3D	UBE3D	0.141709115063589	4252.0	0.19296042759675897	0.19296042759675897	2.2699488255713e-05	8020.0	45.167286245353154	0.08	0.7213011697290174	1.0318412426773296	25	-0.5120368524535489
MBD5	MBD5	0.0403357077989497	4251.0	0.19291829822468198	-0.19291829822468198	0.0130220623208898	337.0	1.892531260561	0.04	0.4459323165954238	0.7988385011629661	25	-0.31672737105484855
THAP12	THAP12	0.0305502547185789	4250.0	0.192889403904045	0.192889403904045	0.000101939456983576	6513.0	36.67905824039653	0.08	0.47213079592933027	0.4152052862647286	25	-0.6725381426074745
SLC25A27	SLC25A27	0.37471115720834797	4249.0	0.19264037779033602	-0.19264037779033602	0.0736048639189821	1195.0	6.7252450152078405	0.16	0.764783612486952	1.5736998238989406	25	-0.36356567244132687
C1QBP	C1QBP	0.19315460825211603	4248.0	0.19259447717904898	0.19259447717904898	0.000213232718777008	1840.0	10.35822913146333	0.08	0.41850767400386674	0.6567408120436189	25	-0.34399140830281344
GNPDA2	GNPDA2	0.23534966550358802	4247.0	0.192583476086982	0.192583476086982	9.731306529740691e-07	9029.0	50.85051256054973	0.04	0.5878919589764356	0.5457032159855322	25	-0.7244019666908728
MBD4	MBD4	0.13616753828188402	4246.0	0.19255464153647	0.19255464153647	8.23157127909507e-07	6632.0	37.34932972851188	0.08	0.4729025388852515	0.44426898723257624	25	-0.6310318869996174
GNAI1	GNAI1	0.606026787587989	4245.0	0.192550761553124	-0.192550761553124	0.0260939690621465	706.0	3.970936127069956	0.04	0.45865841729957213	1.0375337795837052	25	-0.2564809560737577
DMXL1	DMXL1	0.22589834302041	4244.0	0.192519501186927	0.192519501186927	0.0047511970657292705	4646.0	26.163118170553116	0.04	0.3790716011787605	0.3319589483375903	25	-0.5619734034164872
PP2D1	PP2D1	0.40813232887590206	4243.0	0.19249252370299105	-0.19249252370299105	1.22783709504374e-05	9448.0	53.21054410273741	0.08	0.649464654749477	0.5724990769089787	25	-0.7982058827304269
BCLAF1	BCLAF1	0.15947276244252498	4242.0	0.192348614867418	0.192348614867418	0.0126823651098238	5362.0	30.19601216627239	0.16	0.4956468840019621	0.4481731474386751	25	-0.6767435105559182
SPRYD3	SPRYD3	0.108337211240475	4241.0	0.19234217681107899	-0.19234217681107899	0.0006664851022205491	2448.0	13.78280950771657	0.12	0.4800965801078478	0.6701072117108569	25	-0.4294154700441149
ZKSCAN3	ZKSCAN3	0.331812258280771	4240.0	0.192339421655288	0.192339421655288	0.00666227946287097	5674.0	31.953362622507605	0.08	0.7732094893822651	1.4502538822604545	25	-0.40052991743872973
MAP1A	MAP1A	0.511087774205387	4239.0	0.19230831711785298	0.19230831711785298	1.92462925225057e-06	12684.0	71.43742255266419	0.44	1.3816437137983706	1.9415394462748858	25	-0.6125733880722452
ROCK1	ROCK1	0.0642901523185147	4238.0	0.19221907192520202	-0.19221907192520202	0.0327586130660737	2132.0	12.002928917427058	0.08	0.32784192958576697	0.3516666582487204	25	-0.38565742438011874
CD109	CD109	0.6425526193605009	4237.0	0.19215109456764298	-0.19215109456764298	2.217267590489362e-06	10847.0	61.090458488228	0.2916666666666667	1.0063963398655307	1.444993068413317	24	-0.5634942222885362
CD74	CD74	0.5483248175607071	4236.0	0.192105733609808	0.192105733609808	0.004991803378156639	8785.0	49.47617438323758	0.20833333333333334	1.337902746008914	2.136390689378191	24	-0.5363237249140965
ATP13A1	ATP13A1	0.22725706839223198	4235.0	0.19204177263495	0.19204177263495	6.84757272631984e-05	6848.0	38.56595696744395	0.12	0.5156493174612892	0.5361684376699282	25	-0.6035557524285976
KCNJ15	KCNJ15	0.538541421148161	4234.0	0.191997364163845	0.191997364163845	0.003347906871546245	10909.0	61.43967556606961	0.3333333333333333	1.1862225479914694	1.5499862277854548	24	-0.6414413018676464
RTCB	RTCB	0.0695661761236342	4233.0	0.191978876482427	0.191978876482427	4.9767817791394797e-05	4172.0	23.493297285118846	0.08	0.4348038473142272	0.36340707490406093	25	-0.6681899929876317
ACSL3	ACSL3	0.16069966029565802	4232.0	0.191881723023297	0.191881723023297	1.8057575732787e-06	10181.0	57.33919116818745	0.04	0.5891947315952387	0.4130391791359854	25	-0.9619257170786064
CMTR1	CMTR1	0.121095377311382	4231.0	0.191856881399909	0.191856881399909	3.98359535448664e-05	1354.0	7.620817843866171	0.12	0.526694305660424	0.6208067602794985	25	-0.5393585342237012
RAB8A	RAB8A	0.067376654752381	4230.0	0.19181989999012197	-0.19181989999012197	0.000361877842349978	1641.0	9.237354962262025	0.04	0.33354811883999685	0.3858985887459111	25	-0.3672680413537185
PCNX1	PCNX1	0.19726514137464396	4229.0	0.19178174435268303	-0.19178174435268303	0.19401901278992803	916.0	5.1537681649205815	0.08	0.33187477661704795	0.4241024590277947	25	-0.3303282715820885
CEP57L1	CEP57L1	0.27920839697652305	4228.0	0.191770244518212	0.191770244518212	0.0005748074138326071	9612.0	54.13427959896361	0.08	0.5890741950673906	0.6997609505267048	25	-0.5677709655706435
SLC10A3	SLC10A3	0.15283905090289998	4227.0	0.19171774621662402	-0.19171774621662402	0.000332131496935839	4459.0	25.1098344035147	0.16	0.4343887152793649	0.37227749282552497	25	-0.6518550644061453
MRGPRX3	MRGPRX3	0.917878325169269	4226.0	0.191680162773675	0.191680162773675	3.6621951086386598e-06	15763.0	88.77999324095978	0.6086956521739131	1.993728635106465	1.8338654875106033	23	-0.9826503004748709
NDUFA1	NDUFA1	0.14533465680600102	4225.0	0.191643130499948	0.191643130499948	1.2743497685700601e-07	11138.0	62.729525740678156	0.2	0.7631828398990234	0.7310830425488513	25	-0.7817712573478065
YME1L1	YME1L1	0.0299274107947101	4224.0	0.191595125611593	0.191595125611593	0.00390660723612721	2178.0	12.26202545905148	0.12	0.4107362324446747	0.38546048029713464	25	-0.5685177029410522
KDM4C	KDM4C	0.0365945185685379	4223.0	0.19151723228739	-0.19151723228739	0.0050909560755959	3166.0	17.826968570462995	0.0	0.33956856175921585	0.2512427596514979	25	-0.5892760041212323
EMILIN3	EMILIN3	0.500080552843832	4222.0	0.19149098700005698	-0.19149098700005698	0.0038006780582549296	7041.0	39.653035935563814	0.08	0.5346398094142436	0.6743998995067957	25	-0.5088209868731288
MYNN	MYNN	0.047671498467986	4221.0	0.19144409354981198	0.19144409354981198	9.144101608323096e-05	13910.0	78.3429086403064	0.5	1.8662495594773165	1.864021232962484	24	-0.8984905516691678
CCDC39	CCDC39	0.22716028037436803	4220.0	0.19140296796064102	0.19140296796064102	0.00125888933421892	4548.0	25.611129886222823	0.0	0.3482800690398037	0.19888452794753783	25	-0.7887848426326256
ANAPC16	ANAPC16	0.0326311973654688	4219.0	0.19134416379038102	-0.19134416379038102	8.884813257417341e-07	6819.0	38.4026134955503	0.12	0.4887249867916223	0.4711969241982891	25	-0.6311179206171927
APOM	APOM	0.272317881557263	4218.0	0.19125690370806894	-0.19125690370806894	2.79472279637181e-05	6236.0	35.118846457136414	0.12	0.6994165149239662	0.9437525858312756	25	-0.5384457948460087
PTCD3	PTCD3	0.0173754972140817	4217.0	0.19117660805583	0.19117660805583	0.00560424835488535	4111.0	23.149712740790807	0.08	0.3953511063335736	0.36659512783709136	25	-0.5569482046375567
TUBB4A	TUBB4A	0.742215167120881	4216.0	0.191056572567732	0.191056572567732	1.93580522890263e-08	16024.0	90.2500844880027	0.8	2.078355989281711	1.826631479253024	25	-1.0332130143107816
ZNF641	ZNF641	0.0824898219162742	4215.0	0.191051465650464	0.191051465650464	0.00315120745434625	1125.0	6.330967669257632	0.04	0.33926066785628295	0.29114348956910785	25	-0.5090589606697662
RAD21.AS1	RAD21.AS1	0.6059194842115151	4214.0	0.19085047149854897	-0.19085047149854897	0.000135281710843513	5495.0	30.945139123577786	0.12	0.6290954878042578	0.8950502349986633	25	-0.489631753804705
FBXL20	FBXL20	0.139527706990798	4213.0	0.190819550252195	0.190819550252195	3.6242063528600897e-06	7602.0	42.81288723667905	0.12	0.5861899391504555	0.6117485893650473	25	-0.6462955465228414
POMGNT1	POMGNT1	0.349361366813636	4212.0	0.19074306379133998	0.19074306379133998	0.0006058055690695071	1197.0	6.7365100822349895	0.08	0.3111290924453739	0.38914010678066924	25	-0.309364227835521
RAB6B	RAB6B	0.395339148103943	4211.0	0.190731559717357	0.190731559717357	8.46508553141036e-06	9903.0	55.77334685141376	0.2	0.8809700487190956	1.179950552964192	25	-0.5849723848747459
TPBGL	TPBGL	0.683791735307813	4210.0	0.19068842319075896	0.19068842319075896	1.4625568305098339e-06	14783.0	83.26011039765686	0.5416666666666666	1.4532262602820245	1.34250997971101	24	-0.9404308766204038
ABHD15	ABHD15	0.10403685162742998	4209.0	0.190670284891923	0.190670284891923	0.00532867119471975	344.0	1.931958995156021	0.08	0.3872864094376309	0.45776199398245465	25	-0.42951605229429307
CCDC18.AS1	CCDC18.AS1	0.27345189086008104	4208.0	0.19067007172741	0.19067007172741	1.49490601692847e-05	8372.0	47.149938042131346	0.04	0.5632115147853792	0.557818433560442	25	-0.6678543064274743
CD163L1	CD163L1	0.6948438184704611	4207.0	0.19065428608663001	0.19065428608663001	5.2334649326631445e-08	13504.0	76.05610003379519	0.375	1.0534234014102026	0.9980416997919822	24	-0.8644619914211962
REEP5	REEP5	0.38072399529732204	4206.0	0.19052088676039897	0.19052088676039897	2.7260405118075305e-09	9053.0	50.985693364875516	0.04	0.513445109565726	0.3729995527545506	25	-0.8657496246860776
JMJD7	JMJD7	0.181791262834545	4205.0	0.19052066183870398	-0.19052066183870398	0.00954686224863273	697.0	3.920243325447786	0.08	0.44758475005194087	0.6924958878751226	25	-0.3712138840304466
DDHD2	DDHD2	0.24765401003498602	4204.0	0.19049448933764104	-0.19049448933764104	0.00039060631238891497	3163.0	17.810070969922272	0.08	0.3839184783508003	0.39963403102990647	25	-0.4840027975462491
MOCS2	MOCS2	0.24573039417759304	4203.0	0.19044031732213101	0.19044031732213101	2.1507754435927297e-08	6928.0	39.016559648529906	0.08	0.5062643905414254	0.5357300066778585	25	-0.5895209700456512
ZFAND3	ZFAND3	0.0235677243201135	4202.0	0.19043932221649498	0.19043932221649498	7.11161595339642e-05	4525.0	25.48158161541061	0.16	0.518685206951326	0.4888545945223502	25	-0.6714591381831102
LANCL1	LANCL1	0.17271822125308403	4201.0	0.190302727419096	-0.190302727419096	0.0023521842858710003	4809.0	27.081221133265743	0.08	0.5197085402373314	0.83567388469735	25	-0.3941798575380082
KRCC1	KRCC1	0.418783309755928	4200.0	0.190300057486564	0.190300057486564	6.04521746170108e-10	10856.0	61.14115128985017	0.2	0.7600188164090317	0.6552560510203841	25	-0.8694597448360604
PAN3.AS1	PAN3.AS1	0.46020948504519604	4199.0	0.190295119583011	-0.190295119583011	0.041754666212382996	1719.0	9.676692576320828	0.08333333333333333	0.5692716775571486	0.9568587676514366	24	-0.3960632130740852
FAM228B	FAM228B	0.14296287010075304	4198.0	0.19028465823457996	-0.19028465823457996	3.11734901326504e-07	6340.0	35.70462994254815	0.16	0.5796866383842261	0.6108146478308806	25	-0.6375125114181314
TUBGCP4	TUBGCP4	0.0699890275583057	4197.0	0.190262229042655	0.190262229042655	2.9428369077885197e-05	4309.0	24.264954376478542	0.0	0.39185224700100924	0.2861125795365733	25	-0.7045828543606043
MBTPS1	MBTPS1	0.0280862313626196	4196.0	0.190255001582349	-0.190255001582349	4.9793533773532396e-05	408.0	2.292441140024783	0.16	0.48021925298997076	0.6668391111786737	25	-0.43483390003188993
POLE4	POLE4	0.0532243388354674	4195.0	0.190151541770209	-0.190151541770209	0.00213205030683432	1263.0	7.1082572941309	0.08	0.4926730053539158	1.057222462971504	25	-0.28614740433476854
CASP8AP2	CASP8AP2	0.19993677482429198	4194.0	0.19008184707177397	0.19008184707177397	0.000472632658164757	6634.0	37.36059479553903	0.08	0.47175051425285247	0.36480213397271183	25	-0.7721135403285445
HS6ST1	HS6ST1	0.355268732275373	4193.0	0.190079680371782	-0.190079680371782	3.08796388366463e-07	9779.0	55.07491269573053	0.16	0.7665351968307849	0.8176937068162926	25	-0.7049773181004956
ZBTB20	ZBTB20	0.186128619823828	4192.0	0.19000381725828897	-0.19000381725828897	0.000240277892829479	7058.0	39.748789005294576	0.08	0.6956430868834432	1.0514859966159504	25	-0.4808806501013596
ATG9A	ATG9A	0.172057976298286	4191.0	0.18997174426072302	-0.18997174426072302	0.000524356048540146	1687.0	9.496451503886448	0.08	0.4101087877809265	0.5444745477825406	25	-0.4043109901403963
HAX1	HAX1	0.0337727048603986	4190.0	0.189839634974567	0.189839634974567	3.62483761766326e-10	9863.0	55.548045510870786	0.16	0.7231608645878411	0.7356050080824422	25	-0.7250103299371538
PIK3CG	PIK3CG	0.596004938338277	4189.0	0.18980551821946498	0.18980551821946498	0.0223241095826918	11084.0	62.42536893094513	0.2916666666666667	1.492241816763359	2.330769274079798	24	-0.5588010417968565
MBD1	MBD1	0.160025362559672	4188.0	0.18978538456066998	-0.18978538456066998	1.6777125566586302e-05	2535.0	14.272839923397543	0.08	0.3636840497728586	0.38222161174255104	25	-0.4549681647235576
ENOX1	ENOX1	0.684441744057792	4187.0	0.18977233829281603	0.18977233829281603	0.0014590820676208256	10855.0	61.135518756336594	0.20833333333333334	0.8227100459817267	0.834151925589734	24	-0.7587798916143872
DIP2B	DIP2B	0.22725706839223198	4186.0	0.18974268679219897	0.18974268679219897	0.028671303131484	665.0	3.7400022530134054	0.04	0.3588275647404213	0.4911297969821317	25	-0.34427737634166394
TECTA	TECTA	0.38848430249595395	4185.0	0.18971920888921398	-0.18971920888921398	1.88478873820559e-05	10827.0	60.97780781795651	0.25	0.8754166992472832	1.0245944612060338	24	-0.6692379437137944
LRWD1	LRWD1	0.204041462253025	4184.0	0.189712010650343	-0.189712010650343	3.13886562946174e-07	9307.0	52.416356877323416	0.44	0.9661464484651985	1.0564364754826994	25	-0.7349561055813533
ARID2	ARID2	0.223257929055355	4183.0	0.18964507090157698	0.18964507090157698	0.000275782058632112	4964.0	27.954263827869777	0.2	0.5601264259316965	0.5952402460525533	25	-0.6224064274669525
SLC13A4	SLC13A4	0.55136732438055	4182.0	0.18963492955875502	-0.18963492955875502	4.500523745635802e-09	14745.0	83.04607412414103	0.625	1.1231208008516516	0.6633530162800282	24	-1.4072233763671231
TRIP4	TRIP4	0.00765415956779578	4181.0	0.18944482596589002	0.18944482596589002	2.75105090850823e-05	5772.0	32.50535090683789	0.12	0.47861236033607235	0.5081130915587793	25	-0.5691007359859198
IGF2BP2.AS1	IGF2BP2.AS1	0.836951955584351	4180.0	0.189398164234318	-0.189398164234318	0.0412137265677636	15502.0	87.30990199391685	0.4166666666666667	1.9385320660584062	2.0488232257861645	24	-0.8537261193692878
MCRS1	MCRS1	0.0668469330997096	4179.0	0.18938977282362499	-0.18938977282362499	0.000156315053950505	2288.0	12.881604145544665	0.04	0.2825532154044532	0.3004441692072105	25	-0.31008570686081516
SFR1	SFR1	0.27372664287376697	4178.0	0.189376075042218	-0.189376075042218	0.00583671638413771	5141.0	28.951222259772447	0.04	0.5225866094036291	0.7505474165766356	25	-0.44395667349204476
AFDN	AFDN	0.294154658640546	4177.0	0.18928318987688197	-0.18928318987688197	0.0397721103568472	2616.0	14.72907513799707	0.08	0.3761354662503211	0.41482298043464555	25	-0.45043858509877643
NCKAP1	NCKAP1	0.255998021448645	4176.0	0.18926714210425102	0.18926714210425102	0.000181826772695475	8091.0	45.56719612481694	0.04	0.4457351022202543	0.30124372415031075	25	-0.8513636618966846
DYRK4	DYRK4	0.11430394062972699	4175.0	0.18920225842088398	0.18920225842088398	7.779114114607379e-08	8812.0	49.628252788104085	0.16	0.7451742772560217	0.9873316096463367	25	-0.563105661161084
USP11	USP11	0.0594673087805147	4174.0	0.18919818620534803	-0.18919818620534803	8.09377573990231e-07	5710.0	32.15613382899628	0.12	0.5981158789212462	0.9748503083240279	25	-0.419467162521509
DDHD1	DDHD1	0.23273628371265198	4173.0	0.18918361648195603	0.18918361648195603	0.00859532320108114	2162.0	12.17190492283429	0.08	0.35495342198658264	0.3935504019841311	25	-0.4212162017085447
ZBTB43	ZBTB43	0.333183987826164	4172.0	0.18916214003187	-0.18916214003187	2.03776131264435e-05	4217.0	23.746761293229696	0.12	0.4803976085499608	0.4442883286228497	25	-0.6555100590214167
HDAC10	HDAC10	0.392038380978134	4171.0	0.18912175199403897	-0.18912175199403897	1.2964285702061762e-06	9672.0	54.47223160977807	0.3333333333333333	1.1548664683521803	1.5425600809069726	24	-0.6260661923717853
SPATA22	SPATA22	0.7828222227641379	4170.0	0.18911941879899	0.18911941879899	8.427689467699525e-07	16698.0	94.04641207615185	0.625	2.0701201646804477	1.4190670099417093	24	-1.3255193255170685
CCNYL1	CCNYL1	0.197956739543026	4169.0	0.18909509738813501	-0.18909509738813501	0.0007450844451592151	4897.0	27.576884082460293	0.08	0.45258001883331217	0.5496880328012302	25	-0.479335378837426
STAG3	STAG3	0.395065435513834	4168.0	0.18908983989738898	0.18908983989738898	7.03474068935366e-05	4192.0	23.605947955390334	0.08	0.6836887816434721	1.2157183226887662	25	-0.40683679147994917
RNFT1	RNFT1	0.140540228189867	4167.0	0.189069281903316	0.189069281903316	3.46204067523506e-08	11303.0	63.658893770417926	0.12	0.6698757000865667	0.5069902216084263	25	-0.9483544212310299
KIAA1958	KIAA1958	0.328666049480148	4166.0	0.18900036927071803	0.18900036927071803	0.0671394159667321	469.0	2.6360256843528216	0.16	0.5166768767106565	0.8483857174933246	25	-0.3862352944932937
SLC6A9	SLC6A9	0.503272045725752	4165.0	0.18895219303095198	-0.18895219303095198	0.0005580096127734429	5597.0	31.519657541962374	0.24	0.7714841721808352	0.9657550663906259	25	-0.6031881161410986
ZNF295.AS1	ZNF295.AS1	0.527965091144808	4164.0	0.18890099423691	0.18890099423691	0.007419765496121825	9057.0	51.008223498929816	0.16666666666666666	0.7465861384553462	0.8754287020824402	24	-0.6370423346776655
C19orf53	C19orf53	0.24923919322897303	4163.0	0.18885347182583898	0.18885347182583898	0.00028922387822410403	4018.0	22.625887124028388	0.08	0.4653665491106729	0.6415807917026136	25	-0.43098715058321696
C9orf78	C9orf78	0.14964138268653798	4162.0	0.18884019994086898	-0.18884019994086898	0.00116570785363377	1306.0	7.350456235214599	0.08	0.4163804959189646	0.7117496216134261	25	-0.31969148850728857
AATF	AATF	0.22497522679485601	4161.0	0.188800812261809	0.188800812261809	0.00236478442487837	456.0	2.5628027486763543	0.08	0.271161170467991	0.35990796618134785	25	-0.22883727492901015
NCOR1	NCOR1	0.0975029239451548	4160.0	0.18864623426571697	-0.18864623426571697	0.0133320842032422	1526.0	8.589613608200969	0.12	0.3637668148938836	0.3813351512025121	25	-0.45923010264313924
UBQLN4	UBQLN4	0.10488062895503099	4159.0	0.188614990605386	0.188614990605386	0.0028075668088425	860.0	4.838346288160415	0.12	0.339768795442528	0.40005223576998744	25	-0.3778351708151654
ZNF35	ZNF35	0.160170839491753	4158.0	0.188588550814143	-0.188588550814143	0.021226651206786	2562.0	14.424918328264052	0.12	0.7792138106536863	1.6111554387342455	25	-0.36658490275994093
VRK2	VRK2	0.152208402237356	4157.0	0.18857920320844798	0.18857920320844798	2.21420676410781e-05	8342.0	46.980962036724115	0.08	0.5262390569837408	0.3477089822038876	25	-0.9710990254985642
IMMT	IMMT	0.0347134728185542	4156.0	0.188553238837583	0.188553238837583	0.000600773150439156	5230.0	29.452517742480566	0.08	0.42716457664960605	0.5120811932376805	25	-0.46596387635988135
OGFRL1	OGFRL1	0.29452705126621304	4155.0	0.188453776611012	-0.188453776611012	0.0245064766570915	4454.0	25.08167173594683	0.08	0.4569327397656183	0.5706918226670582	25	-0.47044473477805027
TMPRSS5	TMPRSS5	0.6042064448126739	4154.0	0.18844733233431696	-0.18844733233431696	0.00032930682549795696	9167.0	51.627802185423	0.20833333333333334	0.8577262824118073	1.230884108239173	24	-0.5437383955138714
ECE1	ECE1	0.313128255344922	4153.0	0.188446367804189	-0.188446367804189	0.00026478848855602204	4662.0	26.253238706770304	0.12	0.587069244405389	0.745108963849085	25	-0.5349860167323627
ELAC1	ELAC1	0.326712015484913	4152.0	0.188375621813388	0.188375621813388	8.00844052679415e-06	6394.0	36.008786752281175	0.16	0.6155285578507167	0.683566736970453	25	-0.6248884167922762
GRIN3A	GRIN3A	0.6756596401006579	4151.0	0.18833237869162198	0.18833237869162198	0.0006921659475788795	10511.0	59.197927227667	0.2916666666666667	1.2502062504305815	1.7823593648374834	24	-0.5957686719567812
KRT13	KRT13	0.799912159308861	4150.0	0.18830096242500197	-0.18830096242500197	0.0370974824645543	16368.0	92.1876760166723	0.5217391304347826	2.9178128937209307	3.1001175723336067	23	-0.8804543271696933
CNIH1	CNIH1	0.13892159673140803	4149.0	0.188256316833934	0.188256316833934	6.00436196454965e-10	10854.0	61.12988622282302	0.12	0.6671980044278045	0.576339084237679	25	-0.8310067817582846
SCML1	SCML1	0.49412078162748	4148.0	0.18825159499004002	-0.18825159499004002	0.0106448333371245	5608.0	31.581615410611693	0.08	0.665285021562443	0.9707966250370174	25	-0.491383482667354
TMEM218	TMEM218	0.19614822118595002	4147.0	0.18815297541211198	0.18815297541211198	0.0009038484563047301	3216.0	18.108595246141714	0.0	0.2850271252053435	0.19072334235268346	25	-0.5079302228989514
STAU1	STAU1	0.0548816339988634	4146.0	0.18811715566568699	0.18811715566568699	4.86227902104147e-07	6628.0	37.32679959445758	0.08	0.5183487640991548	0.5915918310376912	25	-0.5582085334988817
SLC25A37	SLC25A37	0.49326901159805	4145.0	0.18799402888817998	0.18799402888817998	0.0144490508470834	1028.0	5.784611918440915	0.08	0.39090583721427946	0.6171720431336816	25	-0.3287767334628735
COPS5	COPS5	0.0758113248851957	4144.0	0.187981928979827	0.187981928979827	1.3482490579884397e-08	7701.0	43.37050805452292	0.12	0.4838860702729757	0.3907773495051344	25	-0.7572192750369756
SPRY1	SPRY1	0.5289270460937511	4143.0	0.187930744881526	-0.187930744881526	8.28226589501343e-07	8298.0	46.73313056212684	0.16	0.9000522540527335	1.403307266654498	25	-0.5074594325082589
DLGAP1.AS1	DLGAP1.AS1	0.32042136385519104	4142.0	0.187859427350212	-0.187859427350212	3.7318714525187896e-05	5482.0	30.871916187901316	0.12	0.4513674722374972	0.3636292121558776	25	-0.7246613750446614
TRIM21	TRIM21	0.0760933097321174	4141.0	0.18782076967359398	-0.18782076967359398	0.00623577847647507	3445.0	19.398445420750253	0.12	0.5596030928593959	0.8706827955623652	25	-0.4270008837669424
STAG1	STAG1	0.0415417606156578	4140.0	0.187740659870742	-0.187740659870742	0.026923625619323	4105.0	23.11591753970936	0.04	0.4107222262650661	0.3387790896780826	25	-0.6581916451992578
FUBP3	FUBP3	0.0955380077219102	4139.0	0.187649827283294	-0.187649827283294	0.00403170794307753	2327.0	13.101272952574067	0.04	0.3716613441316258	0.44447605091093406	25	-0.4139964717361225
KIAA1586	KIAA1586	0.49467005693753796	4138.0	0.187636408128707	0.187636408128707	0.0103126595487657	7182.0	40.447223160977806	0.04	0.4501754194172619	0.5330594700298388	25	-0.492513548767568
DR1	DR1	0.31488831643915505	4137.0	0.18760909216536603	-0.18760909216536603	0.000103770493713786	3913.0	22.034471105103076	0.12	0.4167936519470662	0.36949759852046915	25	-0.6202599440412979
ZNF804A	ZNF804A	0.6834670532974679	4136.0	0.187558805675201	-0.187558805675201	0.03449265189403695	8522.0	47.99481806916751	0.3333333333333333	1.1686390667654238	1.887414690461951	24	-0.519801115275891
ZNF426	ZNF426	0.0361246766467542	4135.0	0.187547560030462	-0.187547560030462	0.00867240687492028	3005.0	16.920130674777514	0.08	0.4655704141856806	0.5481426319909047	25	-0.5072089597289923
ATG3	ATG3	0.0783705108903818	4134.0	0.18748572229149	-0.18748572229149	0.0017534452073760599	4862.0	27.379745409485185	0.08	0.5032757479145711	0.7930658455155566	25	-0.3981889113101223
DCAF1	DCAF1	0.00631116435361373	4133.0	0.18739766383965897	-0.18739766383965897	0.00133757929171415	2551.0	14.362960459614733	0.08	0.3972345672529381	0.41524127537379873	25	-0.5053372963089584
BORCS8	BORCS8	0.183114751476013	4132.0	0.18738397857541503	-0.18738397857541503	0.000918615237958927	1237.0	6.9618114227779655	0.0	0.31974657045740384	0.28835384262393093	25	-0.4590283613962973
SGSH	SGSH	0.0310299683416998	4131.0	0.18735004477465	0.18735004477465	0.0265527738294221	3055.0	17.201757350456237	0.16	0.5625475071596625	0.8672418856296052	25	-0.4326330042426681
SESTD1	SESTD1	0.29896850445345396	4130.0	0.187329410965721	-0.187329410965721	0.000141004328630115	4046.0	22.783598062408473	0.08	0.4690266033799545	0.549238753748401	25	-0.5128865916538644
CAMTA1	CAMTA1	0.44398002587587604	4129.0	0.18724642946459805	0.18724642946459805	4.89286072096181e-05	2710.0	15.258533288273064	0.08	0.5265652675458654	0.7796936782345748	25	-0.43519506128300506
B4GALT6	B4GALT6	0.5968717060744471	4128.0	0.187219648020333	-0.187219648020333	0.0195313639410314	5828.0	32.82077278359806	0.12	0.5594741087970968	0.6116219921083048	25	-0.6086348522125178
GCHFR	GCHFR	0.244989946809723	4127.0	0.187187145186174	-0.187187145186174	0.00248328858243966	2588.0	14.571364199616987	0.16	0.45022544574618545	0.46511388191155795	25	-0.5655352609106354
TFE3	TFE3	0.2285381269748	4126.0	0.18715814509263198	-0.18715814509263198	2.5100880276467202e-08	8916.0	50.21403627351582	0.12	0.5518078396237405	0.36425375466002435	25	-1.0010869891278231
SURF2	SURF2	0.197165177243817	4125.0	0.18712082045043	-0.18712082045043	0.00236939455526469	1036.0	5.8296721865495105	0.04	0.4133171688900636	0.7616099307227342	25	-0.2969976352921019
LINC01016	LINC01016	0.8803873307388741	4124.0	0.187113041150393	0.187113041150393	4.9857617908133806e-05	17030.0	95.91641320265855	0.6363636363636364	2.496188480134002	2.135675306594637	22	-1.0811921792856523
DNMT3A	DNMT3A	0.240406906067923	4123.0	0.187042789572126	0.187042789572126	6.73351878003315e-07	5746.0	32.35890503548496	0.08	0.51860991994086	0.5086048828338905	25	-0.6519149570906171
MKNK1	MKNK1	0.0900888652721613	4122.0	0.18697986243669	-0.18697986243669	0.00035935233373312703	2645.0	14.892418609890727	0.08	0.3337111851801491	0.3257508241824596	25	-0.45044037298052064
DCAKD	DCAKD	0.00924056322439553	4121.0	0.18685827220860998	0.18685827220860998	0.00273956202620147	754.0	4.241297735721528	0.08	0.2815660255938484	0.36036643786396166	25	-0.26280958334136156
CXCR5	CXCR5	0.21093152013116398	4120.0	0.186839273991387	0.186839273991387	0.0079954008726978	3477.0	19.578686493184634	0.16	0.7721891278371235	1.4989517947924933	25	-0.39050612293157105
PLGRKT	PLGRKT	0.37439088364043	4119.0	0.18667821623319297	0.18667821623319297	1.61126340301914e-11	11865.0	66.82437760504675	0.12	0.8977634925258887	0.9468429517326087	25	-0.7510065687150074
ACSBG1	ACSBG1	0.133426797935635	4118.0	0.18665196912280899	-0.18665196912280899	1.2972670924853801e-05	5824.0	32.79824264954376	0.12	0.6094691900232917	0.7705728267424513	25	-0.5487050752722701
C4orf3	C4orf3	0.329373224205946	4117.0	0.186553589315189	-0.186553589315189	1.1188371427546101e-07	8507.0	47.91033006646389	0.04	0.5441171742971451	0.5449306905790018	25	-0.6561634188781629
NUTM2B.AS1	NUTM2B.AS1	0.276198167937162	4116.0	0.18654999355946	0.18654999355946	0.000217443775801895	4461.0	25.12109947054185	0.04	0.3537695403983973	0.3213948842664766	25	-0.5202931192280316
CSF2RA	CSF2RA	0.366282013235796	4115.0	0.18653688666392002	0.18653688666392002	0.02976554870622105	7039.0	39.64177086853666	0.125	0.6021823517860169	0.6489938530094	24	-0.6404459197798853
FGF9	FGF9	0.7866635897633649	4114.0	0.186414488195201	-0.186414488195201	0.000183674937541702	13716.0	77.25019713867297	0.4583333333333333	1.314215527709091	1.4890159899387343	24	-0.7574136524620487
ZNF700	ZNF700	0.23662478842423398	4113.0	0.18631439311986	0.18631439311986	0.000158192629813145	7769.0	43.75352033344598	0.04	0.4467432299375922	0.35111392704725597	25	-0.7417217511360107
ARHGAP26	ARHGAP26	0.408295738574993	4112.0	0.18628871174962197	0.18628871174962197	0.0013067718023885302	6439.0	36.26225076039202	0.08	0.48896049187079277	0.4821533433382682	25	-0.627750039075894
MRPL18	MRPL18	0.15129822054324302	4111.0	0.186275788466263	0.186275788466263	1.5384375734368e-07	7188.0	40.48101836205925	0.16	0.6563886848262098	0.8144452586060557	25	-0.577218531745838
ZNF346	ZNF346	0.101473325073863	4110.0	0.18622930259570497	0.18622930259570497	0.00116564357899346	687.0	3.863917990312042	0.08	0.4397579434397246	0.80597131088574	25	-0.3145628602653346
SP4	SP4	0.26494993927215	4109.0	0.18613078065064198	0.18613078065064198	0.00144058333207274	3658.0	20.598175059141603	0.08	0.6272491331824799	1.0919068665422438	25	-0.40398899031447005
TRAF3	TRAF3	0.47114948025308506	4108.0	0.186108172190546	-0.186108172190546	0.00173669252767283	1162.0	6.539371409259886	0.08	0.38699115431052755	0.4049304297155715	25	-0.4960925812888016
SH2D3A	SH2D3A	0.37076593585434003	4107.0	0.18603023019180398	-0.18603023019180398	0.0328575806850244	3330.0	18.7507040666892	0.12	0.6049634601400533	0.7622316445731175	25	-0.5496140614614209
B3GNT7	B3GNT7	0.611708645886737	4106.0	0.18595270512400602	-0.18595270512400602	0.002053618980374445	11031.0	62.126844654725694	0.25	1.072990687104087	1.4489308733821133	24	-0.6122017263042684
NT5C3B	NT5C3B	0.246184428782988	4105.0	0.18592691989820398	0.18592691989820398	0.00128175661430994	2385.0	13.427959896361383	0.12	0.47086710505154405	0.7149545112387127	25	-0.3985430970421596
RWDD1	RWDD1	0.0506677840592523	4104.0	0.18590992983803398	-0.18590992983803398	8.498531648095289e-06	6766.0	38.10408921933085	0.08	0.4666161217986023	0.29700549060368286	25	-0.9451212211262993
TRIM37	TRIM37	0.079547595904049	4103.0	0.18589938447871696	0.18589938447871696	0.00493393146215703	2719.0	15.309226089895233	0.16	0.4306620659236704	0.47511463358136596	25	-0.5151655287902988
EIF3B	EIF3B	0.0882033558401185	4102.0	0.18585718531439002	0.18585718531439002	0.00052646710056345	1810.0	10.1892531260561	0.12	0.36480441144833814	0.46597282276074703	25	-0.3840293197224257
PIGP	PIGP	0.36560094148024996	4101.0	0.18585231068087	0.18585231068087	1.2380601903564699e-08	8760.0	49.335361045398216	0.12	0.7292924988257287	0.7642696771931504	25	-0.7110581570378299
MRPL48	MRPL48	0.0779497481631564	4100.0	0.18569111819706696	0.18569111819706696	4.47566934646776e-05	13420.0	75.58296721865494	0.4583333333333333	1.8038039553395606	2.0893512524073015	24	-0.7744570642576933
PIFO	PIFO	0.628180262361636	4099.0	0.18563431856102802	-0.18563431856102802	0.000121398974593948	13248.0	74.61417145432014	0.4	1.0330878283221123	0.8082086813439732	25	-1.0485577912276947
CCDC63	CCDC63	0.9375778786335319	4098.0	0.18562500319013503	-0.18562500319013503	0.008625237346229895	14321.0	80.65787991438549	0.4583333333333333	1.6109965163739837	1.4385128216664749	24	-0.9908646566893979
MOGS	MOGS	0.0946396706956433	4097.0	0.18559918018684302	0.18559918018684302	6.49464209095204e-05	5265.0	29.649656415455674	0.2	0.5385650749105084	0.578502341185386	25	-0.6101373660829394
MDH1B	MDH1B	0.6819262089987989	4096.0	0.185547572105304	-0.185547572105304	4.53367119402678e-05	11594.0	65.29796102286808	0.4	1.1274506846805101	1.1670156625611328	25	-0.807104088481645
TMX4	TMX4	0.402823224070677	4095.0	0.18554676710050103	0.18554676710050103	0.00101002438880639	2927.0	16.48079306071871	0.08	0.40963986422785786	0.41153305912470806	25	-0.5445324310129098
SLC27A5	SLC27A5	0.26742920686647503	4094.0	0.18541150060334602	-0.18541150060334602	0.00270378858330227	6160.0	34.69077391010476	0.08	0.620517206004503	1.0728824488130386	25	-0.40554834864017697
NDUFC1	NDUFC1	0.0876271688389373	4093.0	0.18538961938232001	-0.18538961938232001	1.8950111357546002e-10	10711.0	60.32443393038188	0.12	0.6152163996834661	0.4373437376145266	25	-0.9828122443129483
NR1H3	NR1H3	0.5150713677880739	4092.0	0.18531824792760201	-0.18531824792760201	0.00231501449130035	3627.0	20.423566520220795	0.04	0.533019828733978	0.6331478681242059	25	-0.5491633128869143
MLANA	MLANA	0.657141130570019	4091.0	0.18530902945641897	0.18530902945641897	0.0018837370102749204	16095.0	90.64999436746648	0.5833333333333334	2.673344061704404	2.8976117366216476	24	-0.8586502466161351
CHCHD10	CHCHD10	0.272317881557263	4090.0	0.185290784501539	0.185290784501539	1.89123480577357e-06	10958.0	61.715669708234756	0.4166666666666667	1.0977003649531072	1.3479284398950524	24	-0.67689764044344
SNHG6	SNHG6	0.24739791406608605	4089.0	0.185131250399662	-0.185131250399662	0.00253642101996084	4151.0	23.375014081333784	0.12	0.5306000613480265	0.6513009887741477	25	-0.5304288138708217
CCDC84	CCDC84	0.244989946809723	4088.0	0.185105995623869	-0.185105995623869	0.0009064390483965471	3430.0	19.313957418046638	0.08	0.3792080508296799	0.34060012389155736	25	-0.5698825149799724
RBM7	RBM7	0.245770735815765	4087.0	0.18506269463545602	0.18506269463545602	1.1533112007835501e-07	8355.0	47.054184972400584	0.2	0.5720034754413066	0.47771568271736564	25	-0.8099813232105657
VPS52	VPS52	0.0796453305002205	4086.0	0.185014693058888	0.185014693058888	0.000789480854186917	1848.0	10.403289399571927	0.08	0.3092522817029828	0.3230816173124169	25	-0.38453932996119117
HEIH	HEIH	0.19437646919436302	4085.0	0.18497832722592	-0.18497832722592	0.000158366896925797	4455.0	25.087304269460404	0.12	0.7413217659790218	1.0401632867415342	25	-0.5348616374414926
ZNF416	ZNF416	0.33114474943072997	4084.0	0.18489738565334196	-0.18489738565334196	0.00616666707684535	972.0	5.469190041680748	0.08	0.36435459792713387	0.4684730069339487	25	-0.38306841507966344
PTDSS1	PTDSS1	0.272355876525758	4083.0	0.18484682751694395	0.18484682751694395	0.00149183871502233	2813.0	15.838684240171228	0.08	0.45620250768348636	0.7552733646430735	25	-0.35928141103556527
TMEM154	TMEM154	0.34684667567453104	4082.0	0.184828275943175	-0.184828275943175	0.0023510366962113467	6329.0	35.64267207389884	0.3333333333333333	1.0652975313432373	1.3351628656891479	24	-0.6594470817203306
CCDC130	CCDC130	0.348715928985359	4081.0	0.184819536655777	-0.184819536655777	8.488026446712299e-05	3551.0	19.99549397318914	0.04	0.35592585078446026	0.32246807060768196	25	-0.5306147483260537
BANK1	BANK1	0.608558942540472	4080.0	0.18475276994257503	0.18475276994257503	0.008181274328095844	8120.0	45.7305395967106	0.20833333333333334	1.0649648255672202	1.902950131424054	24	-0.46255129921137084
OPTC	OPTC	0.9270839632280881	4079.0	0.18470083393214398	-0.18470083393214398	4.16594880347068e-05	17530.0	98.73267995944575	0.7391304347826086	3.065455954512305	2.3385168450239218	23	-1.231872725958787
THOC6	THOC6	0.364876233296521	4078.0	0.18466618776670102	0.18466618776670102	1.15995210375209e-05	7755.0	43.67466486425594	0.12	0.5280485798576167	0.5383860271829821	25	-0.637799598714715
ZFAS1	ZFAS1	0.362197450661787	4077.0	0.184660084140443	0.184660084140443	9.001183568938721e-08	11706.0	65.92880477638842	0.2	0.7103535170058817	0.49881506821643373	25	-1.0538844280408597
SCAND1	SCAND1	0.0861540008329411	4076.0	0.18465594406208702	-0.18465594406208702	0.0019189901814981802	3674.0	20.68829559535879	0.12	0.5684230636667913	0.7603263794207742	25	-0.5047399774516079
TMEM201	TMEM201	0.3730762027102639	4075.0	0.18465392293838398	-0.18465392293838398	7.19707649690383e-13	11538.0	64.98253914610791	0.32	0.973237175957979	0.9699756145233795	25	-0.8129928641629656
GEMIN8	GEMIN8	0.307637646611822	4074.0	0.184626268555625	0.184626268555625	3.979292168336961e-05	5029.0	28.320378506252112	0.16	0.50872543783935	0.5655985256983537	25	-0.5730198268879051
SIRT5	SIRT5	0.10419762052581201	4073.0	0.18455044892051503	0.18455044892051503	1.8626055194158502e-06	1338.0	7.530697307648981	0.04	0.3275974477008784	0.3163562531512425	25	-0.4521706062562827
PTPMT1	PTPMT1	0.046383148494687006	4072.0	0.18453354569600697	0.18453354569600697	7.374083654514461e-06	2142.0	12.059254252562802	0.12	0.44001078821916123	0.48722656947265364	25	-0.5243499811590085
RNF215	RNF215	0.232365124040879	4071.0	0.184465835359592	-0.184465835359592	0.000568719069770441	4421.0	24.895798129998873	0.12	0.5612175428103041	0.7178647461809372	25	-0.5248226904232907
UBL5	UBL5	0.315490577542921	4070.0	0.184444375913167	0.184444375913167	8.656900703578629e-08	6687.0	37.659119071758475	0.08	0.4626754981708256	0.43046067192216947	25	-0.6463566602153259
PLA2G3	PLA2G3	0.71649355812575	4069.0	0.184266785994207	0.184266785994207	0.03193874194069105	8432.0	47.48789005294581	0.125	0.778505028962058	1.1316552042200696	24	-0.5251053861210285
ZNF227	ZNF227	0.12373020273808999	4068.0	0.184208544572451	0.184208544572451	0.0019688800936202397	3810.0	21.45432015320491	0.04	0.43601040641206196	0.7451838585929799	25	-0.33790568453140013
EPHA6	EPHA6	0.836839078507515	4067.0	0.184148556357341	-0.184148556357341	0.03683544814181055	5769.0	32.48845330629717	0.16666666666666666	0.8058961821388123	1.273379560050172	24	-0.4882657498891957
RNF2	RNF2	0.148650296623066	4066.0	0.18414645565882	0.18414645565882	0.00631421053051962	2904.0	16.351244789906502	0.08	0.32569374997924866	0.2945022852410025	25	-0.480632244346067
LINC01792	LINC01792	0.9179364388250141	4065.0	0.184128281196214	0.184128281196214	0.0017724895939501698	12913.0	72.72727272727272	0.375	1.546211669468313	1.5515314463638443	24	-0.8778960887091692
LINC00658	LINC00658	0.9026657297077609	4064.0	0.18411962963813897	0.18411962963813897	0.0615671855042491	13444.0	75.71814802298073	0.4166666666666667	1.4091065789319794	1.436143035776038	24	-0.852970016758744
ZNF671	ZNF671	0.482238512812401	4063.0	0.18410792888972502	0.18410792888972502	0.07657221586364966	733.0	4.123014531936465	0.16666666666666666	0.554987557745839	0.8437826040925087	24	-0.4395440567952883
ART3	ART3	0.792036938301446	4062.0	0.18375584005352502	0.18375584005352502	0.000623831254507408	13259.0	74.67612932296947	0.375	1.6657365876973194	1.8839229060422833	24	-0.7866461747933821
THAP7	THAP7	0.120009133585839	4061.0	0.18374466200484801	-0.18374466200484801	0.00620714963177895	2544.0	14.323532725019712	0.08	0.48888559873325343	0.6926907930465515	25	-0.4405153638412786
CRAMP1	CRAMP1	0.0838110851607977	4060.0	0.18364431041395102	-0.18364431041395102	1.4669096292133499e-05	7689.0	43.30291765236003	0.0	0.46429451366998614	0.295273048744037	25	-0.9504768703063111
WFIKKN1	WFIKKN1	0.7212763232881999	4059.0	0.183638892271811	-0.183638892271811	2.5444112114052598e-08	13929.0	78.44992677706432	0.48	1.192463589375538	1.0664999867252318	25	-0.9459209654576731
NKX2.3	NKX2.3	0.866250514653817	4058.0	0.18363250273112497	0.18363250273112497	7.103674741241379e-08	17320.0	97.54984792159513	0.7083333333333334	2.5781219737275762	1.5777518112073663	24	-1.517659148915241
RBM20	RBM20	0.595419989186224	4057.0	0.18362646131976298	0.18362646131976298	0.0026930792436228135	8755.0	49.307198377830346	0.16666666666666666	0.8584196336823823	1.0742235756710485	24	-0.6281682767398656
RNF32	RNF32	0.36184019201444106	4056.0	0.183555426074804	0.183555426074804	8.726451800249341e-05	6779.0	38.17731215500732	0.04	0.4467010178354429	0.42553866330063567	25	-0.6183823338626486
RBM11	RBM11	0.69879119209948	4055.0	0.183542313076519	0.183542313076519	8.646092346519319e-06	11812.0	66.5258533288273	0.25	1.0081716565739376	0.9790707074689576	24	-0.8422571906264127
S100Z	S100Z	0.634025362605583	4054.0	0.18347094557	0.18347094557	0.001491061580756575	13576.0	76.46164244677256	0.4583333333333333	1.3306788806978052	1.456870095219342	24	-0.7874469651702783
LPCAT4	LPCAT4	0.21463762881492102	4053.0	0.18345228501124602	-0.18345228501124602	0.007247941756071971	2345.0	13.202658555818406	0.12	0.4168868668773292	0.4491211904145171	25	-0.5197585570403266
RAB2A	RAB2A	0.23883919117267396	4052.0	0.183412288617886	0.183412288617886	1.04426295139233e-06	7256.0	40.86403064098231	0.12	0.4870194740558963	0.35350094714969243	25	-0.8588581951081611
SMAP1	SMAP1	0.120370164406798	4051.0	0.18338347048146103	0.18338347048146103	0.00268546225602115	3053.0	17.190492283429087	0.08	0.35041743524827784	0.355902587542528	25	-0.4693249518644125
HPF1	HPF1	0.282095517976992	4050.0	0.18337724264035102	0.18337724264035102	4.4971073257733396e-05	10003.0	56.3366002027712	0.12	0.7372325464537512	0.6768743000612862	25	-0.8182542959058313
PPP2R1A	PPP2R1A	0.10962934410652402	4049.0	0.183234677544459	-0.183234677544459	0.0040133771445129	823.0	4.629942548158161	0.0	0.24366803546629393	0.20685427163778553	25	-0.2921542661089322
RAB5C	RAB5C	0.051039130738841	4048.0	0.18320523173918501	-0.18320523173918501	0.00025421403426897996	4659.0	26.23634110622958	0.12	0.4788965130763237	0.43258141425129243	25	-0.6835505909307689
ODF2	ODF2	0.130572168858411	4047.0	0.183095021605483	0.183095021605483	0.00046592483750647996	5092.0	28.6752281176073	0.0	0.33180524197128536	0.2390915127223873	25	-0.6219803399649406
LAS1L	LAS1L	0.23083178587713202	4046.0	0.183075448856585	0.183075448856585	0.00153901303955631	685.0	3.8526529232848934	0.04	0.25368384703300806	0.2692175265053582	25	-0.2622726651305808
ZNF551	ZNF551	0.32391375653474497	4045.0	0.183003704469073	0.183003704469073	0.00011038087762517861	6964.0	39.21933085501858	0.20833333333333334	0.6003132240113244	0.753159358990014	24	-0.5540786482449916
MIGA1	MIGA1	0.339951357249111	4044.0	0.182992094764799	-0.182992094764799	5.697160223052479e-09	10316.0	58.099583192519994	0.12	0.6149040220330724	0.3933016295627987	25	-1.0981696865797241
KAT7	KAT7	0.0143552987405413	4043.0	0.182961636485303	0.182961636485303	0.0316623851125056	2213.0	12.459164132026585	0.08	0.3561831535116066	0.3684444466397935	25	-0.470142835931117
SHANK2	SHANK2	0.44142432924898	4042.0	0.182875753814006	-0.182875753814006	0.0017702052838946601	6503.0	36.62273290526078	0.28	0.684439367122895	0.7409677057484412	25	-0.67690347287439
NMD3	NMD3	0.0455467510298948	4041.0	0.18283369238001398	0.18283369238001398	1.8718501957128798e-08	9626.0	54.213135068153655	0.04	0.6071034685168327	0.5818488128828979	25	-0.7291752887398374
AMFR	AMFR	0.139822775664105	4040.0	0.182742119874362	-0.182742119874362	0.000847570286419187	4043.0	22.76670046186775	0.04	0.36270774803905215	0.3425829397750853	25	-0.5253198781084729
NMNAT1	NMNAT1	0.1282975300735	4039.0	0.18273102677882	0.18273102677882	0.00015241416058531102	7949.0	44.767376365889376	0.16	0.5576392739810473	0.6865869577640006	25	-0.5460462698318453
KCTD3	KCTD3	0.42271931656455897	4038.0	0.182705069222397	-0.182705069222397	0.00044142496603859807	4565.0	25.70688295595359	0.08	0.4499318201737855	0.46401935400974964	25	-0.5758957005611748
FLNB	FLNB	0.395764430461161	4037.0	0.18270097593340098	0.18270097593340098	0.000319578517455907	3429.0	19.308324884533064	0.08	0.44809180961100764	0.5347699672552008	25	-0.4962710135720054
PLEKHM1	PLEKHM1	0.22316552644627102	4036.0	0.18262255124686397	-0.18262255124686397	1.640808481329316e-06	12158.0	68.47470992452405	0.2916666666666667	0.8871476188723827	0.7069590704280037	24	-0.9965570810188327
FZD6	FZD6	0.6393331920120771	4035.0	0.182591355290845	0.182591355290845	1.03739288048079e-08	10526.0	59.28241523037062	0.16	0.7926545616481081	0.85827593318921	25	-0.7108007841841377
ASB13	ASB13	0.265081367703165	4034.0	0.182537229962919	-0.182537229962919	7.88243178369597e-05	2978.0	16.768052269911006	0.12	0.6493973302449995	1.2933485469807506	25	-0.3609700582042939
IL21R.AS1	IL21R.AS1	0.6990317539021079	4033.0	0.18248104458346698	-0.18248104458346698	2.0160112193301114e-05	14469.0	81.49149487439449	0.5416666666666666	1.316706732521631	1.3190240154888153	24	-0.8598976778431383
CPOX	CPOX	0.268773118487596	4032.0	0.18245529610213498	0.18245529610213498	0.0831914462844073	274.0	1.5376816492058125	0.08	0.33358360645127005	0.4354914556727494	25	-0.3470293352039968
INPPL1	INPPL1	0.0730290804000414	4031.0	0.18239779217197696	0.18239779217197696	0.0011136137227540199	3768.0	21.217753745634788	0.28	0.7931778476702495	1.1304699944511982	25	-0.5402886042939901
MAGEE1	MAGEE1	0.5182031492861721	4030.0	0.18236480243258898	0.18236480243258898	0.000980201373833698	2422.0	13.636363636363635	0.20833333333333334	0.8620425081843357	1.3115938556646163	24	-0.5182074487588519
TIMD4	TIMD4	0.7900868324671251	4029.0	0.182346052261129	-0.182346052261129	0.0005252522184459195	15860.0	89.3263489917765	0.6666666666666666	2.061793788641984	1.917020106487471	24	-0.9804006384808037
PPDPF	PPDPF	0.5629089957132671	4028.0	0.18232655456890198	0.18232655456890198	0.0017036571103496302	6851.0	38.582854567984675	0.28	1.1519089025054747	1.7156920356209817	25	-0.5651260994433885
FAM20A	FAM20A	0.557384733601176	4027.0	0.182163709889756	0.182163709889756	0.002964904180598235	9225.0	51.954489129210316	0.16666666666666666	0.8865806649927209	1.4414395493494452	24	-0.4886899040760221
ZNF668	ZNF668	0.150515915880974	4026.0	0.18208280534063398	0.18208280534063398	6.26164903914621e-06	7626.0	42.94806804100484	0.2	0.6313192173708478	0.6024450107950684	25	-0.7456886586832886
CAMK1G	CAMK1G	0.6963798758297591	4025.0	0.182005997880108	0.182005997880108	4.4675029579420946e-05	14173.0	79.82426495437647	0.5	1.434811973627298	1.3573450000117668	24	-0.9229827168010559
KTN1	KTN1	0.180710363307383	4024.0	0.181996922583359	0.181996922583359	0.000413338275712448	5947.0	33.49104427171341	0.08	0.5373690962702135	0.6295372907025611	25	-0.564497415697584
IKBIP	IKBIP	0.350503308859663	4023.0	0.181985943792042	0.181985943792042	0.0574668396069496	3178.0	17.894558972625887	0.04	0.4715423492892129	0.5870204393570698	25	-0.493264605597559
MED1	MED1	0.220202589726714	4022.0	0.18198081665636898	0.18198081665636898	0.00128150873743127	3929.0	22.124591641320265	0.04	0.3889732944587401	0.29405954126326717	25	-0.7039134894693108
CNOT6L	CNOT6L	0.458961937422842	4021.0	0.18187097932593901	-0.18187097932593901	0.00292953066116539	3098.0	17.443956291539934	0.04	0.38500874681228553	0.4678193534322753	25	-0.434222667352205
WDR3	WDR3	0.16379731937191	4020.0	0.181715710840652	0.181715710840652	6.65716906676609e-05	7122.0	40.10927115016334	0.12	0.5464435337230039	0.5349078632816968	25	-0.6818516756226418
ZNF345	ZNF345	0.23992901508226	4019.0	0.18165841698199103	0.18165841698199103	0.00931255406195604	980.0	5.514250309789343	0.04	0.41339094387270797	0.5572786664366475	25	-0.41582881392618454
SIPA1L1	SIPA1L1	0.143350065807374	4018.0	0.18148267832893103	-0.18148267832893103	0.00157296876645629	1497.0	8.426270136307311	0.04	0.3107146084722432	0.3615096007980143	25	-0.35747855619336016
TMSB4X	TMSB4X	0.19037727471833102	4017.0	0.181418354742928	-0.181418354742928	0.000314185606655822	2969.0	16.717359468288837	0.2	0.6073027464621352	0.810901077329008	25	-0.5251989467346737
C12orf50	C12orf50	0.8934526564472249	4016.0	0.18140995367918902	-0.18140995367918902	0.00230091399848458	13422.0	75.5942322856821	0.4782608695652174	1.6673489913524855	1.8319258383846557	23	-0.8111349305403971
ITGB1	ITGB1	0.25870876406150894	4015.0	0.18137088761873899	-0.18137088761873899	0.00429071317168573	2788.0	15.697870902331868	0.04	0.30838072459089605	0.3062572322746789	25	-0.41471620450825236
CBLN3	CBLN3	0.47453824638562203	4014.0	0.181332992214218	0.181332992214218	0.0021037002921148198	5865.0	33.02917652360031	0.2	0.7207348320848748	1.3209208237544519	25	-0.40835289305040673
ABCC1	ABCC1	0.376010045925883	4013.0	0.181312604976922	0.181312604976922	2.4466780526646598e-06	7224.0	40.68378956854793	0.16	0.6639778096177905	0.7226195358018624	25	-0.6679382174539108
B3GALT5	B3GALT5	0.5526462285793029	4012.0	0.18128803815740802	-0.18128803815740802	0.00606059910232982	10175.0	57.305395967106	0.4166666666666667	1.602587312301264	1.977506203739006	24	-0.7187331556566084
COX4I1	COX4I1	0.193314662791115	4011.0	0.18121522160641504	-0.18121522160641504	2.1477928308826e-05	2417.0	13.608200968795764	0.12	0.38773569470429725	0.4441851293801944	25	-0.46494233921350786
DYNLRB2	DYNLRB2	0.722792845535837	4010.0	0.18120172538917	-0.18120172538917	0.0206949212657347	12829.0	72.25413991213247	0.34782608695652173	1.535179719731272	1.7519492960140064	23	-0.772840856423551
LINC00909	LINC00909	0.20786512529962498	4009.0	0.18110666492079397	-0.18110666492079397	9.446961373417529e-05	3102.0	17.466486425594233	0.04	0.3982150240715033	0.5338670293831049	25	-0.40667122560758767
LARP4B	LARP4B	0.0555355319086794	4008.0	0.181019337021345	-0.181019337021345	0.000128703859008709	8702.0	49.0086741016109	0.16	0.5170095612388987	0.4809619624916416	25	-0.6985796183900775
RPL10L	RPL10L	0.889794987028353	4007.0	0.18101492307290099	0.18101492307290099	0.02357898798617862	12261.0	69.05486087642221	0.3333333333333333	1.3017519241446716	1.429847162510238	24	-0.7838159423306515
TBC1D16	TBC1D16	0.35887480884041495	4006.0	0.18096108797329702	0.18096108797329702	0.00163353149404249	5860.0	33.001013856032436	0.12	0.6335025164178423	0.9200746808923986	25	-0.4918529309008008
SUMO3	SUMO3	0.0642178182380741	4005.0	0.18095626731344397	0.18095626731344397	0.000715775169837478	2273.0	12.797116142841048	0.08	0.3942885071560883	0.5045251428598215	25	-0.4228376778873775
BTN2A2	BTN2A2	0.39328114314839197	4004.0	0.18093403436486397	0.18093403436486397	0.00165951308571738	1547.0	8.70789681198603	0.16	0.8009794779344233	1.6585480976194396	25	-0.37384833425061825
STPG1	STPG1	0.536122893360642	4003.0	0.18090613549924697	0.18090613549924697	0.00151916425746915	4322.0	24.338177312155008	0.04	0.4158760045030463	0.49724223690754404	25	-0.47254607827590683
RING1	RING1	0.0840479492373645	4002.0	0.18087542583314	-0.18087542583314	0.000153692798755223	4694.0	26.433479779204685	0.2	0.5713989030489216	0.5818579605236794	25	-0.6711663390568818
BORCS5	BORCS5	0.174068277720905	4001.0	0.18063553377185396	0.18063553377185396	0.0587119005001216	105.0	0.5857834854117382	0.08	0.2781700422989331	0.41411225403124885	25	-0.23552673840875815
SP1	SP1	0.0873396791365447	4000.0	0.180541012575846	0.180541012575846	0.00174907054151373	3909.0	22.011940971048777	0.12	0.4161559688251904	0.46574890897742743	25	-0.5058840755347073
LINC01410	LINC01410	0.46414402970199	3999.0	0.180535954073632	0.180535954073632	0.0038800077085923805	6176.0	34.78089444632195	0.16666666666666666	0.8824190709702934	1.284335563452367	24	-0.5464951192427933
COL15A1	COL15A1	0.656686211029402	3998.0	0.180515106543924	0.180515106543924	4.922080020016743e-08	15001.0	84.48800270361608	0.6666666666666666	1.8249718765975114	2.0200272294717294	24	-0.8140765362275043
RNF24	RNF24	0.13261842847817698	3997.0	0.18046150690905802	-0.18046150690905802	0.0043690127432291295	4511.0	25.40272614622057	0.04	0.39079020395548775	0.5281802402829694	25	-0.39821386906436973
CNKSR3	CNKSR3	0.47673498687458	3996.0	0.18032396246670498	-0.18032396246670498	0.0481305274564785	293.0	1.6446997859637262	0.12	0.7431757391467945	1.6212974001729854	25	-0.34716133919664316
SCD	SCD	0.6568339162008361	3995.0	0.180320701026745	-0.180320701026745	0.0011722601133503	2444.0	13.760279373662271	0.04	0.4280658497791082	0.5766268026140131	25	-0.42964556560545586
AGPS	AGPS	0.0961585352932634	3994.0	0.18030603066661802	0.18030603066661802	0.00813504918173716	6955.0	39.168638053396414	0.12	0.5030458619884705	0.5014472765803057	25	-0.6436166799485377
EMC10	EMC10	0.244275938031832	3993.0	0.18030305061680102	0.18030305061680102	0.00701777077904866	1234.0	6.944913822237242	0.08	0.40306050760237994	0.6359994141369052	25	-0.3502478965139867
LARS2	LARS2	0.0954296067660345	3992.0	0.180244419765547	0.180244419765547	0.11801620986678998	32.0	0.17460853892080658	0.0	0.25726926406459266	0.25098389550209693	25	-0.30689158021456453
POMP	POMP	0.181672217694058	3991.0	0.17997284397292398	0.17997284397292398	3.86902996040003e-08	8765.0	49.363523712966085	0.12	0.6720928405403545	0.7159408669519192	25	-0.6873751999415896
PYY	PYY	0.8637216313825851	3990.0	0.17996784623910897	-0.17996784623910897	0.0005959452837308004	16355.0	92.11445308099583	0.6666666666666666	2.089879945997878	1.9194360917152868	24	-0.9950381302104168
KYNU	KYNU	0.679288306306147	3989.0	0.17990935225976298	-0.17990935225976298	6.2974925012139875e-09	14970.0	84.31339416469527	0.625	1.50701457705114	0.9553051976339388	24	-1.3891950217357736
EPPIN	EPPIN	0.8306068990379549	3988.0	0.17990688169424898	0.17990688169424898	0.000164590967225755	16367.0	92.18204348315872	0.6521739130434783	2.3633363967708583	2.293827952417191	23	-0.9518715267096444
TLR1	TLR1	0.42693655457220897	3987.0	0.17989779619633603	0.17989779619633603	0.01167876681477068	12536.0	70.60380759265517	0.3333333333333333	1.2902306148826022	1.9407538470875376	24	-0.5721141917881689
SDHAF2	SDHAF2	0.0516967055566319	3986.0	0.17971719268388398	0.17971719268388398	0.0002077826114426	3558.0	20.03492170778416	0.08	0.4346390890458997	0.4637143991524515	25	-0.5497390135565042
SLC25A38	SLC25A38	0.11257814943704499	3985.0	0.179704342210323	-0.179704342210323	5.22240699333424e-05	1296.0	7.294130900078856	0.12	0.4289329050320427	0.5993017029040478	25	-0.41586493349514614
RGPD1	RGPD1	0.35758711810073207	3984.0	0.179677624238895	0.179677624238895	0.000720080482089754	5359.0	30.179114565731666	0.08	0.39126784133163817	0.4321362955993524	25	-0.4896376889594003
POU4F2	POU4F2	0.916973829177725	3983.0	0.179657857283094	0.179657857283094	0.000791350270311849	15805.0	89.0165596485299	0.6086956521739131	2.081199255020424	1.9119580082712286	23	-0.9945518622852407
SETX	SETX	0.123285545778625	3982.0	0.17958026649771103	-0.17958026649771103	0.0137040915261291	5996.0	33.76703841387856	0.04	0.4258128734471292	0.39326331335553577	25	-0.6261265635190532
HCG9	HCG9	0.7931115217586991	3981.0	0.179489969431556	-0.179489969431556	0.001617417676543798	14994.0	84.44857496902107	0.4583333333333333	1.3651013657916014	1.1362777699108486	24	-1.0434168719617454
ZNF175	ZNF175	0.42622263511677794	3980.0	0.17948320807414397	-0.17948320807414397	0.0175165346507531	1412.0	7.947504787653487	0.04	0.36337760482920906	0.35146633765045404	25	-0.5232205109154855
ZNF496	ZNF496	0.0866306113720012	3979.0	0.17946892650763102	-0.17946892650763102	1.4628446543339399e-08	7619.0	42.90864030640982	0.08	0.5116039820822496	0.4754735462631893	25	-0.6985352985143185
CDH2	CDH2	0.7221604561960259	3978.0	0.17937384767691	0.17937384767691	0.0023412458239035197	10820.0	60.938380083361494	0.375	1.1046008255489088	1.5658274588377217	24	-0.5908869286011716
RTKN	RTKN	0.115143295120604	3977.0	0.17936306431731697	0.17936306431731697	0.0022672063803976152	2576.0	14.503773797454095	0.125	0.4207206898236209	0.4544228547127672	24	-0.5311300323106809
MLNR	MLNR	0.7936421477021809	3976.0	0.17936078642850697	-0.17936078642850697	0.0004312587820223785	14219.0	80.08336149600089	0.5833333333333334	1.209368187344783	0.9406299672908219	24	-1.0950186967600837
HSD17B8	HSD17B8	0.230974550879297	3975.0	0.179334886311993	0.179334886311993	0.0559779898868393	528.0	2.9683451616537115	0.12	0.4702878122861498	0.7120501784307051	25	-0.408612952833452
IFNAR1	IFNAR1	0.0425438802993086	3974.0	0.179111095794436	0.179111095794436	7.00310394763808e-05	5368.0	30.229807367353835	0.08	0.45712330638964593	0.48535157460213885	25	-0.5728058280703162
HLA.G	HLA.G	0.5522162235739331	3973.0	0.179097560613185	-0.179097560613185	0.0958980545525083	1471.0	8.279824264954376	0.08	0.6330648048791334	1.1706662167647854	25	-0.3877853804652511
NKAPP1	NKAPP1	0.589961292221056	3972.0	0.17901433281680104	0.17901433281680104	0.0284795608284829	2879.0	16.21043145206714	0.0	0.29932072616365163	0.24351139052396603	25	-0.4940483198259681
SMARCC2	SMARCC2	0.0207451468212921	3971.0	0.178888227055463	-0.178888227055463	2.72393897255147e-05	3728.0	20.99245240509181	0.16	0.43255392051989383	0.5455724928083915	25	-0.46495323134540767
NPLOC4	NPLOC4	0.0988848396237218	3970.0	0.17884820481725303	0.17884820481725303	0.0014492461783423	2362.0	13.298411625549171	0.04	0.3470321805858265	0.3360003264375667	25	-0.5005470606285982
HSPA14	HSPA14	0.0831121832372173	3969.0	0.178837307226661	0.178837307226661	1.1863281724462899e-05	6172.0	34.75836431226765	0.08	0.48267134899067904	0.4835303135647817	25	-0.6283660677321969
KIF13B	KIF13B	0.636807627359584	3968.0	0.17879875598861703	0.17879875598861703	0.00110676684792771	2911.0	16.39067252450152	0.08	0.46048762983205727	0.43645564560948724	25	-0.6454009168562285
RYR3	RYR3	0.521038113043722	3967.0	0.17862935515334602	-0.17862935515334602	6.8174209450788e-06	16455.0	92.67770643235326	0.6666666666666666	2.118494070371554	1.9612059166481963	24	-0.9891183270207233
RAB39B	RAB39B	0.648614695105849	3966.0	0.17858262908114703	-0.17858262908114703	0.0007218088692814075	6393.0	36.0031542187676	0.3333333333333333	1.1520129255602083	1.669339752229062	24	-0.583122935387625
PDIA5	PDIA5	0.357573074222465	3965.0	0.178498961439657	0.178498961439657	0.000104792464506442	2621.0	14.757237805564943	0.12	0.4096303828481703	0.39920419637796817	25	-0.5789804403500738
NEMP1	NEMP1	0.0857470423300928	3964.0	0.17846573311703398	0.17846573311703398	0.0652447964458036	1562.0	8.792384814689646	0.12	0.3952849629754087	0.46091718297475837	25	-0.4704082161984588
CFAP36	CFAP36	0.247439262621047	3963.0	0.178410945324897	0.178410945324897	1.15902709564981e-08	8656.0	48.74957755998648	0.08	0.5581365269370464	0.3944730474591206	25	-0.962614769394354
TK2	TK2	0.42833428600079	3962.0	0.17838583265572197	0.17838583265572197	0.00031337548511625296	2905.0	16.356877323420075	0.12	0.42837022922775836	0.5020376154907202	25	-0.49793957436374037
NT5M	NT5M	0.636704325058614	3961.0	0.17829803267007396	-0.17829803267007396	2.0997969261932e-11	12268.0	69.09428861101723	0.24	1.0460814963067948	1.1486931227066155	25	-0.7554528241555069
TFEB	TFEB	0.31668439635155	3960.0	0.17827725541901399	-0.17827725541901399	2.0369113223571873e-05	10560.0	59.47392136983215	0.2916666666666667	0.6975470283343288	0.6557380281503755	24	-0.7918860133520189
MYCBPAP	MYCBPAP	0.6179743396498221	3959.0	0.17802830870674	-0.17802830870674	9.513889111846339e-06	11254.0	63.38289962825279	0.28	1.0602983018258234	1.4232794629783403	25	-0.6198852832969669
TMEM179B	TMEM179B	0.231115685524825	3958.0	0.178028031848645	0.178028031848645	2.8369199705897804e-09	11203.0	63.09564041906049	0.2	0.6502656712375137	0.4520692335271906	25	-1.0446135334278726
SMCR8	SMCR8	0.37837201390359604	3957.0	0.177951658730016	-0.177951658730016	0.00048441078784438495	4072.0	22.930043933761407	0.2	0.6202000056308157	0.7839377189381183	25	-0.5641370943342878
SDHB	SDHB	0.42766616183448003	3956.0	0.17780442915585398	0.17780442915585398	1.4806022328963599e-07	5604.0	31.559085276557397	0.16	0.5605713374877795	0.5463343591430024	25	-0.7006092549850718
HMGXB4	HMGXB4	0.0622894535762803	3955.0	0.17777601179534902	0.17777601179534902	0.00047234779502746397	3874.0	21.814802298073673	0.08	0.441614493439183	0.49588621083799644	25	-0.532054483221008
R3HCC1L	R3HCC1L	0.0372686061641528	3954.0	0.17773469812920897	0.17773469812920897	0.000486448947214939	3270.0	18.412752055874734	0.08	0.4294428644128649	0.48298270373487395	25	-0.5211535823896238
MTMR8	MTMR8	0.387618260050819	3953.0	0.177507948485465	0.177507948485465	0.009616977929196574	2656.0	14.954376478540047	0.25	0.7856365003174978	1.325193000338164	24	-0.4588981013911558
NOP58	NOP58	0.252938166866965	3952.0	0.17737182300573498	0.17737182300573498	2.37260528881149e-06	7349.0	41.38785625774473	0.08	0.5848151350882751	0.6987624541547933	25	-0.5830927372527106
FAR1	FAR1	0.34814818132072395	3951.0	0.17733846363922198	0.17733846363922198	0.00024189176845885898	7699.0	43.35924298749577	0.12	0.5449383094313864	0.44327801480528356	25	-0.8292760604282126
BRMS1	BRMS1	0.229206926643597	3950.0	0.177262570879511	0.177262570879511	0.005412862057784999	1589.0	8.944463219556155	0.0	0.28714510464734827	0.24786265476474514	25	-0.4433202487568388
ARHGAP33	ARHGAP33	0.436810331406882	3949.0	0.177224948533965	-0.177224948533965	1.12614025108904e-13	14581.0	82.12233862791483	0.48	1.59898896742735	1.4467703088435615	25	-0.9827157843941624
TRAPPC10	TRAPPC10	0.14414281859542	3948.0	0.177205484271898	-0.177205484271898	0.00811811472217132	2065.0	11.625549172017573	0.12	0.3683501826033791	0.4136865646846392	25	-0.46205198488182514
RFC2	RFC2	0.0206671732702309	3947.0	0.17702911388036602	0.17702911388036602	0.0005607153495587589	2051.0	11.54669370282753	0.04	0.3771461145149987	0.5111681448567003	25	-0.3914895766650972
YES1	YES1	0.215947238517462	3946.0	0.17696734447242998	-0.17696734447242998	0.000550433950081381	6631.0	37.343697194998306	0.0	0.38872285838757903	0.2771109363136771	25	-0.7641543012775625
PARP9	PARP9	0.135741266877412	3945.0	0.17695425873091697	0.17695425873091697	7.73860476227867e-11	12822.0	72.21471217753745	0.32	1.1734081220262498	1.65401990140598	25	-0.6024436963837673
IRF2BP2	IRF2BP2	0.29477372471653	3944.0	0.17681493016865302	-0.17681493016865302	6.447112344254201e-05	4381.0	24.670496789455896	0.12	0.4612743840454299	0.4424658167089281	25	-0.6428958873989261
CHMP6	CHMP6	0.11667303350782199	3943.0	0.176763055848344	-0.176763055848344	0.00308311830601287	2632.0	14.81919567421426	0.08	0.39399297752254386	0.4545819654171926	25	-0.47786744349797755
SLC2A4RG	SLC2A4RG	0.500066939878505	3942.0	0.17660975606008802	0.17660975606008802	4.4008496156492105e-06	10029.0	56.48304607412414	0.36	0.8759596570776668	1.0542990090094115	25	-0.6633316497894345
C7orf50	C7orf50	0.275604815396486	3941.0	0.176577556961707	0.176577556961707	0.0007956940291725481	3834.0	21.5895009575307	0.12	0.4872358073620449	0.6242370484955982	25	-0.4976607062157229
GUSBP11	GUSBP11	0.0728625805392491	3940.0	0.176556625749856	0.176556625749856	2.2841085493458697e-06	5113.0	28.793511321392362	0.04	0.39855373570684144	0.3358498562414253	25	-0.6610010569645831
LRRC7	LRRC7	0.612951268924802	3939.0	0.17647196770169998	-0.17647196770169998	0.001732796531901153	10073.0	56.73087754872141	0.2916666666666667	1.2180900750129389	1.3117504402875266	24	-0.7940672824039026
NR1D2	NR1D2	0.491957489812416	3938.0	0.17639261443074497	-0.17639261443074497	0.0010882481017094	5220.0	29.396192407344824	0.08	0.48421040975683743	0.47366115769339745	25	-0.6498691951543639
TOB1.AS1	TOB1.AS1	0.5629443545032	3937.0	0.176370071353381	0.176370071353381	0.163351039647941	3089.0	17.393263489917764	0.08	0.4370997889776863	0.7219528028825852	25	-0.36114510059836846
TSTD1	TSTD1	0.37086055563830606	3936.0	0.17627946301723998	0.17627946301723998	0.00018235061001037434	11101.0	62.5211220006759	0.20833333333333334	0.8944498832459679	1.094312692101205	24	-0.65627532734703
DIAPH1	DIAPH1	0.133935119107142	3935.0	0.176257037503237	-0.176257037503237	0.0044149213003387	3227.0	18.170553114791034	0.04	0.3456364044701044	0.35325349899173253	25	-0.47948390447742323
DRD1	DRD1	0.8263414598236941	3934.0	0.17624892363061603	0.17624892363061603	0.015624454167875399	10611.0	59.76118057902444	0.16666666666666666	0.8698615260858605	1.042204644081904	24	-0.6655243827533122
CPVL	CPVL	0.5095520861995021	3933.0	0.176215232574188	-0.176215232574188	0.0151987864697473	1565.0	8.80928241523037	0.12	0.5237520823709945	0.7341305742629537	25	-0.4733992316635547
HPS1	HPS1	0.17326178050494903	3932.0	0.17619130040623499	-0.17619130040623499	0.00130456605793888	2743.0	15.44440689422102	0.08	0.3585283048734959	0.3527137410787076	25	-0.5169546383693984
EWSR1	EWSR1	0.0624537357590859	3931.0	0.17618339282761897	-0.17618339282761897	4.78973228173985e-06	2919.0	16.435732792610118	0.08	0.45047980135555155	0.6085839644562898	25	-0.45071251388128436
PLCG2	PLCG2	0.578291211948919	3930.0	0.176116091820773	-0.176116091820773	0.00747956482263755	10190.0	57.38988396980962	0.375	0.9918541878094475	1.1773941523212157	24	-0.6928334868832654
SLC25A21.AS1	SLC25A21.AS1	0.66136666284558	3929.0	0.176110065099169	0.176110065099169	0.021050698070906752	3789.0	21.33603694941985	0.08333333333333333	0.719095860310385	1.488494604948351	24	-0.36478855442681096
MPP5	MPP5	0.422973921846201	3928.0	0.17609622412275303	-0.17609622412275303	3.16910094786671e-06	8223.0	46.31069054860876	0.12	0.6292647064811346	0.6935900418915494	25	-0.6533664772961657
SFTA3	SFTA3	0.618269217731775	3927.0	0.175894496558378	-0.175894496558378	0.0110476193894379	14322.0	80.66351244789907	0.43478260869565216	1.5409561754352332	1.603593505556406	23	-0.8512516882532608
CLTB	CLTB	0.3133178520726961	3926.0	0.17560923920805802	-0.17560923920805802	0.0011661946259275099	856.0	4.815816154106117	0.04	0.3469266569135414	0.34252344687082664	25	-0.5001625998762388
TMEM9B	TMEM9B	0.20155465149998003	3925.0	0.17553853898987196	0.17553853898987196	1.49581985631104e-05	16513.0	93.00439337614058	0.5652173913043478	2.8729838336482123	2.7027333791653887	23	-0.9980434309400207
DPYSL3	DPYSL3	0.46317180705542105	3924.0	0.175531500353721	-0.175531500353721	0.0006719078518366505	9918.0	55.85783485411738	0.375	1.2447380079669779	2.0252340124329584	24	-0.5279422037400979
HCP5	HCP5	0.298376655183328	3923.0	0.17551842255619698	0.17551842255619698	0.0005686575676904505	4572.0	25.746310690548608	0.16666666666666666	0.7989376868566067	1.5277988330558205	24	-0.40805062211854176
LRCH3	LRCH3	0.0726527647632964	3922.0	0.17550723133697	-0.17550723133697	0.00335494664491294	1544.0	8.690999211445307	0.04	0.30475939609752783	0.32010792462053583	25	-0.4037768353088312
TMEM102	TMEM102	0.287114836472727	3921.0	0.17548658066462	0.17548658066462	2.1886709866513502e-05	8100.0	45.61788892643911	0.36	0.7703012969796278	0.8444623737672465	25	-0.7043708929996123
TPCN1	TPCN1	0.23636166494105604	3920.0	0.17546412391357802	0.17546412391357802	0.00862272946047464	1107.0	6.229582066013293	0.16	0.5247183788316688	0.8426270391462346	25	-0.4144826105651223
ITGB3BP	ITGB3BP	0.271280657239924	3919.0	0.17545472465486903	0.17545472465486903	0.000792487063856566	4560.0	25.678720288385716	0.04	0.47061742160039133	0.5020454366532305	25	-0.5879202864847373
VWCE	VWCE	0.6439588722970961	3918.0	0.175436555980698	0.175436555980698	6.27696181956924e-11	14259.0	80.30866283654387	0.56	1.3634726684114784	1.03218872658439	25	-1.1509872970247446
KCNN2	KCNN2	0.76361196918463	3917.0	0.17539290999580498	0.17539290999580498	0.01128708776793165	8696.0	48.974878900529454	0.2916666666666667	0.8318218207766402	0.9102175033262979	24	-0.7211780792854258
ACBD6	ACBD6	0.0216101396866775	3916.0	0.175315168581271	0.175315168581271	0.004285829972805221	1300.0	7.316661034133153	0.08	0.3187342317907589	0.39566729117322963	25	-0.3624738926086682
SNF8	SNF8	0.10371525076955	3915.0	0.175275160252949	0.175275160252949	0.0168613050243353	168.0	0.9406330967669257	0.04	0.2948076758973687	0.3832356531301578	25	-0.31190343243931706
GTF3C4	GTF3C4	0.23772713799193104	3914.0	0.17527370212237803	0.17527370212237803	0.0126780077224713	2116.0	11.912808381209867	0.08	0.36780011410031305	0.36263168228304055	25	-0.5309144826117667
SLC35B4	SLC35B4	0.28963292360683	3913.0	0.175213418533267	0.175213418533267	0.008474961986102529	2860.0	16.103413315309226	0.08	0.3688442608884836	0.3846258459961602	25	-0.5034264971292378
ST6GALNAC4	ST6GALNAC4	0.234019869574572	3912.0	0.17520962365596499	-0.17520962365596499	4.6492664656315004e-07	13491.0	75.98287709811873	0.4166666666666667	1.1899005664273972	1.5845254520535292	24	-0.6403752880437501
USP47	USP47	0.0453376467874006	3911.0	0.175180414544424	0.175180414544424	1.2965260463569e-06	4975.0	28.016221696519093	0.12	0.5686303211184152	0.5944949306299302	25	-0.661822138932437
CLN3	CLN3	0.372300583720363	3910.0	0.17517800656191	0.17517800656191	0.00123504665846262	2046.0	11.51853103525966	0.04	0.4650729045334843	0.8480736127614241	25	-0.34182751781138854
ZKSCAN5	ZKSCAN5	0.053373520889457	3909.0	0.175111161014641	0.175111161014641	0.000531520992502166	3466.0	19.516728624535318	0.04	0.38267903002287057	0.32244092500094956	25	-0.6437392183005873
TMEM192	TMEM192	0.171876193508163	3908.0	0.175078904098324	0.175078904098324	3.31418735239591e-05	9606.0	54.10048439788216	0.08	0.5903956587313626	0.4685398274958387	25	-0.8864065128737154
CYB5R4	CYB5R4	0.18402529953070604	3907.0	0.17502477013188097	-0.17502477013188097	0.000531942567095339	5529.0	31.136645263039316	0.04	0.3970736971160785	0.41498288792947535	25	-0.5350797188098364
STOML2	STOML2	0.0380858155254748	3906.0	0.17501449438729402	0.17501449438729402	9.31651705298628e-05	2060.0	11.5973865044497	0.12	0.4488039543388882	0.6751599683597395	25	-0.4055179109874497
SAFB	SAFB	0.160572721154204	3905.0	0.175014263684292	-0.175014263684292	4.26987685510193e-07	6999.0	39.41646952799369	0.12	0.4720178330678314	0.3702767593837696	25	-0.8021123709676662
TPR	TPR	0.0946224007477222	3904.0	0.17489346588613	0.17489346588613	0.000628874235848798	4692.0	26.42221471217754	0.08	0.4190499613924596	0.46408553118855633	25	-0.526102364969292
HSBP1	HSBP1	0.434407867116836	3903.0	0.17479062616412502	0.17479062616412502	1.5026549283041799e-09	9049.0	50.963163230821216	0.08	0.5580191364023037	0.5456567153984168	25	-0.7023252888189244
AP1B1	AP1B1	0.223821217389865	3902.0	0.17477343800849698	0.17477343800849698	2.83401264703282e-06	6635.0	37.366227329052606	0.08	0.4451833673073588	0.3820018794794997	25	-0.7078759132476297
ARL15	ARL15	0.28778947110980896	3901.0	0.17476383162163803	0.17476383162163803	3.0975811756872605e-05	5794.0	32.62926664413653	0.08	0.5555150079735243	0.895659370103487	25	-0.4251071211457244
C2CD5	C2CD5	0.0749553211918709	3900.0	0.17467376001701398	0.17467376001701398	0.000113507119007111	7451.0	41.96237467612932	0.08	0.4391469446599517	0.3093583867139378	25	-0.8549087272280572
REN	REN	0.5499060605559211	3899.0	0.17467164605192198	-0.17467164605192198	0.000318252702160862	17500.0	98.56370395403852	0.7083333333333334	3.090086805936012	2.0755257929645796	24	-1.4046634205975603
ZNF512	ZNF512	0.21935447578569398	3898.0	0.174581066209198	0.174581066209198	0.0282553724134969	312.0	1.75171792272164	0.08	0.3463740930492027	0.5920347834484954	25	-0.29017387431079883
SNUPN	SNUPN	0.0529786931605503	3897.0	0.174564520663778	0.174564520663778	1.14535507360248e-05	1901.0	10.70181367579137	0.12	0.4662593286048856	0.5943263291029345	25	-0.4907990672083912
TMEM51	TMEM51	0.395520286115578	3896.0	0.174504074256343	0.174504074256343	0.1088913916677603	1123.0	6.319702602230484	0.16666666666666666	0.6142406991329052	1.443440218737293	24	-0.3046448471979251
YY1	YY1	0.0141365450699972	3895.0	0.174428581075051	-0.174428581075051	0.000128366417064106	2792.0	15.720401036386166	0.08	0.3792858404372638	0.4826261525846465	25	-0.42446365217699944
BTBD9	BTBD9	0.323353970480083	3894.0	0.174426405504904	0.174426405504904	0.00250812192015476	1126.0	6.336600202771207	0.08	0.4199366228090543	0.4888792184454695	25	-0.5021899234842092
CNOT1	CNOT1	0.19419388800846202	3893.0	0.17440911174381699	0.17440911174381699	0.0542183708007112	888.0	4.996057226540498	0.04	0.31273866020417457	0.3248557609967812	25	-0.4258183633127202
SNX12	SNX12	0.24900618118989395	3892.0	0.17432028242373998	0.17432028242373998	0.033632342625981	705.0	3.9653035935563814	0.04	0.30166422558381034	0.3361534134409571	25	-0.3788268631769744
ZNF589	ZNF589	0.269278304311876	3891.0	0.17430612038563098	-0.17430612038563098	0.0110909154830958	1937.0	10.904584882280048	0.12	0.45045559346680436	0.6385788143411975	25	-0.43244383759594107
AKR1B1	AKR1B1	0.6301088446744461	3890.0	0.174282312906282	0.174282312906282	0.000147646853337971	4719.0	26.574293117044046	0.12	0.804968670701456	1.1362602017519912	25	-0.5550545172863781
CCSAP	CCSAP	0.20654933026405603	3889.0	0.174278001282821	0.174278001282821	0.00041367294993435	5571.0	31.37321167060944	0.12	0.6285221500831394	0.9414082303732094	25	-0.4825155911588313
ACAT2	ACAT2	0.116682092173093	3888.0	0.174239014667197	-0.174239014667197	0.000864312098926894	2343.0	13.191393488791258	0.08	0.45183335246070655	0.6851816375795753	25	-0.40513977983140337
PEX26	PEX26	0.25540543664853604	3887.0	0.17420868897050898	0.17420868897050898	4.39011932069358e-05	4321.0	24.332544778641434	0.08	0.4102800614252707	0.521445912802288	25	-0.45272456195139604
ZBTB48	ZBTB48	0.456562694118493	3886.0	0.17417876547400102	0.17417876547400102	6.08982384865912e-05	2706.0	15.236003154218766	0.12	0.5266825830418022	0.7947020749524154	25	-0.4435672545449288
CPTP	CPTP	0.414825461642836	3885.0	0.174168509064384	0.174168509064384	0.000694154593054966	9196.0	51.791145657316655	0.2	0.7129878960737273	0.7195877730291775	25	-0.7487889694694625
SBSN	SBSN	0.874406152722563	3884.0	0.174120849848054	0.174120849848054	3.3893587248451e-08	17566.0	98.93545116593444	0.9130434782608695	3.731358982541644	2.9216240008502545	23	-1.2175550761009488
WDR27	WDR27	0.0459661926842693	3883.0	0.174058725568162	0.174058725568162	0.000197547349450439	2856.0	16.08088318125493	0.04	0.36724870456036063	0.47224889717262697	25	-0.4090850823555857
OSBPL8	OSBPL8	0.396251417402379	3882.0	0.17394016123081799	0.17394016123081799	0.0236917663356561	4785.0	26.946040328939958	0.04	0.4143833166877233	0.3926117849659208	25	-0.6124196080302992
COX8A	COX8A	0.19015538744439398	3881.0	0.17388956345921397	-0.17388956345921397	0.00819289610994307	1976.0	11.12425368930945	0.04	0.2946572153152889	0.2865458667679257	25	-0.4214601076548941
EHBP1L1	EHBP1L1	0.336608787451837	3880.0	0.173868314341406	-0.173868314341406	0.000158615950383017	6064.0	34.15005069280162	0.32	0.9886630933860613	1.5018486063292862	25	-0.5425279056829303
ZNF330	ZNF330	0.0596813702395605	3879.0	0.173862752800581	-0.173862752800581	1.42451233592501e-05	5392.0	30.36498817167962	0.08	0.42760778404269423	0.3979611460208686	25	-0.6376125754467677
RHOH	RHOH	0.734906114250077	3878.0	0.17384426518947899	0.17384426518947899	0.0031704706980692702	14332.0	80.7198377830348	0.5833333333333334	1.4006911046108437	1.7069238290637068	24	-0.7187472683501777
MS4A6E	MS4A6E	0.7408998992647501	3877.0	0.17383577243599999	-0.17383577243599999	0.011811803331169074	15425.0	86.87619691337163	0.5833333333333334	1.582767441509244	1.3626473325572859	24	-1.0339664823099137
RAD9A	RAD9A	0.13765215384761098	3876.0	0.17376987466981	0.17376987466981	0.26563826515551603	166.0	0.929368029739777	0.04	0.2950984715585357	0.5216256740643279	25	-0.23259705747106918
EXD2	EXD2	0.35971552742630697	3875.0	0.173727712938921	0.173727712938921	1.93382186913608e-05	5329.0	30.010138560324435	0.04	0.3600282539386271	0.24732593756231583	25	-0.7532592126645274
ASB9	ASB9	0.5460130073575999	3874.0	0.173709129279012	-0.173709129279012	0.000226251020443542	5033.0	28.34290864030641	0.24	0.8728403608414905	1.3618439971484748	25	-0.513371012411384
CARMIL2	CARMIL2	0.752344595985009	3873.0	0.173690597725855	0.173690597725855	5.26694681866329e-14	15488.0	87.23104652472682	0.6	1.5634785942493803	1.3987750707637827	25	-0.9935750397414861
PLD2	PLD2	0.20919387712035398	3872.0	0.17363229070491698	-0.17363229070491698	4.34535772791746e-05	6201.0	34.92170778416131	0.04	0.39328098804559714	0.28936003112725317	25	-0.7590844405324392
COG3	COG3	0.19541580427573998	3871.0	0.173610767919094	0.173610767919094	3.09084031804461e-05	7645.0	43.05508617776275	0.08	0.6062725327093653	1.0623119114341824	25	-0.4072831718568918
KCNH2	KCNH2	0.718220056023209	3870.0	0.173602619085823	0.173602619085823	3.05500930304777e-09	14391.0	81.05215726033569	0.56	1.629720731715674	2.0128859986725636	25	-0.7233982021784225
PVRIG	PVRIG	0.620632715131256	3869.0	0.173556342283302	-0.173556342283302	6.3096450033766e-09	12280.0	69.16187901318013	0.28	0.9504006458737335	0.9888802734404444	25	-0.785579735439244
VPS9D1.AS1	VPS9D1.AS1	0.468203947484662	3868.0	0.173504160727031	0.173504160727031	0.00019702962997570955	17522.0	98.68761969133716	0.6818181818181818	4.566065625277914	4.871989765668704	22	-0.9015949695756356
USP13	USP13	0.606545690882529	3867.0	0.173438584938264	-0.173438584938264	0.156104784689477	160.0	0.8955728286583305	0.04	0.24700277180387384	0.2566501175418433	25	-0.2866321962763808
DCAF5	DCAF5	0.0279291583499449	3866.0	0.17340052577123002	0.17340052577123002	0.000342062097238309	2896.0	16.306184521797906	0.04	0.37537841196772276	0.5220262434530323	25	-0.38691136457139647
PHACTR2.AS1	PHACTR2.AS1	0.798461579221908	3865.0	0.17337990563273697	0.17337990563273697	0.13525279695926395	8544.0	48.118733806466146	0.2916666666666667	1.1394022339345296	1.4820762768224975	24	-0.651803381114027
HDAC11	HDAC11	0.34839764055511696	3864.0	0.173378102748844	-0.173378102748844	0.00139443730193494	4887.0	27.520558747324547	0.08	0.47243776227668444	0.5552455211124856	25	-0.5386079637862666
SETD6	SETD6	0.094834780288201	3863.0	0.173329665568287	0.173329665568287	3.27068871287137e-05	5664.0	31.89703728737186	0.08	0.47723860037356525	0.5788374943466418	25	-0.5250332567836039
NRG2	NRG2	0.6198032045285771	3862.0	0.173323113170827	-0.173323113170827	3.7974863390397e-06	12751.0	71.81480229807367	0.36	1.1558025660474647	1.2004388576738807	25	-0.8184335641886933
DLST	DLST	0.12539400663973702	3861.0	0.173277427237885	-0.173277427237885	7.394960852710621e-05	4754.0	26.77143179001915	0.16	0.5177760914451582	0.6131133986908004	25	-0.5618840901909691
LETM1	LETM1	0.32646033511385103	3860.0	0.17317860886032999	0.17317860886032999	4.58101063904415e-05	5602.0	31.547820209530247	0.04	0.42295541851251367	0.3762161435478092	25	-0.6639183722865478
CASP8	CASP8	0.22699549132587002	3859.0	0.173065649209809	0.173065649209809	0.00013801871077226898	8787.0	49.48743945026472	0.04	0.5298516640377868	0.500847406790724	25	-0.7123647042801974
NLRX1	NLRX1	0.20159134896728798	3858.0	0.173018866740163	0.173018866740163	4.53677587005862e-06	6409.0	36.09327475498479	0.16	0.6395947275555978	0.8284335249463579	25	-0.563202534380349
OR10A3	OR10A3	0.9481661938793349	3857.0	0.17299428190315197	0.17299428190315197	0.00326881565355482	15507.0	87.33806466148474	0.43478260869565216	1.6676158678395092	1.412782391035261	23	-1.057927671961657
DCHS2	DCHS2	0.7893252007062709	3856.0	0.172992754734775	0.172992754734775	0.01071301250236708	5802.0	32.67432691224512	0.20833333333333334	0.8999447661766244	1.3340890427908414	24	-0.5449051660907923
PXDN	PXDN	0.546828169891509	3855.0	0.17298678439837697	0.17298678439837697	2.6573969141931302e-05	8391.0	47.25695617888926	0.24	1.0144094455033497	1.6698603348060426	25	-0.5038880459440972
CDC5L	CDC5L	0.0361230676725261	3854.0	0.17298646948687	0.17298646948687	0.000853352103513339	5153.0	29.01881266193534	0.12	0.4505401557242707	0.43842035079021263	25	-0.6330766483287912
C5orf49	C5orf49	0.7185361128212951	3853.0	0.17297098811317096	-0.17297098811317096	0.0013912363979173335	13908.0	78.33164357327925	0.5	1.1619849353747773	0.9686843971994764	24	-1.020986763202653
LINC00893	LINC00893	0.600690167181234	3852.0	0.172960548512499	0.172960548512499	0.0176816442989596	2205.0	12.414103863917989	0.16	0.43658040613864285	0.5387489136987403	25	-0.4893185877931176
SEC11A	SEC11A	0.0262962968632785	3851.0	0.172945606487271	0.172945606487271	0.00022263139513618502	3215.0	18.10296271262814	0.04	0.3785895623233275	0.33952207586589	25	-0.605686553110276
SPCS1	SPCS1	0.0888877537185184	3850.0	0.172905229691915	0.172905229691915	9.77334282788372e-09	8326.0	46.89084150050692	0.08	0.5281728099286658	0.35407488005337384	25	-1.0033684970342915
COL21A1	COL21A1	0.647287494519075	3849.0	0.17287077910957802	-0.17287077910957802	0.03665251003319775	8335.0	46.94153430212909	0.08333333333333333	0.5876509837508854	0.6478740572252416	24	-0.6402173385638497
SETD1A	SETD1A	0.12160793821925599	3848.0	0.172823372333002	0.172823372333002	1.8893828974029597e-12	11858.0	66.78494987045173	0.24	0.7907461073427824	0.3909834565169597	25	-1.580431920354095
SLC6A6	SLC6A6	0.421368326748221	3847.0	0.172818366818649	0.172818366818649	0.000223880659605358	3265.0	18.38458938830686	0.12	0.41290827257252066	0.4263560764312962	25	-0.5631206379500496
UBE2W	UBE2W	0.354083910275692	3846.0	0.172706203952737	0.172706203952737	1.74823431863074e-08	12185.0	68.62678832939055	0.28	0.7783256112702935	0.5498206625247558	25	-1.10148535440006
NAV1	NAV1	0.525793703546819	3845.0	0.172687967209953	0.172687967209953	0.0171375006871511	3030.0	17.060944012616876	0.08	0.46723950450919766	0.6137839962797412	25	-0.47989445649377666
TRIM33	TRIM33	0.33549647924814696	3844.0	0.17260473663934903	-0.17260473663934903	0.0102791175717669	1735.0	9.766813112538019	0.04	0.313948643677263	0.2933234799624861	25	-0.4818704150652747
ACTR2	ACTR2	0.25032632251853	3843.0	0.17247266612783899	0.17247266612783899	6.06931094747806e-05	6830.0	38.464571364199614	0.16	0.5117548308580737	0.4219313645089701	25	-0.804116956617056
COX17	COX17	0.29732472611698196	3842.0	0.172467429353799	-0.172467429353799	8.53751323070086e-09	9305.0	52.40509181029627	0.08	0.6103241866025677	0.5341596049751849	25	-0.819711474193392
RPL38	RPL38	0.290839306630841	3841.0	0.172400941100327	-0.172400941100327	1.30414999473404e-07	6811.0	38.3575532274417	0.12	0.5394202604442591	0.48692682489354333	25	-0.7537463548535724
LACC1	LACC1	0.458199226639114	3840.0	0.17239167432597702	0.17239167432597702	1.8056419752211997e-06	11818.0	66.55964852990874	0.16	0.7820141265645738	0.45087178592974586	25	-1.3520971399474244
HNRNPH1	HNRNPH1	0.15832952032091102	3839.0	0.17239085314348399	0.17239085314348399	3.98319775946616e-05	4460.0	25.115466937028277	0.08	0.5193426819712246	0.5126727970810693	25	-0.6767510014245536
COPS7B	COPS7B	0.0797352238997133	3838.0	0.172383438267673	0.172383438267673	0.008119417066468609	539.0	3.0303030303030303	0.04	0.2671383040936183	0.2948796809789958	25	-0.32133399463591605
PPFIA1	PPFIA1	0.0518189032383981	3837.0	0.17228621353162804	0.17228621353162804	0.00450478055120806	902.0	5.07491269573054	0.08	0.37557735506818496	0.41455813296837496	25	-0.4903802998168781
NAP1L1	NAP1L1	0.0897015454054203	3836.0	0.17222216804214702	0.17222216804214702	0.0059791607212839396	2609.0	14.689647403402049	0.08	0.37569820709081847	0.47583379135913656	25	-0.42761998568339904
NOL7	NOL7	0.0126588319455702	3835.0	0.172133300690724	0.172133300690724	0.00576941947949316	3663.0	20.626337726709476	0.04	0.4019660091411439	0.38616894357322834	25	-0.5951610357989268
PRMT2	PRMT2	0.0271316946803504	3834.0	0.17211279349015698	-0.17211279349015698	0.00408704708208921	547.0	3.0753632984116255	0.08	0.42254706405184356	0.7079275051825057	25	-0.35375694365360744
GNB5	GNB5	0.0667013115571511	3833.0	0.17210750205742098	0.17210750205742098	0.0108377401776896	3276.0	18.44654725695618	0.12	0.8247772996833693	1.6961259469949201	25	-0.38480031437659684
GSDMD	GSDMD	0.448067166093416	3832.0	0.17206962313338903	0.17206962313338903	3.17810544737378e-05	5086.0	28.641432916525854	0.125	0.7022934901749428	1.1373922579288918	24	-0.46617502743253475
TM9SF4	TM9SF4	0.0299553100686896	3831.0	0.1720586756368	0.1720586756368	0.0278788304859491	164.0	0.9181029627126281	0.08	0.27025416533126917	0.3633077569762917	25	-0.2702818417963949
NPC1	NPC1	0.311624391809831	3830.0	0.171975448028711	-0.171975448028711	0.00184995282022282	1370.0	7.710938380083362	0.16	0.4564437050256684	0.5763274063831774	25	-0.49358793950504176
NADSYN1	NADSYN1	0.25201424257537	3829.0	0.17197474042716399	0.17197474042716399	0.12103276118984599	80.0	0.44497014757237807	0.08	0.3205377559891644	0.5456681056356105	25	-0.27225893180791605
TCF25	TCF25	0.29061296354669397	3828.0	0.171948394549102	-0.171948394549102	0.0102044934951596	1339.0	7.536329841162555	0.08	0.42702024662008725	0.6660268144757653	25	-0.382975349531166
PLIN3	PLIN3	0.413739299820765	3827.0	0.17192100740368602	0.17192100740368602	0.005202475769921279	1506.0	8.47696293792948	0.12	0.3700523474930914	0.4606682699043254	25	-0.4300954787499356
CES2	CES2	0.19286705664479603	3826.0	0.171892003666935	-0.171892003666935	0.0025148875486563603	3524.0	19.843415568322634	0.12	0.5979172328756236	0.8218200100251819	25	-0.5183923779072189
TRMT1	TRMT1	0.39334960792995094	3825.0	0.17187669397188096	-0.17187669397188096	0.00164053512363706	3280.0	18.469077391010476	0.0	0.32034150470419465	0.22188679354602692	25	-0.6691016096977264
NLE1	NLE1	0.362346862439751	3824.0	0.171860664770402	0.171860664770402	0.000160974993106193	721.0	4.055424129773573	0.08	0.46216794082699425	0.7470246678180645	25	-0.3886180584966916
SFTA2	SFTA2	0.5600669242234639	3823.0	0.17184086373470903	0.17184086373470903	0.0088572750514241	16547.0	93.19589951560211	0.6086956521739131	2.0080321457212786	1.787473509492141	23	-1.0272551018158977
RPS19BP1	RPS19BP1	0.22580573896953304	3822.0	0.171762579051439	-0.171762579051439	0.00272977130974077	1242.0	6.989974090345838	0.04	0.3066184754395691	0.47305278020214725	25	-0.28507579287559165
RAD51D	RAD51D	0.13297102635701	3821.0	0.171696128703595	0.171696128703595	0.013515689196219998	109.0	0.6083136194660358	0.08	0.3996567746257338	0.7427473670823302	25	-0.30691545473613285
SPPL2B	SPPL2B	0.254491088786393	3820.0	0.17168008473843802	0.17168008473843802	1.5423764117321697e-09	11633.0	65.51762982989749	0.28	0.9733129343320693	0.9114185737988064	25	-0.8795441223590753
MFAP1	MFAP1	0.24976144857471105	3819.0	0.17166856765717	0.17166856765717	4.50454499777829e-06	5444.0	30.65787991438549	0.12	0.5443115564850212	0.6248377445042101	25	-0.5963836085535008
DNAJC30	DNAJC30	0.163129277242933	3818.0	0.17166118885495202	0.17166118885495202	0.000966568003689064	5014.0	28.235890503548497	0.04	0.47957434196862514	0.6983139824104122	25	-0.44093797470706636
KLHL25	KLHL25	0.55285811863614	3817.0	0.17163724160940397	-0.17163724160940397	6.2295694310049e-06	7083.0	39.88960234313394	0.12	0.6591089050904451	0.612588904201086	25	-0.7957565997980035
NOP14.AS1	NOP14.AS1	0.39285348847601204	3816.0	0.17159528378129899	0.17159528378129899	0.00309503001012756	124.0	0.6928016221696519	0.0	0.24830862855516828	0.24906041600677342	25	-0.3080109878712441
KRTDAP	KRTDAP	0.8639311595541379	3815.0	0.171529552716855	0.171529552716855	0.0011106706929367301	16960.0	95.52213585670835	0.6956521739130435	3.0516982260887486	2.648725896627377	23	-1.0873789081154879
VPS50	VPS50	0.10231561765573101	3814.0	0.171423160268691	0.171423160268691	9.0704082612748e-07	8784.0	49.470541849724	0.12	0.6122069885355788	0.5210133994236192	25	-0.8460124610125441
PANX2	PANX2	0.529168700729923	3813.0	0.171356004265698	0.171356004265698	1.9893546961890697e-05	11318.0	63.74338177312155	0.32	1.153312981685394	1.55961268886414	25	-0.6296159196645492
ZNF620	ZNF620	0.345271399619757	3812.0	0.171326128656063	-0.171326128656063	0.000603490620514349	7299.0	41.10622958206601	0.04	0.4642478885136013	0.4519095180826782	25	-0.64818674565723
USE1	USE1	0.37262721268641097	3811.0	0.171252137811899	-0.171252137811899	0.0247875237681513	1949.0	10.972175284442942	0.08	0.3654763219646192	0.5204596742393314	25	-0.37317816108728336
CSMD3	CSMD3	0.851443276778585	3810.0	0.171151287472745	-0.171151287472745	0.0458769298880857	10146.0	57.14205249521234	0.25	1.2362326692124765	1.6661356768371811	24	-0.6392524909865512
SLC25A43	SLC25A43	0.376300346799725	3809.0	0.171028031774311	0.171028031774311	1.04521391502071e-08	7505.0	42.26653148586234	0.08	0.5068968343332937	0.4190353080152912	25	-0.8015286448050968
CYLD	CYLD	0.33284652930901504	3808.0	0.17094598279708198	-0.17094598279708198	0.00831131168066984	4812.0	27.098118733806466	0.04	0.3449143411036692	0.31581465551850746	25	-0.5508558746932258
TMC6	TMC6	0.472657297694695	3807.0	0.170839802933221	0.170839802933221	3.30079491402763e-05	9259.0	52.14599526867185	0.2	0.8851726423483403	1.2508322747257363	25	-0.5710860311561335
ACTR3	ACTR3	0.20197296829587602	3806.0	0.17076582481406	0.17076582481406	0.0006435480617800071	4102.0	23.099019939168638	0.08	0.48113436832011786	0.4643695560312824	25	-0.6683653987970516
THTPA	THTPA	0.0781184268588779	3805.0	0.170754038525101	0.170754038525101	0.00194020584601289	1429.0	8.043257857384251	0.08	0.36990402632396857	0.47561690342419194	25	-0.41871932297841447
R3HDM4	R3HDM4	0.402696610729123	3804.0	0.170720082961433	0.170720082961433	1.45472602885855e-06	6776.0	38.1604145544666	0.12	0.6187493182655615	0.701839932498342	25	-0.6383638413238717
RPS25	RPS25	0.32844068447724795	3803.0	0.170688895798853	0.170688895798853	9.363519197141241e-07	7029.0	39.58544553340092	0.04	0.41100025728504713	0.2691959171477042	25	-0.8927006175741459
MGMT	MGMT	0.026748937360893996	3802.0	0.170657029052662	-0.170657029052662	0.0956284869875453	362.0	2.0333445984003604	0.08	0.31651699652477183	0.45793593829552776	25	-0.318516096410803
LIPC	LIPC	0.6109211244082541	3801.0	0.17052360199252697	0.17052360199252697	7.103425091547952e-08	16246.0	91.50050692801622	0.75	2.0355358414379396	1.5000659160918428	24	-1.2432868578898006
CUX2	CUX2	0.789768563711722	3800.0	0.170520965276662	-0.170520965276662	1.85640237836801e-06	14035.0	79.04697532950321	0.5	1.7816933929336851	1.954462134364967	24	-0.8243559183511715
PARP11	PARP11	0.309780281185857	3799.0	0.170494531269374	0.170494531269374	0.000899914677734253	5698.0	32.08854342683339	0.125	0.6908208765721432	1.0960095508929968	24	-0.474746177967904
SNRPA1	SNRPA1	0.14823115401069198	3798.0	0.170401747854508	0.170401747854508	0.000271965536344402	6190.0	34.85974991551199	0.12	0.45651640356632534	0.38939280723062913	25	-0.7347712910946443
LIPE	LIPE	0.579236722135028	3797.0	0.170175394955005	0.170175394955005	7.006131798253305e-15	16905.0	95.21234651346175	0.75	2.4765646632148086	2.2478961555410906	24	-1.026021269965931
AP2A1	AP2A1	0.26537235782543106	3796.0	0.17009652891998198	-0.17009652891998198	4.65040763907905e-09	11749.0	66.17100371747212	0.36	0.8616168203499085	0.6666812845535947	25	-1.0372576933713744
BET1L	BET1L	0.132045588036838	3795.0	0.17004927841387302	0.17004927841387302	0.006426701760595279	1288.0	7.249070631970261	0.04	0.30398855366505173	0.2995393167724818	25	-0.4471509005708045
ABHD14B	ABHD14B	0.299511248444965	3794.0	0.170045630643222	-0.170045630643222	0.233229867133242	19.0	0.1013856032443393	0.12	0.4021190092772652	0.7843448819093901	25	-0.2958818040210696
PEX2	PEX2	0.231231028816416	3793.0	0.170031915088428	0.170031915088428	4.986733298209639e-13	12435.0	70.03492170778415	0.36	0.8566203666660362	0.5279922087911356	25	-1.3003761043171198
RTP4	RTP4	0.279443478332739	3792.0	0.170021254567558	0.170021254567558	3.1552995020052254e-08	14837.0	83.56426720738988	0.625	1.8144691930951415	1.7678754259750038	24	-0.9301831533863035
IMP3	IMP3	0.0913032480339036	3791.0	0.169915273643432	-0.169915273643432	0.000541391253801381	2319.0	13.056212684465471	0.12	0.4654615212680215	0.6763100807491796	25	-0.43699814040506296
MBLAC1	MBLAC1	0.40174708280810706	3790.0	0.16988414882007996	0.16988414882007996	0.00141671270582179	5720.0	32.21245916413202	0.08	0.49000546871735884	0.3629413577165786	25	-0.8820194036615195
ARSA	ARSA	0.461044796085774	3789.0	0.169692442360663	0.169692442360663	0.000390103729251834	7918.0	44.59276782696857	0.12	0.5638572093755619	0.7170431013650855	25	-0.5497086106323311
ZNF140	ZNF140	0.10373319864234101	3788.0	0.169691544295897	0.169691544295897	0.000107395418874759	7252.0	40.841500506928014	0.12	0.571661751003541	0.5355325120942891	25	-0.7505990721939039
LSM1	LSM1	0.268223684807008	3787.0	0.16967781279976	0.16967781279976	3.59343028729224e-06	6553.0	36.904359580939506	0.12	0.522666422140103	0.541675697280348	25	-0.6516604143634881
RIPK2	RIPK2	0.576433707334162	3786.0	0.169646201591842	-0.169646201591842	8.03621188886448e-07	9560.0	53.84138785625774	0.08	0.6083506406954402	0.7089551241860433	25	-0.6188042432266472
PDE6H	PDE6H	0.9294584599062992	3785.0	0.16962936539982199	-0.16962936539982199	4.89008164236675e-05	17436.0	98.20322180916976	0.7391304347826086	2.841029444755718	1.9130775825686277	23	-1.3963887840706872
TRAM1L1	TRAM1L1	0.619228004341667	3784.0	0.16948428089520998	0.16948428089520998	0.00015791504601186024	12466.0	70.20953024670496	0.20833333333333334	0.826908271835001	0.8105612214696053	24	-0.8110725920835868
MICAL3	MICAL3	0.495514515207401	3783.0	0.16946057182257498	-0.16946057182257498	0.00019206855334068002	5388.0	30.342458037625324	0.04	0.39484253338553205	0.22047464618541512	25	-1.0222579578307385
ZBTB8A	ZBTB8A	0.35168173928181795	3782.0	0.16941671328517702	-0.16941671328517702	0.00467023507336297	2957.0	16.649769066125945	0.04	0.45122301428934336	0.5906873741890033	25	-0.47708197824793236
PTGS1	PTGS1	0.4837203651357929	3781.0	0.16930157844050198	-0.16930157844050198	0.0029685105960207602	10350.0	58.29108933198152	0.2916666666666667	1.488871974084849	2.655310408982485	24	-0.49695523023615407
AP5Z1	AP5Z1	0.261390540953778	3780.0	0.16928143603752496	-0.16928143603752496	0.00046951053338053204	5255.0	29.593331080319928	0.12	0.5200750556984746	0.6019395331360933	25	-0.5827721894810955
NEIL2	NEIL2	0.34766707283815695	3779.0	0.169191574562693	0.169191574562693	0.00060883084258804	1951.0	10.98344035147009	0.08	0.43521864245383685	0.6990923796630315	25	-0.38053206647649507
VPS37A	VPS37A	0.22479847953388898	3778.0	0.169107347232387	-0.169107347232387	0.0154277791452692	1513.0	8.516390672524501	0.0	0.2800806322516152	0.21780940882326075	25	-0.5094972050049335
DBNL	DBNL	0.108195823754293	3777.0	0.16909364038977404	-0.16909364038977404	0.0149357624393311	198.0	1.1096091021741579	0.08	0.2947209001324909	0.3141167449069404	25	-0.39993811784830174
PDE7A	PDE7A	0.32145797896718	3776.0	0.169053155394117	-0.169053155394117	0.00238517376144522	1567.0	8.820547482257519	0.12	0.5249291793051094	0.7595548632012505	25	-0.46853234855360276
DDX51	DDX51	0.16231997722394198	3775.0	0.168962445753092	-0.168962445753092	1.17936835053672e-08	6812.0	38.363185760955275	0.08	0.44450032943156964	0.3221820243921112	25	-0.8552242608766237
C19orf12	C19orf12	0.141080917506674	3774.0	0.168907051197552	0.168907051197552	0.0214502298543995	77.0	0.4280725470316548	0.12	0.47381774788396414	0.9235748164502284	25	-0.3301418480187022
MCRIP1	MCRIP1	0.24139766229311102	3773.0	0.16888442859177802	-0.16888442859177802	5.03009921332049e-05	7107.0	40.02478314745972	0.08	0.5329815937638527	0.6296922063213446	25	-0.5782145014929224
UNC45A	UNC45A	0.150922980886344	3772.0	0.16887505220284801	-0.16887505220284801	3.9243569346341296e-05	1727.0	9.721752844429423	0.08	0.4148471263357581	0.5866029084685055	25	-0.41931615166227265
GLTPD2	GLTPD2	0.644902421964999	3771.0	0.16886592858623697	-0.16886592858623697	4.999989496087256e-07	15899.0	89.54601779880589	0.625	1.8214693514221851	1.7180240287868802	24	-0.9619210180679915
MTFMT	MTFMT	0.0722673635182431	3770.0	0.16876609229667	0.16876609229667	0.007546140997094041	316.0	1.7742480567759376	0.04	0.2735311102641115	0.35927719462689284	25	-0.29159940996599937
CAST	CAST	0.124998135807429	3769.0	0.168761023452802	0.168761023452802	1.4387959396281301e-09	6764.0	38.092824152303706	0.16	0.5734839781615224	0.6533148522132246	25	-0.6194914340882451
UBE2J2	UBE2J2	0.24657189140151398	3768.0	0.16875016660112102	0.16875016660112102	7.687135461627361e-06	5866.0	33.03480905711389	0.12	0.5563045465824425	0.6342673825644933	25	-0.6110268171356177
CRYBG3	CRYBG3	0.344206824447854	3767.0	0.16865305325801302	-0.16865305325801302	0.000601610802278329	7011.0	39.48405993015658	0.04	0.4933294794335105	0.2838765453171434	25	-1.1437240290943127
NDST2	NDST2	0.0755217246059168	3766.0	0.16857688956296302	-0.16857688956296302	0.00141531162075454	2884.0	16.238594119635014	0.08	0.4244557198780378	0.612148195898776	25	-0.4180014447961986
G3BP2	G3BP2	0.20990710710832397	3765.0	0.16854631512399	0.16854631512399	0.00581734232165046	4478.0	25.216852540272615	0.12	0.49075386813265587	0.5959684793005016	25	-0.5406452928296585
DNM1	DNM1	0.597583237714262	3764.0	0.16852878013417597	0.16852878013417597	6.999316906803215e-10	12595.0	70.93612706995606	0.375	1.4740674392156325	2.0199462397713317	24	-0.6463234681083643
TRIM45	TRIM45	0.45075673900471797	3763.0	0.168505603649364	-0.168505603649364	7.409275355951871e-05	7408.0	41.72017573504562	0.16	0.8155683319634097	1.1534930857273173	25	-0.5609593471520901
TMC1	TMC1	0.8180281350246892	3762.0	0.168372561179321	0.168372561179321	5.888299341249805e-06	13997.0	78.83293905598738	0.4583333333333333	1.2040578515373743	0.8822759714428369	24	-1.1738790626524005
LYRM7	LYRM7	0.26572500332196103	3761.0	0.168371638204952	0.168371638204952	0.000390733972811258	6718.0	37.83372761067928	0.08	0.5553604420691475	0.6609255201119937	25	-0.5855255881156175
C3orf52	C3orf52	0.604102074703563	3760.0	0.168222629100192	0.168222629100192	4.66021792985402e-06	11393.0	64.16582178663963	0.24	0.7235972994859083	0.49670216028622277	25	-1.1181241290871047
TAF6L	TAF6L	0.104530805795229	3759.0	0.16819692688854798	0.16819692688854798	3.4620815445111105e-09	10119.0	56.98997409034583	0.4	0.9507754127533172	1.0432997587109798	25	-0.750099364377945
SYNCRIP	SYNCRIP	0.14965355666966199	3758.0	0.16818683575110302	0.16818683575110302	0.0097267138848622	3471.0	19.544891292103188	0.04	0.3674190560800848	0.3489552278091032	25	-0.5709392049514508
GNAO1	GNAO1	0.6736551346624	3757.0	0.16814522275535998	0.16814522275535998	4.3445825931533996e-05	12910.0	72.710375126732	0.4166666666666667	1.1599094968751793	1.221065494148946	24	-0.8122121858918434
TAL2	TAL2	0.8578733437900821	3756.0	0.168105427672318	0.168105427672318	0.0793907211596354	11516.0	64.85862340880928	0.2916666666666667	1.283441783784493	1.2522518100647533	24	-0.8906645988832721
VAC14.AS1	VAC14.AS1	0.646883987672777	3755.0	0.16801520904868	0.16801520904868	0.15030633842765803	1663.0	9.361270699560661	0.0	0.3608746489504899	0.43059417878869094	25	-0.4478914239954307
ANKMY1	ANKMY1	0.308583416126926	3754.0	0.167995343665358	-0.167995343665358	0.000686582629775557	3066.0	17.263715219105553	0.16	0.48301915381297184	0.535008101472068	25	-0.5888206352031489
NOL6	NOL6	0.166539430852692	3753.0	0.167985000838988	0.167985000838988	5.09448327533945e-05	3567.0	20.08561450940633	0.16	0.42471138723814833	0.4162471569777761	25	-0.6167642999970502
SEC61A2	SEC61A2	0.106413861629363	3752.0	0.167981162142692	0.167981162142692	0.00120859540753061	1993.0	11.220006759040215	0.12	0.4523941177531759	0.7691607999133258	25	-0.36977047665785034
BDH2	BDH2	0.359309324085708	3751.0	0.167952569722796	-0.167952569722796	0.00907117636891859	2354.0	13.253351357440575	0.12	0.5599233319749559	0.7574429891277477	25	-0.517492098914987
MEG9	MEG9	0.771673617370763	3750.0	0.167936774493052	0.167936774493052	6.57944185921615e-08	15450.0	87.01701025121099	0.6666666666666666	1.9735643101946945	1.637398629869579	24	-1.102741569928798
GPATCH2L	GPATCH2L	0.21234360040884195	3749.0	0.167866850411469	0.167866850411469	0.00804880631947991	3961.0	22.304832713754646	0.04	0.3482932973724779	0.3734390695231328	25	-0.4831482875945638
RCAN3	RCAN3	0.471838744217079	3748.0	0.16786451163949098	0.16786451163949098	6.55015579576747e-07	9313.0	52.45015207840486	0.12	0.7611304453753092	1.3226839054410386	25	-0.4485319064481988
C2	C2	0.637557013922432	3747.0	0.16785720994612	0.16785720994612	0.0033815631550846697	10108.0	56.92801622169652	0.25	0.8211700751227783	0.9217857395575778	24	-0.7087469865721981
UBASH3A	UBASH3A	0.7586329256351371	3746.0	0.16776848749776702	-0.16776848749776702	0.0001839229464383302	15481.0	87.1916187901318	0.6666666666666666	2.1018459100930156	2.085136709368823	24	-0.927554252872321
ING2	ING2	0.392903755583682	3745.0	0.167760697751675	0.167760697751675	0.00905375102847061	742.0	4.173707333558635	0.08	0.4114182227754379	0.6790215712618485	25	-0.3588362068836281
SARAF	SARAF	0.186815516729373	3744.0	0.167635037022936	-0.167635037022936	0.000741614069465437	1581.0	8.899402951447561	0.16	0.4124809991611459	0.4255427466440489	25	-0.5753733651181574
ARIH2OS	ARIH2OS	0.248417085245064	3743.0	0.167599104308447	-0.167599104308447	0.0016200235463578099	4439.0	24.99718373324321	0.12	0.5388221008033338	0.7942344290678237	25	-0.46739726069365123
GNAS	GNAS	0.0144326918942728	3742.0	0.16752463883490398	0.16752463883490398	0.00171613566954195	464.0	2.6078630167849495	0.12	0.34070023328111865	0.4263610738258937	25	-0.4061712127991582
CYP39A1	CYP39A1	0.6868751554348381	3741.0	0.16747190317580699	0.16747190317580699	0.000522310540989823	10882.0	61.2875971612031	0.16	0.8771650537890235	1.0381024251734268	25	-0.683644632170717
DNAJB6	DNAJB6	0.19355823864306196	3740.0	0.16738313102151	-0.16738313102151	0.000168894033220338	4773.0	26.878449926777066	0.08	0.393983302338506	0.40475338318127757	25	-0.5598475040182881
KCTD18	KCTD18	0.11127687497591099	3739.0	0.167332518140928	0.167332518140928	0.000333142280494647	3988.0	22.456911118621157	0.04	0.369417631746712	0.4447419933352536	25	-0.4543873001294236
CIDEB	CIDEB	0.15623797423971	3738.0	0.16732040365818399	-0.16732040365818399	3.204366371381e-06	3574.0	20.125042244001353	0.12	0.5766923100391091	0.6747990862090895	25	-0.6066574699748177
CALY	CALY	0.7774501762847901	3737.0	0.16728741826427698	-0.16728741826427698	2.07287952543844e-05	17396.0	97.97792046862678	0.6086956521739131	2.8433385565087512	2.3282565426231074	23	-1.1493798424934425
C14orf39	C14orf39	0.377443588574068	3736.0	0.167287045633348	0.167287045633348	0.0021778877706541896	6140.0	34.578123239833275	0.08	0.42351114476573065	0.32995403345036994	25	-0.7765448309663492
MED9	MED9	0.322393952645153	3735.0	0.16726500729894198	0.16726500729894198	0.00416915054470012	612.0	3.4414779767939616	0.04	0.3085776556826804	0.4771941719109689	25	-0.2961323853093986
DLGAP4.AS1	DLGAP4.AS1	0.147324912569829	3734.0	0.167210279323479	-0.167210279323479	0.0227241329730513	415.0	2.3318688746198037	0.08	0.2760606592753339	0.2999886492587476	25	-0.3628483284978185
LINC01366	LINC01366	0.8079891192834541	3733.0	0.16717360471481	-0.16717360471481	0.0002723616883044175	13516.0	76.12369043595808	0.4166666666666667	1.1774246914487738	1.1263674008621327	24	-0.8969108001178902
SMG7.AS1	SMG7.AS1	0.5971860170837989	3732.0	0.167167341998981	0.167167341998981	0.0197901004525681	4031.0	22.699110059704857	0.08	0.4335006444274247	0.42690474133255346	25	-0.6238705655905877
PI3	PI3	0.853200786741729	3731.0	0.167109670664691	0.167109670664691	0.054878974683864545	14257.0	80.29739776951672	0.5	2.4988174103447167	3.1198919008165933	24	-0.7473681184497867
DTD1	DTD1	0.138964484442711	3730.0	0.167000913433322	-0.167000913433322	3.5267186811907e-07	4937.0	27.802185423003266	0.0	0.38479435188441413	0.23370331306155542	25	-0.9319227682224909
ARPC1B	ARPC1B	0.30674628496871503	3729.0	0.166967055213999	-0.166967055213999	0.078999178140651	731.0	4.111749464909316	0.08	0.36507084945580215	0.5851308397183846	25	-0.3385632422607357
SMAGP	SMAGP	0.600169515220468	3728.0	0.166904305213835	-0.166904305213835	0.021389968640305	1964.0	11.056663287146558	0.12	0.4431172686313416	0.5410742606375207	25	-0.5104899336591222
HDDC2	HDDC2	0.228185448767446	3727.0	0.166829109363501	-0.166829109363501	6.11272684093008e-05	533.0	2.9965078292215837	0.08	0.39641489318394574	0.5417289548641416	25	-0.4238019433131865
CHD8	CHD8	0.244634308668469	3726.0	0.166753407633338	0.166753407633338	0.0359859716623778	323.0	1.8136757913709585	0.08	0.29700228459339956	0.37358662927641495	25	-0.3486443752345618
RPS6KC1	RPS6KC1	0.0461194381544917	3725.0	0.16673053591708803	0.16673053591708803	0.00031836398579622595	4499.0	25.335135744057677	0.08	0.3924569811317021	0.3626932564463243	25	-0.6223618476568499
VANGL1	VANGL1	0.42866906879874	3724.0	0.166681714201432	0.166681714201432	5.3056958378561103e-05	1757.0	9.890728849836655	0.12	0.714691299425716	1.3221030915204053	25	-0.4144983766690073
TRIM8	TRIM8	0.146872786052904	3723.0	0.166651762667762	-0.166651762667762	9.357533885849329e-05	6002.0	33.800833614960005	0.08	0.5957637747300835	0.9959895161852669	25	-0.4308398884617387
HINT3	HINT3	0.369697080366291	3722.0	0.166631148149754	-0.166631148149754	5.57098310561385e-11	12209.0	68.76196913371633	0.2	0.8024649484843713	0.5198634026957132	25	-1.2230785953339824
NICN1	NICN1	0.329507589541535	3721.0	0.16660431811790197	-0.16660431811790197	0.000213506517047128	2958.0	16.655401599639518	0.16	0.4604352886752235	0.40329449901908215	25	-0.7285766884299077
RNF4	RNF4	0.13381572141404402	3720.0	0.166538412724198	0.166538412724198	0.000145854503206688	3116.0	17.545341894784276	0.08	0.38434413456184147	0.49627481117557876	25	-0.4388812749164197
SYS1	SYS1	0.20523344727940698	3719.0	0.166505087249789	-0.166505087249789	2.13448502800584e-06	3651.0	20.55874732454658	0.08	0.42352091121996494	0.5216298492614592	25	-0.4927168649073045
CRTC1	CRTC1	0.19668849440038896	3718.0	0.166420489396807	-0.166420489396807	1.5149864948890097e-09	13410.0	75.5266418835192	0.4166666666666667	1.413130558417656	1.7464195435038519	24	-0.7138663064429335
TRPM4	TRPM4	0.55784062510074	3717.0	0.166408146152237	0.166408146152237	0.0101912026016841	5940.0	33.45161653711839	0.12	0.521895662781872	0.5535555241805464	25	-0.6421894482145752
COG5	COG5	0.0019179794044458	3716.0	0.166396526656308	0.166396526656308	6.60257395717547e-07	8415.0	47.392136983215046	0.08	0.515632364674925	0.3895743080404649	25	-0.8964550043745237
NDUFV3	NDUFV3	0.0606008446256568	3715.0	0.166267171324086	0.166267171324086	4.06062889992572e-06	2940.0	16.55401599639518	0.04	0.3954274430633167	0.43656770481367624	25	-0.5249134766783414
VWA7	VWA7	0.5603320526532011	3714.0	0.16619881204067402	0.16619881204067402	0.00255605453744077	8901.0	50.12954827081221	0.125	0.6644489904479721	0.7385212941690343	24	-0.6746591903865369
RPL14	RPL14	0.344594351303538	3713.0	0.166162265830413	-0.166162265830413	9.07036459178757e-06	4877.0	27.464233412188804	0.12	0.44436541479455	0.44000647918515395	25	-0.6322705735591444
ING4	ING4	0.266631470106211	3712.0	0.16615363993366197	0.16615363993366197	0.00120966688303945	1535.0	8.640306409823138	0.04	0.34804239011586413	0.5888634617556658	25	-0.3088810259001472
SLC20A2	SLC20A2	0.300387230958862	3711.0	0.166125949240814	0.166125949240814	0.0675271151783128	369.0	2.072772332995381	0.0	0.23351286781863007	0.2261910415730568	25	-0.29792036903482294
ZNF204P	ZNF204P	0.589961292221056	3710.0	0.16609029443392598	0.16609029443392598	0.00024848737500615496	11375.0	64.06443618339529	0.2	0.9133399501579379	1.1158714204888434	25	-0.6696556986795622
ZNF282	ZNF282	0.24406331951998103	3709.0	0.166059883726061	0.166059883726061	1.21009693111352e-06	7498.0	42.227103751267315	0.12	0.6106733832620224	0.6945914192626637	25	-0.6401079644893054
BCL10	BCL10	0.349929171005713	3708.0	0.166049460942452	-0.166049460942452	2.67750389562282e-06	10419.0	58.679734144418155	0.2	0.682954798081527	0.4576996037397625	25	-1.1293550025290728
CYBA	CYBA	0.523538612768637	3707.0	0.165894754325439	-0.165894754325439	3.9541872095431894e-05	11355.0	63.951785513123795	0.36	1.1342038429002208	1.530393445867466	25	-0.6327190509012665
PARP6	PARP6	0.0581254604338721	3706.0	0.165826805279064	0.165826805279064	0.0006509136167387519	1707.0	9.609102174157936	0.12	0.4296343758292527	0.6335294239723324	25	-0.4164093419624812
ZC3H18	ZC3H18	0.28509950861706396	3705.0	0.165826727788918	-0.165826727788918	9.55894195972996e-10	9478.0	53.37952010814464	0.16	0.6879928739204958	0.5238466442677185	25	-0.9967920036244771
LINC01191	LINC01191	0.834178937646213	3704.0	0.165795443279763	-0.165795443279763	0.0003621210411722485	14534.0	81.85760955277684	0.5833333333333334	1.3179995386018089	1.1261165879810515	24	-1.023165902731053
KRT71	KRT71	0.913638424580379	3703.0	0.165789503275716	-0.165789503275716	1.764639011644345e-05	16843.0	94.86312943562014	0.7272727272727273	2.7018093957329126	2.3105294266219025	22	-1.097592553134011
RCOR1	RCOR1	0.0805184006696128	3702.0	0.16572032351562802	-0.16572032351562802	0.00107570152604357	3600.0	20.271488115354288	0.04	0.36862603604510097	0.4032265175194455	25	-0.5032052796966358
BCL9L	BCL9L	0.21314857178284696	3701.0	0.16571497460465698	0.16571497460465698	1.1841362537463499e-06	9842.0	55.429762307085724	0.12	0.8479569175695977	1.429773490309628	25	-0.4771678504244726
PORCN	PORCN	0.48127916569455	3700.0	0.165692168742655	0.165692168742655	0.00928141747311107	879.0	4.945364424918329	0.08	0.6614701639047423	1.215918225542074	25	-0.4077395870442375
GPC1	GPC1	0.364294520207563	3699.0	0.165690782779875	-0.165690782779875	5.1011463550722706e-05	11506.0	64.80229807367354	0.32	1.0015006147241308	1.1380868255428034	25	-0.7343990047030212
PFDN5	PFDN5	0.19481411190168102	3698.0	0.165690744635567	-0.165690744635567	5.715479226238989e-05	4653.0	26.202545905148135	0.04	0.39396693984759357	0.470611056983663	25	-0.485063391147546
FIBP	FIBP	0.129310527280379	3697.0	0.165684598114702	0.165684598114702	0.000103706983694836	1013.0	5.700123915737299	0.08	0.3702488256716677	0.5321450207602384	25	-0.3844144351190567
MTAP	MTAP	0.452456439609003	3696.0	0.16567108323888502	-0.16567108323888502	5.32870601178776e-05	7579.0	42.683338965866845	0.12	0.5251283097924261	0.5381989038453578	25	-0.667889183692624
ACADVL	ACADVL	0.266126817868791	3695.0	0.165667632919214	-0.165667632919214	0.0023374222585476603	1519.0	8.550185873605948	0.12	0.5034886850429416	0.8381883612262716	25	-0.403037154595531
ATG5	ATG5	0.262834351062429	3694.0	0.165594120344734	0.165594120344734	1.43620240613536e-06	7977.0	44.925087304269454	0.12	0.5772272656005837	0.6044099550716296	25	-0.6810495786871452
TBC1D9B	TBC1D9B	0.135588829819904	3693.0	0.165538180161023	0.165538180161023	0.00128688416028555	3938.0	22.175284442942434	0.12	0.4609589049355063	0.46180299749457404	25	-0.6397115791305671
LRP5	LRP5	0.559267619077192	3692.0	0.165522194564447	0.165522194564447	2.42975389479673e-05	10142.0	57.11952236115805	0.28	0.8915917692559375	0.9341380120425167	25	-0.7772615666328798
EPC1	EPC1	0.0797596630287181	3691.0	0.16550013503980499	-0.16550013503980499	0.0018846096400674198	2998.0	16.880702940182495	0.04	0.3174474862570634	0.2634528710657586	25	-0.5767534458917776
COMMD6	COMMD6	0.131194172079524	3690.0	0.165489015927495	-0.165489015927495	6.23966659634647e-08	6913.0	38.93207164582629	0.08	0.517597061253938	0.47369370022766116	25	-0.7433243151792328
RBM33	RBM33	0.0199592276580341	3689.0	0.16546634468235902	-0.16546634468235902	0.000502813679874496	4116.0	23.17787540835868	0.04	0.36285776308132306	0.39791992089317263	25	-0.496058146462983
FTO	FTO	0.265831379330881	3688.0	0.16544832045949698	-0.16544832045949698	0.00102611533469072	4482.0	25.23938267432691	0.04	0.3903581503262346	0.524391049750233	25	-0.42889715599429473
KCNIP3	KCNIP3	0.502511184622581	3687.0	0.165395748456591	0.165395748456591	1.3829631066044262e-05	12293.0	69.2351019488566	0.375	1.1021750703148372	1.4580566353753184	24	-0.6424848659031066
FNDC11	FNDC11	0.6949773720551041	3686.0	0.165269591760257	0.165269591760257	6.862326306443164e-05	13952.0	78.57947504787653	0.5	1.2305788056849745	1.3925303198311751	24	-0.7650168895811701
PKDREJ	PKDREJ	0.711877049675282	3685.0	0.165212550686177	0.165212550686177	3.7466630511418436e-05	17598.0	99.11569223836881	0.8636363636363636	4.489959519534036	3.6792657455168847	22	-1.1754375106276247
CRYAA	CRYAA	0.9082701272155841	3684.0	0.16510768160065803	0.16510768160065803	0.000550852227665977	17622.0	99.2508730426946	0.5714285714285714	3.6577065559578807	2.931843583961425	21	-1.1912637132019577
ZDHHC15	ZDHHC15	0.6790698023876421	3683.0	0.165086174114653	-0.165086174114653	0.015962737591407303	8081.0	45.51087078968119	0.3333333333333333	1.147134326610087	1.7298854937309216	24	-0.5676954665810896
LINC00271	LINC00271	0.7061228636684459	3682.0	0.16506553468790802	-0.16506553468790802	0.0016097477298235006	9161.0	51.594006984341554	0.25	0.7899168824067949	0.9448218309670467	24	-0.661343046105674
COL11A2	COL11A2	0.6585925352967921	3681.0	0.16504255753108898	-0.16504255753108898	1.18569781747737e-09	14997.0	84.46547256956178	0.5416666666666666	1.6374284392774918	1.6886424259535597	24	-0.8719346731531757
IL17RC	IL17RC	0.199295540966673	3680.0	0.16500170817959	-0.16500170817959	0.00270124334384078	3654.0	20.575644925087303	0.2	0.6125213218528481	0.7691154992344948	25	-0.5818626904784483
CLK3	CLK3	0.0850595084708042	3679.0	0.16496673069257597	-0.16496673069257597	0.00327592755689298	356.0	1.9995493973189138	0.08	0.3677425240867678	0.44951218075968574	25	-0.4511018879432725
EIF4H	EIF4H	0.0016010576032167699	3678.0	0.164941561562921	-0.164941561562921	6.11499682694363e-06	962.0	5.412864706545004	0.04	0.3593174980734604	0.31963862329993964	25	-0.6081115432916336
NOM1	NOM1	0.125035262373496	3677.0	0.164874711019607	0.164874711019607	0.000226483904361398	5318.0	29.948180691675116	0.04	0.34759373567447177	0.25300982753575685	25	-0.7221815311859451
FXR1	FXR1	0.0717002100563868	3676.0	0.164872529970931	0.164872529970931	0.000427916166546773	2365.0	13.315309226089894	0.08	0.418759852527084	0.4954223155688853	25	-0.5124664646254748
TRIM13	TRIM13	0.21683917535166	3675.0	0.164860689304702	0.164860689304702	6.950568506278909e-06	6729.0	37.8956854793286	0.16	0.5860221804127014	0.7445625604106748	25	-0.5656495686214753
ULK1	ULK1	0.171789345774954	3674.0	0.16478170693705	-0.16478170693705	6.552028605852671e-09	12581.0	70.85727160076603	0.32	1.0363754393487954	1.296406158609779	25	-0.672315328512796
HGSNAT	HGSNAT	0.10340693717752698	3673.0	0.16475872129656602	-0.16475872129656602	3.29657450755344e-07	6693.0	37.69291427283992	0.12	0.5452067362237542	0.5720965379330201	25	-0.6650066723034955
EXOC5	EXOC5	0.43984110562007794	3672.0	0.164711606712445	0.164711606712445	0.0041175737765727395	2351.0	13.236453756899852	0.04	0.3289896194739312	0.29324550266070637	25	-0.560206418413723
CEP126	CEP126	0.578291211948919	3671.0	0.164642891504813	-0.164642891504813	1.4596228534704199e-05	7354.0	41.4160189253126	0.08	0.6716943219268119	1.0490580485814884	25	-0.4833397266315452
RPP38	RPP38	0.15030712819371397	3670.0	0.164637123271548	0.164637123271548	2.38144157049388e-06	4969.0	27.982426495437647	0.12	0.4908906491264776	0.5759633890599934	25	-0.5664483751083463
CYSRT1	CYSRT1	0.550693534826432	3669.0	0.164635869279112	0.164635869279112	0.09985696453595365	7814.0	44.00698434155683	0.25	0.8145935932814484	1.0749601465372987	24	-0.6046342518799458
PI4KA	PI4KA	0.0399439023376092	3668.0	0.164612534101729	-0.164612534101729	6.02425081614062e-06	6870.0	38.68987270474259	0.16	0.6668980094053112	0.7908185699281212	25	-0.6351462831092038
BCL2L1	BCL2L1	0.484741970804687	3667.0	0.164563043318417	0.164563043318417	0.000472939945389621	2256.0	12.701363073110285	0.08	0.5121204855318243	0.8087379608205939	25	-0.4297528483277263
RBM25	RBM25	0.23329521023183	3666.0	0.16446627773525	0.16446627773525	0.0037020842329875798	5789.0	32.60110397656866	0.08	0.5260614441063158	0.6391553626334514	25	-0.5657390792767809
MARK4	MARK4	0.12327750316969	3665.0	0.164455151061056	-0.164455151061056	2.4196457851078e-09	10395.0	58.54455334009237	0.28	0.8329167029088113	0.9743817649532481	25	-0.6860365986835034
ZNF614	ZNF614	0.232899505844582	3664.0	0.164450202691178	-0.164450202691178	0.0018608782967223301	8012.0	45.12222597724456	0.08	0.5376939473068814	0.6003289149451566	25	-0.6217320794048397
CTNS	CTNS	0.16223069336121498	3663.0	0.16443274090875598	-0.16443274090875598	0.00973353717718563	131.0	0.7322293567646727	0.12	0.33128423670349944	0.36189170816470895	25	-0.46105365784950175
FSTL1	FSTL1	0.5545434843352939	3662.0	0.16441005714562099	-0.16441005714562099	0.0021449439966649	7820.0	44.040779542638276	0.2	0.8884832627817566	1.468805673279035	25	-0.4929673263173599
ANO8	ANO8	0.285398630963028	3661.0	0.164346306822703	0.164346306822703	2.01206651097572e-08	10337.0	58.217866396305055	0.36	0.9458794568445424	1.1539166698570535	25	-0.6772873383644378
TMEM143	TMEM143	0.34812784617264303	3660.0	0.164319921793779	0.164319921793779	3.42848486440667e-06	3485.0	19.62374676129323	0.08	0.4369298287994499	0.5113579006758349	25	-0.5331097977470901
CECR2	CECR2	0.7070516370616681	3659.0	0.164279813120946	-0.164279813120946	1.51159695806725e-06	13066.0	73.5890503548496	0.44	1.1906867783846464	1.2230586929183753	25	-0.8392131720306581
KCNV2	KCNV2	0.7574029429536792	3658.0	0.16422490812089902	-0.16422490812089902	0.0001333569487316135	14612.0	82.29694716683564	0.5416666666666666	1.7468144458079775	1.8600631579336722	24	-0.8508256996204168
HAGH	HAGH	0.44143484630951096	3657.0	0.16417487515328902	-0.16417487515328902	0.000895071837888193	965.0	5.429762307085728	0.04	0.3399829961174364	0.2751271292769637	25	-0.639006852672699
FARP2	FARP2	0.4128884323946379	3656.0	0.16414574977109603	0.16414574977109603	0.0056129504766871	1283.0	7.220907964402389	0.04	0.27880060303673043	0.27417189036846057	25	-0.41818602596914417
RALGAPB	RALGAPB	0.13868388416093602	3655.0	0.16413134342022798	0.16413134342022798	0.0067847055976909	5369.0	30.23543990086741	0.08	0.4238878578472447	0.5592367718275009	25	-0.46448396727949753
ATP2B3	ATP2B3	0.8155865159639059	3654.0	0.16399115500422398	0.16399115500422398	0.0001984579451475845	16524.0	93.0663512447899	0.6666666666666666	1.973910836237663	1.5346760361182945	24	-1.1793496729194568
MAST4	MAST4	0.44944226287215705	3653.0	0.16398952967023003	0.16398952967023003	0.0209413313512535	3812.0	21.46558522023206	0.08	0.35575472235531547	0.3634427877382883	25	-0.5276351578702223
WDR60	WDR60	0.177593601105805	3652.0	0.16396868133366901	0.16396868133366901	2.73662433134719e-06	5517.0	31.069054860876424	0.04	0.40436682691589804	0.3115104031689542	25	-0.7717178724584811
ACER3	ACER3	0.1954705532595	3651.0	0.163959438499422	-0.163959438499422	0.00110776052248355	3133.0	17.64109496451504	0.12	0.4728983867019091	0.6910102846114047	25	-0.44708299584313926
DNAJB7	DNAJB7	0.77969221628371	3650.0	0.163941065671948	0.163941065671948	0.00161029094268212	6119.0	34.45984003604821	0.08	0.5242089406744539	0.6984522090390068	25	-0.5158089133946541
FER	FER	0.33013174521711497	3649.0	0.16393528160610502	-0.16393528160610502	0.00303913088458272	3578.0	20.14757237805565	0.08	0.4443040965934489	0.40674280092035464	25	-0.6893024642426152
SRM	SRM	0.5147623998434211	3648.0	0.163899922186115	0.163899922186115	3.47158798013471e-06	6959.0	39.191168187450714	0.12	0.618092287181937	0.7315531096131359	25	-0.6208604119474123
ROM1	ROM1	0.287339085267123	3647.0	0.163857957706933	-0.163857957706933	3.0411519268861702e-05	6076.0	34.21764109496451	0.08	0.7694932297238393	1.4437583948351147	25	-0.4194851951569592
MOV10	MOV10	0.173491429358991	3646.0	0.163828778731195	-0.163828778731195	0.0188767177885408	1193.0	6.713979948180691	0.08	0.42279984309588464	0.6407866244450765	25	-0.40414555249020606
MTF1	MTF1	0.25476762821903004	3645.0	0.163827993927531	-0.163827993927531	0.000838100726360375	4672.0	26.30956404190605	0.04	0.3814676852841459	0.3865558283598371	25	-0.5630226616425983
TBK1	TBK1	0.168597046784373	3644.0	0.163679244562751	0.163679244562751	1.44444247688579e-06	10383.0	58.47696293792948	0.08	0.5736190211358836	0.4482805799079652	25	-0.9144714157755748
SHD	SHD	0.814918590952963	3643.0	0.16365905994019597	-0.16365905994019597	7.503829952030561e-11	17355.0	97.74698659457023	0.6666666666666666	3.057442453944791	2.2611763239794183	24	-1.279769013728155
NDST3	NDST3	0.7918957163924499	3642.0	0.163657592419568	0.163657592419568	1.0755856756528801e-05	13755.0	77.46986594570237	0.4583333333333333	1.6623033127296472	1.7547005999848242	24	-0.8540748890853747
EPSTI1	EPSTI1	0.55647373182899	3641.0	0.163624562338324	-0.163624562338324	0.0021528287307252102	8532.0	48.051143404303254	0.2916666666666667	0.9173220805558118	1.09662720246303	24	-0.6872869070953918
PIGK	PIGK	0.344741831730074	3640.0	0.16348417726431	-0.16348417726431	4.2592065328164103e-07	8673.0	48.845330629717246	0.08	0.6023423284674453	0.6001365609172584	25	-0.7312638152429464
KDM2A	KDM2A	0.0209084568621257	3639.0	0.16347918712050197	0.16347918712050197	0.0008018326384002679	1463.0	8.23476399684578	0.04	0.36370040532648745	0.43192973941094437	25	-0.4635504341031078
ZNF555	ZNF555	0.422547787498815	3638.0	0.16344599284812802	-0.16344599284812802	0.0198818697746027	1588.0	8.93883068604258	0.04	0.32870766071369284	0.49065196492408814	25	-0.33682055648372566
FAM104A	FAM104A	0.031008736214582996	3637.0	0.163427799095647	0.163427799095647	4.59800983250558e-05	4820.0	27.143179001915062	0.12	0.5796383536639188	0.7344015635105646	25	-0.5667342980299694
DYNLL1	DYNLL1	0.218726619596406	3636.0	0.163411575455291	-0.163411575455291	3.3931130630609697e-07	8137.0	45.82629266644136	0.12	0.5500329952468694	0.5131939030506432	25	-0.7533632365726405
KLHL40	KLHL40	0.9399886312404859	3635.0	0.163399527813301	0.163399527813301	1.84134097327476e-06	17650.0	99.40858398107468	0.7272727272727273	3.852789808181249	2.7303258822023486	22	-1.3512637097341633
AARS2	AARS2	0.288454392827998	3634.0	0.16339836993562198	0.16339836993562198	0.0548796989366665	2509.0	14.126394052044608	0.04	0.28204520699353186	0.3307620546417677	25	-0.3587075221987313
SNAPC4	SNAPC4	0.0842603198981337	3633.0	0.163377879301212	-0.163377879301212	6.61408313384529e-07	9363.0	52.731778754083585	0.24	0.7299054340171334	0.6440881705679662	25	-0.8795807477978509
PCTP	PCTP	0.5309915007685879	3632.0	0.16332753906852202	0.16332753906852202	0.00522267465331217	540.0	3.0359355638166043	0.12	0.4897482595748013	0.6929883935551702	25	-0.47103345963945387
KHDRBS1	KHDRBS1	0.10577899777001301	3631.0	0.163259607828355	0.163259607828355	0.0118999504500943	1606.0	9.04021628928692	0.04	0.31764727368932255	0.5196196440207166	25	-0.2971166845547747
GZF1	GZF1	0.21714164852285398	3630.0	0.16319344731672	-0.16319344731672	0.000343938646267604	1331.0	7.49126957305396	0.04	0.3757206577834962	0.3206062906268008	25	-0.6628915797356167
UBXN1	UBXN1	0.28696845791313397	3629.0	0.163177578811499	-0.163177578811499	0.0751176853257209	460.0	2.585332882730652	0.04	0.25713403525114015	0.30313198519007195	25	-0.30995230140668895
AAK1	AAK1	0.32665054679909805	3628.0	0.16314753319966802	-0.16314753319966802	0.0115536291094018	1348.0	7.587022642784724	0.12	0.40948554973927576	0.4603784667317301	25	-0.5350771904871755
ACTA2	ACTA2	0.632711601908085	3627.0	0.16304623597109302	-0.16304623597109302	0.00026124707015341106	12415.0	69.92227103751267	0.2916666666666667	1.3723237873821723	2.088534619298566	24	-0.5790076641474178
CALCB	CALCB	0.783199931812064	3626.0	0.16303887000526002	0.16303887000526002	7.077368491243121e-05	14705.0	82.82077278359806	0.5833333333333334	2.1595193726357045	2.173849617092215	24	-0.9184078268031148
EIF2S1	EIF2S1	0.24150850037930102	3625.0	0.163033345962887	0.163033345962887	1.8294529228058697e-07	9709.0	54.680635349780324	0.16	0.6457292663876543	0.5419801048305692	25	-0.8906155707978708
STX17	STX17	0.286834471474713	3624.0	0.162983983613546	0.162983983613546	0.000722898541968883	6081.0	34.24580376253238	0.08	0.4614233613516771	0.36940889413660244	25	-0.8078835742048275
ZZZ3	ZZZ3	0.445386562190521	3623.0	0.162922113119558	0.162922113119558	5.29528765587424e-07	9610.0	54.12301453193646	0.12	0.548544180586377	0.3985221653159053	25	-0.9676301622047534
NCOA5	NCOA5	0.15224600615497197	3622.0	0.16291296965072502	-0.16291296965072502	0.00310239476649583	732.0	4.117381998422891	0.12	0.42448774713968956	0.5431956852207505	25	-0.48154796624104734
LINC00545	LINC00545	0.914620102624747	3621.0	0.16276584663634802	0.16276584663634802	0.00011852590771641751	16706.0	94.09147234426044	0.7083333333333334	2.221460011357807	1.5913125462894544	24	-1.2937082470202492
LSM3	LSM3	0.291585028630145	3620.0	0.162643089017216	-0.162643089017216	6.96558712622766e-05	5122.0	28.84420412301453	0.12	0.49340677460705223	0.3960802007013755	25	-0.8350927034578418
TUBGCP2	TUBGCP2	0.117611052645733	3619.0	0.162643057973672	-0.162643057973672	0.00011860129888955801	2694.0	15.168412752055874	0.0	0.3300829727192667	0.26226066669357334	25	-0.6384484446584294
RPUSD2	RPUSD2	0.19616393371867702	3618.0	0.16263565565434	0.16263565565434	4.02728527536808e-07	6151.0	34.64008110848259	0.08	0.5264703877581692	0.5343214737376318	25	-0.6809285233452609
MAP4K1	MAP4K1	0.70652149207222	3617.0	0.16256343886998	-0.16256343886998	2.678970551639505e-06	13765.0	77.52619128083812	0.5	1.345681642458941	1.4451112578824485	24	-0.8187038867322982
PNISR	PNISR	0.10004018833272099	3616.0	0.162555121752143	0.162555121752143	0.00016025869073700601	5813.0	32.736284780894444	0.08	0.39881761059717424	0.2978881637138051	25	-0.7931247952235507
MTRF1L	MTRF1L	0.14308739289555403	3615.0	0.162552411728246	-0.162552411728246	0.0995147189931927	26.0	0.14081333783936015	0.04	0.3102604085129328	0.3280412427580701	25	-0.45027264115573784
LINC01431	LINC01431	0.7977458862130171	3614.0	0.16255161573509	-0.16255161573509	0.23432927394346903	3719.0	20.94175960346964	0.041666666666666664	0.4365174040569579	0.5870449489682407	24	-0.46668622020064354
PPP1R12B	PPP1R12B	0.518618672881509	3613.0	0.16253258980787302	-0.16253258980787302	0.00058113729476122	3031.0	17.06657654613045	0.08	0.44299961640704444	0.5692961327768374	25	-0.4926557734217277
ZBTB1	ZBTB1	0.13227684026656097	3612.0	0.162452738260772	0.162452738260772	0.00208791562868616	7504.0	42.26089895234876	0.12	0.5073528263701382	0.6653687832803856	25	-0.5183592870241791
ANKRD24	ANKRD24	0.6157577368517889	3611.0	0.162369489716285	-0.162369489716285	8.32354185265182e-09	12804.0	72.11332657429311	0.32	0.9537053233806267	0.8742770339224046	25	-0.9051316721818129
SNX32	SNX32	0.178022290726832	3610.0	0.16235955166397598	-0.16235955166397598	0.015107229564605	1566.0	8.814914948743944	0.08	0.351064061234555	0.3886485363004518	25	-0.48554025538564644
FBLN2	FBLN2	0.641319942724073	3609.0	0.162359270902297	-0.162359270902297	4.6186912537212396e-10	14708.0	82.83767038413878	0.625	1.5971184313780684	1.3482644128200345	24	-1.064152659399223
TCTN3	TCTN3	0.0471789115694532	3608.0	0.162305686720712	0.162305686720712	0.0004949940851652429	6185.0	34.83158724794412	0.08	0.408576920528211	0.3655654719194216	25	-0.6736720306609876
ZHX2	ZHX2	0.51139506946214	3607.0	0.16218889757666102	-0.16218889757666102	0.02005909128908505	3462.0	19.49419849048102	0.08333333333333333	1.0055175176480255	2.269352881342294	24	-0.37161634358625895
OSGEP	OSGEP	0.246478455087316	3606.0	0.16202496526451401	0.16202496526451401	0.00043131297079469197	2283.0	12.853441477976792	0.04	0.2853884861071285	0.3225001536484589	25	-0.382522363003544
ZMIZ2	ZMIZ2	0.143408930804345	3605.0	0.161992723999716	0.161992723999716	0.000332252085300664	4746.0	26.726371521910554	0.2	0.6509422787198289	0.9212143708397285	25	-0.5307663125949863
GULP1	GULP1	0.539952587082645	3604.0	0.16197857038240698	-0.16197857038240698	0.00592272490708594	8322.0	46.86831136645262	0.16	1.2800355441742417	3.403870152334676	25	-0.3284663996436445
CROCCP2	CROCCP2	0.648908856269203	3603.0	0.16174068512556697	0.16174068512556697	2.6752973339249e-08	9644.0	54.31452067139799	0.2	0.6920325000485499	0.612583795120016	25	-0.8656641248877459
RPIA	RPIA	0.0259182267069075	3602.0	0.161712511626435	-0.161712511626435	0.00538511046811259	1060.0	5.964852990875296	0.08	0.45050286412937424	0.632170510700945	25	-0.4568235114015855
CCDC88A	CCDC88A	0.450942899529748	3601.0	0.161594071477905	-0.161594071477905	0.0172637379686133	4645.0	26.157485637039542	0.08	0.4304010917618224	0.3533765411915893	25	-0.7606815647057311
APTX	APTX	0.0459661926842693	3600.0	0.161557469552258	0.161557469552258	5.47226832938539e-06	5552.0	31.266193533851528	0.12	0.4878526764568127	0.5443651609670467	25	-0.5994050139522192
CMC1	CMC1	0.240277697660685	3599.0	0.161549296281768	-0.161549296281768	5.7912400312856904e-06	7583.0	42.70586909992114	0.04	0.45300400475596353	0.3923927532839987	25	-0.7427627193289471
DOCK4.AS1	DOCK4.AS1	0.79182797044571	3598.0	0.161528707607656	-0.161528707607656	0.01977530797087975	13427.0	75.62239495324997	0.3333333333333333	1.276025922357703	1.2857367012957666	24	-0.8668160546610016
CNNM4	CNNM4	0.33689847408745	3597.0	0.16150913377306197	0.16150913377306197	0.0136329873457084	1689.0	9.507716570913596	0.12	0.4327219762926735	0.5053631365102551	25	-0.536669224416427
NXN	NXN	0.597583237714262	3596.0	0.16150296464896	-0.16150296464896	1.2341758455951e-06	7038.0	39.63613833502309	0.24	0.8480901436876453	1.201484984080145	25	-0.5714488221959224
NRL	NRL	0.385474389372022	3595.0	0.161395217540416	-0.161395217540416	7.55339981100718e-08	10286.0	57.930607187112756	0.32	0.9237767836461924	0.9874295352667166	25	-0.7720870592551681
CRYZL1	CRYZL1	0.24141893268318	3594.0	0.16133405426031303	0.16133405426031303	0.00255026080895458	2993.0	16.852540272614622	0.12	0.47519474541228085	0.4866301301264707	25	-0.6449676493940033
REV1	REV1	0.0495623160214544	3593.0	0.161320386830234	0.161320386830234	0.000826061933964368	2437.0	13.720851639067252	0.04	0.37159513195834637	0.4415298381122236	25	-0.4762413023481028
TAGLN2	TAGLN2	0.47222385941516104	3592.0	0.16130675422168803	-0.16130675422168803	0.000619056398255368	4890.0	27.53745634786527	0.16	0.4669846169498221	0.4810790778424704	25	-0.635400450377159
TSEN15	TSEN15	0.315978099323518	3591.0	0.16118535236674802	0.16118535236674802	9.649338615856009e-07	9154.0	51.55457924974653	0.12	0.84925275972526	1.4151749540983898	25	-0.4862066031947837
KIAA0895L	KIAA0895L	0.37800814722808895	3590.0	0.161023444222953	-0.161023444222953	1.10922935255447e-08	8683.0	48.901655964852985	0.16	0.7538057316309874	0.9622500619932913	25	-0.6160376713097756
INVS	INVS	0.29738464573119605	3589.0	0.16093740259356698	-0.16093740259356698	0.0035459966897349797	1628.0	9.164132026585557	0.08	0.3644391256062719	0.4472098424168639	25	-0.45504750502117086
HNRNPUL2	HNRNPUL2	0.048680462501392	3588.0	0.160862386804667	0.160862386804667	0.0010226898386525801	3082.0	17.353835755322745	0.16	0.5836873510472043	0.6549055657622189	25	-0.6456273794992532
GK5	GK5	0.23992901508226	3587.0	0.16082318619514002	0.16082318619514002	1.43935747068558e-07	10442.0	58.80928241523036	0.12	0.5725549598750196	0.3294945167801236	25	-1.2495861166473798
APLP2	APLP2	0.326672620463246	3586.0	0.16063410729748098	0.16063410729748098	0.000278775722498225	1243.0	6.995606623859412	0.12	0.35817289665138474	0.38060929070702654	25	-0.5190067457022718
PGD	PGD	0.496586346549727	3585.0	0.16062956714854001	0.16062956714854001	0.0008500173833563759	4080.0	22.97510420187	0.08	0.45199590072400603	0.591383118657425	25	-0.4926862542795173
EGLN1	EGLN1	0.22930876127764702	3584.0	0.160555599679696	0.160555599679696	0.0034299604112666	336.0	1.8868987270474258	0.04	0.225575575459889	0.28547278748616983	25	-0.22776243001215307
TSPAN31	TSPAN31	0.117264362579885	3583.0	0.160549428941867	0.160549428941867	4.37033677819637e-08	2216.0	12.476061732567308	0.08	0.4274793009117657	0.6320594045742418	25	-0.4223176967831116
VAMP8	VAMP8	0.22283328348139897	3582.0	0.160529981931331	0.160529981931331	3.2791247333051804e-05	11526.0	64.91494874394502	0.28	0.7633413243600089	0.5801896958075097	25	-1.0389900868364843
FAM32A	FAM32A	0.0762950351160044	3581.0	0.16042124103611402	-0.16042124103611402	8.91519268813511e-06	2360.0	13.287146558522021	0.12	0.47056730032747285	0.6126355014807102	25	-0.5062489172464718
PHF10	PHF10	0.113491729883841	3580.0	0.160419025321825	-0.160419025321825	0.000102274894368464	3778.0	21.27407908077053	0.12	0.48662317881727474	0.5398104271263408	25	-0.6042939096823018
ZNF852	ZNF852	0.371662036858364	3579.0	0.160244615149337	0.160244615149337	0.006055418956807021	5432.0	30.590289512222597	0.0	0.4029784475434037	0.32048958985346115	25	-0.7573844520349411
PTBP2	PTBP2	0.41610696408723796	3578.0	0.160078659301838	-0.160078659301838	0.00041974608082637996	8962.0	50.47313281514025	0.16	0.6962745422188487	0.7828072782982841	25	-0.6849653775353585
VEZF1	VEZF1	0.147324912569829	3577.0	0.160028577075833	-0.160028577075833	0.000674650303668582	3002.0	16.90323307423679	0.08	0.5509786586999179	0.8988432878742756	25	-0.4349479902649821
PDPK1	PDPK1	0.309968368090797	3576.0	0.16000450146481	0.16000450146481	0.000292960056376556	3012.0	16.959558409372537	0.12	0.4840490483761284	0.5744430252744331	25	-0.5641021522656839
PI4K2A	PI4K2A	0.307476744434776	3575.0	0.159952418610079	-0.159952418610079	4.7423756086265506e-05	2067.0	11.636814239044721	0.08	0.4081416241353882	0.49271671586198057	25	-0.5037158219629629
WARS2	WARS2	0.25524363799513	3574.0	0.159907416127699	-0.159907416127699	0.000334142537726742	3144.0	17.703052833164357	0.04	0.3598023914173153	0.4206163657524559	25	-0.47524298045801644
PPIG	PPIG	0.18978433324880303	3573.0	0.159861866198762	0.159861866198762	7.275357582016801e-05	5587.0	31.46333220682663	0.16	0.6542690923397343	0.7529826817666813	25	-0.6565984027427726
NMRK1	NMRK1	0.41878903660686	3572.0	0.159838759957074	-0.159838759957074	4.0066373123393395e-09	10269.0	57.834854117381994	0.24	0.6633006662615993	0.45300447899142776	25	-1.111383947958829
MREG	MREG	0.3834139180662379	3571.0	0.1597885714123	-0.1597885714123	8.081284738716891e-05	8730.0	49.166385039990985	0.12	0.6105868948163894	0.6446149108146332	25	-0.6993296553354502
PLD3	PLD3	0.469525823540307	3570.0	0.15974031317055198	0.15974031317055198	0.000544468425281813	7816.0	44.018249408583976	0.12	0.4911732285761072	0.3726003741409653	25	-0.8895131041391942
TOP3A	TOP3A	0.33494305005665104	3569.0	0.15966796202362	0.15966796202362	0.000411118201941638	2577.0	14.509406330967668	0.08	0.39973405847782806	0.5888204566780647	25	-0.40770678690170453
PDLIM7	PDLIM7	0.488504048931021	3568.0	0.159652091256217	-0.159652091256217	1.1915440431213999e-08	9564.0	53.86391799031204	0.2	0.7918563708643809	0.7564029539655557	25	-0.835803557209472
TOPORS	TOPORS	0.0740437531534939	3567.0	0.159614457846263	-0.159614457846263	0.00204709782519409	3218.0	18.119860313168864	0.04	0.4398850267241576	0.5279917377749883	25	-0.5308237777715683
PPM1N	PPM1N	0.569204018219131	3566.0	0.159550252211146	0.159550252211146	0.004357655586148324	10545.0	59.38943336712853	0.125	0.6123626657947635	0.42081612088913417	24	-1.0760339043734328
ZNF445	ZNF445	0.0619659877393634	3565.0	0.159507796769609	-0.159507796769609	0.0393187387681255	1645.0	9.259885096316323	0.08	0.3751237414612487	0.4813118416652338	25	-0.4479755659982428
GPR135	GPR135	0.451387740448669	3564.0	0.159471942157911	-0.159471942157911	0.00112021571813541	2760.0	15.540159963951785	0.12	0.4491293368140446	0.5214244257812096	25	-0.555511748844835
LMO4	LMO4	0.426165195381472	3563.0	0.15944411981484502	-0.15944411981484502	1.4313188131024402e-05	3081.0	17.34820322180917	0.08	0.53249934465625	0.9809694391571039	25	-0.3802924025461507
C4orf33	C4orf33	0.403433424950885	3562.0	0.15939898681459302	0.15939898681459302	6.947658670518861e-08	8536.0	48.073673538357546	0.16	0.6438530862012523	0.4869229972263528	25	-0.9949295928642576
CT62	CT62	0.80058999382445	3561.0	0.159335502487948	-0.159335502487948	0.00885503134361844	9694.0	54.59614734707671	0.21739130434782608	1.0317794250434658	1.4632760422254294	23	-0.5962264790645091
ARMC5	ARMC5	0.221009134263107	3560.0	0.159099553743461	-0.159099553743461	1.46327765845689e-07	11572.0	65.17404528556945	0.16	0.7670323896222689	0.5851322000850971	25	-1.038966640001003
DEF6	DEF6	0.5735137628680921	3559.0	0.15909410978629798	0.15909410978629798	3.39980436316799e-06	11202.0	63.09000788554692	0.2916666666666667	0.9239088325981721	0.9405803588868071	24	-0.8131306544791616
MAGI2	MAGI2	0.673256776729996	3558.0	0.159086662388594	0.159086662388594	0.000957959404478887	5474.0	30.826855919792724	0.20833333333333334	0.7798864762951094	1.220273204664077	24	-0.5087383804984985
CDK15	CDK15	0.6140751472337651	3557.0	0.15899778347256302	0.15899778347256302	0.0008701978987255145	12094.0	68.11422777965528	0.375	1.3939084697884372	1.6177726333989888	24	-0.7633400768569621
TTF1	TTF1	0.136812938851145	3556.0	0.15894051729774303	-0.15894051729774303	0.00016132397093726	2346.0	13.208291089331981	0.12	0.5238935840493082	0.7191619419218375	25	-0.5074699389351589
LETMD1	LETMD1	0.0906128767006348	3555.0	0.158906302108733	0.158906302108733	1.46674020041683e-06	2648.0	14.90931621043145	0.04	0.38248329156088845	0.4636447088727523	25	-0.48221619954583883
NYNRIN	NYNRIN	0.680412207505277	3554.0	0.1588870421385	0.1588870421385	1.639167481766205e-05	17154.0	96.61484735834178	0.75	2.935166883080807	2.4728684348830305	24	-1.1226961377238123
WWC1	WWC1	0.5357202796862139	3553.0	0.15885111753150902	-0.15885111753150902	0.0576648436530916	5939.0	33.44598400360482	0.08	0.5383210642246054	0.6601649081689677	25	-0.5748108419540104
SDK1	SDK1	0.383372914997052	3552.0	0.15877385007521802	0.15877385007521802	4.049144226183412e-06	9743.0	54.872141489241855	0.20833333333333334	0.8027481591371735	0.9161294438105391	24	-0.7029293877767049
LRP6	LRP6	0.38136552041810495	3551.0	0.158736176654415	0.158736176654415	0.0026615255500757303	7476.0	42.103188013968676	0.08	0.5931762371056397	0.8040655390441581	25	-0.5403042903289578
ZSCAN29	ZSCAN29	0.147799049171703	3550.0	0.158735554500461	0.158735554500461	0.00855907163246278	2047.0	11.524163568773233	0.12	0.3573179824702507	0.45007490181359394	25	-0.4412208438408679
CHCHD4	CHCHD4	0.229718214823386	3549.0	0.15869363017810903	-0.15869363017810903	2.3661500999926897e-07	7413.0	41.74833840261349	0.04	0.5135147509482424	0.4519327499726752	25	-0.7851192921769592
LRP11	LRP11	0.397729662420512	3548.0	0.158668032977452	0.158668032977452	3.8816269304788e-07	8634.0	48.62566182268784	0.08	0.6140645734909003	0.7141640524485731	25	-0.6376637678024845
RALGPS1	RALGPS1	0.33013174521711497	3547.0	0.158605261802363	0.158605261802363	0.00610986775866515	4130.0	23.256730877548723	0.08	0.5870341224922739	0.8569341309406759	25	-0.4999554168995637
MSC	MSC	0.781594199071648	3546.0	0.158510041144812	-0.158510041144812	0.0002827560976323085	13396.0	75.44778641432916	0.4583333333333333	1.7766897374395103	2.267155179697529	24	-0.7137489796841285
ABHD4	ABHD4	0.19726514137464396	3545.0	0.15850518645880898	0.15850518645880898	0.000278041838726688	4286.0	24.13540610566633	0.12	0.6653994819401601	1.1191272105806103	25	-0.4529371555699831
S100A13	S100A13	0.191052496992052	3544.0	0.158478224535599	-0.158478224535599	3.7926959554986896e-05	9887.0	55.68322631519657	0.08	0.6647802128646699	0.6999463173953955	25	-0.7233440276007109
WDR61	WDR61	0.108147580461102	3543.0	0.15842270576503303	0.15842270576503303	1.26941238645336e-05	4580.0	25.791370958657204	0.0	0.3761122205587023	0.2902430059584098	25	-0.7500250146419134
NAV2.AS4	NAV2.AS4	0.913481950815213	3542.0	0.158420126942571	0.158420126942571	0.0022725763061515482	15435.0	86.93252224850737	0.5454545454545454	1.6366336515439777	1.139743082067941	22	-1.2969708242662439
KIF9.AS1	KIF9.AS1	0.426165195381472	3541.0	0.15834529437026998	-0.15834529437026998	0.0267284129436401	192.0	1.0758139010927112	0.08	0.36941322592765774	0.5733429076947849	25	-0.3681355934200346
TP53I3	TP53I3	0.134664545488768	3540.0	0.15827522406230302	-0.15827522406230302	0.0152753981333519	2199.0	12.380308662836542	0.12	0.5362602679502994	1.1040772844919917	25	-0.34235379098657476
PBX3	PBX3	0.345082581690002	3539.0	0.158077751323554	-0.158077751323554	0.00787946727833523	2126.0	11.969133716345612	0.04	0.353712365926211	0.3463082875940394	25	-0.5649146197505677
DLGAP1.AS3	DLGAP1.AS3	0.8859368116021991	3538.0	0.158052293558199	-0.158052293558199	0.001248275301911885	12766.0	71.89929030077728	0.4166666666666667	1.3564182575729864	1.315472827345273	24	-0.910977360462233
KRBA1	KRBA1	0.276382459409649	3537.0	0.15805109362173803	-0.15805109362173803	8.957283749410279e-06	7189.0	40.48665089557282	0.12	0.6286893583378231	0.7242384166797001	25	-0.6498388567590007
CELF4	CELF4	0.571494383427443	3536.0	0.15802726497810798	-0.15802726497810798	8.01080686410702e-07	13690.0	77.10375126732004	0.5	1.269004926459851	1.0548309664954507	24	-1.0532281443849083
MCFD2	MCFD2	0.0817673657843891	3535.0	0.157943219051287	-0.157943219051287	1.69528932111198e-05	2484.0	13.985580714205248	0.04	0.5054555123850831	0.954707767596289	25	-0.3639986026391548
ASH2L	ASH2L	0.153468812199679	3534.0	0.157935693550774	-0.157935693550774	0.0036574674959131102	554.0	3.114791033006646	0.04	0.2949145465445077	0.36788400558234924	25	-0.37234250719027684
DCAF10	DCAF10	0.209882242753469	3533.0	0.157897500640392	0.157897500640392	0.000140435404477598	5643.0	31.778754083586797	0.08	0.4852094733673008	0.48478350313952234	25	-0.675171433448525
ZNF582	ZNF582	0.548959541713214	3532.0	0.157840244311107	-0.157840244311107	3.582472716687195e-05	17560.0	98.90165596485298	0.6363636363636364	3.8677296302420983	3.188641432926036	22	-1.1634702314354095
RANBP6	RANBP6	0.36582897225333294	3531.0	0.157745856816426	0.157745856816426	4.67414749630539e-05	8287.0	46.67117269347752	0.12	0.545452494920914	0.5472825803665181	25	-0.7084213019256683
PPP1R12A	PPP1R12A	0.153275517958143	3530.0	0.157645540262096	-0.157645540262096	0.00711558129466505	3833.0	21.583868424017123	0.12	0.44289113212728987	0.4203372189452788	25	-0.678611312557426
MECOM	MECOM	0.472657297694695	3529.0	0.15760794136031	0.15760794136031	5.873228160232345e-07	10752.0	60.55536780443843	0.25	1.1299521212579202	1.3927259317632519	24	-0.6981590259230543
CD63	CD63	0.19269048911163503	3528.0	0.15759953609650304	0.15759953609650304	0.000113592896963144	7045.0	39.675566069618114	0.12	0.467635959055523	0.37091547732462954	25	-0.8358681206707169
EXOC1	EXOC1	0.13050735864295301	3527.0	0.15757176338118803	0.15757176338118803	1.03475612172498e-06	8157.0	45.938943336712846	0.04	0.4783572034368146	0.4055739436140858	25	-0.7909419357592221
MAP3K12	MAP3K12	0.25844845754719	3526.0	0.157520525266482	-0.157520525266482	0.000201893675843154	4331.0	24.388870113777177	0.08	0.4678236060043313	0.670650482318268	25	-0.46268971531223024
FAM149B1	FAM149B1	0.05857205442109901	3525.0	0.157469716191234	0.157469716191234	8.60243347493317e-05	5022.0	28.280950771657093	0.08	0.4293629629052301	0.3473324821689382	25	-0.7828039721944308
KIF5B	KIF5B	0.17984144079042397	3524.0	0.15743515751237	-0.15743515751237	8.51303997874799e-05	6594.0	37.13529345499605	0.12	0.5054276237895171	0.4354492775389303	25	-0.799157293919349
SLC25A5.AS1	SLC25A5.AS1	0.44658637965072495	3523.0	0.15741839352663	0.15741839352663	0.00261831559414091	1715.0	9.65416244226653	0.04	0.3328301205344462	0.2991161814254387	25	-0.5864334258744923
MYH13	MYH13	0.8356100780434692	3522.0	0.157409539141311	0.157409539141311	2.199154280968085e-05	14236.0	80.17911456573167	0.5	1.9310715264294755	1.7667213762282619	24	-1.0039285261124309
ISCU	ISCU	0.0844186444891238	3521.0	0.157382493545841	-0.157382493545841	0.0116383965717067	298.0	1.6728624535315983	0.12	0.37356153483970045	0.5016676431003546	25	-0.43092083826226474
STK17B	STK17B	0.49898736416263	3520.0	0.157237622750518	-0.157237622750518	0.0147975463674996	4500.0	25.34076827757125	0.12	0.6596791374001909	0.9109822797348052	25	-0.551538186665868
CNPY3	CNPY3	0.34097772193907594	3519.0	0.157159814492012	0.157159814492012	0.00016478299952149	1052.0	5.919792722766701	0.08	0.3049193569947208	0.28493220501222205	25	-0.5185778929284975
GRP	GRP	0.8591979969595	3518.0	0.157150619636305	0.157150619636305	0.0322653318627652	16348.0	92.0750253464008	0.5217391304347826	2.1177728346762565	2.1284374822615106	23	-0.9211556512135598
MORC4	MORC4	0.32178475301107695	3517.0	0.157136917590074	0.157136917590074	4.44527446451924e-05	5927.0	33.37839360144193	0.12	0.5724965214485401	0.9488915437356245	25	-0.4377313788921188
ZNF689	ZNF689	0.14966893636249498	3516.0	0.157132819487659	0.157132819487659	1.75133221675526e-05	6086.0	34.27396643010025	0.12	0.6397659848918944	0.9121173096723771	25	-0.5291349701252706
MED7	MED7	0.37830182169842297	3515.0	0.15706833246745902	0.15706833246745902	4.71375526619184e-06	9994.0	56.28590740114903	0.12	0.5765076907335266	0.2998269921523046	25	-1.3989379517005023
UBXN2B	UBXN2B	0.29647632659293105	3514.0	0.157064681928743	0.157064681928743	3.84312150200543e-05	6520.0	36.718485974991545	0.12	0.5151077533853379	0.5312094157669761	25	-0.6740149192190833
PPP4R3A	PPP4R3A	0.11136774586287301	3513.0	0.15703244317042497	0.15703244317042497	0.0111172253227772	1454.0	8.184071195223611	0.08	0.3946725364886843	0.5045933527609046	25	-0.47095367391980325
DHFR2	DHFR2	0.375582843519668	3512.0	0.156972621241447	-0.156972621241447	0.000742931644971683	1796.0	10.110397656866057	0.12	0.5497806751521591	0.7646439745736745	25	-0.5137136588694383
ANKRD16	ANKRD16	0.0701513317871878	3511.0	0.156943492077846	0.156943492077846	0.0367742759871569	1130.0	6.359130336825504	0.12	0.5776738675861558	1.0464074736860973	25	-0.4020712639085384
CSRNP2	CSRNP2	0.10819857724128999	3510.0	0.15690784962723903	0.15690784962723903	0.000378832022044194	1569.0	8.831812549284667	0.08	0.41496346900520964	0.7594081381780836	25	-0.3398115010948905
HRK	HRK	0.800502764922567	3509.0	0.15686191308097	-0.15686191308097	0.0001390258764201275	11784.0	66.36814239044722	0.4583333333333333	1.058770980290247	1.1416840148868352	24	-0.7899813393626914
ZMYND19	ZMYND19	0.138982214661221	3508.0	0.156828379435688	0.156828379435688	0.000581975124286905	5353.0	30.14531936465022	0.08	0.46440144661514643	0.3648361418958175	25	-0.8430444022930407
SYNJ2BP	SYNJ2BP	0.17245631662513503	3507.0	0.156701746643072	-0.156701746643072	6.31157416540983e-07	9587.0	53.99346626112425	0.16	0.6022513264195853	0.5079603957604746	25	-0.8771344842927663
CDC73	CDC73	0.297885651624354	3506.0	0.15665865298045098	0.15665865298045098	7.76412293084473e-05	6244.0	35.16390672524501	0.08	0.5231143298510438	0.44202586110685904	25	-0.8290367354366235
EDF1	EDF1	0.19208280110822498	3505.0	0.156654744293562	-0.156654744293562	0.000558541777552198	1088.0	6.122563929255379	0.0	0.26853199503348113	0.21088051900608598	25	-0.5305243522124031
MTX1	MTX1	0.225110803757834	3504.0	0.156579411198524	0.156579411198524	0.000139192539173606	3470.0	19.539258758589614	0.04	0.31140909999059746	0.2892744749422606	25	-0.5352345339939778
SLC41A1	SLC41A1	0.378173732309262	3503.0	0.15656532785299201	-0.15656532785299201	6.40472521902429e-07	6976.0	39.286921257181476	0.12	0.45001688149802965	0.3219242553668831	25	-0.9115546553353167
YPEL5	YPEL5	0.20272690452341396	3502.0	0.156545605300584	-0.156545605300584	4.1948148265238995e-06	6598.0	37.15782358905035	0.12	0.7043514118784213	0.9736926990643492	25	-0.5626064641382651
COMMD9	COMMD9	0.18766350378652	3501.0	0.156377448220091	-0.156377448220091	5.81110394837884e-07	1676.0	9.434493635237128	0.08	0.42648240312548585	0.3651238169722291	25	-0.7397626294149383
ZC3H7A	ZC3H7A	0.262313310468834	3500.0	0.15628227333976902	0.15628227333976902	0.000135993491823548	7104.0	40.007885546919	0.16	0.5664788922564907	0.5960852641970149	25	-0.6881509132242962
NDUFB4	NDUFB4	0.33347764941679103	3499.0	0.156264803277433	0.156264803277433	2.86107184377007e-07	7198.0	40.53734369719499	0.12	0.48856697522019543	0.4086169284669804	25	-0.813236429507387
COX19	COX19	0.358315903852393	3498.0	0.15626188609105499	-0.15626188609105499	0.0008874740068471949	115.0	0.6421088205474822	0.04	0.3181510102792038	0.4797638540150343	25	-0.33743501690120176
ARL4C	ARL4C	0.6271359477323449	3497.0	0.15625595666424696	-0.15625595666424696	0.001977356375308625	7314.0	41.19071758476962	0.16666666666666666	0.7959160031773062	1.3274667433782237	24	-0.4818652141033761
LRRC75A	LRRC75A	0.252662373832908	3496.0	0.156227714306058	-0.156227714306058	4.537385577910469e-06	5991.0	33.73887574631069	0.08	0.49876063391274583	0.44577330753744987	25	-0.7684015929507204
NPTN.IT1	NPTN.IT1	0.526529556568205	3495.0	0.155934823583233	0.155934823583233	0.00217612785413732	5494.0	30.939506590064212	0.20833333333333334	0.6915629588165427	1.1630774938997706	24	-0.4605266098283457
MSI1	MSI1	0.772453069312681	3494.0	0.15584305995634398	0.15584305995634398	0.0001171533667649626	13273.0	74.7549847921595	0.4583333333333333	1.0019612596297418	0.8408571257746432	24	-1.0062567988514195
PRMT6	PRMT6	0.32788614890920503	3493.0	0.155815387279789	0.155815387279789	0.0776862005500529	30.0	0.16334347189365778	0.08	0.4646166748576348	0.8616650605366293	25	-0.35837740407569735
YIPF3	YIPF3	0.224057506044814	3492.0	0.155784984569991	0.155784984569991	6.8459366864739305e-06	4492.0	25.295708009462658	0.08	0.4254675138962195	0.3938698262593074	25	-0.6846996427410533
TMED5	TMED5	0.340906459971935	3491.0	0.15573022265276298	-0.15573022265276298	1.84186752657664e-07	9732.0	54.81018362059254	0.12	0.5709296662596965	0.40907649374297633	25	-1.0149677382044942
FAM172A	FAM172A	0.37466056739336995	3490.0	0.15561864833047304	0.15561864833047304	7.97055986365068e-07	7428.0	41.83282640531711	0.08	0.5197000547965227	0.4044919984110442	25	-0.9000954478611729
MACROD1	MACROD1	0.44500120540043897	3489.0	0.155606407406162	0.155606407406162	0.00399088420569585	5641.0	31.767489016559647	0.24	0.6384584733116859	0.9810636283466618	25	-0.49217201815875156
GNPTG	GNPTG	0.322377505314722	3488.0	0.15559688074567699	0.15559688074567699	0.0129419030530909	656.0	3.6893094513912357	0.08	0.3340522083899662	0.513068128678506	25	-0.3478199437254681
FBXO46	FBXO46	0.21242469914946102	3487.0	0.155442967935457	0.155442967935457	0.00205950532991421	3448.0	19.415343021290976	0.08	0.42683390306893626	0.4788352148241444	25	-0.5667731334946814
PRR5	PRR5	0.487433539813071	3486.0	0.15531510132291002	0.15531510132291002	1.4288869040003e-13	13877.0	78.15703503435844	0.44	1.083451712034593	0.9756608996053812	25	-0.951290157355983
CDAN1	CDAN1	0.17584359848927597	3485.0	0.155260946388454	0.155260946388454	2.89259893038185e-05	3529.0	19.871578235890503	0.04	0.3924739353000646	0.4124964638159138	25	-0.5750667210991472
LINC01107	LINC01107	0.834178937646213	3484.0	0.155109710043134	-0.155109710043134	0.059996339818372546	12981.0	73.11028500619578	0.25	1.111369569977982	1.03590485870664	24	-0.9231155273552523
CDK13	CDK13	0.0674469705804987	3483.0	0.155054573929423	0.155054573929423	0.000467827007405197	2064.0	11.619916638503998	0.12	0.5690668066336065	1.288585620901084	25	-0.32129198556062766
CEP97	CEP97	0.317153761531787	3482.0	0.155045556650952	0.155045556650952	3.16891274820729e-05	6860.0	38.633547369606845	0.12	0.5594360596653875	0.4983413898084837	25	-0.8114728402749082
CD59	CD59	0.51660755125339	3481.0	0.15491951240063098	0.15491951240063098	1.39630566931178e-06	10267.0	57.82358905035485	0.12	0.5941472547613295	0.4526500507789389	25	-0.9703472729205648
SEC24C	SEC24C	0.0077818858509694	3480.0	0.154870080603219	0.154870080603219	3.4791607084746697e-05	1948.0	10.966542750929367	0.08	0.30333890243678935	0.321760992236233	25	-0.461425795593539
PPL	PPL	0.323822505527849	3479.0	0.154790256369211	0.154790256369211	0.0901211243074472	7300.0	41.111862115579584	0.12	0.7347532845657628	1.0341528464486427	25	-0.5608097779628879
MFSD13A	MFSD13A	0.382987137651577	3478.0	0.15477889050211302	-0.15477889050211302	3.2639498295742305e-05	4545.0	25.5942322856821	0.04	0.39049418423880344	0.31167919896058827	25	-0.7562753450431465
ADGRF2	ADGRF2	0.8192508287717299	3477.0	0.154669907980396	0.154669907980396	0.000363622874700247	11214.0	63.15759828770981	0.3333333333333333	1.0236766156422774	1.0340642678326735	24	-0.840379785565223
FBXL5	FBXL5	0.208921721474591	3476.0	0.15466592437829998	-0.15466592437829998	0.00011619156152333999	5869.0	33.05170665765461	0.04	0.44096292872791987	0.5021239969024817	25	-0.570171921907214
RICTOR	RICTOR	0.441916114880376	3475.0	0.154643716823707	0.154643716823707	2.0816817793500197e-05	7677.0	43.23532725019714	0.16	0.6021355538073475	0.6436547488871383	25	-0.6952358197579398
POLL	POLL	0.339951357249111	3474.0	0.15458976468084	0.15458976468084	2.82804821808333e-05	5345.0	30.100259096541624	0.16	0.47816209288757816	0.49246611728727546	25	-0.657044854149804
CPSF4	CPSF4	0.0868322510365699	3473.0	0.154507611992322	0.154507611992322	0.00261380080372925	573.0	3.2218091697645597	0.12	0.4056155605570673	0.5960832025740094	25	-0.4212632523117742
NEK9	NEK9	0.105779155239527	3472.0	0.15438338816772698	0.15438338816772698	1.2628590965862599e-05	2563.0	14.430550861777627	0.12	0.4631278086378859	0.577503965705099	25	-0.5346187018702111
FAM120AOS	FAM120AOS	0.13213054750795697	3471.0	0.154232718960179	0.154232718960179	0.000260778677705807	2429.0	13.675791370958656	0.04	0.4063642148060696	0.6288280067995168	25	-0.4009546221217771
RHEB	RHEB	0.163347773316358	3470.0	0.15423127199890696	0.15423127199890696	1.03641637352971e-06	6470.0	36.43685929931283	0.04	0.40365436051538306	0.32942425474602605	25	-0.757148524806627
MCPH1.AS1	MCPH1.AS1	0.40260688454214	3469.0	0.15422988854366002	-0.15422988854366002	0.0353668054104479	1469.0	8.268559197927226	0.0	0.2722598759369969	0.261349905663978	25	-0.451616720861151
CTDNEP1	CTDNEP1	0.197234313649601	3468.0	0.15418152441601501	-0.15418152441601501	2.7435806371242898e-05	6345.0	35.73279261011603	0.2	0.5479952123768576	0.5667634250287086	25	-0.694846686588667
HTRA2	HTRA2	0.17434398591712502	3467.0	0.15413586171620902	-0.15413586171620902	0.00956820481537625	227.0	1.2729525740678156	0.08	0.33427454235536885	0.5334050482545131	25	-0.33771461524152474
ZNF585B	ZNF585B	0.5121822273007639	3466.0	0.153997173014512	0.153997173014512	0.00743746848823975	2592.0	14.593894333671285	0.08	0.5422421880198836	1.1542141166641728	25	-0.3363717436825756
UMODL1.AS1	UMODL1.AS1	0.823403280239753	3465.0	0.15398295384873598	0.15398295384873598	0.0135294653624227	10428.0	58.730426946040325	0.30434782608695654	1.164213952055267	1.4348078307495895	23	-0.7040880155210429
HLA.DRA	HLA.DRA	0.4790806054873811	3464.0	0.15393306327450798	-0.15393306327450798	0.0686483156687096	9472.0	53.34572490706319	0.2916666666666667	1.5744818103382787	2.5334203178360544	24	-0.5607236734712645
C2orf69	C2orf69	0.21546499255289603	3463.0	0.153880498757301	0.153880498757301	2.02202714505332e-05	5125.0	28.861101723555254	0.12	0.4991109631149775	0.5286997848901297	25	-0.6529801490829423
INSIG2	INSIG2	0.402291164892656	3462.0	0.153867435021044	0.153867435021044	1.9381390393186103e-09	11730.0	66.0639855807142	0.16	0.6991566061553862	0.39119047905909027	25	-1.3939223992513758
TSPOAP1	TSPOAP1	0.37709494626140205	3461.0	0.15384356646532502	-0.15384356646532502	2.9516879556781567e-07	12127.0	68.30010138560324	0.4166666666666667	1.4462194644316069	2.2491675005235714	24	-0.574601890550809
MEIOB	MEIOB	0.814918590952963	3460.0	0.153783736507214	0.153783736507214	0.008793604204190945	12186.0	68.63242086290413	0.25	0.9819678749510407	0.8505364930818418	24	-0.9737196994840005
NRXN3	NRXN3	0.7138998804462341	3459.0	0.153743372893562	-0.153743372893562	0.00648607359896798	6252.0	35.208966993353606	0.041666666666666664	0.6571834705744621	1.3013340280946948	24	-0.38686462261960164
ATG7	ATG7	0.222227777514415	3458.0	0.153738750813659	-0.153738750813659	0.000338903378796105	2304.0	12.971724681761856	0.12	0.42577953566119575	0.5575936268980857	25	-0.48788359788276253
ATPAF2	ATPAF2	0.253022175070169	3457.0	0.153684477164521	0.153684477164521	0.00123816655351345	974.0	5.480455108707897	0.04	0.369267586442867	0.4757282588713091	25	-0.45316439639265604
SOS1	SOS1	0.288442638304114	3456.0	0.153667579969857	0.153667579969857	0.00350862264689401	6073.0	34.20074349442379	0.0	0.3514353582333403	0.2322812381512256	25	-0.8514152061421661
LMAN2L	LMAN2L	0.26035211192343	3455.0	0.153569287175995	0.153569287175995	0.00013831321160408502	594.0	3.340092373549622	0.0	0.2675257964593841	0.22835315599036873	25	-0.499036279087798
ANKAR	ANKAR	0.30639315468358	3454.0	0.15352765072028401	0.15352765072028401	0.00013467363060115702	7024.0	39.557282865833045	0.2	0.6288916616448867	0.6561430092628279	25	-0.7244823220149383
CAAP1	CAAP1	0.15634371209115802	3453.0	0.153446194192925	0.153446194192925	0.00015334959667696998	5665.0	31.902669820885436	0.08	0.5115511379985772	0.5352046501316116	25	-0.6690990889514713
HSD17B12	HSD17B12	0.435869553865856	3452.0	0.15339743064775502	0.15339743064775502	3.32197291286409e-07	9607.0	54.10611693139574	0.04	0.5364539887089012	0.3536388604322599	25	-1.0831857041755208
SRBD1	SRBD1	0.0421402028033943	3451.0	0.153370612385447	0.153370612385447	0.000415612602725141	4257.0	23.972062633772673	0.0	0.3405888508745369	0.2244265430843524	25	-0.8342072016798945
FNDC5	FNDC5	0.7482201852127809	3450.0	0.15333975090055701	-0.15333975090055701	6.98298397169968e-05	13849.0	77.99932409597837	0.4166666666666667	1.445426702705407	1.4837859788771364	24	-0.8708041255266776
FAM120B	FAM120B	0.0570161926510306	3449.0	0.15330696180488598	-0.15330696180488598	1.68285693979706e-05	3838.0	21.612031091584996	0.12	0.41174693215454444	0.4604901628482965	25	-0.5612279939947354
BOLA3	BOLA3	0.19470866227102	3448.0	0.153263871440426	0.153263871440426	1.57903090827806e-07	7850.0	44.20975554804551	0.12	0.6553476332783318	0.7580609976612916	25	-0.6623263344069856
SEC14L2	SEC14L2	0.30137352502223497	3447.0	0.153251832452605	0.153251832452605	0.00229072611211816	10788.0	60.75813901092711	0.375	1.5132641044810666	1.9856548306556931	24	-0.6849187739136741
TSPAN33	TSPAN33	0.6304367258047501	3446.0	0.153220702933137	-0.153220702933137	5.56593891299329e-07	9841.0	55.42412977357215	0.24	1.131235931123613	2.165344029693224	25	-0.4516673631436926
CACNA1G.AS1	CACNA1G.AS1	0.867046728183947	3445.0	0.15321351894981197	0.15321351894981197	0.00018880766894979894	14275.0	80.39878337276106	0.5	1.3177235517836985	0.8046207018487717	24	-1.4472782394961992
DUSP23	DUSP23	0.39910969902461296	3444.0	0.153195558912335	0.153195558912335	0.21861869434296202	175.0	0.9800608313619465	0.04	0.6162531252591668	1.4029513341817395	25	-0.3300596072471085
NCBP3	NCBP3	0.0346395123920915	3443.0	0.153147876186463	-0.153147876186463	0.009731639181058009	768.0	4.320153204911569	0.08	0.350552042686187	0.4575356184372031	25	-0.43145092653987066
RC3H1	RC3H1	0.38041451075700894	3442.0	0.152996236022744	-0.152996236022744	0.0005482097667882731	3269.0	18.40711952236116	0.08	0.4393145936211592	0.5450987150897775	25	-0.5252596450374291
ABHD14A	ABHD14A	0.34097772193907594	3441.0	0.15293039780636902	-0.15293039780636902	0.00167768032665121	3340.0	18.80702940182494	0.08	0.4077413955948643	0.49834405180392183	25	-0.5113154192693224
ZNF180	ZNF180	0.426210618519295	3440.0	0.15291311787638098	0.15291311787638098	8.04751698424817e-05	6576.0	37.033907851751714	0.04	0.4781497281962758	0.40602295494649665	25	-0.8010301052135158
STRN	STRN	0.20899386640939002	3439.0	0.152892604916251	0.152892604916251	0.0563602570367076	1487.0	8.369944801171567	0.04	0.29641043130529804	0.4068064326423421	25	-0.3527914380725284
ASRGL1	ASRGL1	0.696046935814023	3438.0	0.15287990422546302	-0.15287990422546302	0.00854427189913089	3480.0	19.595584093725357	0.16	0.5560702572631984	0.9011898236537276	25	-0.4473978094904197
PPP6R3	PPP6R3	0.0267653191514045	3437.0	0.15286368804697198	0.15286368804697198	4.77402077007872e-06	7817.0	44.02388194209755	0.12	0.5082959144200786	0.4853109816662136	25	-0.7323803495086892
AIDA	AIDA	0.42378774538946995	3436.0	0.15284666019045498	0.15284666019045498	0.000158550699945038	2683.0	15.106454883406554	0.08	0.39691118829875477	0.5516615664976579	25	-0.4424171320431038
DTX4	DTX4	0.602128945599	3435.0	0.15284570141921697	0.15284570141921697	0.019625071847202	7461.0	42.01870001126506	0.12	0.622666397787053	0.7008859199560282	25	-0.6703240612927585
SNAPC3	SNAPC3	0.220006406929698	3434.0	0.152730718968859	0.152730718968859	0.000265757701587074	4875.0	27.452968345161654	0.04	0.4033765470681253	0.42384211819491235	25	-0.591366023666392
CRADD	CRADD	0.43385074232019	3433.0	0.152729939651647	-0.152729939651647	0.00283045003030795	1196.0	6.730877548721415	0.08	0.33823519098845606	0.41503079259820375	25	-0.4469674410794837
RSPH14	RSPH14	0.8145851431508649	3432.0	0.152687589350191	0.152687589350191	0.0307430652622112	7848.0	44.19849048101836	0.16	0.7507667259349329	1.0121178065886534	25	-0.5909185004861931
TWSG1	TWSG1	0.34078480274329304	3431.0	0.152413762068969	-0.152413762068969	0.00142927726167811	5339.0	30.066463895460178	0.04	0.39800895128414937	0.30007979865809614	25	-0.8184329312184249
UBAP2L	UBAP2L	0.13155328113607698	3430.0	0.15239596318937101	0.15239596318937101	0.0223248885984539	1137.0	6.398558071420525	0.0	0.2938456423490888	0.2767024054272901	25	-0.5111978659574281
ARHGEF7	ARHGEF7	0.234689459576892	3429.0	0.152388558940545	-0.152388558940545	9.24718427259975e-05	1470.0	8.274191731440801	0.04	0.327707885912018	0.30210673473193905	25	-0.5803224715497811
RNF7	RNF7	0.26302630994452103	3428.0	0.152374212098375	-0.152374212098375	2.02445728466012e-07	4139.0	23.307423679170892	0.12	0.4987077312646324	0.7120303609531975	25	-0.48640274089242425
ZFYVE21	ZFYVE21	0.250876491887689	3427.0	0.152344438086615	-0.152344438086615	5.17526337170734e-05	4226.0	23.797454094851865	0.04	0.355567545894263	0.3284713343259977	25	-0.6186935862292181
CUEDC2	CUEDC2	0.18570361435178198	3426.0	0.152270439311474	-0.152270439311474	0.00313075542982352	1701.0	9.575306973076488	0.08	0.5407099943629595	1.2299405518056277	25	-0.31581978046112275
TFIP11	TFIP11	0.128901856942438	3425.0	0.15205937038975198	-0.15205937038975198	0.00146690623655757	1638.0	9.220457361721301	0.08	0.397312327281308	0.6260640906182923	25	-0.39173777983232927
ANKRD54	ANKRD54	0.313071718197976	3424.0	0.15200731670610299	-0.15200731670610299	0.000740267894981379	1212.0	6.820998084938606	0.08	0.37585439118461855	0.5601085371377413	25	-0.3996494601250245
TEX29	TEX29	0.7889443525649209	3423.0	0.151895298184549	0.151895298184549	0.011126018172108065	11160.0	62.85344147797679	0.25	0.9651587981397749	1.0335589331230752	24	-0.7868574049259205
COQ7	COQ7	0.242129324822077	3422.0	0.15182253855564198	0.15182253855564198	0.00012316359442442	1654.0	9.310577897938492	0.04	0.34047956054006234	0.31423627054716713	25	-0.6003667929737053
PQBP1	PQBP1	0.245735038668337	3421.0	0.151811935955096	0.151811935955096	0.0312373315615607	107.0	0.597048552438887	0.12	0.41658000527049216	0.6689816516031328	25	-0.395777774593536
FRAT2	FRAT2	0.39046241884271005	3420.0	0.15178412472591	-0.15178412472591	3.099924027348991e-08	9879.0	55.63816604708798	0.16	0.6996111863577297	0.606299342096877	25	-0.9035587268446774
TIAL1	TIAL1	0.0417984743162131	3419.0	0.151691930229012	0.151691930229012	8.980597521969871e-05	4706.0	26.50107018136758	0.08	0.4571114182573733	0.5478726118773334	25	-0.5574644203911101
SMARCE1	SMARCE1	0.18157673375677202	3418.0	0.151669610776651	0.151669610776651	0.000212254086722222	2449.0	13.788442041230144	0.08	0.4258044224230975	0.49588338100401597	25	-0.552821131233326
ZNRD1ASP	ZNRD1ASP	0.637893590537797	3417.0	0.151663495494919	-0.151663495494919	0.007420481068338641	3468.0	19.527993691562465	0.08	0.36876198935515636	0.4533187533814788	25	-0.4789091389685872
DIS3L	DIS3L	0.042505742394068	3416.0	0.151660972276599	0.151660972276599	0.0072032307990172705	571.0	3.210544102737411	0.08	0.29910497965455146	0.453118653137447	25	-0.32539822926518863
SKA2	SKA2	0.3216719867305	3415.0	0.151628773701514	0.151628773701514	7.17943449786163e-06	10524.0	59.27115016334347	0.2	0.7458288444233656	0.6754685009241062	25	-0.8796858327352474
ANKRD19P	ANKRD19P	0.41616890230402903	3414.0	0.15161993384551	-0.15161993384551	0.00155464627891384	5119.0	28.82730652247381	0.2	0.7455295170985119	0.9573661908726704	25	-0.6203577992571829
FDFT1	FDFT1	0.56911596105012	3413.0	0.15157986533909198	0.15157986533909198	0.000102480064684887	7591.0	42.75092936802974	0.12	0.5304455599747971	0.656563448664994	25	-0.577043536928627
MBD6	MBD6	0.17733353170122698	3412.0	0.15150483242421	-0.15150483242421	0.000251779785895985	4495.0	25.31260561000338	0.24	0.7617196783077946	0.860403357795466	25	-0.7092195077516703
ACYP2	ACYP2	0.17848368900832198	3411.0	0.151483033370539	-0.151483033370539	0.000106820382518077	2059.0	11.591753970936127	0.12	0.4780674284179743	0.7779987590536929	25	-0.41977495625400657
LMBR1L	LMBR1L	0.21398520070971103	3410.0	0.151462009351859	-0.151462009351859	1.64768293982618e-05	7844.0	44.17596034696406	0.12	0.5413920146194706	0.5535192050702987	25	-0.7044561447837917
TOM1	TOM1	0.36280428031216705	3409.0	0.15141327672618898	-0.15141327672618898	0.009537714955620679	1391.0	7.829221583868424	0.08	0.3501537270630846	0.45747304014539825	25	-0.4344309563547835
VPS11	VPS11	0.169004519551412	3408.0	0.15135628621217598	-0.15135628621217598	0.0007448349634375349	690.0	3.8808155908527655	0.08	0.3211105615690897	0.42880265957916297	25	-0.39587971661256616
DTX3L	DTX3L	0.15159843196370199	3407.0	0.15134083881228302	0.15134083881228302	1.69770054077112e-09	11930.0	67.19049228342908	0.28	1.0082534887160937	1.3487791890624705	25	-0.6353246379041823
STX10	STX10	0.5019571705305921	3406.0	0.15133597882958802	0.15133597882958802	0.00845476987490995	2377.0	13.382899628252787	0.0	0.28197350358629597	0.23752928876686433	25	-0.5499849110605011
LARGE1	LARGE1	0.5740550998425	3405.0	0.151329446830401	0.151329446830401	0.000367089485458323	5702.0	32.11107356088768	0.16	0.6142748606251069	0.6611625303981638	25	-0.7001991076474222
TRIM28	TRIM28	0.30341659569783597	3404.0	0.15132296039710902	-0.15132296039710902	1.36692795130976e-06	9135.0	51.447561112988616	0.16	0.6145888369609093	0.3545985227918576	25	-1.3064517948816392
PACS1	PACS1	0.157457279712846	3403.0	0.151244022155966	0.151244022155966	8.82128877473666e-07	9467.0	53.317562239495324	0.16	0.7742466229452716	0.9356400234722454	25	-0.6658571514259151
RCBTB2	RCBTB2	0.343266441104519	3402.0	0.151122846497805	-0.151122846497805	0.24062897312752302	259.0	1.4531936465021966	0.12	0.772161158462455	1.695677928407849	25	-0.3662478006939513
ARPC5	ARPC5	0.17447863741186903	3401.0	0.15106334773453303	-0.15106334773453303	1.2630543257137301e-06	6712.0	37.79993240959784	0.2	0.5421804057164827	0.4986107103505413	25	-0.7844136715534658
ALKBH5	ALKBH5	0.13799337756087898	3400.0	0.151039384478933	-0.151039384478933	0.00978170062959229	586.0	3.295032105441027	0.04	0.2949345836710723	0.3299462105903761	25	-0.4361171444723252
PRR34	PRR34	0.619427746623567	3399.0	0.151032131000568	-0.151032131000568	0.0451443987333872	3322.0	18.705643798580603	0.125	0.6398657974494539	1.0011649350318055	24	-0.4882648695974919
MFF	MFF	0.14277038121121696	3398.0	0.15100530550389402	0.15100530550389402	1.9959103050737302e-05	3796.0	21.37546468401487	0.04	0.35550959960784423	0.2841683619356657	25	-0.7196589117484126
CCDC115	CCDC115	0.0451995443569092	3397.0	0.15094578800258	-0.15094578800258	0.00121559081220621	740.0	4.162442266531486	0.04	0.29365095916018097	0.33926927275996654	25	-0.42062509816079063
SCAF1	SCAF1	0.366210959697424	3396.0	0.150941316326725	-0.150941316326725	3.77427883305509e-11	12664.0	71.3247718823927	0.4	1.3127926746874785	1.096371259739958	25	-1.0597243844537902
RPS6KA4	RPS6KA4	0.309964483569417	3395.0	0.15093560190663402	-0.15093560190663402	7.829643938708399e-05	5178.0	29.1596259997747	0.32	0.914472470711432	1.2578908313566761	25	-0.606997721719061
GCN1	GCN1	0.36528287212698207	3394.0	0.15093089615938	0.15093089615938	0.0018533561621786898	1034.0	5.8184071195223614	0.08	0.3466023288580009	0.4391008339864565	25	-0.4456184492345012
NR2F1.AS1	NR2F1.AS1	0.7541372545384059	3393.0	0.150828624157087	0.150828624157087	0.0087085462702861	7731.0	43.53948405993015	0.12	0.6558459030018073	0.8504618213897933	25	-0.5938153437851446
ZDHHC12	ZDHHC12	0.222301275417886	3392.0	0.15075572695678902	-0.15075572695678902	0.0034594839705141198	2004.0	11.281964627689534	0.08	0.3757065699500242	0.5775697077575352	25	-0.38947825686119597
TEAD2	TEAD2	0.466434790329646	3391.0	0.150617120717066	-0.150617120717066	0.00043716910060585096	7324.0	41.24704291990537	0.08	0.5842269709713374	0.4959570340490037	25	-0.8742891429813413
LHFPL2	LHFPL2	0.551750603779632	3390.0	0.15048178573264803	-0.15048178573264803	0.009865695209906971	1859.0	10.465247268221246	0.16	0.7150562434461064	1.2192169237884418	25	-0.4630631733352015
GTPBP3	GTPBP3	0.29727967432927	3389.0	0.15031176091620901	0.15031176091620901	2.7903070339512302e-11	8945.0	50.37737974540948	0.16	0.7280639766343597	0.8274623644269729	25	-0.6982217446448464
SEC22B	SEC22B	0.44230267350568103	3388.0	0.150129307221621	0.150129307221621	1.0243858399289301e-08	10272.0	57.85175171792272	0.28	0.6731749120362163	0.47039719182802686	25	-1.1119233148097027
ATXN1	ATXN1	0.37430085697655996	3387.0	0.15009689528342302	0.15009689528342302	0.00011729844172006398	6264.0	35.2765573955165	0.12	0.6309217395633572	0.8954287174205737	25	-0.536977243331024
MRPS21	MRPS21	0.08846378931683001	3386.0	0.150056814788537	0.150056814788537	1.5298372235926e-08	6223.0	35.04562352145995	0.08	0.4605667040418953	0.3968477221751924	25	-0.7824409008861103
NRDE2	NRDE2	0.118744318076646	3385.0	0.15002316130719	0.15002316130719	0.000197753371959665	1858.0	10.459614734707671	0.08	0.498176394411018	0.6974525047695671	25	-0.49917841103582405
SMC3	SMC3	0.10415258536361201	3384.0	0.14998902694567	0.14998902694567	0.0140762216680343	955.0	5.3734369719499835	0.08	0.35177349872790453	0.4033608367342097	25	-0.5002579660831035
NTN1	NTN1	0.696826119346002	3383.0	0.149923290697727	-0.149923290697727	8.647312389445939e-05	8331.0	46.91900416807479	0.2916666666666667	0.8917922498972204	1.1208574483508331	24	-0.6618762807804309
SELENOF	SELENOF	0.158838596491144	3382.0	0.14991500880824699	-0.14991500880824699	3.8405382132654205e-09	10610.0	59.755548045510864	0.12	0.6162552034970673	0.4195168033327468	25	-1.1116126719695056
BMP1	BMP1	0.7105689262796651	3381.0	0.149863818763797	-0.149863818763797	7.708467458867537e-08	10393.0	58.53328827306522	0.20833333333333334	0.8175678496810317	1.2491990218014062	24	-0.5345057266810638
PAXBP1.AS1	PAXBP1.AS1	0.38925666559868105	3380.0	0.149751159307911	0.149751159307911	0.0020745920098169	3889.0	21.89929030077729	0.04	0.39104701385972523	0.30842503986259184	25	-0.7823484586702665
ZDHHC23	ZDHHC23	0.23958851564248398	3379.0	0.149614998902901	0.149614998902901	0.000258701995613329	6373.0	35.89050354849611	0.04	0.5471887572527988	0.7283159923271582	25	-0.5458808574002978
MRPS2	MRPS2	0.321043622445716	3378.0	0.149611428060894	-0.149611428060894	0.00011117369323698401	3831.0	21.572603356989976	0.04	0.35733655953064813	0.3002145174923867	25	-0.691922340081445
PARP12	PARP12	0.235281136809813	3377.0	0.149533182592435	-0.149533182592435	0.000409097449473142	4106.0	23.121550073222934	0.04	0.36357109336428367	0.2740243054071512	25	-0.7810909709407949
BCOR	BCOR	0.15530515271606699	3376.0	0.14943181515999698	-0.14943181515999698	3.88587681769867e-15	11121.0	62.63377267094739	0.04	0.7146068113074933	0.7560159709362361	25	-0.7475701808886315
ADNP2	ADNP2	0.26543957230264	3375.0	0.14939252640165301	-0.14939252640165301	0.00441824066909294	3220.0	18.131125380196014	0.16	0.49622246202057263	0.6270595563528515	25	-0.5531052546845416
ABR	ABR	0.37435436973430103	3374.0	0.14935234869578198	-0.14935234869578198	1.23857965680798e-05	7521.0	42.35665202207953	0.12	0.5535394384053253	0.5886164508827234	25	-0.6866731113331965
SLC9A6	SLC9A6	0.313135266091774	3373.0	0.149194935233461	0.149194935233461	0.0426759499370724	310.0	1.7404528556944912	0.04	0.24938841235436057	0.30914218873435895	25	-0.324101597168267
POLRMT	POLRMT	0.38093005609992603	3372.0	0.149194389446495	-0.149194389446495	4.0373678401804103e-07	10805.0	60.85389208065788	0.08	0.5898168278482584	0.2615443101714477	25	-1.6846951788510571
LRRC34	LRRC34	0.677235925896751	3371.0	0.149175661269884	0.149175661269884	5.8714623730032e-06	9520.0	53.61608651571476	0.16	0.903956520103871	1.1221962516416837	25	-0.672592568126834
ZFX	ZFX	0.23983721952280998	3370.0	0.14915384680686802	0.14915384680686802	0.000313308498540834	6726.0	37.878787878787875	0.08	0.5018041622588038	0.3779300544308444	25	-0.9331100062497557
DNAJB2	DNAJB2	0.24187715359726	3369.0	0.149052929098896	-0.149052929098896	5.74471382298823e-05	7216.0	40.63872930043934	0.24	0.6205201879157005	0.547494300969551	25	-0.8611363770944992
GIGYF1	GIGYF1	0.285331069504727	3368.0	0.14904915604827698	-0.14904915604827698	1.61380363095623e-12	10197.0	57.42931170440464	0.16	0.7592867464316053	0.785408838926016	25	-0.7769680708174607
ELK3	ELK3	0.373580069819858	3367.0	0.14896671792994	-0.14896671792994	0.000720706825162314	5505.0	31.001464458713528	0.08	0.4152944287003028	0.3670292269392682	25	-0.7256307978286198
HPGDS	HPGDS	0.6907678801716329	3366.0	0.14895976202382802	-0.14895976202382802	0.056259376008240755	12865.0	72.45691111862115	0.375	1.7232071814695356	2.268140179567721	24	-0.6940697200407336
ZNF274	ZNF274	0.301339379944466	3365.0	0.148907245865167	-0.148907245865167	0.000723414798821138	2026.0	11.405880364988171	0.04	0.2997697800619179	0.26777194215033323	25	-0.5633993352150887
CYB5D2	CYB5D2	0.46466768793593494	3364.0	0.14878463107799	-0.14878463107799	0.00964010738804408	2987.0	16.818745071533176	0.08	0.41045978653296095	0.7272761378244792	25	-0.35980165145762505
DBR1	DBR1	0.225342167794513	3363.0	0.14875812874177402	-0.14875812874177402	0.0012735693978986802	3862.0	21.74721189591078	0.08	0.4307034709054402	0.6654054285160448	25	-0.42371963028983267
ZDHHC8P1	ZDHHC8P1	0.705102550576239	3362.0	0.14871585649027697	-0.14871585649027697	0.023966270010162098	9182.0	51.712290188126616	0.25	0.7841681390710012	0.915608659657047	24	-0.6940217044460252
TTLL12	TTLL12	0.630000592273906	3361.0	0.14869057927798401	0.14869057927798401	9.90990252002446e-05	3803.0	21.41489241860989	0.08	0.4917446782905224	0.5928486059299196	25	-0.5786538006181812
RFPL3S	RFPL3S	0.758985029151043	3360.0	0.14861189712991002	0.14861189712991002	0.0004465664252827841	11588.0	65.26416582178663	0.2916666666666667	0.9139382521869549	0.8203700686013286	24	-0.9329038007955004
SCAF4	SCAF4	0.115581895119625	3359.0	0.148590818101141	0.148590818101141	0.00900753858467629	1940.0	10.921482482820771	0.12	0.41167951968458405	0.3984219300438388	25	-0.6603268589018058
NLGN2	NLGN2	0.42314396063815995	3358.0	0.148458303196853	0.148458303196853	7.890757987420219e-09	11805.0	66.48642559423229	0.44	1.0731170645074248	0.9366155766751514	25	-0.9872340203789643
G6PC3	G6PC3	0.298263572494624	3357.0	0.14843383562297	0.14843383562297	0.00314959302679091	905.0	5.091810296271263	0.04	0.3875932486087348	0.5685410038233406	25	-0.420654642985218
PHF21A	PHF21A	0.178842271654432	3356.0	0.1483666382682	-0.1483666382682	0.00054405932019925	2526.0	14.222147121775373	0.08	0.5031126923901824	0.819994379588272	25	-0.43262010442084275
TFPI	TFPI	0.67858219478188	3355.0	0.148345382479012	-0.148345382479012	0.00044419013974549297	8922.0	50.24783147459727	0.16	0.8976668285024385	1.5137721555456327	25	-0.4950027937020263
PHYH	PHYH	0.333221861642662	3354.0	0.148333355253526	0.148333355253526	0.000105713356069965	1008.0	5.671961248169427	0.08	0.5706595738614019	1.2426701238798117	25	-0.3398538441475578
HAL	HAL	0.8026975094932809	3353.0	0.148304501764021	-0.148304501764021	2.8409539697466013e-06	16791.0	94.57023769291426	0.7083333333333334	2.5579881874930037	2.402144910873296	24	-1.0031383514048475
RBM4	RBM4	0.0267374635691795	3352.0	0.14827953455283802	0.14827953455283802	3.7782212582737e-05	5954.0	33.530472006308436	0.08	0.4798806042236488	0.4992247894320896	25	-0.6642319786403938
AIFM3	AIFM3	0.5607848840778621	3351.0	0.148216786838451	-0.148216786838451	0.0001189431864154743	8877.0	49.99436746648642	0.25	0.8356186458774423	1.0089868269678746	24	-0.6812793196762694
PCNX4	PCNX4	0.139776776286025	3350.0	0.14820219980245097	0.14820219980245097	0.000567439955709539	4230.0	23.81998422890616	0.08	0.39432829956904586	0.31076006528383743	25	-0.7920132837589408
NDUFA12	NDUFA12	0.17994559876504398	3349.0	0.148200915719605	0.148200915719605	3.8259311265255504e-10	10097.0	56.866058353047194	0.12	0.6127766137949343	0.5115615670050805	25	-0.9081520740410028
IKZF5	IKZF5	0.29056422913945096	3348.0	0.148186207735163	-0.148186207735163	0.00025622762973169104	6737.0	37.94074574743719	0.04	0.4886415364943934	0.6589039834107203	25	-0.516699454443898
SNHG18	SNHG18	0.775816530554553	3347.0	0.148179710977642	0.148179710977642	0.00238221348971509	8051.0	45.34189478427396	0.20833333333333334	0.7152554132797916	0.8841034516620252	24	-0.6414132884970696
ARFRP1	ARFRP1	0.418848261537479	3346.0	0.148150861083223	0.148150861083223	0.0161322391316525	563.0	3.165483834628816	0.08	0.3730057785855797	0.5374780797145657	25	-0.4183517914289056
PPIL4	PPIL4	0.33283387344373605	3345.0	0.14810915390718202	-0.14810915390718202	2.16708722369776e-05	9018.0	50.788554691900416	0.12	0.5751696519505995	0.5817972726009831	25	-0.7340366106121479
FOXQ1	FOXQ1	0.7540737524687908	3344.0	0.148011822250966	-0.148011822250966	0.05013253009776135	12218.0	68.81266193533851	0.375	1.1805979664733794	1.5038437618431773	24	-0.6866312647776855
IP6K2	IP6K2	0.0555345787659776	3343.0	0.147987307103374	-0.147987307103374	8.65477082352187e-06	3028.0	17.049678945589726	0.08	0.34406024716655254	0.3342857573548952	25	-0.5865429075251246
DNAJC25	DNAJC25	0.475235115028174	3342.0	0.14796705652284	0.14796705652284	4.41264627053838e-05	2153.0	12.12121212121212	0.12	0.42418681414137327	0.4814990776159062	25	-0.5736662237988228
PTPRE	PTPRE	0.5332648151778561	3341.0	0.14794055604469902	-0.14794055604469902	0.0339089835485727	6036.0	33.992339754421536	0.25	1.1514593021782844	1.9318583320120786	24	-0.5194577311931541
ABCA17P	ABCA17P	0.718220056023209	3340.0	0.14792892866450302	0.14792892866450302	0.005147867497945051	7681.0	43.25785738425143	0.20833333333333334	0.6755220339418339	0.9143578757008336	24	-0.5770094175357141
RNF217.AS1	RNF217.AS1	0.6209024611780101	3339.0	0.14782025160110598	-0.14782025160110598	0.010490817759605075	4163.0	23.442604483496677	0.08333333333333333	0.47033275377489464	0.706784408888926	24	-0.45630958764467144
ACBD5	ACBD5	0.36943685427887896	3338.0	0.14779024669733898	0.14779024669733898	4.92635041106484e-07	8438.0	47.521685254027254	0.12	0.5622140108616595	0.4786932902904415	25	-0.8657396553707151
COX5A	COX5A	0.183956282236537	3337.0	0.14775272969481398	0.14775272969481398	0.000305730150202639	3338.0	18.79576433479779	0.08	0.3771022777916291	0.37024962451042004	25	-0.6194457277305367
ZNF574	ZNF574	0.284557993833217	3336.0	0.14774682881610096	-0.14774682881610096	2.7750898917645e-07	8993.0	50.647741354061054	0.08	0.521278809229374	0.3964277901549495	25	-0.9422446904322037
PNLDC1	PNLDC1	0.804321100917708	3335.0	0.14764057503790698	-0.14764057503790698	0.0038409845160224396	13470.0	75.86459389433367	0.4166666666666667	1.4802543564211312	1.452933081948851	24	-0.9171886840072222
SHC1	SHC1	0.23068558119722002	3334.0	0.147529301783824	0.147529301783824	6.51276020626073e-05	5795.0	32.634899177650105	0.04	0.4766654555112099	0.48025238254796093	25	-0.6853399705820644
DERA	DERA	0.23462267075740698	3333.0	0.147449469286827	0.147449469286827	1.18877921996166e-06	6469.0	36.43122676579925	0.12	0.4929510493856392	0.3061657068060245	25	-1.1284790308592905
POR	POR	0.42944623242518604	3332.0	0.14743531608653798	-0.14743531608653798	0.00561728366009623	4213.0	23.724231159175396	0.08	0.4074733936372584	0.3804822255511641	25	-0.6834434306991106
C19orf33	C19orf33	0.680233838305737	3331.0	0.14742391308369598	-0.14742391308369598	0.001179636135315429	12828.0	72.2485073786189	0.4166666666666667	1.243033334404189	1.451420456574434	24	-0.7548532310935541
APLF	APLF	0.334498665131083	3330.0	0.14740561337759803	0.14740561337759803	0.00011282038695704699	4547.0	25.60549735270925	0.24	0.77332402224905	1.2019951195962644	25	-0.5207329037090352
HBP1	HBP1	0.0124482223326625	3329.0	0.14739892401555302	-0.14739892401555302	6.56548635656365e-06	7335.0	41.30900078855469	0.12	0.5304526803953887	0.4508907671144219	25	-0.8495489025674122
AGO2	AGO2	0.667811764590647	3328.0	0.147390678320513	0.147390678320513	0.00142791121740376	6649.0	37.445082798242645	0.2	0.5171257503054411	0.5126272575097794	25	-0.7212551938439883
ABCA1	ABCA1	0.6559750875344229	3327.0	0.14736691801302898	-0.14736691801302898	0.0495769407140064	5111.0	28.782246254365212	0.12	0.618216561054415	0.8385962321421476	25	-0.5614735971787361
FAM50A	FAM50A	0.39717865460207796	3326.0	0.14729356132936702	0.14729356132936702	0.00130906204084387	3141.0	17.686155232623634	0.16	0.42111889145514814	0.48197144114605106	25	-0.5681360071349213
SUPT5H	SUPT5H	0.324093641511235	3325.0	0.147237621353596	0.147237621353596	0.000281280461573062	3130.0	17.624197363974318	0.0	0.32104279837268895	0.2508230696943333	25	-0.692939358532297
ARHGAP26.AS1	ARHGAP26.AS1	0.809221614831658	3324.0	0.147236263729948	-0.147236263729948	0.0386811873416405	12576.0	70.82910893319814	0.2916666666666667	1.2080855683296257	1.2673514148005318	24	-0.8370601020448969
TUBGCP3	TUBGCP3	0.0999691498653444	3323.0	0.147217876970083	-0.147217876970083	0.00179833518089782	2141.0	12.053621719049227	0.04	0.3317461341856236	0.29197263471791557	25	-0.6320053158194755
SPAG5.AS1	SPAG5.AS1	0.388866732556774	3322.0	0.14720645469624	0.14720645469624	0.00119793789542777	1509.0	8.493860538470203	0.08	0.39612297549959213	0.5809048744113363	25	-0.4284979034744601
HTR1B	HTR1B	0.848336884149379	3321.0	0.147138388477699	0.147138388477699	1.4565340282326e-07	16115.0	90.76264503773797	0.7083333333333334	1.702317792922565	1.2014401282318503	24	-1.2944293834546803
SDHD	SDHD	0.0805674612546953	3320.0	0.14710750742340303	0.14710750742340303	2.25549142696095e-09	9619.0	54.17370733355863	0.2	0.6577886983451581	0.4058049667471951	25	-1.258439971829854
TEDDM1	TEDDM1	0.852098715510827	3319.0	0.14709002426067802	0.14709002426067802	0.00222157649256175	16331.0	91.97927227667005	0.5217391304347826	2.1370052609313883	1.8459961083014618	23	-1.0779628557839547
MAP3K19	MAP3K19	0.8079891192834541	3318.0	0.147079364956656	-0.147079364956656	0.000219032042610538	14711.0	82.8545679846795	0.4583333333333333	1.369577295529689	1.0142695637004213	24	-1.2052988419695052
LPAR6	LPAR6	0.41784211051307896	3317.0	0.147058186572026	0.147058186572026	0.030532314248479797	3665.0	20.637602793736622	0.125	0.8757531262318774	2.033774709103441	24	-0.3582967849871069
TAF5	TAF5	0.17436291205732699	3316.0	0.14704369917975801	0.14704369917975801	0.0225897758174519	737.0	4.145544665990763	0.08	0.4033294599065679	0.8109070591589108	25	-0.3160482546454024
SNAPC2	SNAPC2	0.22316552644627102	3315.0	0.14696120845469401	-0.14696120845469401	2.0825030641003696e-09	9964.0	56.1169313957418	0.24	0.6935276718312035	0.4362372953593315	25	-1.25291090237092
ST7	ST7	0.42622263511677794	3314.0	0.146835228360213	-0.146835228360213	0.000180722774615802	14840.0	83.5811648079306	0.5652173913043478	2.060271570480323	2.2343128664806913	23	-0.8563869325668791
ATP13A5	ATP13A5	0.746649969044484	3313.0	0.146793537389448	0.146793537389448	0.0005249842281982115	15480.0	87.18598625661822	0.5833333333333334	1.450276781782734	1.1617075881885734	24	-1.1220407421335523
UBA5	UBA5	0.35574604484503797	3312.0	0.146692649407836	0.146692649407836	2.6601726696757198e-05	3239.0	18.238143516953926	0.12	0.3874133029648172	0.32067110330928594	25	-0.7506777226659151
PSD	PSD	0.437723593811005	3311.0	0.14667786588793302	0.14667786588793302	2.56106437889557e-12	15999.0	90.10927115016334	0.625	2.0246427431724645	2.128769687207184	24	-0.8821832105981867
MTCL1	MTCL1	0.686798988093029	3310.0	0.14666157798308402	-0.14666157798308402	3.9921926803461203e-07	6802.0	38.30686042581953	0.28	0.7955710360222777	0.9472855937804509	25	-0.6850198739426722
CYP4F12	CYP4F12	0.774506743266229	3309.0	0.146617432618504	0.146617432618504	0.0012571119995574745	11482.0	64.66711726934774	0.4166666666666667	1.357377157374975	1.7927897346907147	24	-0.6753495411804926
INTS1	INTS1	0.260666544781193	3308.0	0.146536995437779	-0.146536995437779	2.6186969880425297e-08	11765.0	66.2611242536893	0.4	0.9740079804959769	0.7448857228805459	25	-1.110869707447589
PRPF40B	PRPF40B	0.15356466545418	3307.0	0.146508075976237	0.146508075976237	6.21162029163854e-06	2088.0	11.755097442829785	0.04	0.3594944566828429	0.3820829182839639	25	-0.5574349716108337
ZDHHC17	ZDHHC17	0.276398397893292	3306.0	0.146408373092964	0.146408373092964	0.0173621975027867	1756.0	9.88509631632308	0.08	0.45864200833933194	0.6731539136140156	25	-0.4638369159440136
INPP5D	INPP5D	0.637879943795052	3305.0	0.146361338166637	-0.146361338166637	4.57111521896253e-06	14052.0	79.14272839923397	0.5416666666666666	1.2171830995670614	1.361517223719854	24	-0.7864915277933766
PCMT1	PCMT1	0.14613985315537198	3304.0	0.14634347620914	-0.14634347620914	1.95174607629583e-05	3729.0	20.998084938605384	0.08	0.5271371226757404	0.7547734098019326	25	-0.5045138600822306
MYH14	MYH14	0.556209014611447	3303.0	0.14630754506914903	-0.14630754506914903	0.016976728891316264	11646.0	65.59085276557396	0.16666666666666666	0.9471036465002113	1.4382626526100961	24	-0.5567801541518251
ZNF624	ZNF624	0.529421541150065	3302.0	0.14630330445622197	0.14630330445622197	0.00025282592574000004	4688.0	26.39968457812324	0.12	0.4993271133546225	0.5443741714059522	25	-0.648494780688525
AIMP1	AIMP1	0.154640541336452	3301.0	0.146177370890259	0.146177370890259	8.28479969209966e-08	10231.0	57.62081784386616	0.08	0.5734654083618064	0.35627460324946314	25	-1.1993221901712727
TPCN2	TPCN2	0.34855475831148497	3300.0	0.14614886811171898	-0.14614886811171898	0.0420589803867957	153.0	0.8561450940633096	0.04	0.301577971905518	0.6031297461540911	25	-0.2577042581383295
ZNF143	ZNF143	0.162427535787809	3299.0	0.145980666928151	0.145980666928151	0.00334823506602686	1765.0	9.935789117945252	0.08	0.41538213125754875	0.5451186017540449	25	-0.4942070651460734
NDUFAF7	NDUFAF7	0.0884680574940531	3298.0	0.14593971070971398	0.14593971070971398	0.00239277342139621	4007.0	22.56392925537907	0.12	0.5055480032983234	0.7825025937032651	25	-0.4595617899318777
TMEM170A	TMEM170A	0.41313495403652206	3297.0	0.14592934356284398	-0.14592934356284398	0.0005264039052046731	2805.0	15.793623972062633	0.04	0.358317429355981	0.33972778169354934	25	-0.6251713790799752
TMEM8B	TMEM8B	0.45737040690271	3296.0	0.14585099151673	-0.14585099151673	2.4739913801519603e-05	9163.0	51.6052720513687	0.16	1.0018906269805785	1.5497489625446443	25	-0.552373097935975
PITX3	PITX3	0.9058425662907541	3295.0	0.145848716450291	-0.145848716450291	8.909427453221362e-06	16604.0	93.51695392587585	0.6666666666666666	1.951333156664411	1.1814393030360957	24	-1.5282075309110976
FAM217A	FAM217A	0.799990905488515	3294.0	0.14582401968749698	0.14582401968749698	0.007935273035075291	12014.0	67.66362509856933	0.375	1.3759793792517618	1.5048299734955712	24	-0.8174713298052774
RABAC1	RABAC1	0.118904059803476	3293.0	0.145758000303119	-0.145758000303119	0.0076297803540847295	4429.0	24.94085839810747	0.0	0.36006074097839663	0.24888977260150505	25	-0.8610347401393452
DVL3	DVL3	0.252348389255105	3292.0	0.145709590641714	-0.145709590641714	3.7122984489707e-06	3738.0	21.048777740227553	0.12	0.6301924112547368	1.08502097542712	25	-0.4465193130688607
ZNF669	ZNF669	0.433989036882215	3291.0	0.14569968099693698	0.14569968099693698	2.14911805674612e-05	14252.0	80.26923510194885	0.5416666666666666	1.5071025314345343	1.70479693178279	24	-0.7985718563054377
SUPT6H	SUPT6H	0.233532432492671	3290.0	0.145653277925491	-0.145653277925491	6.394155193552429e-05	3960.0	22.299200180241073	0.12	0.44730156925875164	0.41690341330988456	25	-0.723544786880997
SDCBP2.AS1	SDCBP2.AS1	0.414580154514699	3289.0	0.145641908351005	-0.145641908351005	0.0198002344137357	2209.0	12.436633997972287	0.0	0.352059017024189	0.41344792764386396	25	-0.49925781427785443
RGL4	RGL4	0.178022290726832	3288.0	0.14563485000582	0.14563485000582	6.156659439281429e-07	6038.0	34.00360482144868	0.08	0.6452260369937322	0.9432426801992486	25	-0.52965286397174
FAM106A	FAM106A	0.7588799265466121	3287.0	0.145632027398387	0.145632027398387	0.00730133559729972	1219.0	6.860425819533626	0.08	0.5298822094593191	0.8182095553109756	25	-0.46962319074224296
PRELID3A	PRELID3A	0.6014156101383961	3286.0	0.145620215258685	-0.145620215258685	0.0010804777411319	4735.0	26.66441365326124	0.12	0.6252878329975083	1.036130556821564	25	-0.46294129111513965
TRAF2	TRAF2	0.33811456552175	3285.0	0.145605913291332	0.145605913291332	9.98670117457258e-05	3229.0	18.181818181818183	0.04	0.3262067101469963	0.28043981006249386	25	-0.643991296440469
ZNF211	ZNF211	0.475777150171484	3284.0	0.14549078777739802	-0.14549078777739802	3.06560497413779e-05	5049.0	28.4330291765236	0.04	0.39810008719512374	0.3376858566851144	25	-0.7480600517222107
BEX3	BEX3	0.5681635438327579	3283.0	0.14546903684222798	-0.14546903684222798	0.0306171619120198	924.0	5.198828433029177	0.08	0.7287991615747678	1.366453387358728	25	-0.4268935407010712
MPC1	MPC1	0.186128619823828	3282.0	0.14535358651943303	-0.14535358651943303	3.53660037401033e-10	8049.0	45.330629717246815	0.2	0.7286938257480496	0.8897909950604491	25	-0.6555924284095352
KMT2C	KMT2C	0.278915122723915	3281.0	0.145311463050921	0.145311463050921	0.000977933130286861	6542.0	36.84240171229018	0.12	0.5115784040486292	0.5048856259974601	25	-0.725445372452633
DHX8	DHX8	0.31675750291029997	3280.0	0.145227797004945	0.145227797004945	0.000563793929496268	1737.0	9.778078179565167	0.08	0.37525344152331036	0.4430588025291692	25	-0.519176333266105
C1D	C1D	0.413806002393556	3279.0	0.145214562451646	0.145214562451646	5.5246895908496e-10	10934.0	61.58048890390897	0.16	0.7220256633003708	0.5693132700936265	25	-1.0131699560663063
CWF19L1	CWF19L1	0.0845183850393183	3278.0	0.145172206604181	-0.145172206604181	0.000601716168648819	17391.0	97.94975780105891	0.7083333333333334	3.1452020032650214	2.2017460769581754	24	-1.3625684760186036
DNAAF5	DNAAF5	0.299252535421945	3277.0	0.14501912105642903	0.14501912105642903	0.00656360333970631	2691.0	15.15151515151515	0.0	0.2969968978121003	0.2181416059475779	25	-0.6966932149211068
USP44	USP44	0.7093728121572141	3276.0	0.145006809043664	0.145006809043664	1.973546403365175e-05	13406.0	75.5041117494649	0.4583333333333333	1.5207368156238905	1.8336052421846458	24	-0.7502869074158598
SVBP	SVBP	0.43488863933986	3275.0	0.14500510681279002	0.14500510681279002	0.00250700079984595	2730.0	15.371183958544552	0.04	0.42021447405256873	0.6697167086880226	25	-0.4109340018989744
MCM3AP.AS1	MCM3AP.AS1	0.134428460765877	3274.0	0.14495559998817	0.14495559998817	0.00516811483811239	2572.0	14.481243663399797	0.12	0.3697768967863707	0.4567171088034323	25	-0.49225503591756653
SNAP29	SNAP29	0.0961588923235688	3273.0	0.144923426547792	-0.144923426547792	0.000428803189019907	494.0	2.7768390221921817	0.08	0.33591347555240025	0.4404035926463988	25	-0.433670506312047
SZRD1	SZRD1	0.345017512089855	3272.0	0.144825389503561	-0.144825389503561	0.00395149542775021	3852.0	21.690886560775038	0.04	0.38205616181196583	0.29474353103628853	25	-0.8048718540974432
SNHG11	SNHG11	0.375955748705538	3271.0	0.144651421637871	0.144651421637871	0.10178821389718701	27.0	0.14644587135293455	0.08	0.3662613973229152	0.7218323065706065	25	-0.30701033144097334
PCGF6	PCGF6	0.286905527377667	3270.0	0.144632537664064	0.144632537664064	0.0150558716801833	1690.0	9.51334910442717	0.08	0.46787677073521633	0.786551309149718	25	-0.410963950235602
SMPD2	SMPD2	0.541473205894109	3269.0	0.14463123463742497	-0.14463123463742497	0.00599447601928067	1481.0	8.33614960009012	0.08	0.46591633806750055	0.7254614448679235	25	-0.4428699908215912
PHACTR4	PHACTR4	0.120294352221884	3268.0	0.14461945380742802	-0.14461945380742802	0.000834277095266647	3934.0	22.152754308888138	0.04	0.3688706867833494	0.426051988507388	25	-0.5263471102706347
HSPA6	HSPA6	0.752344595985009	3267.0	0.144574272838108	0.144574272838108	0.0002890463814960895	13450.0	75.75194322406217	0.4583333333333333	1.7351088317000416	2.2701442142508688	24	-0.7006315056450273
TRIM22	TRIM22	0.38041370524657003	3266.0	0.14443638627188699	0.14443638627188699	0.160802510054267	294.0	1.6503323194773007	0.16666666666666666	0.6975007368650821	1.2419916728270246	24	-0.4453043951046054
CCR10	CCR10	0.579641568863509	3265.0	0.144082378604975	-0.144082378604975	3.77340939908777e-07	13325.0	75.04787653486538	0.44	1.3558881733491963	1.5082665702130766	25	-0.8034427193947729
ZNF462	ZNF462	0.502546739245575	3264.0	0.143979704326872	0.143979704326872	0.000663691084348694	7025.0	39.56291539934662	0.16	0.802266288192462	1.24182895260669	25	-0.5300944083191154
RRN3P3	RRN3P3	0.160143660923085	3263.0	0.143806488748771	0.143806488748771	0.0414070273733885	686.0	3.858285456798468	0.12	0.3181748603525689	0.3453281877920608	25	-0.5049352406435866
ZNF585A	ZNF585A	0.536122893360642	3262.0	0.14379727410474696	0.14379727410474696	0.00071874564950031	5013.0	28.230257970034923	0.04	0.5836191606223561	1.172880416232478	25	-0.3749929493497754
SAMD9L	SAMD9L	0.37679821400060104	3261.0	0.14376162398620002	-0.14376162398620002	8.515380283158193e-06	12768.0	71.91055536780443	0.4583333333333333	1.3597821023264414	1.6923192798756115	24	-0.7185526353098223
RABEPK	RABEPK	0.18806057402201198	3260.0	0.143658555182255	-0.143658555182255	0.00028637175912660603	3631.0	20.44609665427509	0.04	0.327914902272892	0.26894817295934687	25	-0.6850998282055198
UBE2L3	UBE2L3	0.18921950321091702	3259.0	0.14361795668973001	-0.14361795668973001	1.8614789298009e-05	5379.0	30.291765236003155	0.12	0.47439031149784533	0.541241496537099	25	-0.6111363539647643
PMPCA	PMPCA	0.24169619663087805	3258.0	0.143604574718289	-0.143604574718289	0.0008919131133952199	1117.0	6.285907401149037	0.12	0.3694295654060022	0.45314962795329106	25	-0.49834530750401584
MRPS22	MRPS22	0.21985067302872502	3257.0	0.14347735415509197	-0.14347735415509197	1.6536907537788e-06	6041.0	34.020502421989406	0.08	0.5780212893205647	0.6610125147298456	25	-0.6573913889407524
GPALPP1	GPALPP1	0.36819173395755395	3256.0	0.143365338981654	0.143365338981654	0.000805324867974632	3505.0	19.73639743156472	0.08	0.3742580515195966	0.3421656901469248	25	-0.6747979683141173
ARFGAP3	ARFGAP3	0.443753070113846	3255.0	0.143324383963114	0.143324383963114	1.21251636621104e-08	8330.0	46.91337163456122	0.16	0.6915174756145239	0.8877189236066222	25	-0.6175300278878955
ARAF	ARAF	0.29927496383248703	3254.0	0.143293739500686	0.143293739500686	0.000934391345357733	1805.0	10.161090458488227	0.08	0.4608302406808491	0.610931288470348	25	-0.5197581252962377
NOTCH3	NOTCH3	0.63212158320226	3253.0	0.14329173711299698	0.14329173711299698	1.0047880096780535e-07	13192.0	74.29874957755999	0.375	1.118219103265917	1.5167012239238356	24	-0.6427946063303752
RPS6KB2	RPS6KB2	0.372947628363024	3252.0	0.14327468846113697	0.14327468846113697	0.0027587757205597	3073.0	17.303142953700576	0.08	0.329836936710152	0.3191700760727496	25	-0.5845229933350369
AGO4	AGO4	0.17977730104454503	3251.0	0.143255371334765	-0.143255371334765	0.0151338380630001	524.0	2.945815027599414	0.12	0.48872793012950266	0.9129485975790846	25	-0.3784140308784591
KDM2B	KDM2B	0.130371217713952	3250.0	0.143253970841966	-0.143253970841966	1.74777277112402e-07	8385.0	47.223160977807815	0.08	0.506813657571363	0.3161384779638649	25	-1.1500013825300708
NALCN	NALCN	0.5403135130781821	3249.0	0.143229404176171	0.143229404176171	0.01642743852749395	5861.0	33.00664638954601	0.125	0.5804885098667498	0.793602149077214	24	-0.5509802439408911
SELENOW	SELENOW	0.517384217967758	3248.0	0.143092034902478	0.143092034902478	0.011839827371969999	1629.0	9.169764560099132	0.08	0.41627871221411666	0.46349278251571624	25	-0.5894086976475743
TERF2	TERF2	0.292180166948924	3247.0	0.14305905690275	0.14305905690275	2.20466637360208e-05	4805.0	27.058690999211446	0.16	0.45352976034402354	0.4238774439489586	25	-0.7324539389235796
RPL35	RPL35	0.3075381235848	3246.0	0.14302667176997	-0.14302667176997	0.00110771317115882	1593.0	8.966993353610453	0.12	0.4310590697003211	0.5595540996106286	25	-0.5147534405176931
AHDC1	AHDC1	0.5174550304834279	3245.0	0.14294342885497502	0.14294342885497502	2.94907210259272e-10	11951.0	67.30877548721415	0.32	0.9364028196615694	0.7802448135022186	25	-1.0169364500419562
RBM28	RBM28	0.221817524558608	3244.0	0.142878612675118	0.142878612675118	0.0018149971360724398	1649.0	9.28241523037062	0.12	0.4528445078381092	0.6286514214996329	25	-0.4930648123304565
MAP3K14.AS1	MAP3K14.AS1	0.31065435742556896	3243.0	0.14269982116686403	-0.14269982116686403	0.0257313524569434	1450.0	8.161541061169313	0.2	0.5500126747222214	0.7412484062985895	25	-0.5494957562057593
MAX	MAX	0.26417323179618696	3242.0	0.142694858619609	-0.142694858619609	0.0248948666249928	482.0	2.709248620029289	0.08	0.34352105516389747	0.4994773075629817	25	-0.40207271382186915
ERMARD	ERMARD	0.25300460219557397	3241.0	0.142664581958281	0.142664581958281	8.85470558269367e-08	8856.0	49.87608426270136	0.08	0.6187783358717762	0.6614141540128969	25	-0.7198421004824935
PDE6C	PDE6C	0.7352911297227409	3240.0	0.142653481042746	0.142653481042746	0.00573594519972384	6042.0	34.02613495550298	0.16666666666666666	0.6382925322539378	0.8580786017515909	24	-0.5776149762963984
BASP1	BASP1	0.733552893783534	3239.0	0.14263282555170198	0.14263282555170198	2.69608631474608e-10	14235.0	80.17348203221809	0.48	1.2928192128068112	1.4680693432015177	25	-0.7834687050591359
PXYLP1	PXYLP1	0.3519613628969529	3238.0	0.142494842117189	0.142494842117189	0.0107630569759267	372.0	2.089669933536104	0.04	0.37090768308681565	0.676804880091283	25	-0.3374869887741055
SLC39A14	SLC39A14	0.660980429652491	3237.0	0.14247313075940302	-0.14247313075940302	0.000191114133001426	5610.0	31.592880477638843	0.12	0.48075055377244963	0.5165015584716324	25	-0.6549397914965357
YKT6	YKT6	0.0779497481631564	3236.0	0.14234038420957598	0.14234038420957598	0.0049224811861439	3576.0	20.1363073110285	0.04	0.3236204782020816	0.2753871664332388	25	-0.658273572949714
TSR1	TSR1	0.18346599479226197	3235.0	0.14233320343801503	0.14233320343801503	1.5669275968843303e-05	3187.0	17.945251774248057	0.08	0.4603921516057886	0.6577292157912809	25	-0.4835712638751084
TAF9B	TAF9B	0.3717392072624329	3234.0	0.142276551982739	0.142276551982739	0.00386755085602495	3819.0	21.50501295482708	0.16	0.5163611914867249	0.7406865107681195	25	-0.5050512383653999
MED24	MED24	0.399876308131959	3233.0	0.142251678585407	-0.142251678585407	5.90098638245486e-06	5902.0	33.23758026360257	0.08	0.47697463891288444	0.33431786785232864	25	-1.0012116985483042
FBL	FBL	0.350967893583692	3232.0	0.142237716225965	0.142237716225965	0.0009660730523988971	5121.0	28.83857158950096	0.16	0.4761421717602677	0.5696396110485432	25	-0.5861679017013587
CLUH	CLUH	0.41074994715720503	3231.0	0.142227171523395	0.142227171523395	2.7574686040784596e-08	9974.0	56.17325673087755	0.28	0.7698193463385559	0.5845163706684768	25	-1.0736947779536452
C9orf64	C9orf64	0.378182856934096	3230.0	0.142227107362475	0.142227107362475	0.00035219925322104703	4729.0	26.630618452179792	0.12	0.5153534683605208	0.7345683709515233	25	-0.5079532086505664
CSF1R	CSF1R	0.608912304561501	3229.0	0.14212079332571498	-0.14212079332571498	0.003764300405663185	12411.0	69.89974090345837	0.25	1.1015607914869523	1.3177547135478878	24	-0.7280869408374694
OXA1L	OXA1L	0.21300828566064897	3228.0	0.14212026030267802	0.14212026030267802	2.48323084867608e-05	1380.0	7.767263715219106	0.08	0.3446359938238054	0.38313313078109307	25	-0.5285779726442836
SNX7	SNX7	0.6301088446744461	3227.0	0.142120071884805	0.142120071884805	0.000724277382282629	6900.0	38.85884871014982	0.08	0.761716650333626	0.9682309498815491	25	-0.6399264333830899
SPEF2	SPEF2	0.562195877313302	3226.0	0.142042100449909	0.142042100449909	1.84291241750299e-08	9809.0	55.24388870113777	0.16666666666666666	0.7373906955770136	0.8671922845419143	24	-0.6865243219288922
CEP131	CEP131	0.39333407301613504	3225.0	0.141983279061696	0.141983279061696	9.61292443156544e-08	10964.0	61.7494649093162	0.24	0.7930966459766903	0.698248685276387	25	-0.9324949414795745
ARMC12	ARMC12	0.7607934691356221	3224.0	0.141956974763539	0.141956974763539	0.0037108688602359354	10778.0	60.701813675791364	0.2916666666666667	1.0447107654951828	1.4712766752127695	24	-0.6135853343838892
RORC	RORC	0.518924158576367	3223.0	0.141951981543941	-0.141951981543941	0.0057074459975598605	11938.0	67.23555255153768	0.3333333333333333	1.1585546581376198	1.760559578839845	24	-0.5774315671064021
PSTK	PSTK	0.30048173809684803	3222.0	0.14194132600712803	0.14194132600712803	1.04460794111119e-05	4610.0	25.960346964064435	0.08	0.5635763198542981	0.7102208681610613	25	-0.5936674248095357
CCDC59	CCDC59	0.270624382593562	3221.0	0.14194080975009804	-0.14194080975009804	0.00508679533893081	3189.0	17.956516841275207	0.08	0.4932835461035354	0.6324540610626102	25	-0.5555229351569553
SCN11A	SCN11A	0.695854320339449	3220.0	0.141934973799521	-0.141934973799521	1.526702183182511e-05	14972.0	84.32465923172242	0.5833333333333334	1.4231705106602703	1.2499281793155577	24	-1.025047325168983
RPL37A	RPL37A	0.332500230888932	3219.0	0.141851690264375	-0.141851690264375	0.0018358842836897103	1921.0	10.814464346062858	0.04	0.3325516421583989	0.36073874327457783	25	-0.5286372906967517
OS9	OS9	0.0534889066669268	3218.0	0.141798735673707	0.141798735673707	0.0060638604050573	1861.0	10.476512335248394	0.08	0.35616099856149797	0.3845537776664868	25	-0.5574311717559088
STX5	STX5	0.10848635146167598	3217.0	0.14178190550583802	-0.14178190550583802	0.00349049209415598	1010.0	5.683226315196576	0.08	0.39139011249586253	0.5238839173065211	25	-0.47645709048170753
LSP1	LSP1	0.610665765317271	3216.0	0.141685826239264	-0.141685826239264	3.70476161080751e-05	14504.0	81.6886335473696	0.5416666666666666	1.7468179256363803	2.255902777943411	24	-0.7115253880135879
GRIK1	GRIK1	0.7279682150590591	3215.0	0.141670497691208	-0.141670497691208	0.0001016882189989628	16293.0	91.76523600315421	0.625	2.558278253481008	2.721462929313211	24	-0.887981140496246
PTPN7	PTPN7	0.737959850170058	3214.0	0.14166747104027697	0.14166747104027697	0.006858899847356993	12405.0	69.86594570237692	0.375	1.7689729514176262	2.791075514458298	24	-0.583038857941177
SRRD	SRRD	0.121481206471599	3213.0	0.14164460599729997	-0.14164460599729997	0.000666213162847788	1276.0	7.181480229807367	0.12	0.4345758410932076	0.6757587724923565	25	-0.43348491654131066
DDAH1	DDAH1	0.48923581647311404	3212.0	0.141632438292012	0.141632438292012	0.00223858775350145	8087.0	45.54466599076264	0.32	1.070144110422795	1.5834456010588263	25	-0.5863868461978745
TMED1	TMED1	0.3075381235848	3211.0	0.14154562640599697	0.14154562640599697	0.0103724222507949	583.0	3.278134504900304	0.04	0.2528925579849652	0.28073194123017514	25	-0.396630789824068
ATF7	ATF7	0.320332670450193	3210.0	0.141505681438434	-0.141505681438434	3.1215288926030106e-05	1919.0	10.80319927903571	0.16	0.5189059820162936	0.5878302541822498	25	-0.6420225871206199
KPNA4	KPNA4	0.33522071776603096	3209.0	0.141390464988242	-0.141390464988242	0.00130034608017632	4141.0	23.318688746198042	0.04	0.37166216641452804	0.2763187854329966	25	-0.8333552171107226
DVL2	DVL2	0.17981066698430198	3208.0	0.14136359491295497	-0.14136359491295497	2.51823667339237e-05	7612.0	42.8692125718148	0.12	0.5202676669794606	0.3818418844503662	25	-0.9923062070885981
ACTA2.AS1	ACTA2.AS1	0.6926588636164829	3207.0	0.141352401918632	-0.141352401918632	4.005721722224475e-05	12125.0	68.28883631857609	0.2916666666666667	1.2575255991229992	1.6225791218548775	24	-0.6879006281853274
CMC2	CMC2	0.5470694256029179	3206.0	0.14134998521216902	0.14134998521216902	1.58369490147741e-05	4624.0	26.039202433254477	0.12	0.5328296721488881	0.6818389193166768	25	-0.5741527446527267
BSDC1	BSDC1	0.388616458827683	3205.0	0.141273251649477	0.141273251649477	0.00260169139223822	1556.0	8.7585896136082	0.08	0.3369610544618729	0.4310601908285842	25	-0.45396862660002235
ACP1	ACP1	0.132091305015514	3204.0	0.14123369379512302	0.14123369379512302	4.1106868043521204e-09	9940.0	55.98175059141602	0.16	0.6537099283769036	0.5779327447052374	25	-0.886740263943962
MIB1	MIB1	0.43246890493115797	3203.0	0.14118117040626998	0.14118117040626998	0.0017720427930379898	4047.0	22.789230595922046	0.08	0.4506511725604364	0.3636849515547607	25	-0.8509288075604331
POGZ	POGZ	0.00653323487551908	3202.0	0.141047650814969	-0.141047650814969	2.79839717713054e-06	4979.0	28.038751830573393	0.12	0.4787034005101499	0.4875510956661487	25	-0.6925545910912918
PACSIN2	PACSIN2	0.528526740346249	3201.0	0.14101356330949802	-0.14101356330949802	0.014892540674371998	2326.0	13.095640419060492	0.04	0.32777618267881947	0.3514790417044005	25	-0.5313620364493647
ZNF425	ZNF425	0.5895215226728929	3200.0	0.140962912042227	-0.140962912042227	0.0020792237891765803	4387.0	24.704291990537342	0.16	0.6065769527945014	0.8341569016399	25	-0.5581852045303546
PARD6A	PARD6A	0.653861462106791	3199.0	0.140952877194896	-0.140952877194896	0.000199658028544396	6153.0	34.651346175509744	0.08	0.6430424318866587	0.8930381874059797	25	-0.5622262986873933
GUSBP5	GUSBP5	0.7291873396521891	3198.0	0.14092561979025597	0.14092561979025597	0.0121455274331295	4657.0	26.225076039202435	0.20833333333333334	0.9134145574028705	1.415009697850332	24	-0.5459248362652014
TBP	TBP	0.13805288170386099	3197.0	0.14089318975985998	-0.14089318975985998	0.000996159073711299	2457.0	13.833502309338739	0.08	0.4395628801076918	0.5340772495847198	25	-0.5592256374523856
TMEM42	TMEM42	0.38803216021440295	3196.0	0.14082333586175302	0.14082333586175302	0.000310881599677725	1773.0	9.980849386053846	0.12	0.4551699673748552	0.7601791563848826	25	-0.41351650972385623
ZXDC	ZXDC	0.293014359861771	3195.0	0.140793774463066	-0.140793774463066	3.26859884994141e-05	2364.0	13.30967669257632	0.12	0.38770926924331184	0.4373320830269209	25	-0.5645949711058506
GLRX	GLRX	0.6457623844624321	3194.0	0.140785497365201	0.140785497365201	7.81615674973496e-07	12133.0	68.33389658668469	0.24	0.8671677536945229	0.6497221051310056	25	-1.1179891381144544
PDHA1	PDHA1	0.207770499406135	3193.0	0.14074212281357298	0.14074212281357298	4.18058163505062e-06	5882.0	33.124929593331075	0.04	0.3983683636320665	0.2743639605284464	25	-0.9389944667742995
STAM2	STAM2	0.322222308140445	3192.0	0.140739801527621	0.140739801527621	2.3650043762930498e-07	10185.0	57.36172130224175	0.08	0.557294632946	0.3743667013699793	25	-1.112691993956765
METTL3	METTL3	0.12032769568470698	3191.0	0.140713742678117	0.140713742678117	0.00294763938780832	3837.0	21.606398558071422	0.08	0.6055756125311671	1.0493739954871057	25	-0.4429896984794895
CNTN1	CNTN1	0.830640750698175	3190.0	0.140645972523377	0.140645972523377	3.8015643707007254e-05	12563.0	70.75588599752167	0.375	1.151813233635391	1.60531251807237	24	-0.6298881057292228
ZNF836	ZNF836	0.3868864409040179	3189.0	0.140591557964936	0.140591557964936	0.0142222307168767	4474.0	25.194322406218316	0.04	0.45759136332947425	0.6015746920735026	25	-0.5269500355340847
DHX33	DHX33	0.194771301566002	3188.0	0.140585509734267	0.140585509734267	0.00022453331149544103	6023.0	33.91911681874507	0.16	0.5093962594668162	0.6706779392991086	25	-0.5499073819514245
NDUFA9	NDUFA9	0.0816709711416927	3187.0	0.14053737883932502	0.14053737883932502	3.38608405768869e-08	9240.0	52.03897713191393	0.2	0.6136823750559124	0.4308997097755736	25	-1.0980397189476327
ASB7	ASB7	0.315165109533078	3186.0	0.14045622366991597	0.14045622366991597	0.000255517729414095	5400.0	30.410048439788216	0.08	0.4688144433398182	0.48535424316138637	25	-0.676533118431436
CAMKMT	CAMKMT	0.48108965726593	3185.0	0.140448659873293	0.140448659873293	2.27684321279397e-05	4041.0	22.7554353948406	0.0	0.32526880690407955	0.2523410859757033	25	-0.7324219372210437
DEAF1	DEAF1	0.20864267889563198	3184.0	0.14043669432862302	0.14043669432862302	1.4345054866810301e-06	6750.0	38.01396868311366	0.04	0.47251987757368363	0.25825691210820334	25	-1.2858636794430727
RPS23	RPS23	0.41805652264492205	3183.0	0.140412849879754	0.140412849879754	0.00241831281792454	1886.0	10.617325673087754	0.08	0.4118061259392983	0.5741901322975181	25	-0.47265402310836147
UNKL	UNKL	0.430733159753585	3182.0	0.14039959724658801	0.14039959724658801	8.03549603329104e-07	10157.0	57.20401036386166	0.08	0.5260103332594905	0.36994676641220964	25	-1.0423411447884896
EHHADH	EHHADH	0.31878612719287897	3181.0	0.14030798364187	0.14030798364187	1.61941462389454e-05	6970.0	39.25312605610003	0.16	0.5338802903220663	0.490182533132605	25	-0.8029096919569887
TLN2	TLN2	0.559985604121322	3180.0	0.140139291292745	-0.140139291292745	1.01038286042588e-06	7662.0	43.15083924749352	0.08	0.5708690250564353	0.8455111147071551	25	-0.5094311905206292
MAIP1	MAIP1	0.37827028534569607	3179.0	0.14013529488908	0.14013529488908	6.9262843625344e-08	8513.0	47.94412526754534	0.0	0.4132076929654786	0.19908398688857548	25	-1.371644210788452
YWHAG	YWHAG	0.28474723064659996	3178.0	0.14006029022838198	0.14006029022838198	0.0144294016376292	439.0	2.4670496789455894	0.04	0.24675664043567608	0.28612669288642695	25	-0.37289897398578387
NUDT14	NUDT14	0.507735652727432	3177.0	0.140059551194988	-0.140059551194988	0.0386725909174243	2091.0	11.771995043370508	0.08	0.4394575160866988	0.8188775307468855	25	-0.36561995371717493
NEMP2	NEMP2	0.4594772699858	3176.0	0.140020351983261	0.140020351983261	0.0049973675090169	2533.0	14.261574856370395	0.12	0.5574202820583206	0.903026516842645	25	-0.4622233370670695
TAF5L	TAF5L	0.167882591654428	3175.0	0.139658631505995	-0.139658631505995	0.00014194644618756698	1524.0	8.578348541173819	0.12	0.43569079261356897	0.5544983507287805	25	-0.5338738351854376
LINC00189	LINC00189	0.823286783922897	3174.0	0.139654573148829	0.139654573148829	0.021389673003368248	9855.0	55.50298524276219	0.2916666666666667	0.8478424543721356	0.8238758858740919	24	-0.8595807856082036
GRSF1	GRSF1	0.12719077978983198	3173.0	0.139635456656919	0.139635456656919	4.85991704364404e-05	5708.0	32.14486876196913	0.08	0.5281264573328585	0.6443773482032162	25	-0.6028936333023017
PHF3	PHF3	0.20231020230868602	3172.0	0.139605564629918	0.139605564629918	0.000788448019430263	4710.0	26.523600315421877	0.08	0.532810946366597	0.6632111051329868	25	-0.5928811786977446
TRIM65	TRIM65	0.33587250634519106	3171.0	0.139483125923509	0.139483125923509	4.94875927518223e-05	4222.0	23.774923960797565	0.08	0.5799025012860924	0.9428976233849292	25	-0.46709140466545257
TBL1X	TBL1X	0.310965664953568	3170.0	0.13943800944756699	0.13943800944756699	4.5563963770012e-11	6652.0	37.46198039878337	0.16	0.6602834078715109	0.8580540813546792	25	-0.6070076580740029
CCDC174	CCDC174	0.19675913706980802	3169.0	0.13933817741948099	-0.13933817741948099	1.3288408302824e-06	4998.0	28.145769967331304	0.08	0.44420281456196614	0.508959520729723	25	-0.59899584294127
ITPRIPL2	ITPRIPL2	0.5132739681207321	3168.0	0.139218053193126	0.139218053193126	2.89447672895281e-07	7442.0	41.91168187450715	0.16	0.5079780288944321	0.421710009471201	25	-0.8744397036335679
HAPLN1	HAPLN1	0.8661079222350341	3167.0	0.139182060970125	0.139182060970125	0.00588360586899954	14270.0	80.37062070519319	0.5217391304347826	1.8747008718218965	2.2859761229860602	23	-0.759202510210276
HCFC2	HCFC2	0.337986347849111	3166.0	0.139163222919897	-0.139163222919897	3.7629241835255697e-06	7605.0	42.829784837219776	0.08	0.5394259940940236	0.48256118303497825	25	-0.8294549691227727
JARID2	JARID2	0.424057626517953	3165.0	0.139066735795602	-0.139066735795602	2.0637226724806e-05	5952.0	33.51920693928128	0.12	0.5494344379716538	0.5692846079525444	25	-0.7208480546346688
LSM7	LSM7	0.377386501823385	3164.0	0.13905571634503	0.13905571634503	0.00307953194982662	3613.0	20.344711051030753	0.08	0.4186637106406536	0.47549627303734715	25	-0.5880340396982716
WWP1	WWP1	0.49002233946126295	3163.0	0.13901704838732198	0.13901704838732198	6.36658837614215e-06	8270.0	46.575419623746754	0.04	0.5427062028138532	0.629896731820329	25	-0.6408814874462295
AFMID	AFMID	0.272355876525758	3162.0	0.138959478434056	0.138959478434056	0.000638402455877827	1124.0	6.325335135744058	0.04	0.3960798795351341	0.37519743342875644	25	-0.6852936032940665
CDC14B	CDC14B	0.29732472611698196	3161.0	0.13893327179418	0.13893327179418	0.0321641726558128	1317.0	7.412414103863918	0.08	0.4982366425105064	1.0337262278755024	25	-0.3475807820555748
CNOT3	CNOT3	0.41364773310987	3160.0	0.138896008154272	0.138896008154272	1.5681199709664801e-06	9084.0	51.160301903796324	0.28	0.775005109787888	0.7182468915902248	25	-0.8856412872532553
ERMN	ERMN	0.736341979859749	3159.0	0.13888383683910002	0.13888383683910002	5.855320036348585e-07	17206.0	96.90773910104764	0.7916666666666666	2.66770800199434	2.1899611791838662	24	-1.1547346999537489
SRR	SRR	0.23992901508226	3158.0	0.138854802484039	0.138854802484039	0.0006773607021846991	2587.0	14.565731666103412	0.08	0.4486999344856046	0.6932264453544132	25	-0.4469609231989941
RNF31	RNF31	0.25020672350591	3157.0	0.138790706523025	-0.138790706523025	0.000619601438573758	3643.0	20.513687056437988	0.04	0.37981202711595363	0.41803200356486797	25	-0.5765618865004632
GUCY2F	GUCY2F	0.9280182863213001	3156.0	0.138773726137803	0.138773726137803	0.002146538765809745	14902.0	83.93038188577222	0.5	1.544838930367103	1.4107857928187877	24	-0.9966539295947574
TTLL5	TTLL5	0.295349681342213	3155.0	0.13867693774471	0.13867693774471	4.84684390837529e-05	4946.0	27.852878224625435	0.12	0.49876732716443556	0.380228710225501	25	-0.9470362961444126
KIAA1143	KIAA1143	0.35128971761909195	3154.0	0.13858053842091597	-0.13858053842091597	0.00588230523702253	2280.0	12.83654387743607	0.04	0.3303375978882891	0.3371301915307838	25	-0.5687923071994089
FAM160B2	FAM160B2	0.22963662259196804	3153.0	0.13849149389728102	-0.13849149389728102	1.9607534105030803e-05	9248.0	52.084037400022524	0.12	0.6450031339743235	0.6506417898601831	25	-0.778480029980686
FIP1L1	FIP1L1	0.186659111891385	3152.0	0.13846332656095903	0.13846332656095903	0.0115251733285329	1093.0	6.150726596823251	0.08	0.3527492364965009	0.48239628513504995	25	-0.4442113601176493
MPLKIP	MPLKIP	0.34384273287220396	3151.0	0.13840878395655898	0.13840878395655898	0.000740608578212521	1828.0	10.290638729300438	0.04	0.3031850442120266	0.3379000687672278	25	-0.4876479038806544
CTC1	CTC1	0.261390540953778	3150.0	0.13839400846792402	-0.13839400846792402	8.001596666892141e-05	7481.0	42.13135068153655	0.16	1.0322530048316918	1.865370924956149	25	-0.4791856592193751
EFHC1	EFHC1	0.426109277140996	3149.0	0.13831292391603303	0.13831292391603303	2.6617976694825e-07	4800.0	27.030528331643573	0.04	0.4864915333096655	0.5647112745489976	25	-0.6165604001296108
ZNF148	ZNF148	0.43015872476755	3148.0	0.138239768011471	0.138239768011471	4.36136531798795e-05	9172.0	51.65596485299087	0.12	0.580694292936056	0.48442844595305024	25	-0.9133537235909279
TRIM36	TRIM36	0.6182988179799089	3147.0	0.13820431370517902	-0.13820431370517902	0.000537879705479903	10009.0	56.37039540385265	0.12	0.9066663972723406	1.3651894544412124	25	-0.5628977583054228
ATXN7L3B	ATXN7L3B	0.18992357161011897	3146.0	0.13818645727603301	0.13818645727603301	1.30889028447891e-06	5254.0	29.587698546806354	0.08	0.41942926166646183	0.387094256500538	25	-0.7265486368435382
TSSK1B	TSSK1B	0.8642858630983029	3145.0	0.138011333725275	0.138011333725275	0.000312247544203804	15828.0	89.14610791934211	0.6521739130434783	1.6241329403736082	0.9916200511171999	23	-1.4986804723986848
ASB8	ASB8	0.0998512798363232	3144.0	0.138009478446815	0.138009478446815	1.56267969263633e-05	6608.0	37.2141489241861	0.12	0.469075632109323	0.412382163141792	25	-0.8028139508756479
GHRLOS	GHRLOS	0.507790387156232	3143.0	0.137967694753056	-0.137967694753056	0.005429928107453396	6581.0	37.06207051931958	0.25	0.6996381499066672	0.7731144345870671	24	-0.7265036455484218
SNX24	SNX24	0.30388823493202505	3142.0	0.13778104769105098	0.13778104769105098	3.18746203575004e-07	10532.0	59.31621043145206	0.2	0.7384950022918372	0.550878531304697	25	-1.0904653575409071
SSX2IP	SSX2IP	0.572501807113161	3141.0	0.137757659432077	0.137757659432077	6.53469831626199e-05	8794.0	49.526867184859746	0.16	0.5798656262128283	0.5540526290583893	25	-0.7979530167235421
FAM3A	FAM3A	0.48419988208075704	3140.0	0.137634363167404	0.137634363167404	0.010677086069144002	1917.0	10.791934212008561	0.12	0.6374078713355865	1.3149567808285278	25	-0.3800683911856672
RSPH3	RSPH3	0.46776112100128203	3139.0	0.13759020578028103	0.13759020578028103	7.97961063462661e-08	8660.0	48.77210769404078	0.16	0.74435908407689	0.7095506955793232	25	-0.8551452096050777
NAV2	NAV2	0.500030047723956	3138.0	0.13753760797739803	0.13753760797739803	0.0146853491821664	7071.0	39.822011940971045	0.12	0.6366074657845656	0.8346803368365869	25	-0.5979173532452282
KIAA1210	KIAA1210	0.8488280651022281	3137.0	0.137464363167207	0.137464363167207	0.002282469654579676	15708.0	88.47020389771319	0.625	2.030350584499133	2.0075772861349637	24	-0.9428709093317927
MMP2	MMP2	0.6890489802290269	3136.0	0.137428309233358	0.137428309233358	6.485948239083988e-05	13368.0	75.29007547594908	0.4166666666666667	1.30182646256923	1.6580260854211053	24	-0.7022797551705215
SLC25A30	SLC25A30	0.29926927277494203	3135.0	0.137337654924431	0.137337654924431	0.0018558207520732602	2011.0	11.321392362284554	0.04	0.38434434194666905	0.5150868252134082	25	-0.4795437874379712
STAT3	STAT3	0.295930408686535	3134.0	0.137330375216928	-0.137330375216928	0.0009380179547558641	6224.0	35.05125605497352	0.0	0.3564341220623885	0.24478467210420807	25	-0.8950876905894873
CATSPER1	CATSPER1	0.71715998744112	3133.0	0.137291531739358	0.137291531739358	0.01272108990924334	8971.0	50.523825616762416	0.25	0.8216315543150192	0.9431236503268201	24	-0.7256100749233859
CMSS1	CMSS1	0.47956721677418895	3132.0	0.137287654473735	0.137287654473735	0.00186761036189805	4255.0	23.960797566745523	0.04	0.3468562034460658	0.3413415333131937	25	-0.6139556090293993
NGRN	NGRN	0.39971327731597206	3131.0	0.13720626148622803	-0.13720626148622803	0.0009299331656344779	1420.0	7.992565055762082	0.08	0.33165666870741517	0.35119798273548763	25	-0.5536774605212971
RRS1	RRS1	0.427631365966207	3130.0	0.13715862538859	0.13715862538859	0.00017298249557822	7499.0	42.23273628478089	0.2	0.5922653036772666	0.5747275767687166	25	-0.7918650447354849
DAAM1	DAAM1	0.3714958686789461	3129.0	0.13714378079611697	-0.13714378079611697	3.70015214222662e-06	10034.0	56.51120874169201	0.16	0.6184098432807305	0.49901768361777815	25	-0.9644268695961453
FPGS	FPGS	0.312911151523523	3128.0	0.13711621778228097	-0.13711621778228097	3.58373118132375e-08	10308.0	58.054522924411394	0.12	0.6939006265549565	0.6543993755488614	25	-0.8508327323901956
MCM5	MCM5	0.4551900869273499	3127.0	0.13703121558538198	-0.13703121558538198	8.42100727510322e-07	9068.0	51.07018136757913	0.12	0.5717341395901325	0.3741742669121438	25	-1.1617659535812463
DLG1.AS1	DLG1.AS1	0.8035700689541121	3126.0	0.137030774883346	0.137030774883346	0.000353663200483508	9985.0	56.23521459952686	0.08	0.5975054844234464	0.434542016457513	25	-1.059678217756701
CLU	CLU	0.5480301824166679	3125.0	0.137013100163735	-0.137013100163735	0.0288250252762328	8674.0	48.850963163230816	0.24	1.317702481354996	2.2174154526428045	25	-0.5324619614173195
NUDT5	NUDT5	0.187384506354534	3124.0	0.136975573177108	0.136975573177108	6.77373688513236e-05	4410.0	24.833840261349554	0.08	0.49101742818142613	0.4805116131830287	25	-0.7368018696968771
SHPRH	SHPRH	0.31038052606801897	3123.0	0.13695625702214098	0.13695625702214098	0.00419283550055183	6096.0	34.330291765236	0.04	0.42894864709921926	0.2976663326295594	25	-0.9809385814567675
KIAA1671	KIAA1671	0.617188216811932	3122.0	0.136932324614149	0.136932324614149	0.00396793779729004	3074.0	17.30877548721415	0.08	0.48703796283469764	0.48245160920008584	25	-0.7256803201486478
SPON2	SPON2	0.7167955613289291	3121.0	0.136852029069523	-0.136852029069523	4.10355314093909e-06	11766.0	66.26675678720288	0.2916666666666667	1.3864723249182893	2.037009866489239	24	-0.6134581458863876
AP5S1	AP5S1	0.310952372238922	3120.0	0.136827200631497	0.136827200631497	0.000104347419687478	5068.0	28.540047313281516	0.04	0.3914817713937985	0.3141669579064188	25	-0.8105708266053737
DNAJC11	DNAJC11	0.422193497770859	3119.0	0.136819365563284	0.136819365563284	0.0018103359565856602	747.0	4.201870001126507	0.08	0.3553499850551472	0.4661781176872018	25	-0.468770650531679
MIPEPP3	MIPEPP3	0.638259987404454	3118.0	0.13674239985364697	0.13674239985364697	0.0204433262562733	4304.0	24.23679170891067	0.041666666666666664	0.352440104939929	0.3406028547067248	24	-0.6332821410789642
RPS6	RPS6	0.422965932642359	3117.0	0.13674034205592803	-0.13674034205592803	0.000248476196439736	2669.0	15.027599414216514	0.08	0.4069113090345511	0.5578024535649437	25	-0.4843488321930941
DOCK1	DOCK1	0.262338651007692	3116.0	0.136665296082056	0.136665296082056	0.0525781679262269	1223.0	6.882955953587924	0.08	0.44751234111077787	0.7895195907759142	25	-0.39371669640677504
BRAF	BRAF	0.41844420575005004	3115.0	0.136600072236018	0.136600072236018	0.0014569523808080698	3449.0	19.420975554804553	0.08	0.40350355636439406	0.4176101574082753	25	-0.6391211501770028
SUCLG2	SUCLG2	0.34984907973616997	3114.0	0.136568947700725	0.136568947700725	2.39037359377642e-07	9258.0	52.14036273515827	0.08	0.6566177901640405	0.843995763692344	25	-0.6161747070722091
EMC6	EMC6	0.344796440472446	3113.0	0.136520109684491	-0.136520109684491	0.00022252865716244902	343.0	1.9263264616424467	0.16	0.4746322185880311	0.6911567428927723	25	-0.4891974394815326
SMARCD3	SMARCD3	0.48127916569455	3112.0	0.136493573610906	-0.136493573610906	4.149747079283155e-05	11897.0	67.00461867748113	0.4166666666666667	1.4841707691123878	2.1415471618725177	24	-0.6293007314968982
JMJD8	JMJD8	0.376428773609894	3111.0	0.136445981518455	0.136445981518455	0.000403945323959038	3326.0	18.7281739326349	0.04	0.35661604393945967	0.2617535419665019	25	-0.8411349881530202
ME3	ME3	0.32178475301107695	3110.0	0.13642766826748598	-0.13642766826748598	0.004010139483588689	3167.0	17.832601103976568	0.08333333333333333	0.6205642992422625	1.1630479839127024	24	-0.41626539719028094
RNF216	RNF216	0.226235379740422	3109.0	0.136409269975866	-0.136409269975866	0.0105055436163812	940.0	5.288948969246367	0.08	0.32227259845745443	0.3214316007515276	25	-0.5782360167669517
RLF	RLF	0.5705663479627651	3108.0	0.136379786736919	0.136379786736919	0.00351184952506154	6024.0	33.924749352258644	0.08	0.4247588076922756	0.4109733819584471	25	-0.7016975639179331
PCYT1A	PCYT1A	0.237505296955035	3107.0	0.136309309384844	-0.136309309384844	0.0106888504054288	741.0	4.16807480004506	0.08	0.41279737847650533	0.5396319823294738	25	-0.5123641261923033
FRG1	FRG1	0.41137012018255	3106.0	0.136258280488941	0.136258280488941	6.35624133638021e-05	6415.0	36.12706995606624	0.16	0.5505267675267475	0.6212841749831127	25	-0.66679388228272
B4GALT3	B4GALT3	0.171364504056681	3105.0	0.13623273229277	0.13623273229277	4.0811465327118396e-05	1144.0	6.437985806015546	0.12	0.5167893162846275	0.8453808366587645	25	-0.45015993678771793
C19orf18	C19orf18	0.617188216811932	3104.0	0.136106111239972	-0.136106111239972	0.005035674707809185	7497.0	42.221471217753745	0.25	0.7911264540220145	0.967901200006933	24	-0.6767429803551754
SPRN	SPRN	0.525436882132006	3103.0	0.136083487719831	0.136083487719831	1.062135644042513e-05	5232.0	29.463782809507716	0.08333333333333333	0.6436941401991423	0.8611989909394665	24	-0.5894231853727184
NOP16	NOP16	0.35168173928181795	3102.0	0.136032262379256	-0.136032262379256	2.5424525445158e-07	4908.0	27.638841951109608	0.12	0.5292992675339102	0.5975182602608675	25	-0.6581673420038405
GTF2H1	GTF2H1	0.11067511390107401	3101.0	0.135999852267494	0.135999852267494	0.000177551931693187	8744.0	49.24524050918102	0.08	0.5160335279679363	0.5459138532150064	25	-0.6961422089993515
ZC3H10	ZC3H10	0.290045419498407	3100.0	0.135952964812904	-0.135952964812904	0.0019822165058586	2915.0	16.413202658555818	0.04	0.3723564779078485	0.31173123448701057	25	-0.7583568373697731
TBL3	TBL3	0.440526186231035	3099.0	0.135898464660489	0.135898464660489	0.000801958191894223	6639.0	37.3887574631069	0.04	0.3854317696707244	0.2747598944323956	25	-0.9081867844130825
EML2	EML2	0.524769336290684	3098.0	0.135844062602363	0.135844062602363	1.5187440555351999e-06	8470.0	47.70192632646164	0.2	0.6501590860419205	0.8087117573538436	25	-0.635968277649912
EXOC4	EXOC4	0.0260770390321756	3097.0	0.135728861260282	0.135728861260282	3.6177427213970496e-06	7364.0	41.472344260448345	0.12	0.5023525578629918	0.5178221790837853	25	-0.7080108025720331
NDUFV2.AS1	NDUFV2.AS1	0.482569578774094	3096.0	0.135723743496335	-0.135723743496335	0.00150158193896235	6391.0	35.99188915174045	0.2	0.7473280444432424	1.1231698843879294	25	-0.5445340989357106
SETD2	SETD2	0.0685106062693827	3095.0	0.13565121070821498	-0.13565121070821498	0.00253513717399111	2474.0	13.929255379069504	0.12	0.4005623425735956	0.3878084922287886	25	-0.683097810321017
POLD3	POLD3	0.10997347301528301	3094.0	0.13563436207867802	0.13563436207867802	0.0200069935470252	699.0	3.9315083924749348	0.0	0.2552011471988273	0.19394014856938085	25	-0.6165138368829033
TP73.AS1	TP73.AS1	0.564212665955064	3093.0	0.135600675408202	0.135600675408202	3.4911925863131e-08	10090.0	56.82663061845218	0.2	0.6875294682649402	0.6392034492116672	25	-0.8634634145629765
C18orf21	C18orf21	0.520225666552006	3092.0	0.13557287281515698	0.13557287281515698	0.0073722196485252	1677.0	9.440126168750703	0.08	0.3817538703326124	0.4988520084456241	25	-0.4934950513370332
PRPF8	PRPF8	0.36905585139332703	3091.0	0.135489504057053	-0.135489504057053	0.000138897041455989	3503.0	19.72513236453757	0.04	0.40554797796324815	0.4139885199509706	25	-0.6523332432942311
ANKRD13A	ANKRD13A	0.37334179156195	3090.0	0.13546437749463	0.13546437749463	7.17807208804077e-06	3517.0	19.80398783372761	0.08	0.4748354777035822	0.7014656283077958	25	-0.4838028928482861
LINC01398	LINC01398	0.897102276314836	3089.0	0.13544635602423302	0.13544635602423302	0.252668081362825	6220.0	35.02872592091923	0.16666666666666666	0.6706344206626573	0.6360096697187526	24	-0.8414778738742883
FGA	FGA	0.87954712962552	3088.0	0.135403042611487	-0.135403042611487	2.8497277684153197e-06	17532.0	98.7439450264729	0.6956521739130435	3.284082776747427	2.2483333414576534	23	-1.4004505809154475
UBE4B	UBE4B	0.43030808962645894	3087.0	0.135300447015034	0.135300447015034	0.0583181098548301	147.0	0.8223498929818632	0.08	0.2615611847530743	0.30458491284879463	25	-0.4145337881548981
WDR73	WDR73	0.297538170472239	3086.0	0.135275154946151	0.135275154946151	2.4979076182459302e-06	4433.0	24.963388532161765	0.12	0.4082499750287058	0.381905819572256	25	-0.7147699932624577
ZNF419	ZNF419	0.39753473354520996	3085.0	0.135268334951318	0.135268334951318	0.270477217301877	1.0	0.0	0.04	0.2797553146197998	0.4123886177132169	25	-0.35036607089131855
TM2D2	TM2D2	0.402543214581831	3084.0	0.13516722182975302	0.13516722182975302	0.000169483686067234	4157.0	23.40880928241523	0.12	0.46610248782175673	0.49244780412973843	25	-0.6720210004323967
INSL3	INSL3	0.7798061752489058	3083.0	0.13505561257780901	0.13505561257780901	4.36103121659424e-09	17746.0	99.94930719837782	0.8260869565217391	5.651104596650018	3.233203499545347	23	-1.706063037741941
FAM193B	FAM193B	0.46855845639412397	3082.0	0.135030189737334	-0.135030189737334	6.54595623072983e-08	8000.0	45.05463557508167	0.16	0.6868567454583792	0.7159627737655965	25	-0.7707475527236156
COX7A2L	COX7A2L	0.0849295225369673	3081.0	0.135004824805337	0.135004824805337	1.60698978240506e-06	8175.0	46.04032893995719	0.16	0.5620412017908005	0.5078140664821333	25	-0.8409305790675418
PRMT7	PRMT7	0.510078399148426	3080.0	0.13496796401425	0.13496796401425	0.0005356119998658709	785.0	4.415906274642334	0.12	0.46175992566018664	0.7377677746384921	25	-0.44294691755283755
TRIB3	TRIB3	0.634134612976609	3079.0	0.134919044120265	0.134919044120265	1.4254467159298201e-06	10161.0	57.226540497915956	0.2	0.7787711278837333	0.7718900753121472	25	-0.8341240603503016
MED10	MED10	0.282610114655385	3078.0	0.13490593025525802	-0.13490593025525802	2.41738689777608e-06	4270.0	24.04528556944914	0.08	0.4919287584332739	0.6671406984022318	25	-0.5351537224952211
KIFAP3	KIFAP3	0.221564940688154	3077.0	0.13487662790063198	0.13487662790063198	2.86798342081976e-06	5115.0	28.804776388419512	0.12	0.5885525972562902	0.8578091329086622	25	-0.5288775229255628
SNORA71A	SNORA71A	0.8180760605141959	3076.0	0.13485812786877602	0.13485812786877602	0.0237859902948062	15183.0	85.51312380308663	0.5	1.9101875197451346	2.00089293801647	24	-0.8872685580250397
PROZ	PROZ	0.807264411044067	3075.0	0.134841047742182	-0.134841047742182	1.5213523910468648e-05	15108.0	85.09068378956854	0.5833333333333334	1.424843251759028	1.1129339912368374	24	-1.1591003726853801
MYPOP	MYPOP	0.438254477326841	3074.0	0.134800340825348	0.134800340825348	5.32252577342939e-06	8208.0	46.226202545905146	0.12	0.5632594489596272	0.4793109141149361	25	-0.89390643007878
PHF23	PHF23	0.35168173928181795	3073.0	0.13477895178792698	0.13477895178792698	0.0027104958263837	46.0	0.25346400811084824	0.12	0.39613422797683534	0.6467193265496753	25	-0.40412473457886267
WRN	WRN	0.21979168274117603	3072.0	0.13473899858830599	0.13473899858830599	0.0113302912847538	4244.0	23.898839698096204	0.04	0.3967234301597211	0.40276803221481833	25	-0.6504598444190438
INO80E	INO80E	0.34165573403311794	3071.0	0.134731968653444	-0.134731968653444	1.23728749190999e-06	10871.0	61.22563929255379	0.2	0.6703622539775739	0.5911132538696251	25	-0.9061381754134507
MOCS3	MOCS3	0.475781655173534	3070.0	0.134696671866989	0.134696671866989	0.0007500895283538531	576.0	3.238706770305283	0.08	0.32198215880314784	0.35843962372033783	25	-0.5225021859812099
STX7	STX7	0.348363595405586	3069.0	0.13457607480314202	-0.13457607480314202	1.7612207888360698e-06	8511.0	47.93286020051819	0.08	0.515576010480784	0.38401649884340544	25	-0.9921447042644032
PCID2	PCID2	0.22708006209787598	3068.0	0.134496311456378	0.134496311456378	7.01425467550625e-05	3203.0	18.03537231046525	0.08	0.3960213351301811	0.3891823181436533	25	-0.6719858829179135
MIF4GD	MIF4GD	0.18949627762113397	3067.0	0.13423787499406	-0.13423787499406	0.0005717477272706309	1882.0	10.594795539033456	0.08	0.4374259924410302	0.6277685412555133	25	-0.4829616292027081
ISOC1	ISOC1	0.46450721399806105	3066.0	0.134236067966389	0.134236067966389	0.010282289382865	405.0	2.2755435394840595	0.08	0.38466294054838956	0.7149083625666395	25	-0.3502922691838806
RPL17	RPL17	0.419423668078716	3065.0	0.13422561642098	-0.13422561642098	0.00251276313830738	2676.0	15.067027148811535	0.08	0.4091924917042441	0.4050518463903744	25	-0.6788436535560461
RNMT	RNMT	0.07453464016263	3064.0	0.13420943975009	0.13420943975009	0.0027269329274333897	2063.0	11.614284104990423	0.04	0.37046788488340987	0.3614017995513941	25	-0.6537279156511839
UBR2	UBR2	0.127780546905505	3063.0	0.134155733712816	0.134155733712816	4.5275247762733e-05	7480.0	42.125718148022976	0.08	0.4883126696088146	0.40901775929261514	25	-0.8658717814808413
WRAP53	WRAP53	0.306517258221051	3062.0	0.134140992801142	0.134140992801142	0.0167830295864216	159.0	0.889940295144756	0.04	0.2777391413100495	0.2858163976628296	25	-0.502413961141259
GIPC1	GIPC1	0.5803932233235319	3061.0	0.134133230443663	-0.134133230443663	0.000850527661094974	5999.0	33.78393601441928	0.12	0.554560020246883	0.5619049904843417	25	-0.7482168639236099
PPARD	PPARD	0.369812042600544	3060.0	0.134117894852044	-0.134117894852044	0.000306628896312437	8870.0	49.9549397318914	0.12	0.5574406190915321	0.46586744521348233	25	-0.9086763382779446
ZNF230	ZNF230	0.27238607800110604	3059.0	0.13409187274297302	-0.13409187274297302	1.34733744858342e-05	7101.0	39.990987946378276	0.08	0.5399896825968149	0.5871310614760407	25	-0.6913240270978331
COPS3	COPS3	0.123088449482493	3058.0	0.134038439485251	-0.134038439485251	0.0028227589238821	3591.0	20.22079531373212	0.08	0.4484019088684717	0.7014994916928996	25	-0.44813071585352166
ZNF549	ZNF549	0.477458028315196	3057.0	0.134037323888941	-0.134037323888941	0.0006866470071197	2227.0	12.538019601216627	0.08	0.49445455288474044	0.762042049135637	25	-0.4729623902048589
TRAPPC2L	TRAPPC2L	0.5738615455143941	3056.0	0.13402688342761498	-0.13402688342761498	0.000107316834668401	913.0	5.1368705643798585	0.08	0.3823802879376837	0.5649484602542842	25	-0.43960364879706804
MPV17	MPV17	0.22122517236822303	3055.0	0.133992476610433	0.133992476610433	0.00117982276843971	451.0	2.5346400811084826	0.04	0.3232836994830144	0.4215271796810708	25	-0.449060539858426
ZNF76	ZNF76	0.266126817868791	3054.0	0.13397247487616998	0.13397247487616998	0.0035925763605771203	647.0	3.638616649769066	0.12	0.3460517190589138	0.3933493608538067	25	-0.5391625493490144
DNAJC13	DNAJC13	0.24948582785968804	3053.0	0.133854271985643	-0.133854271985643	0.00141764406374655	6097.0	34.335924298749575	0.08	0.48260755376716974	0.38679675250501727	25	-0.9016448031760633
UQCR11	UQCR11	0.189088253185292	3052.0	0.133823069944741	-0.133823069944741	0.000204813815365349	2110.0	11.879013180128421	0.08	0.37296022443311777	0.3914226027735686	25	-0.6109436521904525
SDCCAG8	SDCCAG8	0.0798445402661151	3051.0	0.13381316116039801	-0.13381316116039801	2.1376174928200896e-09	9027.0	50.839247493522585	0.12	0.6259805982136979	0.5859197301999534	25	-0.8399912337571237
DGUOK	DGUOK	0.196651485644031	3050.0	0.133775415912154	0.133775415912154	0.00125045251515221	3033.0	17.0778416131576	0.04	0.34889752650094863	0.2820588095222629	25	-0.7626853100357252
C6orf47	C6orf47	0.138374817084706	3049.0	0.133625986904791	0.133625986904791	0.005127078440722729	428.0	2.405091810296271	0.16	0.5522937917597869	1.110016482438134	25	-0.3771726019197468
IQCH.AS1	IQCH.AS1	0.330577945060447	3048.0	0.133578155190199	0.133578155190199	0.00164407160385667	5110.0	28.77661372085164	0.08	0.3948916932591968	0.39597386539975504	25	-0.6599262246895738
ANKRD28	ANKRD28	0.638283129607586	3047.0	0.133489889497625	-0.133489889497625	0.000750891289071307	3240.0	18.2437760504675	0.08	0.42200804084871385	0.46931394620715433	25	-0.6147657739191441
TIPIN	TIPIN	0.38769023670288794	3046.0	0.133460998437107	0.133460998437107	6.84182947014431e-08	8731.0	49.17201757350456	0.12	0.7305961813738214	0.7402627914873395	25	-0.8066529748671382
KRBOX1.AS1	KRBOX1.AS1	0.85138611386485	3045.0	0.133423703018792	0.133423703018792	0.006921727801726205	14927.0	84.07119522361158	0.45454545454545453	1.3289417352405986	1.2826498461141496	22	-0.9320689008334481
USP42	USP42	0.31084563853860897	3044.0	0.13341417950622902	-0.13341417950622902	0.00134367109356508	3301.0	18.58736059479554	0.08	0.431267253837458	0.5055617149956587	25	-0.5891527493014115
SMIM13	SMIM13	0.38161924992036206	3043.0	0.133318860694298	-0.133318860694298	0.00991222873591292	3072.0	17.297510420187	0.08	0.534623200328146	0.8062680499053754	25	-0.4977306736648508
ARF1	ARF1	0.256477706368046	3042.0	0.133243381469375	-0.133243381469375	0.000672847382891425	5331.0	30.02140362735158	0.12	0.49222365085912245	0.6359552021767566	25	-0.5644741456018044
SH3BP4	SH3BP4	0.568072298750187	3041.0	0.13318457822173402	-0.13318457822173402	0.0918285088663801	598.0	3.3626225076039202	0.12	0.4233662053950214	0.5378291087666391	25	-0.5395424354006013
SRSF11	SRSF11	0.181074805191007	3040.0	0.133129604416754	0.133129604416754	3.36081523319052e-06	7140.0	40.210656753407676	0.04	0.4509139736777006	0.32781956459558176	25	-0.9693880523970092
RAB6A	RAB6A	0.24439659353804302	3039.0	0.133091361918704	-0.133091361918704	1.70490665552245e-06	7190.0	40.4922834290864	0.08	0.5331439443088827	0.5573821907159666	25	-0.7177347770589954
PRKD3	PRKD3	0.342663632899818	3038.0	0.133073587825436	-0.133073587825436	0.0244830708669406	1360.0	7.6546130449476175	0.04	0.3189311501762226	0.29685346510295746	25	-0.6260919416464475
WDR18	WDR18	0.45303800957088003	3037.0	0.13298578576615802	-0.13298578576615802	6.146881543181e-07	9339.0	52.59659794975779	0.12	0.6923511967929771	0.8525412818210145	25	-0.6561153377019157
CUL9	CUL9	0.27665416961128003	3036.0	0.132938643290158	0.132938643290158	0.000622305189341297	4502.0	25.3520333445984	0.12	0.5526218348077359	0.8400896295619358	25	-0.49956954204567594
PRR18	PRR18	0.813854917333234	3035.0	0.13291527848964899	-0.13291527848964899	1.511619931133545e-05	16430.0	92.5368930945139	0.5833333333333334	1.56973070873558	1.2097795735570076	24	-1.1876671268480672
EBF4	EBF4	0.48023673712036796	3034.0	0.132813921236482	-0.132813921236482	1.3669934065485123e-09	11965.0	67.38763095640418	0.4166666666666667	1.1393674164667273	1.3615754621340275	24	-0.7392564886948327
RPL29	RPL29	0.42269561254762106	3033.0	0.132727287960688	-0.132727287960688	0.00014182175923971101	1852.0	10.425819533626225	0.12	0.36428771530263576	0.4748613776465695	25	-0.48763794707746033
GLB1	GLB1	0.16590935642267002	3032.0	0.132720854589382	0.132720854589382	5.5889242093264794e-05	7734.0	43.556381660470876	0.12	0.48899126844196295	0.45490622833985855	25	-0.7831733039856574
TXN	TXN	0.501087446889239	3031.0	0.132679226737073	-0.132679226737073	6.91468690391274e-13	11723.0	66.02455784611918	0.28	0.865217335414314	0.5416052517124055	25	-1.3525313987653533
PIANP	PIANP	0.749065944713903	3030.0	0.132642351577975	0.132642351577975	1.6546626038558387e-07	15864.0	89.34887912583079	0.6666666666666666	1.7776942418571877	1.4659714778307893	24	-1.122158183263845
MFN1	MFN1	0.19842820784531898	3029.0	0.13263615028280498	0.13263615028280498	0.000104207976055978	7014.0	39.500957530697306	0.2	0.7641479251702337	1.1373835586773338	25	-0.5552320235944112
VPS4B	VPS4B	0.41955935561430396	3028.0	0.132493313009595	-0.132493313009595	0.000135382416885844	7806.0	43.96192407344823	0.08	0.5741387169063379	0.6168202906762487	25	-0.7160033652792883
INAFM2	INAFM2	0.465320907820104	3027.0	0.132412226974718	-0.132412226974718	0.00280436451750166	1050.0	5.908527655739552	0.08	0.42670261938973775	0.5901030672267457	25	-0.4987101554954965
SERPINA6	SERPINA6	0.9072327161617242	3026.0	0.132249347952273	0.132249347952273	1.6598001051886265e-07	17484.0	98.47358341782133	0.7272727272727273	3.1094619488405515	2.5302899934653986	22	-1.1766290063894178
CCDC138	CCDC138	0.525709245026292	3025.0	0.132148259771057	0.132148259771057	0.0033315355839108603	7185.0	40.46412076151853	0.2	0.7750281252350746	1.1186983835903317	25	-0.5746677343009737
GPR83	GPR83	0.765840777862425	3024.0	0.132115173667782	0.132115173667782	0.03364330133922015	12609.0	71.0149825391461	0.3333333333333333	1.5371629017827766	1.9000853818710992	24	-0.7394655742950779
TPTE	TPTE	0.8864529842081809	3023.0	0.132097412250662	-0.132097412250662	2.6102737866296202e-05	14775.0	83.21505012954826	0.4782608695652174	2.0438831693285855	2.4069319670849025	23	-0.7942832548746015
LINC00158	LINC00158	0.92795938684805	3022.0	0.132079274651076	0.132079274651076	0.000108737805013681	14568.0	82.04911569223836	0.6521739130434783	1.8334282366162293	1.6761366748634583	23	-1.0150419040880119
CLCN2	CLCN2	0.426165195381472	3021.0	0.13199199193767802	0.13199199193767802	0.000413289428032667	5583.0	31.440802072772332	0.08	0.4314758060794792	0.39594772446502463	25	-0.7563721058037185
SLC47A1	SLC47A1	0.799990905488515	3020.0	0.13192024212785303	0.13192024212785303	1.51626765910785e-06	13373.0	75.31823814351695	0.44	1.1885394290675273	1.2752877076099003	25	-0.8285339697345262
CCDC77	CCDC77	0.267973842363647	3019.0	0.131853665537917	0.131853665537917	0.000154027442062625	6565.0	36.9719499831024	0.08	0.5502010966714361	0.8681214534199039	25	-0.4818996575714937
NAP1L3	NAP1L3	0.742506690262255	3018.0	0.131835036489374	0.131835036489374	8.212762417265196e-06	13884.0	78.19646276895347	0.4583333333333333	1.3917719208377715	1.4351310846838263	24	-0.8779246006130332
LINC00452	LINC00452	0.870492421030213	3017.0	0.13180454210028802	-0.13180454210028802	2.6460603288953016e-06	15677.0	88.29559535879238	0.5833333333333334	1.7622822239159508	1.4865343836947522	24	-1.0968314622922763
AGPAT2	AGPAT2	0.500468525897653	3016.0	0.13173145619760301	-0.13173145619760301	3.18096562957072e-06	8797.0	49.54376478540047	0.2	0.7490740486687407	0.7402633077249698	25	-0.8339500094478534
ACOX1	ACOX1	0.271067079463623	3015.0	0.13172186634356403	0.13172186634356403	1.33349792734077e-06	6877.0	38.729300439337614	0.08	0.5049796561218749	0.5330850760234483	25	-0.7001842793323532
AMMECR1L	AMMECR1L	0.148226652078402	3014.0	0.131690009172923	-0.131690009172923	7.217380544877991e-06	8320.0	46.85704629942548	0.16	0.6396122501809081	0.6840477244023959	25	-0.7425245679337956
PITRM1.AS1	PITRM1.AS1	0.38864348001598	3013.0	0.13154149287399902	-0.13154149287399902	0.000901695223139078	2053.0	11.557958769854679	0.04	0.3450896912320469	0.3119994020077206	25	-0.6844506655585305
SSTR2	SSTR2	0.7858512925785001	3012.0	0.131515599851477	0.131515599851477	0.0005107869512277305	8588.0	48.366565281063416	0.16666666666666666	0.8782770084439736	1.2687499685687194	24	-0.5885804351466668
EIF4E2	EIF4E2	0.18384918939924602	3011.0	0.131484849531113	-0.131484849531113	4.28464645286807e-06	4582.0	25.802636025684354	0.12	0.4058057912755111	0.3705216813598545	25	-0.7403640746139623
ZNF865	ZNF865	0.448067166093416	3010.0	0.131467361936101	-0.131467361936101	5.6555999161651095e-09	12067.0	67.96214937478878	0.44	1.4633392185204985	1.4678866250824745	25	-0.9073397317109317
FBLL1	FBLL1	0.7956198139599459	3009.0	0.131445326595469	-0.131445326595469	1.6551218919042932e-06	13430.0	75.6392925537907	0.4166666666666667	1.2223858459326238	1.285780794269334	24	-0.8484654026560566
TSGA10IP	TSGA10IP	0.87954712962552	3008.0	0.13144242010683502	0.13144242010683502	1.0933927116198095e-06	16728.0	94.21538808155908	0.7916666666666666	2.106059530392294	1.5407883552468742	24	-1.281562846422911
KCNK4	KCNK4	0.868611918888211	3007.0	0.131431806186953	-0.131431806186953	2.0744352023221804e-05	15523.0	87.42818519770192	0.625	1.5285451703527932	0.9557271756150604	24	-1.4618328324364374
TNFRSF11B	TNFRSF11B	0.824024003501197	3006.0	0.131402622916907	0.131402622916907	5.776083102328415e-05	13865.0	78.08944463219555	0.4583333333333333	1.414809625516498	1.6386742473499576	24	-0.7831983719003944
DGCR11	DGCR11	0.49027303039851705	3005.0	0.13137491333103302	0.13137491333103302	0.00048666335016237904	3550.0	19.98986143967557	0.08333333333333333	0.44310563956075977	0.5646790552468809	24	-0.552049386874171
CR1L	CR1L	0.8374137743344201	3004.0	0.131356978067325	0.131356978067325	0.0018078294491473705	13103.0	73.79745409485186	0.4583333333333333	1.2908123934564482	1.4208897340399826	24	-0.8160066102332028
SCARNA17	SCARNA17	0.808057457493039	3003.0	0.131196884702871	-0.131196884702871	0.00052926877123605	10844.0	61.07356088768728	0.375	1.085252973108631	1.1691596375552804	24	-0.8160186665361598
OTUD5	OTUD5	0.32811892923971897	3002.0	0.131178101253304	0.131178101253304	4.23768125068466e-05	4219.0	23.758026360256842	0.08	0.4405348501159865	0.4000536862761289	25	-0.7732880847625918
EIF5	EIF5	0.34743716716369105	3001.0	0.131157907975639	-0.131157907975639	0.00013511056969508302	3824.0	21.533175622394953	0.04	0.4378019341177675	0.565702121505474	25	-0.5420591765257525
PRCC	PRCC	0.24458509200688197	3000.0	0.13113270446928502	0.13113270446928502	0.0006922675467961799	2219.0	12.49295933310803	0.16	0.4727059798027598	0.5798247128772337	25	-0.5890974767848437
NDUFA5	NDUFA5	0.534289329392984	2999.0	0.13112354443096	0.13112354443096	1.75607725156279e-10	12213.0	68.78449926777064	0.24	0.7538248702935142	0.47253885721669353	25	-1.3177780331766458
IGFALS	IGFALS	0.792589095611866	2998.0	0.130980782829351	-0.130980782829351	0.001822954158507895	12299.0	69.26889714993804	0.375	1.255723773249357	1.6022557653231126	24	-0.7019746876636697
NUDCD3	NUDCD3	0.0404803724690644	2997.0	0.130959493627854	-0.130959493627854	2.4040709356502297e-07	2759.0	15.53452743043821	0.16	0.676812117138325	1.2140558780475288	25	-0.4496107908874204
CNTRL	CNTRL	0.525793703546819	2996.0	0.13087725192143598	-0.13087725192143598	0.0244213156809199	1407.0	7.919342120085615	0.04	0.3588217486582178	0.3049111918540042	25	-0.7475766807730851
DNASE1L2	DNASE1L2	0.7422770062720891	2995.0	0.130841468419166	-0.130841468419166	0.00021175954480690852	10035.0	56.516841275205586	0.20833333333333334	0.8002891355471223	0.8402802960822069	24	-0.7966956624465016
FXN	FXN	0.46720620809690006	2994.0	0.13078283277953398	0.13078283277953398	0.0049681070507574705	2366.0	13.32094175960347	0.08	0.39497716990543374	0.6302550767330067	25	-0.4191863689466475
CCDC28A	CCDC28A	0.21250847335245102	2993.0	0.130778893174614	-0.130778893174614	4.44894004738135e-09	8651.0	48.72141489241861	0.12	0.5548097391185266	0.4982453489204734	25	-0.8510482774453226
UPK2	UPK2	0.617735387516615	2992.0	0.130776356451237	-0.130776356451237	0.03144536633024145	10304.0	58.0319927903571	0.3333333333333333	0.9836507415715774	0.8760235909460684	24	-0.9735746775943239
ABHD10	ABHD10	0.30879270078341803	2991.0	0.13070732136693	0.13070732136693	3.4535699221615703e-09	7983.0	44.9588825053509	0.12	0.6120127117911397	0.44156595581502583	25	-1.089996599796364
RGL3	RGL3	0.5966610649386639	2990.0	0.13069811710089502	0.13069811710089502	0.2203772255656425	2553.0	14.374225526641883	0.125	0.4920762612104144	0.568138172889305	24	-0.6360743941420209
SWAP70	SWAP70	0.149972357387489	2989.0	0.130693149509167	-0.130693149509167	0.00182405552556665	1425.0	8.020727723329953	0.12	0.3608631340838868	0.4345903003288172	25	-0.5296252226535427
VDAC3	VDAC3	0.12692040911068	2988.0	0.130577824365995	0.130577824365995	2.28568303319661e-05	7718.0	43.466261124253684	0.24	0.6474775444701091	0.6185067391667459	25	-0.8357220501760141
MTPAP	MTPAP	0.17626576190491003	2987.0	0.130508092744033	0.130508092744033	7.45368228845562e-05	5078.0	28.59637264841726	0.12	0.5154405237502763	0.6080102799026667	25	-0.6331018466790812
C11orf68	C11orf68	0.391387825478452	2986.0	0.130479661866099	-0.130479661866099	0.00970136979212079	3875.0	21.82043483158725	0.12	0.4562847648512519	0.521332507152204	25	-0.6249468400980288
LRTM1	LRTM1	0.9524689056797171	2985.0	0.13041805824689	0.13041805824689	0.0002157095666032055	15750.0	88.70677030528331	0.5833333333333334	1.7183955059776281	1.484471628762757	24	-1.0697256969836795
KBTBD4	KBTBD4	0.15477318684942	2984.0	0.13038723911406402	0.13038723911406402	2.73687679779277e-06	4558.0	25.667455221358566	0.16	0.5568801956739315	0.8194559736696855	25	-0.5204586582607336
SNRPN	SNRPN	0.31513710888283897	2983.0	0.13037490876406302	-0.13037490876406302	4.47285348266579e-05	6285.0	35.39484059930156	0.16	1.1784416298440765	2.597146206129264	25	-0.4035455218526306
ASF1A	ASF1A	0.38252064247301704	2982.0	0.13034111542627602	-0.13034111542627602	0.000244541094409414	6993.0	39.382674326912245	0.04	0.4595900867930595	0.5234507877781265	25	-0.6289969927532926
COPRS	COPRS	0.16064682161864302	2981.0	0.13018626206560402	-0.13018626206560402	0.00629966172250574	2195.0	12.357778528782244	0.08	0.6332980317864016	1.41678804576765	25	-0.35510729443527983
TMEM38B	TMEM38B	0.49517775095707295	2980.0	0.13017854922550998	-0.13017854922550998	6.7900607574658e-05	7161.0	40.328939957192745	0.12	0.5655739584171622	0.4871229418831481	25	-0.8938101077901923
ZNF343	ZNF343	0.11061363265055099	2979.0	0.130178332705614	-0.130178332705614	0.000919584846899377	1832.0	10.313168863354736	0.0	0.29847556039614925	0.22215586213479566	25	-0.7575637485920537
C17orf64	C17orf64	0.8746861574258441	2978.0	0.13012360286366	0.13012360286366	0.00010226718904550855	16237.0	91.44981412639405	0.625	1.6522280033254522	1.0888814928883213	24	-1.397860474627337
SPOUT1	SPOUT1	0.29734602141941807	2977.0	0.130008847927376	-0.130008847927376	3.1829010197433504e-05	3126.0	17.601667229920018	0.04	0.3799011234175231	0.4659872434252761	25	-0.5362641982499223
PHF5A	PHF5A	0.39691703271058293	2976.0	0.12995206104457402	-0.12995206104457402	0.00027996153577315095	2716.0	15.29232848935451	0.16	0.4844119427691295	0.6095577089823596	25	-0.5815034023871454
WDFY2	WDFY2	0.408157961627895	2975.0	0.129923069612143	-0.129923069612143	0.268407555884265	81.0	0.4506026810859525	0.0	0.22853559025579454	0.21899852033052233	25	-0.45028852475725
SCMH1	SCMH1	0.418777652116753	2974.0	0.12980771962419901	-0.12980771962419901	0.00379873421022915	557.0	3.1316886335473693	0.08	0.5333683840905973	0.9360382879825089	25	-0.43113691998242204
VCP	VCP	0.30853743457023	2973.0	0.129771594180695	0.129771594180695	0.0159452204487598	184.0	1.030753632984116	0.0	0.2529112185692249	0.22708229148095876	25	-0.5422687237540729
RPS27A	RPS27A	0.321987856613036	2972.0	0.129760474403274	-0.129760474403274	2.55104186504352e-05	7555.0	42.54815816154106	0.16	0.586982503637473	0.6047165977611203	25	-0.756093070583808
FREM2	FREM2	0.792882465940186	2971.0	0.12968107799627698	-0.12968107799627698	0.000234271215824789	12844.0	72.33862791483608	0.2916666666666667	0.9560411042361974	0.7434143158367957	24	-1.1115740020553142
GLT8D2	GLT8D2	0.7199353279427521	2970.0	0.129553345926279	-0.129553345926279	0.0054497910059714445	7438.0	41.88915174045285	0.20833333333333334	0.8421071771794376	1.129010033722481	24	-0.6311315311377557
SLC46A1	SLC46A1	0.5102697825908	2969.0	0.12951046138407002	0.12951046138407002	7.589267573682271e-05	6744.0	37.980173482032214	0.08	0.513722219162384	0.5984100829024476	25	-0.6420542847720498
RPL27	RPL27	0.373580069819858	2968.0	0.129503270136141	-0.129503270136141	8.02883700943205e-07	5781.0	32.55604370846006	0.08	0.4900779290160826	0.5105511681931517	25	-0.7062458796363561
SNHG16	SNHG16	0.38136552041810495	2967.0	0.12948188269353	-0.12948188269353	3.57584390247801e-10	6916.0	38.948969246367014	0.16	0.6590798561084799	0.676352546103755	25	-0.7830205954953374
ENSA	ENSA	0.24651453983728402	2966.0	0.12946071767126502	0.12946071767126502	9.16874222231958e-05	5317.0	29.942548158161543	0.08	0.4518338601209424	0.5777012370035778	25	-0.5580274401380257
ZNF474	ZNF474	0.8145693997670009	2965.0	0.129430400792667	-0.129430400792667	2.254957371654266e-06	13758.0	77.4867635462431	0.375	1.1040679401586624	0.6131632604665712	24	-1.5895237079670583
UBAP1	UBAP1	0.43958804465239704	2964.0	0.129414441951644	0.129414441951644	0.005526845025954121	2776.0	15.630280500168976	0.04	0.38956801552731624	0.4069550108390296	25	-0.6392686332558161
PPP1R13B	PPP1R13B	0.448460776589971	2963.0	0.129411353836554	-0.129411353836554	0.000648643860264674	6387.0	35.96935901768615	0.16	0.5936023922591835	0.6966793727358657	25	-0.6662907739032771
FAAP20	FAAP20	0.575716829969812	2962.0	0.129357938862111	-0.129357938862111	0.000146721958106038	8657.0	48.755210093500054	0.12	0.5852907041347568	0.42442353959519824	25	-1.0742400520656796
KHNYN	KHNYN	0.36197842590934	2961.0	0.129349650671432	-0.129349650671432	0.000705070107807671	1066.0	5.998648191956742	0.08	0.3765700143709762	0.5181064865484253	25	-0.47716129814645264
SPOP	SPOP	0.15929546464150102	2960.0	0.129193951912676	-0.129193951912676	0.00319132793462183	660.0	3.7118395854455333	0.08	0.3826549257116283	0.6956556945234507	25	-0.3643483059138648
CAPZA2	CAPZA2	0.21557466986467	2959.0	0.129133699498481	-0.129133699498481	6.65219949882885e-08	10773.0	60.673651008223494	0.2	0.7315249225324392	0.520899908150123	25	-1.1564433274201105
HIPK1.AS1	HIPK1.AS1	0.7611791391696121	2958.0	0.12912537010765898	0.12912537010765898	0.0146144939002256	10104.0	56.90548608764222	0.25	0.9572158159700499	1.068719641366583	24	-0.774843479814316
FGF7P3	FGF7P3	0.7605569642098691	2957.0	0.129111697810675	-0.129111697810675	0.126052505132902	6008.0	33.83462881604145	0.16666666666666666	0.7120028373961725	1.0876343337032122	24	-0.535925652145286
ANXA2R	ANXA2R	0.602990329031371	2956.0	0.128991964440003	0.128991964440003	0.00449788176818442	5826.0	32.80950771657091	0.20833333333333334	0.6101407251917389	0.7578475029072549	24	-0.6348886272052792
UNC50	UNC50	0.166374050198802	2955.0	0.128974686742258	0.128974686742258	3.08172120124135e-06	7327.0	41.26394052044609	0.04	0.459384847388903	0.3764775587820052	25	-0.8776357393402167
MSL2	MSL2	0.27612124533767307	2954.0	0.12896672538367	-0.12896672538367	0.008701108238877209	930.0	5.232623634110623	0.04	0.33264625791715585	0.35331742757671125	25	-0.5764774580480142
CLPTM1	CLPTM1	0.37522393643509905	2953.0	0.12896586892921197	0.12896586892921197	5.086345283691639e-07	7787.0	43.85490593669032	0.24	0.6173355351280957	0.4269232963667954	25	-1.1439283598599783
TRAPPC12	TRAPPC12	0.140069761019166	2952.0	0.128948521825584	-0.128948521825584	5.32873071070594e-06	6068.0	34.17258082685591	0.12	0.6222682952094979	0.6888381593947311	25	-0.7161620863417097
DDO	DDO	0.5702791114639929	2951.0	0.12894535915779	0.12894535915779	0.00017890765626107452	12886.0	72.57519432240622	0.3333333333333333	1.0995733269648478	1.2780285350349063	24	-0.7594728452448422
SLC41A3	SLC41A3	0.428680885670164	2950.0	0.128883125747936	-0.128883125747936	5.1192425094271e-05	1494.0	8.409372535766588	0.12	0.5080154729347139	0.6637747203066006	25	-0.5711762373409686
WDR34	WDR34	0.475235115028174	2949.0	0.12886485130782	0.12886485130782	0.00580402954688148	4298.0	24.202996507829223	0.08	0.4787313240054647	0.5838657108154358	25	-0.5992242158030069
THBS3	THBS3	0.499712172734124	2948.0	0.12881011270550802	0.12881011270550802	0.00155458397606719	1148.0	6.460515940069843	0.08	0.45654331778673063	0.8419436105584431	25	-0.38925790393948617
TMF1	TMF1	0.40380858047826595	2947.0	0.12873994192059698	0.12873994192059698	2.5736808976816003e-07	7178.0	40.42469302692351	0.16	0.6019020191941468	0.6111458934037673	25	-0.7742211514148956
POLE	POLE	0.26592224717942203	2946.0	0.12871851973314	0.12871851973314	3.992158054346991e-06	7973.0	44.90255717021516	0.12	0.5702947341204584	0.438595415603753	25	-1.0067962378937823
POLD1	POLD1	0.574140168175172	2945.0	0.128683196859764	0.128683196859764	6.81681503489743e-10	11971.0	67.42142615748563	0.4	0.9404255187124051	0.628785513418244	25	-1.2909685489409506
ARSG	ARSG	0.455615629926282	2944.0	0.12866821134956802	-0.12866821134956802	5.895654272529529e-07	8543.0	48.11310127295257	0.08	0.542362499091207	0.4554406312646102	25	-0.9083385612586756
IL7	IL7	0.6079050671732089	2943.0	0.12866108877148402	0.12866108877148402	6.18581098214745e-06	8822.0	49.68457812323983	0.2	0.7717125343631701	0.9346811679734497	25	-0.6879901592389336
PAFAH1B2	PAFAH1B2	0.114201040399399	2942.0	0.128649559289628	0.128649559289628	2.62459041644578e-05	4283.0	24.118508505125607	0.2	0.6026716115785038	0.5976804562390795	25	-0.7931028149584687
GALK2	GALK2	0.25374589610113396	2941.0	0.128540795366388	0.128540795366388	1.36929483604057e-07	9790.0	55.136870564379855	0.08	0.6165708529325119	0.48129618753678444	25	-1.0139911144191742
EML5	EML5	0.504483756642187	2940.0	0.128453786258896	-0.128453786258896	3.47839942604058e-05	7070.0	39.81637940745747	0.04	0.4968266410835676	0.5839020956504827	25	-0.6308812000653883
SLC39A3	SLC39A3	0.331812258280771	2939.0	0.128341278054947	-0.128341278054947	4.58017920849453e-08	11008.0	61.99729638391348	0.2	0.6970053519339282	0.5252535849164517	25	-1.0826467257133228
SPG7	SPG7	0.414276150031469	2938.0	0.12833416784815	-0.12833416784815	3.36306797037108e-06	5112.0	28.78787878787879	0.08	0.45228286277128665	0.3931968917131387	25	-0.8238841703750729
HMGB1	HMGB1	0.33522071776603096	2937.0	0.128241096168947	-0.128241096168947	0.00222197510338133	6991.0	39.37140925988509	0.04	0.39721039243273765	0.26594824724819044	25	-1.011359537228989
ZNF337	ZNF337	0.4051218789890251	2936.0	0.128187303691004	-0.128187303691004	0.00126207618120524	1673.0	9.417596034696405	0.08	0.38377052010195156	0.5893305163656152	25	-0.43368400127507756
COMMD8	COMMD8	0.39480270814875	2935.0	0.12818253191109502	0.12818253191109502	6.00859845202422e-08	11756.0	66.21043145206714	0.12	0.717112410367853	0.6063357804964813	25	-0.9712932955639351
TNFRSF10C	TNFRSF10C	0.7484377822016058	2934.0	0.128145145332655	-0.128145145332655	1.6394477244426863e-06	14124.0	79.54827081221133	0.5	1.2122362737635037	1.5152819244588258	24	-0.7154385668647276
LOXL3	LOXL3	0.46833004371713705	2933.0	0.128092217287063	-0.128092217287063	0.0393467710850515	1334.0	7.508167173594683	0.0	0.23913459809095902	0.17534198970354145	25	-0.6332902973876386
MED6	MED6	0.11661988569655499	2932.0	0.128075810167004	0.128075810167004	1.1223139747429902e-05	2408.0	13.557508167173594	0.08	0.45197572824333254	0.595588174149313	25	-0.5438320170459385
MRPS36	MRPS36	0.491147205208693	2931.0	0.128036352963755	0.128036352963755	1.0864623004293199e-07	9734.0	54.821448687619686	0.08	0.588340552675468	0.44137108911068385	25	-1.042896127698752
TADA2B	TADA2B	0.0493904615544427	2930.0	0.128011474241466	0.128011474241466	0.00165383704591686	915.0	5.148135631407007	0.12	0.40610331793489957	0.5701514024975508	25	-0.48775087191796945
PIK3CD.AS1	PIK3CD.AS1	0.818485276847775	2929.0	0.128008959385055	-0.128008959385055	0.0013336631599717187	16118.0	90.7795426382787	0.625	2.0734629909550466	1.5703445904409872	24	-1.238870782510013
ELP6	ELP6	0.0833954563870193	2928.0	0.127918244033527	-0.127918244033527	9.32124560360827e-05	2270.0	12.780218542300325	0.12	0.49052038060050385	0.709841382103829	25	-0.5108213548952247
RCE1	RCE1	0.146605140311106	2927.0	0.12790958073643402	0.12790958073643402	0.00116685580558572	333.0	1.8700011265067025	0.12	0.3685088269107829	0.44060285814129757	25	-0.5460682828734414
UBE2G1	UBE2G1	0.19863265476927303	2926.0	0.127896329147377	0.127896329147377	0.0011252030127767302	1428.0	8.037625323870676	0.08	0.43482924721025507	0.7749542007213452	25	-0.3960658807671186
PPP1CB	PPP1CB	0.29248727467217	2925.0	0.127880488595069	-0.127880488595069	2.66440086634053e-08	11038.0	62.16627238932071	0.28	0.6922279120434075	0.4501957836510581	25	-1.2535599931023746
MAN1B1	MAN1B1	0.295642741531374	2924.0	0.127870090191067	0.127870090191067	0.0222104224592667	894.0	5.029852427621944	0.12	0.43332627356332876	0.6281242267870235	25	-0.4862990000158552
PHKG1	PHKG1	0.56911596105012	2923.0	0.12786854279695	0.12786854279695	1.8656587933226102e-06	10170.0	57.277233299538125	0.08	0.5458592193103455	0.33005786508986934	25	-1.2664163491440614
ACAD9	ACAD9	0.391293975256331	2922.0	0.127856119878547	-0.127856119878547	0.0010407208558763802	671.0	3.7737974540948516	0.04	0.3122282377234516	0.32508822829365347	25	-0.5671448603742136
MFSD8	MFSD8	0.273303166561174	2921.0	0.127811007008035	0.127811007008035	2.47323359155511e-06	9530.0	53.67241185085051	0.12	0.5707796905357738	0.4461204509657741	25	-0.9929351648613907
SMARCB1	SMARCB1	0.29352609571359994	2920.0	0.12781030858206	0.12781030858206	0.00197803756692872	1633.0	9.192294694153428	0.12	0.397920875232063	0.3736730783267904	25	-0.7228526279160569
NPAS1	NPAS1	0.6757019666031819	2919.0	0.127721083475755	-0.127721083475755	1.1872271457253499e-07	14220.0	80.08899402951447	0.48	1.3045259081817855	1.227511146427707	25	-0.9586917627027325
HYI	HYI	0.520161411092845	2918.0	0.127720009267175	-0.127720009267175	0.000814913123265586	5147.0	28.985017460853893	0.16	0.5948388057151618	0.7034076647258252	25	-0.6640797646554801
NME6	NME6	0.0771928221534452	2917.0	0.127651282777593	0.127651282777593	6.38219449177307e-06	1554.0	8.747324546581051	0.08	0.4471224714886287	0.49901086725707433	25	-0.6402088805542074
RRAS2	RRAS2	0.527261965355316	2916.0	0.12764507192557	0.12764507192557	0.00812175817447399	2838.0	15.979497578010587	0.08	0.4942797901917404	0.7080796030890114	25	-0.517787430490469
PTOV1.AS2	PTOV1.AS2	0.5272824209802249	2915.0	0.127637018290639	-0.127637018290639	1.02380952940584e-05	6422.0	36.16649769066125	0.16	0.5033056192803573	0.5258685458242699	25	-0.7143773933101067
C6orf120	C6orf120	0.248065040266401	2914.0	0.12762768778441802	-0.12762768778441802	0.0034539069538329996	1894.0	10.66238594119635	0.08	0.3859178204107227	0.5521948981358382	25	-0.4677517548573332
KLHDC4	KLHDC4	0.460291686026436	2913.0	0.127624971699326	-0.127624971699326	1.01969628773857e-08	7153.0	40.283879689084145	0.08	0.5140158208127723	0.486068871136652	25	-0.7949302497193192
RNF167	RNF167	0.370005622976664	2912.0	0.12755734145934802	-0.12755734145934802	0.00058408397347843	891.0	5.012954827081221	0.04	0.31156647015273653	0.35403759905798554	25	-0.5197445954412623
C22orf46	C22orf46	0.481548533518007	2911.0	0.127553837614506	0.127553837614506	0.015534862632872	978.0	5.502985242762194	0.08	0.35595311154655457	0.32736660447316007	25	-0.6976865410557613
HOXB4	HOXB4	0.7674452478148609	2910.0	0.127553257393175	0.127553257393175	0.000253309311497726	17657.0	99.44801171566971	0.7272727272727273	4.588902533147816	3.909320212887383	22	-1.1412084538502245
ABCF2	ABCF2	0.384530141643806	2909.0	0.127474280005127	0.127474280005127	0.00180797437151675	1625.0	9.147234426044834	0.12	0.5585177374559777	0.9077644062093134	25	-0.4748406684624514
RAD23B	RAD23B	0.22732737747695397	2908.0	0.127473998906084	0.127473998906084	0.0012145668273877699	730.0	4.106116931395742	0.04	0.43945274242870375	0.8062777755295506	25	-0.3869370494774174
C9orf16	C9orf16	0.44598731279131704	2907.0	0.12747393528248302	-0.12747393528248302	0.0029776446038960397	4747.0	26.73200405542413	0.08	0.4847455477419265	0.6504263950671119	25	-0.5492883055931022
PCOLCE.AS1	PCOLCE.AS1	0.742215167120881	2906.0	0.127397844609935	-0.127397844609935	2.696273967927694e-07	14918.0	84.0205024219894	0.5416666666666666	1.5732896100710978	1.316382069512562	24	-1.098383059863886
SNX21	SNX21	0.5928694168024029	2905.0	0.127375046629616	-0.127375046629616	0.0224640234677892	2009.0	11.310127295257406	0.08	0.34261168309171586	0.370750803533503	25	-0.5805426027691669
UBE2F	UBE2F	0.319372247070522	2904.0	0.12734759807416499	0.12734759807416499	0.00029699777519832796	2738.0	15.416244226653147	0.04	0.3461847505289289	0.37960805440089784	25	-0.5764818473099456
PNRC2	PNRC2	0.39891951162432393	2903.0	0.127284786647035	-0.127284786647035	0.0691842200936034	2889.0	16.266756787202883	0.08	0.39327132647096424	0.44029768517522433	25	-0.6041061508603552
FBXO24	FBXO24	0.624833887645891	2902.0	0.12728214613390199	-0.12728214613390199	0.000754900577076397	9294.0	52.34313394164695	0.28	0.773954035692192	0.8848908761069353	25	-0.7307928096211295
SDK2	SDK2	0.596021031447897	2901.0	0.12726282962072802	-0.12726282962072802	1.4222941661218555e-11	14405.0	81.13101272952574	0.5833333333333334	1.3044410253082552	0.8201507485230063	24	-1.4353192968579065
CRAT	CRAT	0.377602195882086	2900.0	0.127249625945419	-0.127249625945419	0.00104758457326029	10980.0	61.839585445533395	0.2	0.9463452438948784	1.4407337763286847	25	-0.5685266989691184
PSORS1C2	PSORS1C2	0.8656409536476221	2899.0	0.127145264042182	-0.127145264042182	0.0001221207748375194	15192.0	85.56381660470879	0.7083333333333334	1.470083045037187	0.8748204741117971	24	-1.535100995845446
CYP2C8	CYP2C8	0.7832709976490151	2898.0	0.127063883836536	-0.127063883836536	3.0406959217337653e-05	17253.0	97.17246817618565	0.75	2.96599091038912	2.271679768912054	24	-1.2497038823003626
FBXO42	FBXO42	0.36818495706105603	2897.0	0.126965074161367	-0.126965074161367	0.000891915658918066	3832.0	21.57823589050355	0.08	0.42051130471009623	0.35142727457234807	25	-0.8352972344162692
CCDC18	CCDC18	0.477605865243404	2896.0	0.126923312355692	-0.126923312355692	0.00436373419423499	9291.0	52.326236341106224	0.08	0.5963901250821992	0.6398818139692578	25	-0.7336773799123194
ZNF222	ZNF222	0.5174550304834279	2895.0	0.12690382944001802	-0.12690382944001802	0.0129241199204125	1793.0	10.093500056325334	0.12	0.6537007542980436	1.3525426925900412	25	-0.389486356138038
MED25	MED25	0.460323311073168	2894.0	0.12687682214864002	-0.12687682214864002	1.2313427234912501e-07	10799.0	60.820096879576425	0.36	0.83646131574182	0.6226692633854755	25	-1.139584905371984
KITLG	KITLG	0.7147184204002079	2893.0	0.12685106872117802	-0.12685106872117802	0.00471623389562911	9935.0	55.95358792384814	0.08	0.7621965842647661	1.3532368402481902	25	-0.46950060525034376
TMEM129	TMEM129	0.491829371368423	2892.0	0.12677815919224902	-0.12677815919224902	1.18213367318618e-06	8123.0	45.74743719725132	0.16	0.6890066572495727	0.9708386606458255	25	-0.579116305157559
ST3GAL4	ST3GAL4	0.6308999382488271	2891.0	0.126694823218973	-0.126694823218973	0.00047538382162526697	9831.0	55.3678044384364	0.16	0.5848673050382959	0.4806788333051047	25	-0.9531779851194401
RAB18	RAB18	0.36744628617721403	2890.0	0.12651128706766698	0.12651128706766698	2.78877247734204e-07	8255.0	46.49093162104314	0.08	0.5440146655403995	0.5134592280098487	25	-0.8131188528658099
ACAP2	ACAP2	0.41888936708126595	2889.0	0.126376930633364	-0.126376930633364	0.00031454250814032996	8867.0	49.93804213135068	0.04	0.5455894207845636	0.5228522816877837	25	-0.8017799765508691
CCDC96	CCDC96	0.7790053591198841	2888.0	0.126296048492188	0.126296048492188	0.0191696973293982	4579.0	25.78573842514363	0.16	0.6591266104637843	0.940138494827149	25	-0.5667575201987245
FUZ	FUZ	0.563560033242275	2887.0	0.12623648348330901	-0.12623648348330901	2.52147469279757e-09	10290.0	57.953137321167056	0.36	0.8669944667926608	0.8340932474091431	25	-0.8880997245934925
DTD2	DTD2	0.56352602880595	2886.0	0.126122365243201	-0.126122365243201	5.07304797043606e-05	3612.0	20.33907851751718	0.08	0.47315850843615903	0.5956073650009328	25	-0.5826592543771089
ARF5	ARF5	0.14422407478884303	2885.0	0.12609842857252598	-0.12609842857252598	0.0780852733828603	223.0	1.250422440013518	0.08	0.3139630585267275	0.5162772042336665	25	-0.3638832557657808
PRDX5	PRDX5	0.463991912768527	2884.0	0.126096155437498	0.126096155437498	6.659539790581059e-05	4866.0	27.402275543539485	0.08	0.4687198484644346	0.5342441681587566	25	-0.6413241612122234
SPEG	SPEG	0.757396964448697	2883.0	0.126065341644866	0.126065341644866	6.747730467329385e-06	11857.0	66.77931733693815	0.375	1.0097512442322063	1.104150717492683	24	-0.8003308684108121
ATF6	ATF6	0.111052890185176	2882.0	0.126014492422173	0.126014492422173	5.55395933588867e-07	7409.0	41.72580826855919	0.08	0.4893286081170504	0.3215013338499783	25	-1.1300547694287644
ASTE1	ASTE1	0.292389978076989	2881.0	0.125976030477785	-0.125976030477785	6.224226899123641e-05	2163.0	12.177537456347864	0.08	0.4715319807434332	0.5986140104875483	25	-0.577260044388547
NDFIP1	NDFIP1	0.44012702921911107	2880.0	0.12590536911602598	0.12590536911602598	0.000199389165127596	3604.0	20.294018249408584	0.04	0.37641982030627025	0.4221548697001554	25	-0.5934183617689346
ATG4A	ATG4A	0.354083910275692	2879.0	0.125891971420139	0.125891971420139	4.523382281063791e-12	11467.0	64.58262926664413	0.2	0.8009476503681884	0.6786652057779343	25	-0.9946814323186829
PTPN18	PTPN18	0.242660205198155	2878.0	0.12581160113945	-0.12581160113945	0.007057657288337291	1096.0	6.167624197363974	0.16	0.7581268667879051	1.5128367869328792	25	-0.41796661154069975
CAPN10	CAPN10	0.331036536874799	2877.0	0.125769387964277	-0.125769387964277	0.000318881745771899	10178.0	57.322293567646724	0.16	0.6849758425704097	0.7438247864300312	25	-0.7517986289352231
FAM110A	FAM110A	0.49837273963443607	2876.0	0.12569138867855498	-0.12569138867855498	0.00506920647500303	6463.0	36.397431564717806	0.16	0.5818240470428996	0.5770688283857517	25	-0.7904302501320255
SELENOS	SELENOS	0.28986517447133897	2875.0	0.125648375484084	-0.125648375484084	3.93223894853925e-07	8935.0	50.32105441027374	0.08	0.5729800220654875	0.4492810935330617	25	-0.9956609637491571
WDPCP	WDPCP	0.263590849685538	2874.0	0.125563952423992	-0.125563952423992	0.0017984783473668198	4042.0	22.761067928354173	0.08	0.509575841491353	0.715822377311863	25	-0.5364625376890924
ATP6V1G1	ATP6V1G1	0.23966934923150898	2873.0	0.125561076053473	-0.125561076053473	5.64446736933217e-07	8050.0	45.336262250760385	0.12	0.537439428442306	0.37630491009665307	25	-1.094533558658703
TOMM22	TOMM22	0.22830829688480198	2872.0	0.12554431587165898	0.12554431587165898	1.7949536755300398e-07	4026.0	22.670947392136984	0.12	0.5178563153980523	0.5228586366329804	25	-0.750321352732624
MAGOH2P	MAGOH2P	0.700706914101441	2871.0	0.12553878180272401	0.12553878180272401	0.0037268505478203003	9058.0	51.013856032443385	0.20833333333333334	0.7086152956232393	0.988334876570205	24	-0.5899584519813282
ZNF528.AS1	ZNF528.AS1	0.529932444051895	2870.0	0.125372172396983	0.125372172396983	0.0210225817684196	2597.0	14.622057001239156	0.16	0.5723857439924235	0.6856867806225084	25	-0.6519209414969531
C5	C5	0.7574137327460341	2869.0	0.125332170885979	-0.125332170885979	3.8905322237399995e-08	12097.0	68.13112538019601	0.20833333333333334	0.9304097813751948	1.096038651323574	24	-0.7345339596527967
RBBP9	RBBP9	0.42140964807011605	2868.0	0.125309676391128	0.125309676391128	2.47524139207552e-05	3282.0	18.480342458037626	0.12	0.45212338806603164	0.44278215604871973	25	-0.7380914230855862
IAH1	IAH1	0.0650487922949703	2867.0	0.125275390816446	-0.125275390816446	5.3102320349247e-08	8723.0	49.12695730539596	0.16	0.5457495392508769	0.43486261108579966	25	-0.9669126241608987
PPP1R14C	PPP1R14C	0.7303144503500258	2866.0	0.12520117808688302	-0.12520117808688302	4.317095705988555e-07	14156.0	79.72851188464571	0.5833333333333334	1.318601163563361	1.069265119306332	24	-1.116093627229397
HELZ2	HELZ2	0.633587808364859	2865.0	0.12511527484565801	-0.12511527484565801	6.733815029565e-05	9198.0	51.80241072434381	0.28	1.0508193621806436	1.5902420899228367	25	-0.5821151969257106
SYF2	SYF2	0.455766644987906	2864.0	0.12509740505431	0.12509740505431	0.0014338425528019599	7306.0	41.14565731666103	0.08	0.4358084493419584	0.4317555941734139	25	-0.7196456710248248
RBM3	RBM3	0.57762352848414	2863.0	0.12502516803739802	0.12502516803739802	8.96264943031201e-05	4243.0	23.89320716458263	0.08	0.40468990766425816	0.3589934582793026	25	-0.779024612223648
GATB	GATB	0.34671990017160104	2862.0	0.12483504720265198	0.12483504720265198	0.000582644964018489	1627.0	9.158499493071982	0.04	0.3199089736891904	0.40579776896736075	25	-0.4807170995122664
RBM12	RBM12	0.234671184930107	2861.0	0.12477271177073199	0.12477271177073199	0.00605369732716136	2418.0	13.613833502309337	0.12	0.3751179079784191	0.39333176025696776	25	-0.6364733832938738
GRAMD1C	GRAMD1C	0.476636586993045	2860.0	0.12475273725725301	-0.12475273725725301	5.56876228043033e-05	10785.0	60.74124141038639	0.20833333333333334	0.7192165984084568	0.5779494200387236	24	-1.028574197914021
CTU2	CTU2	0.509066838541239	2859.0	0.124731488926708	-0.124731488926708	4.7663043374277397e-05	7079.0	39.86707220907964	0.08	0.5194299704161207	0.5316608121839135	25	-0.742387763860387
MVK	MVK	0.568333421370362	2858.0	0.124692706036027	0.124692706036027	0.0640276656250783	459.0	2.579700349217078	0.12	0.496854776440042	0.8658768200784198	25	-0.42980948533800617
TMEM50A	TMEM50A	0.336825556193585	2857.0	0.12466145772303501	0.12466145772303501	1.35248501745385e-06	5875.0	33.08550185873606	0.08	0.44236653133111836	0.34183397724542314	25	-0.9294133841469592
TAS2R5	TAS2R5	0.7896633648373079	2856.0	0.12450272911476501	0.12450272911476501	0.10665988946517799	1679.0	9.451391235777852	0.16666666666666666	0.5678205627977143	1.134882420726068	24	-0.3906288665563488
SMIM11A	SMIM11A	0.463870537617189	2855.0	0.12449465796708001	0.12449465796708001	0.000817651369808212	3848.0	21.668356426720738	0.08	0.43288578510584613	0.44303338307722123	25	-0.696090044043054
CCNB1IP1	CCNB1IP1	0.5306836151229509	2854.0	0.124454676163298	-0.124454676163298	2.98147341358083e-05	4744.0	26.715106454883408	0.08	0.5411619901093538	0.7943886745897053	25	-0.5245635131458558
RNASEH1	RNASEH1	0.264709141524209	2853.0	0.124329724868314	0.124329724868314	0.00041152912073495046	15663.0	88.21673988960234	0.5416666666666666	2.137088762601638	2.227282037627575	24	-0.9036839536843059
APP	APP	0.336608787451837	2852.0	0.12427701835178301	0.12427701835178301	0.00321106773630134	7538.0	42.45240509181029	0.2	0.6846343789140821	0.915017454703753	25	-0.6124007336490876
RNF111	RNF111	0.277695683033124	2851.0	0.124256067304714	0.124256067304714	0.0225806592140237	1301.0	7.322293567646727	0.08	0.4163212349634978	0.631190144169126	25	-0.4627213690784842
RANGRF	RANGRF	0.38201756436151796	2850.0	0.124235384038461	-0.124235384038461	0.000358276240447748	4211.0	23.71296609214825	0.04	0.5108033683640594	0.8414669233077053	25	-0.4593977179828365
EIF3F	EIF3F	0.279799275798216	2849.0	0.124202980533813	-0.124202980533813	0.00554061828733754	1610.0	9.062746423341219	0.08	0.3506621018251808	0.530375457946923	25	-0.42697888429451153
BTBD1	BTBD1	0.35453564200561605	2848.0	0.12418688193777	0.12418688193777	0.007307934792801009	1935.0	10.8933198152529	0.08	0.347906816574101	0.3552821507279288	25	-0.6296965219838846
CEP19	CEP19	0.46919159076583794	2847.0	0.12411550638550999	0.12411550638550999	0.00037916427071219103	4445.0	25.030978934324658	0.08	0.5208013194331659	0.7697541843075059	25	-0.5153408986071657
CPSF7	CPSF7	0.0480452217299671	2846.0	0.124099076153703	0.124099076153703	1.18681420862435e-05	3946.0	22.22034471105103	0.12	0.4680325746580894	0.44141713760934204	25	-0.7791575568793853
PPP2R3C	PPP2R3C	0.303974048329344	2845.0	0.124083366797693	-0.124083366797693	0.00393144628537796	6122.0	34.476737636588936	0.08	0.48947661667649633	0.6330173338071664	25	-0.5772247146554625
SCAMP3	SCAMP3	0.24619257737630498	2844.0	0.12403491472947	0.12403491472947	0.00023156982746517203	906.0	5.097442829784837	0.16	0.4659264384836186	0.6206715956691466	25	-0.5508412599187096
MYBBP1A	MYBBP1A	0.501087446889239	2843.0	0.12397457309274301	0.12397457309274301	8.244483553480259e-07	7226.0	40.695054635575076	0.16	0.565034313127336	0.5263547724916001	25	-0.8379514409012634
RIPPLY3	RIPPLY3	0.905158477644621	2842.0	0.12393780220795698	0.12393780220795698	0.00058532845807492	14582.0	82.1279711614284	0.5416666666666666	1.4688658449127356	1.4222521353698077	24	-0.9456326408362723
DCAF6	DCAF6	0.24446330015764703	2841.0	0.123887164817414	0.123887164817414	1.24252677687762e-05	5138.0	28.934324659231724	0.04	0.41447989835344723	0.42803621820948085	25	-0.6788975352403875
AKAP17A	AKAP17A	0.39804766136126707	2840.0	0.12381063183300098	0.12381063183300098	9.54857016011921e-08	7815.0	44.0126168750704	0.08	0.5612240524138074	0.5447375841378764	25	-0.8029800647463574
PLA2G12A	PLA2G12A	0.49286000131295293	2839.0	0.12363747925604598	0.12363747925604598	5.23613158638965e-05	4249.0	23.927002365664077	0.08	0.4301804563751982	0.4772713647006591	25	-0.6422823571479375
IRAK2	IRAK2	0.7935014409108159	2838.0	0.123558379286069	0.123558379286069	0.0280474587021329	5977.0	33.660020277120644	0.12	0.6956666033308636	1.2244195630447636	25	-0.46724851620479935
TXNL4B	TXNL4B	0.553546514191656	2837.0	0.12354004271305499	-0.12354004271305499	0.000528505672163777	1271.0	7.153317562239495	0.04	0.32559132927831413	0.4848258524244108	25	-0.4167502321810716
ABHD13	ABHD13	0.467166691186354	2836.0	0.123530361922207	-0.123530361922207	0.000257333281447857	4943.0	27.835980624084712	0.08	0.5406618581378368	0.7004850677050956	25	-0.5954894907070915
ZNF101	ZNF101	0.615418796810438	2835.0	0.123530112586187	0.123530112586187	0.0362698551822469	2579.0	14.520671397994818	0.04	0.42681499754496827	0.5470854627681551	25	-0.5543647301908073
ESR1	ESR1	0.7537754609968191	2834.0	0.123520252899391	0.123520252899391	9.005796051419216e-05	13834.0	77.91483609327474	0.4583333333333333	1.666767939669546	2.0511123848991244	24	-0.7523954797074922
SMAD2	SMAD2	0.20866264353103303	2833.0	0.12340911466743	-0.12340911466743	0.00223659738234344	6397.0	36.0256843528219	0.04	0.4389902785625898	0.5197634348140957	25	-0.6071630721927064
USP6NL	USP6NL	0.37896895587796897	2832.0	0.12339335513071199	-0.12339335513071199	0.00345531740957845	1533.0	8.629041342795988	0.08	0.4007900981228292	0.6369553798792124	25	-0.4355041997521408
SCNN1D	SCNN1D	0.701150655798591	2831.0	0.123373224757738	0.123373224757738	7.342021416235595e-05	17680.0	99.57755998648192	0.6818181818181818	4.522045554395269	3.312613978902972	22	-1.3278553908337445
TFEC	TFEC	0.7654375351104058	2830.0	0.123364205183419	-0.123364205183419	0.018490165242860228	12013.0	67.65799256505576	0.2916666666666667	1.4163849987940695	2.14898098196733	24	-0.6016901984990707
ZDHHC7	ZDHHC7	0.46050203947703006	2829.0	0.123349629161315	-0.123349629161315	0.000205307345667851	2461.0	13.856032443393037	0.12	0.40102479803788577	0.527886124494316	25	-0.5260133881006387
DZIP3	DZIP3	0.536018469760146	2828.0	0.12329385764416302	-0.12329385764416302	6.26053597245222e-06	6596.0	37.146558522023206	0.12	0.5225006557463994	0.5727751313983955	25	-0.6969695020235905
ZGLP1	ZGLP1	0.647287494519075	2827.0	0.123281117997361	0.123281117997361	0.00010311957650555919	16850.0	94.90255717021516	0.5833333333333334	2.1100685649401596	1.8119999820048518	24	-1.0964610743232772
ZFP90	ZFP90	0.3463509900204831	2826.0	0.123185922702958	0.123185922702958	2.2976075653851898e-05	3898.0	21.94998310239946	0.08	0.4826119993840044	0.6606476412912383	25	-0.5440511010961104
RANBP2	RANBP2	0.3927806002757271	2825.0	0.12318018682330001	0.12318018682330001	0.0031345530828284104	6087.0	34.27959896361383	0.04	0.4302523740924211	0.39743148942381246	25	-0.7726418148554552
ENDOG	ENDOG	0.38088730818627203	2824.0	0.123163847670975	-0.123163847670975	0.00295446084726534	3541.0	19.939168638053395	0.08	0.450433659891562	0.5514391918445913	25	-0.5934830477424959
SH3KBP1	SH3KBP1	0.39095751702728293	2823.0	0.123157556490831	-0.123157556490831	0.000335490389888079	4088.0	23.020164469978596	0.04	0.42215037841058584	0.7044506017497961	25	-0.4244340499916982
FUCA2	FUCA2	0.16559323094727402	2822.0	0.123037754308533	0.123037754308533	3.3847326936114602e-06	4817.0	27.12628140137434	0.16	0.6053324353697151	0.9181254815548514	25	-0.5253036657303237
AADACP1	AADACP1	0.8542263116118101	2821.0	0.12296860906336698	0.12296860906336698	3.28406073435042e-06	15314.0	86.25098569336487	0.5652173913043478	1.4349442960066332	1.053629529111195	23	-1.2451963908509691
MAD2L1BP	MAD2L1BP	0.28385446432754496	2820.0	0.122944594708697	0.122944594708697	6.05398360728578e-10	9835.0	55.3903345724907	0.2	0.6711905266293776	0.678827941397917	25	-0.8076360716556134
RPS24	RPS24	0.244245882329988	2819.0	0.12291889668125199	0.12291889668125199	0.00017499551847486298	4394.0	24.743719725132365	0.0	0.3550510380290981	0.26530491846870746	25	-0.8749635803500037
RCAN2	RCAN2	0.5854310280372861	2818.0	0.12281841230785501	0.12281841230785501	7.80133576031922e-05	11928.0	67.17922721640193	0.3333333333333333	1.1618352749199545	1.4502767081443833	24	-0.7164266355359956
POGK	POGK	0.258849583742316	2817.0	0.122709915238983	-0.122709915238983	3.29670946926872e-06	4399.0	24.77188239270024	0.16	0.46405195617336537	0.5240860744521829	25	-0.6513091218673968
RNF157	RNF157	0.758824792205254	2816.0	0.122486127535319	0.122486127535319	7.75723895839964e-05	6326.0	35.62577447335811	0.16	0.7929613108255579	1.231267000644275	25	-0.5445408533968707
DGKQ	DGKQ	0.5973713789994871	2815.0	0.1224387029073	-0.1224387029073	0.000219528651827767	7086.0	39.90649994367466	0.12	0.7020508755933222	1.075811576604954	25	-0.5387673690175023
FAM126A	FAM126A	0.6638723467768521	2814.0	0.122256695922104	-0.122256695922104	0.0106946914233293	3544.0	19.95606623859412	0.04	0.4014393860200019	0.38560767754736847	25	-0.72400708376353
CEPT1	CEPT1	0.4873206312100421	2813.0	0.122226301282573	-0.122226301282573	2.3389742565363e-06	7436.0	41.87788667342571	0.04	0.41333503943807814	0.2713600472978148	25	-1.072776707751736
LGR6	LGR6	0.8227422095049891	2812.0	0.12220888057259201	0.12220888057259201	2.552649896606135e-05	13105.0	73.80871916187901	0.4166666666666667	1.4193470310830882	1.9988605275620428	24	-0.6489387991930489
ANTXR1	ANTXR1	0.71661916151897	2811.0	0.122093694412404	0.122093694412404	0.0019409490000320102	4925.0	27.734595020840374	0.2	1.0700715977471955	1.8284793693533021	25	-0.5184515172681838
CREBL2	CREBL2	0.14735456565707	2810.0	0.12206645338707901	-0.12206645338707901	0.00846769472292501	629.0	3.5372310465247265	0.04	0.3060040859751539	0.3220980261118946	25	-0.5710610363199687
MAB21L1	MAB21L1	0.862595974708389	2809.0	0.121993183489009	-0.121993183489009	5.44949796734201e-05	14801.0	83.3614960009012	0.5	1.8294952833915465	2.0661380439698678	24	-0.8264220800183086
DUSP19	DUSP19	0.619589158906821	2808.0	0.12187329079815598	-0.12187329079815598	5.30697626040174e-06	6213.0	34.989298186324206	0.16	0.5986794172673221	0.5938647062177026	25	-0.802886787978903
PARVA	PARVA	0.441571434466355	2807.0	0.12179516219829199	-0.12179516219829199	0.0167794276661933	3051.0	17.179227216401937	0.04	0.46213281903603176	0.717311485374491	25	-0.4744628571785069
HNRNPH3	HNRNPH3	0.19924951152395604	2806.0	0.121731946670556	-0.121731946670556	1.15241292588699e-06	5852.0	32.955953587923844	0.08	0.5220681931883089	0.4488829491053463	25	-0.891849974064842
CACNA2D1	CACNA2D1	0.640121097958536	2805.0	0.121730255239755	-0.121730255239755	0.0208313004897793	4952.0	27.886673425706885	0.16	0.7042576369403624	1.1684315890758927	25	-0.4985549750168306
VAV3	VAV3	0.539839275523606	2804.0	0.12167141350103698	0.12167141350103698	4.305218760947989e-06	10975.0	61.811422777965525	0.24	0.6718651998196354	0.6056656924695666	25	-0.9084116752184119
APIP	APIP	0.40535521333481395	2803.0	0.12162861866190301	-0.12162861866190301	2.3358300809105002e-07	9273.0	52.224850737861885	0.04	0.5276196632915776	0.30054251980389496	25	-1.3508605866969678
FASTK	FASTK	0.43847740920091705	2802.0	0.12158190045782599	0.12158190045782599	0.005379501847876929	2007.0	11.298862228230258	0.12	0.4710205153356493	0.6175184542490684	25	-0.565875582297791
FAM149A	FAM149A	0.669288718491588	2801.0	0.121525500871055	0.121525500871055	0.0151119652919399	9524.0	53.63861664976906	0.25	0.7805752132338383	0.9466826538082833	24	-0.6961675168670094
CASC15	CASC15	0.7046010560017858	2800.0	0.121446868587164	0.121446868587164	0.00205103297816228	10043.0	56.56190154331418	0.25	1.0307981355902978	1.5176292320300968	24	-0.5991919816849574
STOX2	STOX2	0.6796518035108889	2799.0	0.12142854803189698	-0.12142854803189698	0.0152374357990784	6272.0	35.3216176636251	0.16	0.749151771896712	1.1449757863714474	25	-0.5482414836510544
NAPG	NAPG	0.27445902309500003	2798.0	0.121419416101816	0.121419416101816	8.12416157999534e-09	10260.0	57.784161315759825	0.16	0.6314807931067089	0.3979391385097899	25	-1.2817572529180732
TBPL1	TBPL1	0.40264928767582103	2797.0	0.121301794483888	-0.121301794483888	1.8228933929117102e-05	6055.0	34.09935789117945	0.08	0.5726250672305077	0.8561975293274062	25	-0.5271251753099087
TAC4	TAC4	0.6476542727838471	2796.0	0.12126063534315198	0.12126063534315198	0.1361674287030795	4836.0	27.23329953813225	0.0	0.3570241149707724	0.24660589209987277	24	-0.9560334411318069
PSEN2	PSEN2	0.304513953497712	2795.0	0.121259590751123	-0.121259590751123	0.0062175641273692	377.0	2.1178326011039763	0.12	0.5171861553657303	1.0149527521044328	25	-0.3900935918383211
APRT	APRT	0.426218459842716	2794.0	0.121219771584199	0.121219771584199	4.55663631748678e-05	6773.0	38.143516953925875	0.12	0.5013170058087172	0.5952348700396971	25	-0.6385668134650259
MOB1B	MOB1B	0.45350264636971993	2793.0	0.121173578104657	-0.121173578104657	0.000570379248219567	7669.0	43.19026698208854	0.16	0.5847366865191911	0.5741782226110628	25	-0.8073505579965939
ZNF608	ZNF608	0.672746690875256	2792.0	0.12105520970005099	0.12105520970005099	0.009889626828056941	1447.0	8.14464346062859	0.16	0.8598538960199659	1.4226543372682536	25	-0.5193100438849666
CSGALNACT2	CSGALNACT2	0.465320907820104	2791.0	0.121038346096462	-0.121038346096462	0.0932835862142338	2136.0	12.025459051481356	0.04	0.3506161429399468	0.48503716361765375	25	-0.4733200135246893
CEP112	CEP112	0.522420887287477	2790.0	0.121010955045583	0.121010955045583	9.05408070797375e-06	9251.0	52.10093500056325	0.16	0.7695391386411872	1.0272515992912232	25	-0.631323605670774
NTSR1	NTSR1	0.8173550875116271	2789.0	0.12096059647332001	-0.12096059647332001	0.000467178202171668	13683.0	77.06432353272501	0.4583333333333333	1.5973538991288736	1.9967963433290614	24	-0.7393810127847634
NEUROD2	NEUROD2	0.826228573484117	2788.0	0.12094572491439698	0.12094572491439698	8.80511442741624e-07	17368.0	97.8202095302467	0.6666666666666666	2.560143401851955	1.7989946890161168	24	-1.355867080559072
ACSBG2	ACSBG2	0.728096816782956	2787.0	0.120861593202757	0.120861593202757	0.0029543763489732503	15925.0	89.69246367015883	0.5833333333333334	1.4319701665996964	0.9602362896549181	24	-1.3654020239831957
ZC2HC1A	ZC2HC1A	0.622497035222646	2786.0	0.120852843230726	0.120852843230726	5.43020731329875e-05	8172.0	46.02343133941647	0.04	0.7550899745535964	1.0097727758646724	25	-0.6280988619244272
NCS1	NCS1	0.609117384146245	2785.0	0.12082374559347199	-0.12082374559347199	3.29696165573517e-06	12437.0	70.0461867748113	0.32	1.3198901333384903	1.9293516990772113	25	-0.6214866829715491
TAPBPL	TAPBPL	0.5463681804730129	2784.0	0.120808007007678	-0.120808007007678	0.0038191434584037604	7856.0	44.24355074912695	0.12	0.495998348436681	0.4663298909214583	25	-0.8045599236361077
GINS3	GINS3	0.6281037556886351	2783.0	0.120747671546129	0.120747671546129	0.0088066044795726	309.0	1.7348203221809169	0.08	0.5452599042198575	1.0417957199535037	25	-0.40748126004268365
PCBP2	PCBP2	0.185862113312032	2782.0	0.12074674941739999	-0.12074674941739999	0.00010955771653212	2768.0	15.58522023206038	0.08	0.3987333533447171	0.4778657938908461	25	-0.58172526152984
FAM9C	FAM9C	0.916973829177725	2781.0	0.120723961020575	0.120723961020575	0.030830945954118498	14185.0	79.89185535653937	0.375	1.9601277136294968	2.1789808320001627	24	-0.8441578400304094
LY9	LY9	0.835690531946432	2780.0	0.120715923149698	0.120715923149698	4.1330974515744054e-05	15377.0	86.60583530472006	0.625	1.8218793767863346	2.1904544193654467	24	-0.7766258172719464
LRSAM1	LRSAM1	0.28073210023813694	2779.0	0.12065948759636899	-0.12065948759636899	0.0009223587469831151	2818.0	15.8668469077391	0.08	0.3661304779291944	0.4407609173620877	25	-0.5569254910393281
PANK4	PANK4	0.594438077864192	2778.0	0.12056634291522099	-0.12056634291522099	1.5721688082611901e-06	5390.0	30.353723104652474	0.12	0.5923546699294918	0.92103486077448	25	-0.5122372095856973
KLHDC10	KLHDC10	0.18647736997866898	2777.0	0.120558133459477	0.120558133459477	8.821404676086159e-07	6927.0	39.01092711501633	0.08	0.4170220254485533	0.34422975783971554	25	-0.8612384177637525
EPN1	EPN1	0.536018469760146	2776.0	0.120493870069155	-0.120493870069155	4.66364637792016e-09	10498.0	59.12470429199053	0.32	0.8385045879465293	0.635428621681688	25	-1.1299628209650507
UBL7.AS1	UBL7.AS1	0.47382534503046403	2775.0	0.120484801346574	0.120484801346574	0.0014307210068962	3289.0	18.519770192632645	0.0	0.3119062365022093	0.24818087393709487	25	-0.7712980944863378
CNTNAP1	CNTNAP1	0.621062964925374	2774.0	0.120437518324521	-0.120437518324521	7.61677971246976e-08	12556.0	70.71645826292666	0.44	1.1458287572131405	1.2788712973184235	25	-0.8017939264402064
SART1	SART1	0.437942024075317	2773.0	0.12041165899975699	-0.12041165899975699	1.7976419734045898e-06	7613.0	42.874845105328376	0.08	0.4982807024563259	0.4012483897465295	25	-0.9417334825823739
WDR43	WDR43	0.5575706110619539	2772.0	0.12040540911747599	0.12040540911747599	2.16456186873288e-06	8913.0	50.1971386729751	0.2	0.6472763816932156	0.5481107973988296	25	-0.9612490304444139
SCAND2P	SCAND2P	0.344206824447854	2771.0	0.12035991667227099	0.12035991667227099	1.59577174038263e-06	3677.0	20.705193195899515	0.12	0.3906087022707473	0.3831977082567977	25	-0.7052463513622338
HLA.DRB6	HLA.DRB6	0.7886320001913871	2770.0	0.12030588441747699	0.12030588441747699	0.0243471063110905	9388.0	52.87259209192294	0.20833333333333334	1.266713230006691	1.916529627909346	24	-0.5981683397400838
ZBTB49	ZBTB49	0.441282770106836	2769.0	0.12017859628336301	0.12017859628336301	0.0112789993202756	824.0	4.635575081671736	0.16	0.5641747688630684	0.8299826969978129	25	-0.5349462997068665
ELF1	ELF1	0.44587268341280295	2768.0	0.120117730234116	-0.120117730234116	0.00315088648551805	798.0	4.489129210318802	0.08	0.4018669359880244	0.6146463139001648	25	-0.45839241102106754
E4F1	E4F1	0.47930262266099893	2767.0	0.120101999880824	0.120101999880824	1.09147334453845e-06	8799.0	49.555029852427616	0.12	0.6075875785513795	0.6146979344652626	25	-0.793048994209861
HEXIM1	HEXIM1	0.517110137063181	2766.0	0.12009011763864201	-0.12009011763864201	7.09944117342127e-05	3739.0	21.05441027374113	0.12	0.42313565038750556	0.4640814412515963	25	-0.6530007576505757
USP34	USP34	0.0815093707228146	2765.0	0.12005665899868902	0.12005665899868902	0.0240816289571375	2501.0	14.081333783936014	0.04	0.38205199108488286	0.4549044808775624	25	-0.5759348239014377
CA5BP1	CA5BP1	0.417848981834034	2764.0	0.12004410696997	-0.12004410696997	0.000211165631881705	2903.0	16.345612256392926	0.0	0.32077399710365984	0.25827098172262825	25	-0.7772065169491823
LMNB2	LMNB2	0.612449523939764	2763.0	0.119781880235964	0.119781880235964	4.07496006665581e-09	10803.0	60.842627013630725	0.36	0.8863155910108066	0.755392216122411	25	-1.0147492844308394
WDR49	WDR49	0.824001929860639	2762.0	0.11973274887310802	0.11973274887310802	0.0012527068044239135	10255.0	57.755998648191955	0.375	1.2124837610397186	1.380350977409299	24	-0.7916472187512279
ZBTB39	ZBTB39	0.369785391725279	2761.0	0.11968259054518599	-0.11968259054518599	0.00196016287272528	2135.0	12.01982651796778	0.12	0.4275176024618241	0.4801187964430903	25	-0.6411642580902923
KIF3B	KIF3B	0.38023297121428706	2760.0	0.11959357816534698	0.11959357816534698	2.59230046739882e-05	4709.0	26.517967781908304	0.04	0.3732521667005554	0.32957460343659056	25	-0.7696545361512109
TFDP1	TFDP1	0.25989452254057	2759.0	0.11954034768118499	0.11954034768118499	0.00831440908896368	393.0	2.2079531373211667	0.12	0.45953285167610985	0.8009246846465057	25	-0.4244999692386597
TCP11L1	TCP11L1	0.398277558897921	2758.0	0.11951325280515	0.11951325280515	3.50257699949848e-06	12700.0	71.52754308888137	0.4166666666666667	2.0828092057993577	2.75151250220421	24	-0.71353335717044
KSR2	KSR2	0.7996653546586651	2757.0	0.11951142348309599	0.11951142348309599	0.01210659015272832	7936.0	44.69415343021291	0.16666666666666666	0.6524156221971109	0.7397854148439776	24	-0.7203496960350396
ANP32D	ANP32D	0.887368849377808	2756.0	0.11939109320534101	-0.11939109320534101	5.0997481872530295e-05	12378.0	69.71386729751042	0.3333333333333333	1.2381162027378732	1.5864995240321778	24	-0.705153132784578
CARD9	CARD9	0.607905817145912	2755.0	0.11936026321975998	-0.11936026321975998	0.000372493859912744	6757.0	38.05339641770868	0.32	0.7083529035892984	0.7404823968477091	25	-0.7954174776833665
PRPSAP2	PRPSAP2	0.290509546409888	2754.0	0.11934387275017802	-0.11934387275017802	7.07311352764785e-06	2242.0	12.622507603920242	0.08	0.3347301306476392	0.44468118289942377	25	-0.4843610797585208
LMNTD2	LMNTD2	0.6963824804074671	2753.0	0.119317328065237	0.119317328065237	0.00036605023557734505	8859.0	49.892981863242085	0.28	0.8189796770805698	0.9286073635498394	25	-0.7534533716604339
NOL9	NOL9	0.278823111866308	2752.0	0.11931390986189801	-0.11931390986189801	0.00113136582567959	4134.0	23.27926101160302	0.04	0.46144799839942563	0.5917651398761693	25	-0.5781585725193638
KIAA1841	KIAA1841	0.489495713215984	2751.0	0.119260476326131	0.119260476326131	7.17481927812883e-08	9009.0	50.737861890278246	0.12	0.546430407574458	0.45263588562906065	25	-0.943738543077861
DDX18	DDX18	0.18335937175323003	2750.0	0.11923755226558098	0.11923755226558098	0.00106602258471249	6511.0	36.667793173369375	0.08	0.4751847949965419	0.4979259487773209	25	-0.7148597971345039
PCDHB8	PCDHB8	0.835049293474033	2749.0	0.119196624124357	0.119196624124357	0.012128234758219562	4880.0	27.481131012729527	0.16666666666666666	0.6198243334579533	0.7824136193288244	24	-0.6398504537319382
GIGYF2	GIGYF2	0.30674628496871503	2748.0	0.11912666098258501	0.11912666098258501	0.00224411652597672	2348.0	13.219556156359129	0.04	0.37698732296489373	0.4723741951378541	25	-0.5458821938972696
CHST13	CHST13	0.7654375351104058	2747.0	0.11903733330627099	-0.11903733330627099	1.7992981568679433e-12	16901.0	95.18981637940745	0.875	2.729222295806585	2.023777573125106	24	-1.2897588139934177
RBP2	RBP2	0.913332498795455	2746.0	0.119036176174051	-0.119036176174051	0.00023056875086813902	17302.0	97.44846231835079	0.6521739130434783	2.616545686983688	2.0556865597375547	23	-1.2149271974266784
ZNF667	ZNF667	0.791149760424617	2745.0	0.118943690031899	-0.118943690031899	0.000129177905058281	8978.0	50.56325335135744	0.375	1.085383748543691	1.6782143544440908	24	-0.5758740270291192
TTC27	TTC27	0.26592224717942203	2744.0	0.118910996561356	0.118910996561356	0.000350451645816359	6005.0	33.81773121550073	0.12	0.6088049842844523	1.060288953966178	25	-0.46203818863770163
COX7A2	COX7A2	0.42919489405618494	2743.0	0.11887868476303899	0.11887868476303899	3.03364393920164e-10	10218.0	57.5475949081897	0.12	0.59443062213146	0.4235635064604934	25	-1.1227405810816158
CHST3	CHST3	0.764530558713149	2742.0	0.11881383386324801	-0.11881383386324801	0.0010447072911179802	10998.0	61.94097104877773	0.12	0.9553919385963138	1.3503258789129255	25	-0.6195379336183275
RAN	RAN	0.33192301819167996	2741.0	0.118813735427747	0.118813735427747	0.00333552276589737	1770.0	9.963951785513123	0.12	0.49401661093429344	0.7540905114776659	25	-0.49755681817468267
NUP153	NUP153	0.40753611347466	2740.0	0.118751302632012	-0.118751302632012	0.00400248649851823	2489.0	14.01374338177312	0.12	0.4238156926475874	0.49668236561766116	25	-0.6142041899075787
KMT2A	KMT2A	0.356757687934375	2739.0	0.118671587534658	0.118671587534658	0.0289452194193215	378.0	2.123465134617551	0.04	0.31628914391134616	0.3680511027236604	25	-0.5369296679571779
ZNF862	ZNF862	0.41679025642981393	2738.0	0.118565552315544	-0.118565552315544	0.0050010619169692395	3241.0	18.249408583981076	0.12	0.6648690171640064	1.321553485321771	25	-0.4133797617093407
LINC00504	LINC00504	0.820375057542375	2737.0	0.11854907890155399	0.11854907890155399	0.000516802425539477	10208.0	57.491269573053955	0.3333333333333333	0.886067936915433	0.8820632489271466	24	-0.8701403883989182
ANKRD17	ANKRD17	0.4391594653443401	2736.0	0.11853536932260002	0.11853536932260002	0.000320496699692652	5764.0	32.4602906387293	0.08	0.4158854698126477	0.37647769908569984	25	-0.7898212861271237
DXO	DXO	0.48294337737194604	2735.0	0.118503450307357	-0.118503450307357	0.0010797503202067198	846.0	4.759490818970373	0.08	0.42737619292373447	0.7287722625855741	25	-0.42382615046371763
PDE12	PDE12	0.344206824447854	2734.0	0.11846004306108301	-0.11846004306108301	0.0209679973479571	388.0	2.179790469753295	0.08	0.40378858742391804	0.5172349202459116	25	-0.5516420744121064
WWOX	WWOX	0.47909860942146293	2733.0	0.11844748337605801	-0.11844748337605801	5.45335299905791e-07	4155.0	23.39754421538808	0.12	0.6141420334848867	1.0595263985211794	25	-0.46784539847302353
AGTRAP	AGTRAP	0.679452687655255	2732.0	0.118398647227106	-0.118398647227106	0.0188488213675361	2985.0	16.807480004506026	0.12	0.4484585339964411	0.5627145567771895	25	-0.5865494019910781
GTSF1	GTSF1	0.771860319672861	2731.0	0.11839439471572699	0.11839439471572699	0.00013155082293565503	14264.0	80.33682550411174	0.4583333333333333	1.8142059239580082	2.0811219018668967	24	-0.8148544915706436
MPI	MPI	0.304737263490521	2730.0	0.118324740634971	0.118324740634971	0.0107181272339402	10.0	0.05069280162216965	0.08	0.24738810745717696	0.3543790236892732	25	-0.36419584172502084
E2F4	E2F4	0.339670295947342	2729.0	0.118276738417335	-0.118276738417335	9.644870419336e-06	3588.0	20.203897713191395	0.08	0.3867924397520684	0.35723646375089885	25	-0.7516469581950893
SUSD3	SUSD3	0.7382929613967181	2728.0	0.11826579714926799	0.11826579714926799	0.0003576741302636735	10986.0	61.87338064661484	0.25	1.071995612114153	1.381573355535426	24	-0.690321517235159
EXOSC8	EXOSC8	0.274807270171353	2727.0	0.11825292714608399	0.11825292714608399	0.000315415882502503	7463.0	42.029965078292214	0.12	0.4795987402753398	0.45874898512683765	25	-0.7876765395553927
WAC	WAC	0.135657320511813	2726.0	0.118223836602908	-0.118223836602908	0.00020508712432241798	2877.0	16.19916638503999	0.12	0.43830845400624524	0.5168387137764671	25	-0.619312386768639
ECHDC1	ECHDC1	0.6413070467684101	2725.0	0.11820108901306599	0.11820108901306599	0.0030833076591600802	5314.0	29.925650557620816	0.08	0.49593608768912256	0.5252112438282425	25	-0.7192058492936332
MBOAT7	MBOAT7	0.553169453879838	2724.0	0.11815388284537401	0.11815388284537401	0.00042728636264485097	5633.0	31.722428748451055	0.12	0.5042434880338993	0.48509304690122934	25	-0.795908347181768
BRF1	BRF1	0.30976902829395103	2723.0	0.11809721753843	-0.11809721753843	5.2755373973999806e-06	7767.0	43.74225526641883	0.12	0.6080889699444029	0.6293990982920595	25	-0.778507236085366
PLCB2	PLCB2	0.6444801053543051	2722.0	0.11805061013163799	-0.11805061013163799	1.9927918170685952e-08	13642.0	76.83338965866847	0.4583333333333333	1.2826338057038282	1.3911521288877313	24	-0.8371357606326707
PIK3C2A	PIK3C2A	0.426169869616836	2721.0	0.11800628288644999	0.11800628288644999	0.00045158499879470996	3611.0	20.333445984003607	0.08	0.4645213114269684	0.6596478086941233	25	-0.5253030844239436
C9	C9	0.71631248004775	2720.0	0.117971841869523	-0.117971841869523	1.3923286696294316e-07	16097.0	90.66125943449363	0.6666666666666666	1.7357178171780685	1.19763244732273	24	-1.3507866949705365
CEP63	CEP63	0.31599942039311896	2719.0	0.11795901780839699	-0.11795901780839699	1.56997753598176e-05	5277.0	29.717246817618566	0.04	0.3987728892294231	0.44549593967811413	25	-0.630339912017882
BTAF1	BTAF1	0.506131245282879	2718.0	0.117916746791934	0.117916746791934	0.0849034761122331	794.0	4.466599076264504	0.0	0.27363902485201913	0.24907601627122722	25	-0.6251998100472024
RNASE2	RNASE2	0.837356871781682	2717.0	0.11789153082566999	0.11789153082566999	0.00017634484942989452	16634.0	93.68592993128308	0.75	2.7095333761646234	2.602505197889114	24	-0.9958258094704396
RNF138	RNF138	0.556966062539564	2716.0	0.11777575414533198	-0.11777575414533198	0.000364640467933823	5811.0	32.7250197138673	0.16	0.6078466409867497	0.7729081856817185	25	-0.6340609349468419
HDHD2	HDHD2	0.348108120949911	2715.0	0.117772786640858	-0.117772786640858	0.00011225892835456699	2401.0	13.518080432578573	0.04	0.33857965767535014	0.3054468315319327	25	-0.7228978933160355
BIVM	BIVM	0.47236715347603203	2714.0	0.117729631611521	0.117729631611521	2.8156174787575502e-05	6163.0	34.70767151064548	0.08	0.6839763231461597	0.9675701054620403	25	-0.5852254925385907
LINC00996	LINC00996	0.747673913817195	2713.0	0.11770955553712402	-0.11770955553712402	0.008047574129914664	13454.0	75.77447335811648	0.4583333333333333	1.5479026539072567	1.8855229075180038	24	-0.7585127142542959
CORO1B	CORO1B	0.5873146110743871	2712.0	0.117698041480892	0.117698041480892	0.00014829066003281798	4373.0	24.625436521347304	0.16	0.5372114102976284	0.6353948701727006	25	-0.6602404087755894
RAB3D	RAB3D	0.475781655173534	2711.0	0.11765192234389199	0.11765192234389199	4.04226184889064e-11	10455.0	58.88250535090683	0.24	0.6057305370900571	0.4063021158226069	25	-1.2012701773851016
NDFIP2	NDFIP2	0.6629715236692271	2710.0	0.117526412592894	-0.117526412592894	1.72628094588327e-07	9421.0	53.0584656978709	0.12	0.7630307075782217	1.0455682174066943	25	-0.6173717642129191
INTS6	INTS6	0.420136051975312	2709.0	0.11749538519087	-0.11749538519087	8.24401855314111e-06	5428.0	30.5677593781683	0.12	0.48613348109415866	0.3628215642448743	25	-1.0160313835549442
EIF3D	EIF3D	0.33013174521711497	2708.0	0.117356692738469	-0.117356692738469	0.000192895556402264	3932.0	22.141489241860988	0.12	0.43253561393278545	0.5225437894264157	25	-0.6031626967383559
TLR3	TLR3	0.558212537439244	2707.0	0.11731505494827699	0.11731505494827699	5.5443790747485704e-05	8879.0	50.00563253351357	0.12	0.6645037124062914	0.7515923359706208	25	-0.7280391660079455
TPP1	TPP1	0.5881015248554039	2706.0	0.11729600836063199	0.11729600836063199	0.00435991200932076	4991.0	28.106342232736285	0.16	0.6412452544047832	1.1223033212652322	25	-0.46685172904369143
NPHP4	NPHP4	0.608719003798712	2705.0	0.117289062669961	-0.117289062669961	7.88080718355379e-06	6471.0	36.4424918328264	0.08	0.5191064950103137	0.5787157658997459	25	-0.6943260509166114
DDX60L	DDX60L	0.39323581725541895	2704.0	0.117275834158346	0.117275834158346	6.2616249461036e-06	11039.0	62.17190492283429	0.24	0.9039044186874812	0.9246633821031633	25	-0.8507188667295708
MLH1	MLH1	0.0484068001827027	2703.0	0.117151826446666	-0.117151826446666	0.0284032059707808	1091.0	6.139461529796103	0.0	0.28485655794375814	0.2531635475529547	25	-0.6624363306570153
KIN	KIN	0.35063764760852395	2702.0	0.11711512578199301	0.11711512578199301	3.07035196325058e-05	8101.0	45.623521459952684	0.08	0.6002122154916654	0.6987661822426571	25	-0.691357283718561
NAB1	NAB1	0.512535289403988	2701.0	0.117051286245245	-0.117051286245245	0.011745740512773	1807.0	10.172355525515377	0.08	0.31184190679290597	0.34527451760432537	25	-0.5641615891587035
SPARC	SPARC	0.7846120167709809	2700.0	0.11700890237308802	0.11700890237308802	0.007064815308308575	10404.0	58.59524614171454	0.25	0.9704237452858554	1.217158703951667	24	-0.7011533008325398
FRA10AC1	FRA10AC1	0.514031884192222	2699.0	0.116980362392988	0.116980362392988	0.0010752826770784	5671.0	31.93646502196688	0.04	0.40352478784274615	0.34377743168819336	25	-0.8335172673861104
PHKA2	PHKA2	0.353519712423885	2698.0	0.11694399021988601	0.11694399021988601	0.0775332863815841	28.0	0.15207840486650895	0.08	0.24075873800036526	0.35879908305957575	25	-0.3450810038996694
CCDC60	CCDC60	0.847221040845144	2697.0	0.11687713460219501	0.11687713460219501	0.00971424347459713	13097.0	73.76365889377041	0.375	1.0820290436092628	0.9250239697150331	24	-1.0433804318653457
ATF2	ATF2	0.277258485751456	2696.0	0.116875890367388	0.116875890367388	5.665486183169929e-05	6184.0	34.825954714430544	0.04	0.45146169045138074	0.26161468597277515	25	-1.2789259090707596
ZNF672	ZNF672	0.450598915405006	2695.0	0.11684232082132598	-0.11684232082132598	1.7911592150032101e-06	6091.0	34.30212909766813	0.12	0.5118066159641299	0.49353198183919056	25	-0.8002810550816476
ZDHHC1	ZDHHC1	0.5444588414538379	2694.0	0.116771553283176	-0.116771553283176	5.0713698804784004e-05	8858.0	49.88734932972851	0.28	0.8304113914882082	1.0967030021040671	25	-0.6507138549232441
NUDC	NUDC	0.419745066314166	2693.0	0.11661608107862899	0.11661608107862899	0.00152727031235072	2409.0	13.563140700687168	0.12	0.40819795038327433	0.5359127555396437	25	-0.5440845852064736
SPRR2C	SPRR2C	0.956008057436877	2692.0	0.116555246025178	0.116555246025178	0.0223938071553059	15056.0	84.79779204686267	0.45454545454545453	2.2218037291528145	2.223206480858007	22	-0.9469424011012928
DPF2	DPF2	0.19614822118595002	2691.0	0.11638686511089301	0.11638686511089301	0.0030261073742136	180.0	1.0082234989298184	0.0	0.22936044489952195	0.200097044544717	25	-0.5645939451313685
BLVRB	BLVRB	0.587508531105979	2690.0	0.116207107929614	-0.116207107929614	0.0126443784800737	3595.0	20.243325447786415	0.04	0.390679706506726	0.3940624808230718	25	-0.6965205060979813
PPTC7	PPTC7	0.4964028666169771	2689.0	0.11614623082998	0.11614623082998	0.004443601527467721	948.0	5.334009237354962	0.12	0.45298616134423925	0.6468501966440725	25	-0.5207387000294976
MKNK1.AS1	MKNK1.AS1	0.510811786896381	2688.0	0.11613530498588599	-0.11613530498588599	0.125194698214806	1121.0	6.308437535203335	0.0	0.24371249195735714	0.21319138070900406	25	-0.5984162518540458
ACAP1	ACAP1	0.798461579221908	2687.0	0.11612030786635302	-0.11612030786635302	2.878927080608022e-08	14245.0	80.22980736735383	0.5833333333333334	1.629532821041468	2.0159803731564985	24	-0.7507079599220038
ZNF14	ZNF14	0.30449115007931205	2686.0	0.11609371388416599	0.11609371388416599	0.00132177896895222	7264.0	40.90909090909091	0.08	0.5142781423281665	0.5169976411362871	25	-0.7701861609442703
CDK2	CDK2	0.435012083651011	2685.0	0.11609143880491801	-0.11609143880491801	0.0018578329698183899	852.0	4.793286020051819	0.12	0.3218663809770279	0.3803710890062392	25	-0.540984707091486
BBS1	BBS1	0.3542544007635321	2684.0	0.11606477076349002	0.11606477076349002	0.000467746536995083	637.0	3.5822913146333217	0.08	0.35021768692810956	0.42556747091376806	25	-0.5502133790015766
PIK3AP1	PIK3AP1	0.675988873225285	2683.0	0.11601882824813699	-0.11601882824813699	0.00898563317335692	8447.0	47.57237805564943	0.32	0.8345174302676864	0.8259202861177432	25	-0.8699369831401869
SMAD3	SMAD3	0.472756736617224	2682.0	0.11597515574372301	-0.11597515574372301	4.65015734653911e-05	3828.0	21.55570575644925	0.16	0.609520671841598	0.8850091863821057	25	-0.5576727605681429
ZNF532	ZNF532	0.47542011254927397	2681.0	0.11596957466814099	0.11596957466814099	0.0102231439674187	2452.0	13.805339641770868	0.08	0.3480678002111167	0.361466494520343	25	-0.6421016306116124
NUDT9	NUDT9	0.65443885059266	2680.0	0.11595166017102901	-0.11595166017102901	3.9113989417397496e-08	7298.0	41.10059704855244	0.08	0.42394238542934415	0.32084812562747406	25	-0.9599268334698418
WASF1	WASF1	0.7100200469037679	2679.0	0.11593954700391801	0.11593954700391801	0.000285700962073344	6953.0	39.15737298636927	0.08	0.6835209041451964	1.2051632531915768	25	-0.47095806782871913
NFYB	NFYB	0.449418426077459	2678.0	0.115814494260397	-0.115814494260397	0.0019210183811256898	5074.0	28.573842514362962	0.04	0.3663138548076443	0.20785263365796194	25	-1.2051777075842298
EIF4E	EIF4E	0.396181093393902	2677.0	0.11577163613934	0.11577163613934	9.484372176270279e-07	9295.0	52.348766475160524	0.16	0.6893085073815962	0.5415697658919298	25	-1.0590267540095755
PDE6G	PDE6G	0.8590514292916569	2676.0	0.11568739741997801	0.11568739741997801	8.887420200950249e-07	16587.0	93.42120085614509	0.6666666666666666	2.4071022882072826	2.2500618570124424	24	-1.0183786208570147
TRERF1	TRERF1	0.682299639325321	2675.0	0.11561025576217099	-0.11561025576217099	0.0482237667964631	1537.0	8.651571476850286	0.12	0.5210137945455038	0.9472356150797799	25	-0.4279859544229533
SMPD1	SMPD1	0.45388389034785204	2674.0	0.115573359896271	-0.115573359896271	0.00832504689838167	1104.0	6.212684465472569	0.08	0.36067479902250427	0.47847169463349104	25	-0.5122590152673102
GATAD2B	GATAD2B	0.208039779078607	2673.0	0.11554057872562802	-0.11554057872562802	0.0102288854144374	1209.0	6.804100484397882	0.04	0.3352918060778146	0.31703739719830454	25	-0.6931397661416386
UBP1	UBP1	0.379204404438423	2672.0	0.11551816334809101	-0.11551816334809101	0.0017511767854368802	1718.0	9.671060042807254	0.08	0.35582719792054435	0.33345474716175416	25	-0.7206646077702497
STAMBPL1	STAMBPL1	0.571285039983777	2671.0	0.11541986554952499	0.11541986554952499	0.0190597703473849	3455.0	19.454770755886	0.08	0.9357946823841746	1.8643803674364492	25	-0.44002545358417244
HDAC6	HDAC6	0.41208843812514295	2670.0	0.11527710241124	0.11527710241124	2.61633213599053e-06	3315.0	18.66621606398558	0.12	0.5145528056167279	0.7435321829793531	25	-0.5369985487455023
HCFC1	HCFC1	0.31977120028454403	2669.0	0.11523277285160001	-0.11523277285160001	2.6004275365903702e-14	11091.0	62.464796665540156	0.16	0.7976341206821544	0.5260300544658871	25	-1.2972668425256448
QSOX1	QSOX1	0.582057465090286	2668.0	0.115115548941375	0.115115548941375	0.0140067745851104	6449.0	36.31857609552777	0.12	0.5859853918342526	0.7749735084284115	25	-0.6075947600425291
EEF1A1	EEF1A1	0.414276150031469	2667.0	0.11506435441464599	-0.11506435441464599	5.3883099890171505e-05	2265.0	12.752055874732454	0.12	0.3563434499957942	0.319716723592062	25	-0.7546652326169989
EMC4	EMC4	0.183940615171703	2666.0	0.11488909139631098	-0.11488909139631098	4.76618750719043e-06	4863.0	27.385377942998762	0.12	0.524175362340187	0.6699058584873382	25	-0.6109608772015418
ZDHHC24	ZDHHC24	0.363865029991146	2665.0	0.11480869529353399	0.11480869529353399	0.0205583063577956	711.0	3.999098794637828	0.08	0.3641783637464106	0.48518291462344676	25	-0.5139704242191089
PLCD4	PLCD4	0.593309926965682	2664.0	0.114781405682439	-0.114781405682439	0.0253316195553378	430.0	2.41635687732342	0.04	0.37852066418765007	0.6107268163269887	25	-0.4318448960394146
MIEF2	MIEF2	0.609617409841087	2663.0	0.11475005530407302	0.11475005530407302	0.0248014549796714	1580.0	8.893770417933986	0.12	0.34831694158834126	0.44121364813796615	25	-0.5293736657285647
MIEF1	MIEF1	0.275437121009828	2662.0	0.11469716717320401	-0.11469716717320401	0.000374839377124704	3147.0	17.71995043370508	0.08	0.38101748118870016	0.44459110046003	25	-0.5990230432861288
PYM1	PYM1	0.316597728021432	2661.0	0.114674892701113	0.114674892701113	0.000283449193568798	4992.0	28.11197476624986	0.08	0.41565462311829576	0.47108341445015073	25	-0.6389096308314881
AADAC	AADAC	0.887613638429351	2660.0	0.114590652891144	-0.114590652891144	0.01038393076625518	13111.0	73.84251436296046	0.4166666666666667	1.5727338188696913	1.5333839272366248	24	-0.9509315573734545
EMSY	EMSY	0.12304702316678301	2659.0	0.114473868095464	0.114473868095464	0.0014055642057219698	2518.0	14.17708685366678	0.04	0.3152278475335508	0.33052686737908726	25	-0.6073756757808085
ZNF621	ZNF621	0.42895902879710707	2658.0	0.11445923573215801	-0.11445923573215801	0.0166308264437808	89.0	0.4956629491945477	0.08	0.335479370973739	0.4344612035666543	25	-0.5087223748107866
SHKBP1	SHKBP1	0.45047203312969797	2657.0	0.114427155472769	-0.114427155472769	0.00015600425359545	8096.0	45.59535879238481	0.12	0.6026118222131409	0.7038547541254039	25	-0.6935872264541008
TRIM26	TRIM26	0.14250031498955099	2656.0	0.114387481087262	0.114387481087262	2.8801000450936103e-05	5709.0	32.150501295482705	0.12	0.49786013242564736	0.45930519486762356	25	-0.8348972657470293
PCDHB14	PCDHB14	0.7446653299291229	2655.0	0.11437684836695	0.11437684836695	0.170508390481022	478.0	2.6867184859749913	0.08	0.5857522098333913	1.2984360046808803	25	-0.3630331874402176
FAN1	FAN1	0.165681522984711	2654.0	0.114289791533175	0.114289791533175	0.007115242382818759	2421.0	13.630731102850062	0.12	0.43150059098168275	0.5521147476130345	25	-0.5745378126918538
SPATA1	SPATA1	0.42718373275664	2653.0	0.114271029446941	-0.114271029446941	3.24511898121545e-06	8220.0	46.29379294806804	0.12	0.5460682050540286	0.4671648607839685	25	-0.9242929249483172
SERGEF	SERGEF	0.45163134941386496	2652.0	0.11416018388991499	0.11416018388991499	0.0006574593029158861	1364.0	7.677143179001915	0.08	0.5402679701376701	0.7922337104692154	25	-0.5378561662004824
PRKAR2A	PRKAR2A	0.30532473755283	2651.0	0.114149138644765	-0.114149138644765	0.000552977477008521	4081.0	22.980736735383577	0.08	0.4145681778729351	0.42193702417637763	25	-0.7119997108919014
FAM126B	FAM126B	0.495371842389001	2650.0	0.113959077596435	0.113959077596435	3.9021174118249e-05	6266.0	35.28782246254365	0.2	0.5455357728498913	0.5113774504272997	25	-0.8439494054593862
GCNA	GCNA	0.6196232532041179	2649.0	0.11393416181654699	-0.11393416181654699	0.005088773800190425	9410.0	52.99650782922158	0.20833333333333334	1.0477992708963482	1.603084122208135	24	-0.5825427974381457
ECHDC2	ECHDC2	0.538272909819997	2648.0	0.11389155718346002	0.11389155718346002	0.0108160130268234	4208.0	23.696068491607527	0.12	0.6004104911628566	1.0797611404352192	25	-0.4505801475530926
SRSF8	SRSF8	0.34293871743306303	2647.0	0.113875802924514	0.113875802924514	2.10439007067261e-05	4905.0	27.621944350568885	0.08	0.4606101157140634	0.4977187480543485	25	-0.6966470805951792
ZNF644	ZNF644	0.531598306311971	2646.0	0.11381495008846199	0.11381495008846199	0.000123302189292156	7559.0	42.57068829559535	0.08	0.45794816710880676	0.29889677238837054	25	-1.1513447076410595
IRF9	IRF9	0.49456379309600107	2645.0	0.113693146340032	0.113693146340032	0.007729054885413659	4469.0	25.166159738650446	0.12	0.5445749925289846	0.6630373468092408	25	-0.6498605972386039
SPATA5	SPATA5	0.273714866181442	2644.0	0.11369099007185199	-0.11369099007185199	0.000288314414345899	4189.0	23.58905035484961	0.08	0.4872692679946135	0.4008901811237992	25	-0.931871857962509
CDIP1	CDIP1	0.6510745302630361	2643.0	0.11365859774049901	0.11365859774049901	3.840544298417521e-11	11041.0	62.18316998986143	0.2	0.7240429881723455	0.5427362680520768	25	-1.1246427157384637
MRRF	MRRF	0.253250137051179	2642.0	0.11356118770856401	-0.11356118770856401	6.214039398287429e-05	4194.0	23.617213022417484	0.08	0.4474043988823467	0.4599285012346441	25	-0.725858933024601
TTLL13P	TTLL13P	0.682299639325321	2641.0	0.11354584651545901	0.11354584651545901	0.00258298452860356	5211.0	29.345499605722654	0.08	0.6842992699064319	1.0099314097591108	25	-0.5651407787456666
DHX16	DHX16	0.406158827221039	2640.0	0.11347158974842901	0.11347158974842901	0.00180221963944712	410.0	2.3037062070519316	0.04	0.32949790951394375	0.5838350654703239	25	-0.3700125815353159
CFAP53	CFAP53	0.8194021813991709	2639.0	0.11346680774830999	-0.11346680774830999	0.000997430926511809	14121.0	79.5313732116706	0.4583333333333333	1.1032772813231853	0.9507836112288168	24	-1.0410470499124602
CTBP1.AS	CTBP1.AS	0.32433191004740597	2638.0	0.113407265970352	-0.113407265970352	3.1179743431192104e-09	10776.0	60.69054860876422	0.36	0.9112092306170324	0.810648003550693	25	-0.9841533700844928
PFKM	PFKM	0.497834838637539	2637.0	0.11338632997697301	-0.11338632997697301	0.000128426511162114	1002.0	5.638166047087981	0.08	0.4119125559867322	0.610670223513502	25	-0.48885014286791856
VPS9D1	VPS9D1	0.687507556225725	2636.0	0.11334977724648099	-0.11334977724648099	0.0249333795170414	1763.0	9.924524050918102	0.04	0.40672203882663366	0.6840144503327337	25	-0.42889775418844434
TBR1	TBR1	0.90700004760102	2635.0	0.11334874017842698	0.11334874017842698	9.885558191007011e-05	16460.0	92.70586909992114	0.5416666666666666	2.3303245723362678	2.0515460422299894	24	-1.0806366450094549
ENOSF1	ENOSF1	0.498727607702401	2634.0	0.11332294157768902	0.11332294157768902	0.00457326306760708	1774.0	9.98648191956742	0.04	0.3501034705947994	0.3029836810268805	25	-0.7814959809538501
FLG2	FLG2	0.8815635417346129	2633.0	0.11328561650924601	0.11328561650924601	5.15780947103409e-07	17679.0	99.57192745296834	0.7391304347826086	3.8811499387626345	2.587668472961506	23	-1.456084642072091
ZNF200	ZNF200	0.27728451905737	2632.0	0.113261627024793	0.113261627024793	7.86114326553311e-06	4382.0	24.676129322969473	0.08	0.4895982363858803	0.5658990727594843	25	-0.6650242551661435
MRPL43	MRPL43	0.40949240123326897	2631.0	0.11324694321844699	-0.11324694321844699	2.8721304932902803e-05	3015.0	16.97645600991326	0.12	0.4768776025522153	0.6988217253942747	25	-0.5203482463694273
C3orf35	C3orf35	0.637165571485068	2630.0	0.113162370161354	-0.113162370161354	0.00020441885201764575	10744.0	60.51030753632983	0.041666666666666664	0.6025023921440832	0.3391209810630316	24	-1.4429659304735754
FMO6P	FMO6P	0.870492421030213	2629.0	0.113116510714899	-0.113116510714899	0.0001377901904169105	15574.0	87.71544440689422	0.625	1.7111861506344557	1.2060878426307593	24	-1.325002693364186
KLK3	KLK3	0.9373470359482959	2628.0	0.11305572938005601	-0.11305572938005601	0.0003888627235867705	17509.0	98.61439675566069	0.8636363636363636	3.9123968791529418	3.078328120587663	22	-1.2342222794130142
RASGRP1	RASGRP1	0.7850828927958149	2627.0	0.11305150589197999	0.11305150589197999	0.016552907782204397	4644.0	26.151853103525966	0.125	0.6908849549841758	1.065891919514863	24	-0.5421126087110171
LINC01500	LINC01500	0.9056467753343042	2626.0	0.113024042777917	0.113024042777917	0.010149974701494511	11383.0	64.10949645150389	0.375	1.0147085991432363	0.9915019003102833	24	-0.9094128373159382
MUTYH	MUTYH	0.5182070762454289	2625.0	0.11283026734950499	0.11283026734950499	0.0147054455904387	78.0	0.4337050805452292	0.04	0.31848837996867363	0.4006610185990295	25	-0.5132970343316219
CD70	CD70	0.8557181153404599	2624.0	0.112829337015715	0.112829337015715	0.000245135047099035	11719.0	66.00202771206489	0.4583333333333333	1.6586980978505146	2.0674231362729643	24	-0.7477273199242638
PYGO1	PYGO1	0.7585172605832892	2623.0	0.112824583118186	-0.112824583118186	0.00305319587736133	7768.0	43.74788779993241	0.08	0.621915052891398	0.8688450605663176	25	-0.5859393036560331
BTG3	BTG3	0.6886170687491401	2622.0	0.11266804839327901	0.11266804839327901	6.23271063496424e-07	8520.0	47.98355300214036	0.16	0.6741842503288683	0.8883090662119424	25	-0.6321180581102126
ZNF471	ZNF471	0.757465780967723	2621.0	0.11266515205787898	-0.11266515205787898	0.00674521405955852	3208.0	18.06353497803312	0.16666666666666666	0.9478541506411337	1.704654992642757	24	-0.48994606075006786
XRN2	XRN2	0.341031017267643	2620.0	0.11265547411075401	0.11265547411075401	0.000625739366848946	3440.0	19.370282753182384	0.08	0.4000033537228327	0.41061100960024594	25	-0.6998055894600314
SLC2A8	SLC2A8	0.541436377479309	2619.0	0.11247771741094699	-0.11247771741094699	3.0152157093980103e-05	4079.0	22.969471668356427	0.04	0.37275535296134554	0.29815749350123816	25	-0.8729535269899823
IKZF3	IKZF3	0.832458923178624	2618.0	0.11245116293444699	-0.11245116293444699	0.002205715502901785	12465.0	70.2038977131914	0.3333333333333333	1.2798995998010685	1.582268929939047	24	-0.7378318658583497
GOLIM4	GOLIM4	0.648286374446392	2617.0	0.112427253631306	-0.112427253631306	0.00315633114802581	2784.0	15.67534076827757	0.12	0.46604371767336367	0.6190510867219435	25	-0.5712233959794178
ZNF649	ZNF649	0.466353132226117	2616.0	0.11234627946798001	-0.11234627946798001	2.37752892037281e-05	8688.0	48.92981863242086	0.12	0.8778048050227675	1.0002225634872342	25	-0.7652882003441797
NRIP2	NRIP2	0.461503573163757	2615.0	0.112311908299282	0.112311908299282	4.147754040476506e-07	7913.0	44.56460515940069	0.125	0.6017657657802389	0.5855397485134786	24	-0.8359020181354778
EIF4G2	EIF4G2	0.16761811306116597	2614.0	0.112281893093254	0.112281893093254	0.00816910637225525	839.0	4.720063084375353	0.08	0.39145570187350714	0.45414825920556395	25	-0.6147195395367331
KNDC1	KNDC1	0.792964042649277	2613.0	0.112239539134304	-0.112239539134304	2.386912174583539e-08	15243.0	85.85107581390109	0.5833333333333334	1.4665452764126286	1.414632474893311	24	-0.9573551868166067
PSMB1	PSMB1	0.28673972068806297	2612.0	0.112230084557248	0.112230084557248	1.1319599465559301e-05	6323.0	35.60887687281739	0.12	0.5407334513635661	0.628373691091715	25	-0.681924423127663
ANKRD23	ANKRD23	0.37267309182375297	2611.0	0.11221686179634402	0.11221686179634402	0.000759032637934026	1944.0	10.944012616875069	0.08	0.3557602676681128	0.38786863562057444	25	-0.6279017778328712
FASTKD5	FASTKD5	0.42050955245633603	2610.0	0.11212915799515301	0.11212915799515301	0.0018705025309126199	2294.0	12.915399346626112	0.12	0.40529226177145966	0.5238366118026854	25	-0.5596460750756631
MGAT5	MGAT5	0.607905817145912	2609.0	0.11212843774607001	0.11212843774607001	0.028947379349706	855.0	4.810183620592543	0.08	0.2958310635205146	0.3572668442630336	25	-0.5141888443451406
CD9	CD9	0.63520998499972	2608.0	0.112123806216643	-0.112123806216643	9.06892540519235e-05	8677.0	48.86786076377154	0.12	0.5091952907281653	0.38262629227748646	25	-1.0377527434093838
CD82	CD82	0.43761720781075103	2607.0	0.112096144870569	-0.112096144870569	0.0010935685020547425	5980.0	33.67691787766137	0.16666666666666666	0.714088810755145	0.8990908941219119	24	-0.6695570712819933
TMA7	TMA7	0.371079233859034	2606.0	0.11202007547510101	-0.11202007547510101	9.732108176474981e-06	7798.0	43.91686380533964	0.16	0.5291911647606895	0.3896466735952402	25	-1.0706394217006465
ELOVL1	ELOVL1	0.53820924536326	2605.0	0.11195136543118199	0.11195136543118199	0.000504906757103153	1501.0	8.448800270361607	0.12	0.34123246517807293	0.38032833876279376	25	-0.602850422592072
DDX39A	DDX39A	0.615285410163104	2604.0	0.111893532518181	-0.111893532518181	0.0023574528647082697	1478.0	8.319251999549396	0.08	0.46977156003652604	0.8073433488956645	25	-0.4432785976473
MAN2B1	MAN2B1	0.689339571519371	2603.0	0.11188853898046701	-0.11188853898046701	0.000148841149317819	6915.0	38.94333671285344	0.24	0.6922041608630621	0.8840189344153295	25	-0.6564515750631551
SLC3A2	SLC3A2	0.39939837036159703	2602.0	0.111717239416377	-0.111717239416377	0.00227513622625334	668.0	3.7568998535541285	0.12	0.4950653936915315	0.6141694009772989	25	-0.6241733203659293
DPM3	DPM3	0.485314925165395	2601.0	0.111655812168197	0.111655812168197	0.21217864354791197	149.0	0.833614960009012	0.04	0.33001241503754497	0.5261713103699881	25	-0.41499146488204774
CALCR	CALCR	0.85138611386485	2600.0	0.11153515397610302	0.11153515397610302	4.0577144574455706e-07	16586.0	93.41556832263151	0.6956521739130435	2.171987311093788	1.8637312022489996	23	-1.1055522140914413
BAX	BAX	0.600690167181234	2599.0	0.11151558104262	0.11151558104262	1.3720800074438e-09	8912.0	50.191506139461524	0.32	0.7647562113679696	0.9247145779356436	25	-0.7064240641514061
FBXO9	FBXO9	0.39893186285913507	2598.0	0.111512268171562	-0.111512268171562	0.00192714652867576	1943.0	10.938380083361496	0.12	0.5419379540070125	0.9980027951513124	25	-0.43128705443173776
PDE7B	PDE7B	0.8051570260343249	2597.0	0.111498761897703	0.111498761897703	2.8888352827841998e-05	9852.0	55.48608764222147	0.3333333333333333	0.9574175829735062	1.1387380436583048	24	-0.7428563801716926
C1RL	C1RL	0.5330217810216811	2596.0	0.11146536233399902	-0.11146536233399902	2.83495266003448e-05	8202.0	46.1924073448237	0.12	0.7611983349385159	1.3176238858544551	25	-0.49310958884384276
USP15	USP15	0.302168034422325	2595.0	0.111454881697666	-0.111454881697666	5.89117272760043e-05	5411.0	30.472006308437535	0.04	0.4782375251778472	0.6163146630432057	25	-0.5951223708829211
TCEAL4	TCEAL4	0.596021031447897	2594.0	0.111451550205705	-0.111451550205705	0.000694277423501717	7857.0	44.24918328264053	0.08	0.583297031735137	0.784064370515487	25	-0.6017943159682346
WDR11	WDR11	0.203539724958582	2593.0	0.111424136986548	0.111424136986548	0.000167489709647379	3965.0	22.327362847808946	0.04	0.4011410792007845	0.41084312482515595	25	-0.7051765618264452
ST7.AS2	ST7.AS2	0.660980429652491	2592.0	0.11133312725953501	-0.11133312725953501	8.99581661984895e-06	8114.0	45.69674439562915	0.2	0.6162789397764576	0.412185595005696	25	-1.2250447823387538
CCDC80	CCDC80	0.8297605331810629	2591.0	0.111319568876181	0.111319568876181	4.352979516121325e-05	11981.0	67.47775149262138	0.3333333333333333	1.2187554981563	1.6409280070544567	24	-0.6748839220972398
ARPC1A	ARPC1A	0.29379599149945596	2590.0	0.11130004861361999	-0.11130004861361999	0.000155303777521968	2456.0	13.827869775825166	0.04	0.35204486531413925	0.33953137357869545	25	-0.7090502835217973
CHD1	CHD1	0.661955799411382	2589.0	0.11127057603389802	-0.11127057603389802	0.0110574903617503	5393.0	30.370620705193197	0.08	0.44631622831008927	0.4026377499872637	25	-0.8321267747169496
ENPP7	ENPP7	0.8967288406104991	2588.0	0.111270029377282	0.111270029377282	6.740269536124195e-06	17001.0	95.75306973076489	0.7083333333333334	2.115146119311714	1.0980216768193984	24	-1.8249877322449506
PGRMC2	PGRMC2	0.405941518587391	2587.0	0.11118742618032901	0.11118742618032901	4.2080239545663105e-09	3747.0	21.099470541849726	0.16	0.5700548206722312	0.7071656264131135	25	-0.6488824928035177
MDN1	MDN1	0.587812642332812	2586.0	0.111150264985431	0.111150264985431	0.0439774988991919	2578.0	14.515038864481243	0.0	0.26571342704453244	0.1865311853665585	25	-0.8286183447307448
NUP93	NUP93	0.238084210529785	2585.0	0.11113712953393999	0.11113712953393999	0.0185739418164148	604.0	3.3964177086853664	0.04	0.35901911586427765	0.7043601214856177	25	-0.35192507180490507
DCAF11	DCAF11	0.38687768847694604	2584.0	0.111124342005032	-0.111124342005032	0.000511240319950839	998.0	5.615635913033683	0.12	0.3869879890464126	0.5524192159608008	25	-0.49937373478506153
ASAP1	ASAP1	0.43984110562007794	2583.0	0.11108157088014	-0.11108157088014	0.012757396115458999	2303.0	12.966092148248281	0.12	0.3761686734659388	0.4628274341123943	25	-0.572755811448775
CAB39	CAB39	0.204620905320251	2582.0	0.111042786057812	0.111042786057812	4.1578646284229e-07	7292.0	41.06680184747099	0.04	0.4992154781006779	0.4784356652751797	25	-0.8113372815122434
COPS2	COPS2	0.2983492605595	2581.0	0.11102149552068499	0.11102149552068499	0.000245372868956927	6659.0	37.50140813337839	0.12	0.5518663084039568	0.6475519371894158	25	-0.6807868026720457
NPHP3	NPHP3	0.540511480990566	2580.0	0.11101762031682699	-0.11101762031682699	0.00116449922149076	4095.0	23.05959220457362	0.08	0.4964727525878561	0.49460248723607264	25	-0.7793230770532948
HP1BP3	HP1BP3	0.550082151828667	2579.0	0.11101662592168302	0.11101662592168302	0.0018885564201284602	3951.0	22.248507378618903	0.04	0.3914752710773007	0.3892092570983612	25	-0.7205857518562053
NPRL2	NPRL2	0.559446292158315	2578.0	0.11092361323218301	-0.11092361323218301	0.00930463599413261	803.0	4.517291877886674	0.08	0.34554097014572993	0.4760456035888031	25	-0.4928463893896262
FAM160B1	FAM160B1	0.41725954613769606	2577.0	0.110863840805608	-0.110863840805608	0.000881824116599222	1813.0	10.206150726596823	0.08	0.41872063630377704	0.5133485963171351	25	-0.599703199164846
NEK10	NEK10	0.845239933964731	2576.0	0.110786720127623	-0.110786720127623	1.84831731525297e-08	12648.0	71.23465134617551	0.24	0.9670012531754683	0.8972537316691546	25	-0.9542613229983848
RDH12	RDH12	0.792543727264438	2575.0	0.11072088346916499	0.11072088346916499	0.0009240639432390604	13367.0	75.2844429424355	0.375	1.294340090761721	1.2705490977235112	24	-0.9315808491094829
ERP44	ERP44	0.250804464406295	2574.0	0.110693714362236	0.110693714362236	8.45090334958884e-06	9055.0	50.99695843190266	0.12	0.592564149600324	0.6639401420864995	25	-0.7257739134792499
HES2	HES2	0.852699034749672	2573.0	0.11067976132464201	0.11067976132464201	0.1216780836634025	8311.0	46.80635349780331	0.16666666666666666	0.6814791016076572	0.7884041496161635	24	-0.7239933231717646
SIRT1	SIRT1	0.484304537071945	2572.0	0.11067659713806899	-0.11067659713806899	0.0014316307997828698	4296.0	24.191731440802073	0.08	0.40671309711572007	0.3437304376360664	25	-0.8612461032359533
RPL32P3	RPL32P3	0.5513733359568871	2571.0	0.110670787776749	0.110670787776749	0.00267997747174105	443.0	2.489579812999887	0.04	0.26307690592516253	0.377260605285375	25	-0.40398100414732535
IDH3A	IDH3A	0.26153552106504	2570.0	0.11066469615788599	-0.11066469615788599	1.25536959851989e-06	6269.0	35.304720063084375	0.12	0.5758050625924293	0.5648231758838506	25	-0.823515015485473
IK	IK	0.41791123809529995	2569.0	0.11065014321338199	0.11065014321338199	1.18964553865105e-07	6383.0	35.94682888363185	0.16	0.4939812025159221	0.41560099490012736	25	-0.9223535650935051
ADH5	ADH5	0.46458031431751295	2568.0	0.11062361386745699	-0.11062361386745699	9.314238097865541e-05	4272.0	24.056550636476288	0.04	0.3704400334839604	0.28418927323744864	25	-0.9142372499028807
UCP3	UCP3	0.642725866877859	2567.0	0.11053489996791302	-0.11053489996791302	1.5168729018945125e-07	11311.0	63.703954038526525	0.16666666666666666	0.7587138487016873	0.7785669579083084	24	-0.832528200882255
IMP4	IMP4	0.314136241027545	2566.0	0.110487003571085	0.110487003571085	4.951083070215e-05	1087.0	6.116931395741805	0.12	0.4854347401325051	0.7404584920793338	25	-0.506372390312525
SPATA31E1	SPATA31E1	0.945508347280495	2565.0	0.110434723994627	0.110434723994627	6.752982228774167e-06	16713.0	94.13090007885546	0.7083333333333334	2.044367565554267	1.2611647070949399	24	-1.5334498584363367
PRDM2	PRDM2	0.376428773609894	2564.0	0.110358286499613	0.110358286499613	0.004969310976444329	1884.0	10.606060606060606	0.04	0.32780217891121244	0.33067720331808936	25	-0.6575714631360087
LRRC47	LRRC47	0.573511696809996	2563.0	0.11035347304035699	0.11035347304035699	1.2250334953913e-07	3112.0	17.522811760729976	0.08	0.4011228070094247	0.5497919265394796	25	-0.5288715965678846
CC2D1B	CC2D1B	0.49868829310089496	2562.0	0.11019953089323402	-0.11019953089323402	0.0009929172439156859	1973.0	11.107356088768727	0.12	0.39134163109393205	0.42902231706068966	25	-0.6553088010126232
SH3BP1	SH3BP1	0.618701693142955	2561.0	0.11013857790289301	-0.11013857790289301	1.84813065423408e-08	8671.0	48.83406556269009	0.08	0.6099918678795073	0.6074204643584507	25	-0.8229115074424643
RPA1	RPA1	0.323463002962515	2560.0	0.11010720333024901	0.11010720333024901	0.0203168729638116	722.0	4.061056663287147	0.04	0.23395318837432588	0.2483581839350482	25	-0.4986587640553277
LRPAP1	LRPAP1	0.527025934348457	2559.0	0.11001865774190898	0.11001865774190898	0.00844888849409817	300.0	1.6841275205587471	0.08	0.3559774662580814	0.4064922422360494	25	-0.6050762670480302
INPP5B	INPP5B	0.47065984590735704	2558.0	0.10992884635378698	-0.10992884635378698	0.0015929305343055401	1678.0	9.445758702264278	0.08	0.3225855456533821	0.3506073565616075	25	-0.6065380412582069
RTN3	RTN3	0.288201970018338	2557.0	0.10992436858407302	0.10992436858407302	2.56487103545249e-05	5500.0	30.97330179114566	0.04	0.38920001220717027	0.39333449328987885	25	-0.7100207288895898
CLIP4	CLIP4	0.36199685731627396	2556.0	0.109903237611135	-0.109903237611135	5.603574980863825e-11	10443.0	58.81491494874394	0.20833333333333334	0.7714672817023702	0.6403782975135794	24	-1.0330831738987947
NDUFB5	NDUFB5	0.348108120949911	2555.0	0.10984625479543902	-0.10984625479543902	9.630853438410179e-10	11479.0	64.65021966880703	0.2	0.6470395942919395	0.39134420113923984	25	-1.3726876185533863
STMN4	STMN4	0.9392152887972081	2554.0	0.109841582738343	-0.109841582738343	1.56825361688739e-06	16660.0	93.83237580263602	0.782608695652174	2.754609019927393	2.211645024760907	23	-1.1958372196166362
SMIM7	SMIM7	0.43708327323959606	2553.0	0.109806220700234	0.109806220700234	2.59722170460329e-06	2863.0	16.12031091584995	0.12	0.43640873111719225	0.457589179896895	25	-0.7137461390379665
PPFIA2	PPFIA2	0.56326001176565	2552.0	0.109740357760259	0.109740357760259	0.0010933558763490169	13052.0	73.51019488565956	0.4166666666666667	1.2669976818723734	1.3442521849122158	24	-0.8608930207449782
OXCT2	OXCT2	0.8264524309036501	2551.0	0.109718922682356	-0.109718922682356	1.6105854366125499e-09	13827.0	77.87540835867973	0.4	1.284033735961721	1.1929696662821796	25	-0.9843626761601145
TTC25	TTC25	0.8227422095049891	2550.0	0.10970757130281301	0.10970757130281301	5.960857153000499e-07	12205.0	68.73943899966204	0.28	1.0708464702442086	0.950295975653782	25	-1.011410048622119
SRRM2	SRRM2	0.37121709280971005	2549.0	0.10962883134622699	0.10962883134622699	1.1610893101149098e-10	9645.0	54.32015320491156	0.24	0.7751410558805665	0.6838277472146999	25	-0.9732161750455998
NUTF2	NUTF2	0.49575669194087996	2548.0	0.10962078140525099	-0.10962078140525099	0.000140910798298882	1385.0	7.795426382786977	0.08	0.3346748050483797	0.3151488702269732	25	-0.7141197221523995
KCTD7	KCTD7	0.282936312511798	2547.0	0.10932553699664802	0.10932553699664802	0.0210057426215164	2171.0	12.22259772445646	0.08	0.4194822543609936	0.6969175007423699	25	-0.44504079325596024
WDR83	WDR83	0.543579540580778	2546.0	0.10930714190702802	-0.10930714190702802	0.0369381506900199	844.0	4.748225751943224	0.04	0.2979714581904281	0.47271528154011466	25	-0.3991077158934411
TMSB10	TMSB10	0.5442387025685711	2545.0	0.109245978276379	-0.109245978276379	9.379961188888699e-08	7687.0	43.291652585332876	0.16	0.5816351155442352	0.5284692930093954	25	-0.8938819029158953
SH3GL1	SH3GL1	0.45107851158282397	2544.0	0.10919661768676199	-0.10919661768676199	1.0887600066330999e-08	8807.0	49.600090120536215	0.16	0.7534657697508925	0.8052779876557556	25	-0.8000580693130109
KLF1	KLF1	0.9316930812104229	2543.0	0.10917799188721901	-0.10917799188721901	4.9503456448625845e-09	17248.0	97.14430550861778	0.7083333333333334	2.942066691165429	2.2304054588824886	24	-1.2701227429283584
GPKOW	GPKOW	0.4123070640806121	2542.0	0.10911458521664999	0.10911458521664999	0.00692087152223185	191.0	1.070181367579137	0.04	0.2932208197822699	0.3785172652406838	25	-0.4863879444139865
FN3K	FN3K	0.552448499083484	2541.0	0.109047273666825	-0.109047273666825	9.810554380864609e-08	11937.0	67.2299200180241	0.36	0.9237319076703678	0.8466222202196282	25	-0.9622764611495784
SERF2	SERF2	0.44036504014609396	2540.0	0.10902436686985198	0.10902436686985198	0.00037779459694033503	3353.0	18.88025233750141	0.12	0.45303762353334676	0.49644226289876986	25	-0.6929572326392424
RBP5	RBP5	0.7811880600807699	2539.0	0.10898157304246099	-0.10898157304246099	2.120999087660285e-07	10012.0	56.38729300439337	0.20833333333333334	1.0563711271868241	1.6556806270907007	24	-0.5722054958202175
C2orf88	C2orf88	0.7282626533742429	2538.0	0.10895204606989801	0.10895204606989801	0.0405602175203734	6332.0	35.65956967443956	0.20833333333333334	0.9649978554969895	1.6417557169793828	24	-0.5214209401396844
GLT8D1	GLT8D1	0.267258649251094	2537.0	0.108922988114629	0.108922988114629	1.26870070941911e-05	2692.0	15.157147685028725	0.08	0.4052343755666355	0.38327868316922714	25	-0.7730964451293983
PHB2	PHB2	0.245105465273977	2536.0	0.108851326653131	0.108851326653131	0.0029126646513994397	500.0	2.8106342232736283	0.04	0.2901010263790232	0.3802571280143235	25	-0.47665036727218135
CAMK2G	CAMK2G	0.401091781080108	2535.0	0.10880520545169901	0.10880520545169901	0.000831045084623772	3825.0	21.538808155908526	0.04	0.3060031482187136	0.27002696193203013	25	-0.7302898249718199
DKKL1	DKKL1	0.8481016858392321	2534.0	0.10880426102141699	0.10880426102141699	0.000321545080134725	16937.0	95.39258758589612	0.5652173913043478	2.3588894988384617	1.874726834829117	23	-1.200220317976161
RAB40B	RAB40B	0.584383608091829	2533.0	0.108676196543187	0.108676196543187	0.0995176082935431	2146.0	12.0817843866171	0.04	0.323063040790695	0.43086034222911057	25	-0.4975785033692135
RPS13	RPS13	0.31675750291029997	2532.0	0.108673592171109	0.108673592171109	2.93043216384399e-08	6227.0	35.068153655514244	0.16	0.6147051724666184	0.761376386848362	25	-0.6646273630709434
C14orf28	C14orf28	0.690219620620348	2531.0	0.10865017355811	0.10865017355811	9.49503941590453e-06	8040.0	45.279936915624646	0.08	0.5404872652303022	0.5294668281412219	25	-0.8156074539895642
FRYL	FRYL	0.44592243954416105	2530.0	0.10864256575005	-0.10864256575005	0.000174496941982316	8124.0	45.75306973076489	0.08	0.5008256685767557	0.4386526726743961	25	-0.8940629506156368
TDRD7	TDRD7	0.439517711046303	2529.0	0.10857958298596401	-0.10857958298596401	3.52481440533954e-05	3334.0	18.773234200743495	0.12	0.5255102078050602	0.5945569148516311	25	-0.7012459436673767
LCA5	LCA5	0.6716050023568728	2528.0	0.108536959856101	0.108536959856101	1.8075286382270001e-06	11820.0	66.5709135969359	0.2	1.0470580405200307	1.345906249518096	25	-0.6973153449580672
MTF2	MTF2	0.4411876124176621	2527.0	0.108515922635363	0.108515922635363	0.0024001166297669897	4714.0	26.546130449476173	0.08	0.47843755304520647	0.6749351011123477	25	-0.5480847414813406
PPT1	PPT1	0.129485593290004	2526.0	0.10843827185237401	0.10843827185237401	7.914334314452659e-07	9810.0	55.24952123465134	0.08	0.6325849603284855	0.6089842142720613	25	-0.8606901068899482
AGK	AGK	0.324198974667362	2525.0	0.10843654378295699	0.10843654378295699	9.53128904107974e-05	7664.0	43.16210431452067	0.04	0.5004724868466259	0.5481368214606122	25	-0.7152154858325637
CCL18	CCL18	0.884665021453701	2524.0	0.108400936308731	-0.108400936308731	0.0010803365897596646	16640.0	93.71972513236453	0.7083333333333334	2.3658029032231043	2.251250070831362	24	-1.0027326578076416
GAS2	GAS2	0.6607166612937211	2523.0	0.108399801433188	0.108399801433188	0.0005985336438567725	8422.0	47.43156471781007	0.16666666666666666	0.8858908814809471	1.3145730201199255	24	-0.5914400099104653
NAIF1	NAIF1	0.36905585139332703	2522.0	0.10837264340157099	-0.10837264340157099	0.00156132701035078	1439.0	8.099583192519995	0.08	0.3397656106237736	0.4036413598372185	25	-0.5732637688950393
APOBEC3G	APOBEC3G	0.686798988093029	2521.0	0.10831668386935	-0.10831668386935	0.02430271859779415	8483.0	47.77514926213811	0.2916666666666667	1.1357843346390666	1.7173462949098146	24	-0.5982879829275628
ACVR2B	ACVR2B	0.4801863730328789	2520.0	0.10822640061254801	0.10822640061254801	0.0242702621997057	1040.0	5.852202320603808	0.08	0.4611169789173569	0.9389427886178316	25	-0.3758382114252995
IL22RA1	IL22RA1	0.881571959811237	2519.0	0.10818651957359901	0.10818651957359901	0.008049319795220562	12121.0	68.2663061845218	0.375	1.1729265835317795	1.217605145997843	24	-0.8744543068480648
CFAP206	CFAP206	0.8488280651022281	2518.0	0.10818048662547301	-0.10818048662547301	1.4659003900683688e-06	15140.0	85.27092486200293	0.5833333333333334	1.2081205973764289	0.6910697169012302	24	-1.5916485469557375
CCDC82	CCDC82	0.4737664991938979	2517.0	0.108157010702364	-0.108157010702364	0.00021755486085811698	5442.0	30.646614847358343	0.08	0.4645711957703215	0.42914038473806426	25	-0.8305305157553586
MTR	MTR	0.279664394406681	2516.0	0.108127317146297	0.108127317146297	0.00161733781674217	4494.0	25.306973076489804	0.08	0.4076024781007937	0.40203662359612746	25	-0.7448952244095538
RPL24	RPL24	0.56063991965226	2515.0	0.108031929183911	-0.108031929183911	1.58448570124805e-06	6824.0	38.43077616311817	0.12	0.49522381203868016	0.492567998220599	25	-0.7860678814975782
MROH2B	MROH2B	0.9331001890253859	2514.0	0.10797301511272	0.10797301511272	8.41348111842122e-06	16629.0	93.65776726371521	0.7391304347826086	2.3620496250743654	1.7113365388539457	23	-1.3171439741894158
SLC37A1	SLC37A1	0.650523875319932	2513.0	0.107941138902346	0.107941138902346	0.0165492795642784	4604.0	25.92655176298299	0.12	0.6777140851265107	1.0921360093007706	25	-0.521705118567564
VAV2	VAV2	0.621878031113644	2512.0	0.10793768603742501	-0.10793768603742501	1.39994880394679e-06	7942.0	44.72794863129435	0.2	0.7435270867592668	0.8095390808431929	25	-0.7851250369035055
L3MBTL2	L3MBTL2	0.5182070762454289	2511.0	0.107826404133041	-0.107826404133041	2.1751200889096698e-05	4044.0	22.772332995381323	0.0	0.3135321138467196	0.19757769794891616	25	-1.0411383058368455
PRPF31	PRPF31	0.649673835084423	2510.0	0.10774878292185999	0.10774878292185999	0.00560366064235598	615.0	3.4583755773346847	0.08	0.35686512573212587	0.4269752267083125	25	-0.5834444886434813
ZNF524	ZNF524	0.6420417799065661	2509.0	0.107712941234967	-0.107712941234967	0.00023291257646697701	7683.0	43.269122451278584	0.24	0.7929178160577712	0.9956915182605601	25	-0.688169842020784
FAM8A1	FAM8A1	0.566267015052188	2508.0	0.107706347232575	-0.107706347232575	0.0029803823224394802	3697.0	20.817843866171003	0.04	0.3874347909850379	0.3746765830312013	25	-0.7465864065733951
OXCT1	OXCT1	0.608409489929834	2507.0	0.10759609249070098	0.10759609249070098	0.000694601063847288	5736.0	32.30257970034921	0.16	0.745050287532758	1.4685972892511128	25	-0.4340564971130489
CTNNB1	CTNNB1	0.559672976709381	2506.0	0.107550015360324	0.107550015360324	0.000202177174933442	4148.0	23.35811648079306	0.08	0.4351683109091308	0.5383159214298167	25	-0.6085985617490607
DLGAP3	DLGAP3	0.673840816465254	2505.0	0.107435708563103	-0.107435708563103	8.611344023875604e-12	16375.0	92.22710375126731	0.6666666666666666	2.1122823706455596	1.8159718987624112	24	-1.1040075363769473
DUSP12	DUSP12	0.274938517090802	2504.0	0.107395788701752	0.107395788701752	2.2490322438676896e-07	5262.0	29.63275881491495	0.08	0.4644813297955067	0.4812272936131222	25	-0.7420309401254161
NQO2	NQO2	0.639485275219043	2503.0	0.10729558370011098	0.10729558370011098	0.000110419023272516	4325.0	24.35507491269573	0.0	0.33820520116093133	0.2163050672367287	25	-1.0675182990887038
SLC18A2	SLC18A2	0.7127076683226301	2502.0	0.107215290462542	0.107215290462542	7.72374137704093e-05	7200.0	40.548608764222145	0.08	0.5859387625803345	0.6444228843185614	25	-0.7428716201225751
ULK3	ULK3	0.38132335574542997	2501.0	0.10710676432312301	0.10710676432312301	1.9027061892628501e-06	4045.0	22.777965528894896	0.08	0.5163603190525714	0.7687508514955966	25	-0.5323617579522025
UNC5B	UNC5B	0.8121457306430021	2500.0	0.107092403682938	-0.107092403682938	0.005498578619163602	6194.0	34.88228004956629	0.125	0.974429706530675	1.8621378346654824	24	-0.4657750284116572
DDIAS	DDIAS	0.650428204063596	2499.0	0.10701928183020301	0.10701928183020301	0.0012673233978463	5373.0	30.25797003492171	0.2	0.8645741397102684	1.3350981444216476	25	-0.5674151080542706
SLC18A1	SLC18A1	0.897814813106787	2498.0	0.10697685659614099	-0.10697685659614099	0.00041914324899664	16624.0	93.62960459614735	0.6666666666666666	2.6004412918694166	2.2794646833540946	24	-1.0938815825846853
GGNBP2	GGNBP2	0.266317992025737	2497.0	0.106951695624951	0.106951695624951	3.7839849486722e-06	4337.0	24.422665314858623	0.08	0.457161486918566	0.4890590629994156	25	-0.7160889507818681
YAF2	YAF2	0.48751204939236603	2496.0	0.106920574831514	0.106920574831514	0.00015369664325416298	6300.0	35.479328602005175	0.08	0.5811680602784017	0.742611885067436	25	-0.6386209202722654
ZNF317	ZNF317	0.423773390647043	2495.0	0.10682471680463301	-0.10682471680463301	0.000776807353447489	3416.0	19.235101948856595	0.04	0.3221134749659545	0.2879341405915376	25	-0.7477013935166841
DHPS	DHPS	0.522768577317787	2494.0	0.10672972255862599	-0.10672972255862599	0.0215864172970225	993.0	5.5874732454658105	0.08	0.32889995344851114	0.46069120506928435	25	-0.48225411825796083
FCHSD1	FCHSD1	0.566356476332603	2493.0	0.10669277223097098	0.10669277223097098	9.08479488331655e-08	5791.0	32.612369043595805	0.16	0.6371687219453902	0.7089261305528571	25	-0.7482809941012144
PPM1G	PPM1G	0.404982302289769	2492.0	0.10667387430257401	0.10667387430257401	0.00249189309822152	2020.0	11.372085163906725	0.12	0.463764976139338	0.6520403755951553	25	-0.5476518252582535
GABRQ	GABRQ	0.9201991494621821	2491.0	0.10660507239705698	0.10660507239705698	0.005891595863157587	10836.0	61.02850061957868	0.3333333333333333	1.112474111370079	1.3985468859740864	24	-0.7192243957358893
ZNF280D	ZNF280D	0.475781655173534	2490.0	0.106597465766159	0.106597465766159	0.000325332763811478	5443.0	30.652247380871916	0.0	0.358924244090736	0.21376882311741904	25	-1.180372210712779
DNAH6	DNAH6	0.8079891192834541	2489.0	0.10659101507518699	-0.10659101507518699	2.48625440414346e-11	15271.0	86.00878675228117	0.625	1.391883982387881	1.1287683104339075	24	-1.1386685428993106
IDS	IDS	0.6723572367953101	2488.0	0.10652115346132301	0.10652115346132301	0.00152892369849553	1865.0	10.499042469302692	0.16	0.538077365440499	0.8046626384529497	25	-0.5363194354455043
AUNIP	AUNIP	0.46898198510706796	2487.0	0.106418194604206	0.106418194604206	0.000121728729566248	2505.0	14.103863917990312	0.08	0.4454599138686458	0.6367949461334074	25	-0.5324189856139517
C17orf97	C17orf97	0.757127487074876	2486.0	0.10627596482896101	0.10627596482896101	0.004173046474913279	2386.0	13.433592429874956	0.12	0.7222499267583974	1.2364352284424993	25	-0.498185386310418
VPS29	VPS29	0.284378731144084	2485.0	0.106261385126238	0.106261385126238	9.46694765409775e-07	8885.0	50.039427734595016	0.12	0.5504876682543429	0.4282922342213642	25	-1.0372036839185488
PDZD7	PDZD7	0.582723673140552	2484.0	0.106245565694203	0.106245565694203	4.310123509113175e-08	14898.0	83.90785175171791	0.625	1.4017038304596108	1.0934071662054126	24	-1.1847903551439107
FBXL17	FBXL17	0.431914519055688	2483.0	0.106241991411766	0.106241991411766	0.00044616713270587805	4687.0	26.394052044609666	0.08	0.49809952062887086	0.7521038448625642	25	-0.5210151921091575
TAF1B	TAF1B	0.460291686026436	2482.0	0.10624160968662599	0.10624160968662599	0.0416224479024607	3891.0	21.910555367804438	0.04	0.44258847313926586	0.6957799413056128	25	-0.48340983044365116
RTF1	RTF1	0.23249763917269603	2481.0	0.106176597798732	-0.106176597798732	0.00312597403515688	866.0	4.872141489241861	0.08	0.35990268248852425	0.49827596925577383	25	-0.5092079497005607
ASB4	ASB4	0.8322598532722301	2480.0	0.10616998021494099	0.10616998021494099	1.71951765727406e-06	15983.0	90.01915061394615	0.6956521739130435	2.311963056398495	2.0885224899764863	23	-1.05615002317183
LZTS1.AS1	LZTS1.AS1	0.9492164472956859	2479.0	0.106071748963196	-0.106071748963196	0.0042075790090587	14718.0	82.89399571927453	0.5217391304347826	1.622864615701509	1.4332995919683365	23	-1.0582524932246133
RABL3	RABL3	0.5735137628680921	2478.0	0.106035759710354	-0.106035759710354	1.65532261464279e-06	8225.0	46.32195561563591	0.16	0.5776256500817902	0.38924055949479863	25	-1.2115641057127244
ASNSD1	ASNSD1	0.378108609201171	2477.0	0.106012890751541	-0.106012890751541	7.629198643551329e-05	6261.0	35.259659794975775	0.04	0.447408096770771	0.511817726889712	25	-0.6670249740935503
UIMC1	UIMC1	0.33121417473012105	2476.0	0.105950300522991	-0.105950300522991	0.0008409277962251049	3523.0	19.837783034809057	0.04	0.3679101734588652	0.3045159933547204	25	-0.8602499660197682
TCF3	TCF3	0.466164245758294	2475.0	0.105934632740658	0.105934632740658	1.4130146748316002e-09	11085.0	62.43100146445871	0.24	0.8553486503888367	0.7142926019989244	25	-1.0491695077773004
MCUB	MCUB	0.6517345516255489	2474.0	0.10591220376898701	-0.10591220376898701	0.000136586451598685	5202.0	29.294806804100485	0.12	0.5994295644600706	0.7979601685530486	25	-0.6184736784368383
CCM2	CCM2	0.551750603779632	2473.0	0.10588512430680001	0.10588512430680001	0.000293853819099562	5065.0	28.523149712740793	0.08	0.4207547049283781	0.388830860476051	25	-0.8097854687667508
NKAP	NKAP	0.47378711423380604	2472.0	0.105880040252437	0.105880040252437	5.99287886319473e-06	6408.0	36.087642221471214	0.08	0.41261992841521794	0.36891140235716785	25	-0.8314730480078941
STK11	STK11	0.383841792859293	2471.0	0.10584882347867901	-0.10584882347867901	4.5354358006164004e-10	11209.0	63.12943562014193	0.28	0.8553799480411425	0.7061483042718019	25	-1.0614358485720632
NAA50	NAA50	0.543579540580778	2470.0	0.105558625833762	0.105558625833762	2.7067814249093698e-05	6104.0	34.3753520333446	0.08	0.48999849399938006	0.5482776028249501	25	-0.701177407548342
SEC13	SEC13	0.398539131608435	2469.0	0.10549689348729199	0.10549689348729199	0.000102919332977947	2849.0	16.04145544665991	0.12	0.3977443035720028	0.38949460179848444	25	-0.7503246739114316
ZNF876P	ZNF876P	0.7031048290728911	2468.0	0.10531575792488801	0.10531575792488801	0.1627997453700355	5454.0	30.714205249521235	0.20833333333333334	0.6888672998323754	0.9410641770677259	24	-0.6200974982660409
ZNF837	ZNF837	0.5797771862826351	2467.0	0.105304338979095	-0.105304338979095	2.77074680614687e-07	12162.0	68.49724005857834	0.36	1.0756677891156838	0.906542905885465	25	-1.0703999158084936
WNT5A	WNT5A	0.68063580834701	2466.0	0.10524653688503	0.10524653688503	0.0024636255438151996	5862.0	33.01227892305959	0.16666666666666666	0.880421041971175	1.504294839126529	24	-0.5153075613396714
NDUFB1	NDUFB1	0.509783707007511	2465.0	0.10519843001296698	0.10519843001296698	1.36038024182462e-05	6827.0	38.44767376365889	0.12	0.47865164487071327	0.2979239071817221	25	-1.2535187873659102
BBS12	BBS12	0.58359834517717	2464.0	0.10513491301471199	0.10513491301471199	6.407165258235589e-08	9931.0	55.93105778979385	0.16	0.6537029701815347	0.7368483836771387	25	-0.7444788769560308
EBPL	EBPL	0.493212234772904	2463.0	0.10512790807090301	-0.10512790807090301	0.0110113610763366	4452.0	25.07040666891968	0.0	0.2909454007562396	0.2068835253037696	25	-0.8981744313013735
PSME1	PSME1	0.48715071258802706	2462.0	0.10510973253820699	-0.10510973253820699	7.300792997380871e-08	9589.0	54.0047313281514	0.2	0.705339560455012	0.5949896183839966	25	-1.0088072285144083
GALNT15	GALNT15	0.8432175831261041	2461.0	0.105107258765176	-0.105107258765176	2.571640039534601e-05	14562.0	82.01532049115691	0.625	1.6739142019404316	1.7592144787247261	24	-0.8917655931939015
TRAF3IP1	TRAF3IP1	0.43515861744082707	2460.0	0.105054813630189	-0.105054813630189	3.4151746403390303e-06	6256.0	35.231497127407906	0.08	0.455161486948245	0.34172476784907985	25	-1.0245282351692986
FNDC4	FNDC4	0.7181203685280401	2459.0	0.10494309370672099	0.10494309370672099	0.00246687563756537	6837.0	38.50399909879464	0.2916666666666667	0.9018363409087454	1.099241076683004	24	-0.7249485705234705
RBM6	RBM6	0.450598915405006	2458.0	0.10489823612656402	-0.10489823612656402	4.7591554648353103e-05	3996.0	22.50197138672975	0.12	0.46512220452125946	0.5035309802688599	25	-0.7153958396012777
NEK1	NEK1	0.471969041954608	2457.0	0.10479246767526401	-0.10479246767526401	0.00658530403942505	2711.0	15.264165821786639	0.08	0.42927517802418896	0.6578093944975337	25	-0.4932777078940631
ANKRD13C	ANKRD13C	0.479757488756109	2456.0	0.10461022608382901	0.10461022608382901	2.56752056059001e-05	2790.0	15.709135969359016	0.12	0.5535936862233036	0.7623414781107573	25	-0.5889532093310077
ZNF383	ZNF383	0.6145953519181321	2455.0	0.104540287047488	-0.104540287047488	0.00295117569214291	3937.0	22.16965190942886	0.08	0.35417244238554374	0.3995484906833312	25	-0.6247856296769392
COPS6	COPS6	0.267210339144548	2454.0	0.10449467695359402	0.10449467695359402	0.0026791977723053103	1772.0	9.975216852540271	0.04	0.2989265086721902	0.2872951120129027	25	-0.6767669326370721
NUS1	NUS1	0.3770360626551121	2453.0	0.104421429415013	0.104421429415013	0.0019752131072583	2642.0	14.875521009350004	0.08	0.37761495269180684	0.4227102134274236	25	-0.6462903298732318
ZNF8	ZNF8	0.24187715359726	2452.0	0.10438972089246999	-0.10438972089246999	0.00788385598706367	2463.0	13.867297510420187	0.08	0.3434377438502778	0.35162595338192887	25	-0.6798361174954534
PPP4R1	PPP4R1	0.44587268341280295	2451.0	0.104313457258341	-0.104313457258341	0.00339289192988243	4767.0	26.84465472569562	0.04	0.34118826877466973	0.283398616832521	25	-0.8358361595544191
TMUB1	TMUB1	0.42895902879710707	2450.0	0.10428804166116001	0.10428804166116001	8.23586378506611e-08	9518.0	53.604821448687616	0.32	1.0071692299553519	1.3371073869887227	25	-0.6752495701392807
WDR33	WDR33	0.192721688827733	2449.0	0.10426454494425699	0.10426454494425699	0.00011162343439076499	1188.0	6.685817280612819	0.08	0.3606309864037339	0.4149796693055418	25	-0.6177807261943695
UBE2L6	UBE2L6	0.509463777489703	2448.0	0.104124980207195	-0.104124980207195	0.00278871828646262	6620.0	37.28173932634899	0.2	1.0138425623607443	1.8487229921227308	25	-0.49207890312923425
IGHMBP2	IGHMBP2	0.496364240180455	2447.0	0.10411414938279699	0.10411414938279699	6.910476143655489e-05	5534.0	31.164807930607186	0.04	0.412460091746955	0.30172962057902714	25	-1.0219279823188523
TMBIM6	TMBIM6	0.24308143269487	2446.0	0.104079283795777	0.104079283795777	5.27550412211059e-07	7708.0	43.40993578911794	0.08	0.4623578378759205	0.367736654913025	25	-0.9742802336766825
KIF5A	KIF5A	0.7858225810975971	2445.0	0.104058909065431	0.104058909065431	2.2142095933737231e-07	16361.0	92.14824828207728	0.625	2.2585910422657824	2.051781118003618	24	-1.0500789359523446
AKR7A2	AKR7A2	0.616032282229944	2444.0	0.104030682511724	0.104030682511724	0.000692163015555484	4316.0	24.30438211107356	0.12	0.4636232963656834	0.6084671358044873	25	-0.5909811601879247
PSMC5	PSMC5	0.486919033001512	2443.0	0.10401892580232301	0.10401892580232301	2.57881303979068e-05	4827.0	27.18260673651008	0.12	0.4357967997355452	0.4229650016554317	25	-0.7844097564448249
TAOK3	TAOK3	0.276906081351453	2442.0	0.10395366855956599	0.10395366855956599	0.0007208551791525599	6435.0	36.23972062633772	0.12	0.5297958390284646	0.5393390339884578	25	-0.7895630459374685
FAM135A	FAM135A	0.668875742612888	2441.0	0.103858953447677	0.103858953447677	0.000191645949972436	7764.0	43.72535766587811	0.04	0.44529011503659244	0.2738642264605536	25	-1.2467169078692868
RHBDD1	RHBDD1	0.33806958295804806	2440.0	0.10382840828063698	0.10382840828063698	0.000393717368937009	6050.0	34.071195223611575	0.08	0.4204660080785471	0.35418244698038276	25	-0.8939957428648287
RIMS4	RIMS4	0.898482453841357	2439.0	0.103787755168848	-0.103787755168848	2.59330984037673e-06	13878.0	78.16266756787202	0.48	1.1351188471147864	0.9032630670056042	25	-1.141783750070609
MCM3AP	MCM3AP	0.242167390848547	2438.0	0.10377032234061802	0.10377032234061802	0.009959727513158009	1355.0	7.626450377379745	0.08	0.37046627884373445	0.4820540853116554	25	-0.5532490328978198
TRIP6	TRIP6	0.609079238426379	2437.0	0.103727177800905	0.103727177800905	8.473080055645259e-05	3093.0	17.415793623972064	0.12	0.7453474314384596	1.237924926204263	25	-0.5183030408838253
IL10RB	IL10RB	0.38208596212025703	2436.0	0.103629727028719	0.103629727028719	0.00014496193603473001	6499.0	36.60020277120648	0.08	0.4795374841968805	0.4805144177751877	25	-0.7823027640016262
POLR3F	POLR3F	0.4015985009790561	2435.0	0.10329954120941699	0.10329954120941699	1.33394628310549e-07	10059.0	56.65202207953137	0.12	0.5827467013503421	0.43376911537587437	25	-1.1053049724977984
RBM18	RBM18	0.360741741033709	2434.0	0.10326922812526401	-0.10326922812526401	0.000172586836275278	3304.0	18.604258195336264	0.04	0.40508997916768297	0.4724449909936762	25	-0.63884845176919
WAPL	WAPL	0.393961718192603	2433.0	0.10321305580996001	-0.10321305580996001	0.00479993703051999	5357.0	30.167849498704516	0.16	0.49241534802309384	0.512099592991146	25	-0.7600128911249945
NDUFB2	NDUFB2	0.225288467963337	2432.0	0.10320622865358	0.10320622865358	1.86676746043403e-07	6919.0	38.96586684690774	0.08	0.45756470395383564	0.3644301881030987	25	-0.972363121575445
RAB10	RAB10	0.413229155103942	2431.0	0.10312204763289001	0.10312204763289001	0.00019034935268971798	6253.0	35.21459952686718	0.12	0.4934311652281623	0.5137382283916248	25	-0.7597431844175281
PPP1R35	PPP1R35	0.5133440658371379	2430.0	0.103110337884564	0.103110337884564	1.26604537204273e-06	9759.0	54.96226202545905	0.32	0.7998732668979719	0.6365629562834272	25	-1.0945703361085575
CCNJ	CCNJ	0.472657297694695	2429.0	0.103030745555769	0.103030745555769	0.00141651216202379	2922.0	16.45263039315084	0.08	0.5324749689085568	0.8135960812166598	25	-0.5278346752980824
PSPC1	PSPC1	0.39402037398932105	2428.0	0.10302721891824901	-0.10302721891824901	0.0183388341441312	821.0	4.618677481131013	0.04	0.3418012034306215	0.4346311305200401	25	-0.5493715653240882
SPAG9	SPAG9	0.51336465887756	2427.0	0.102997713438958	-0.102997713438958	0.0005700970061140661	4346.0	24.473358116480792	0.04	0.39473390668135466	0.3319123735049119	25	-0.8789554609300497
LRRC8B	LRRC8B	0.61981520119086	2426.0	0.10298891017558601	-0.10298891017558601	2.3861346328105803e-07	9432.0	53.120423566520216	0.12	0.5912504024267626	0.465120578750739	25	-1.0497525040981663
COPE	COPE	0.616887027939095	2425.0	0.102967381095737	-0.102967381095737	0.0611957534720871	715.0	4.021628928692126	0.0	0.273242566028142	0.23217341346990597	25	-0.7333965693469716
CHFR	CHFR	0.47651873108934	2424.0	0.10296675756677	-0.10296675756677	5.33082114341253e-05	6174.0	34.769629379294805	0.12	0.5115297174280168	0.5547240500793965	25	-0.7365156780254435
HIGD2A	HIGD2A	0.429401374613491	2423.0	0.102943603498583	-0.102943603498583	0.00307286403861379	2042.0	11.496000901205361	0.12	0.44375368777111335	0.5228818958262541	25	-0.6517917085922142
TOMM40L	TOMM40L	0.39197209068786704	2422.0	0.102911207122705	-0.102911207122705	0.00445222226522813	508.0	2.8556944913822235	0.08	0.30466431087229845	0.35990655663310506	25	-0.5605707926995729
WIPF2	WIPF2	0.342177348491382	2421.0	0.102908143665355	-0.102908143665355	0.0159280141193155	2835.0	15.962599977469864	0.04	0.37976402596932685	0.35910900599866463	25	-0.7709522113878741
HAT1	HAT1	0.38737312656255396	2420.0	0.102876836843114	0.102876836843114	1.88018455611013e-07	8265.0	46.547256956178884	0.12	0.5610739863290471	0.49553672337000515	25	-0.9246482205594448
DYRK1A	DYRK1A	0.285886223865924	2419.0	0.10287165711839599	-0.10287165711839599	0.035508962982148	1160.0	6.528106342232737	0.08	0.34829218314744126	0.43114086905301874	25	-0.569235123935479
RC3H2	RC3H2	0.567675381591699	2418.0	0.10281811138884699	-0.10281811138884699	0.00795584639737075	1390.0	7.823589050354849	0.04	0.4164017618757733	0.5282436984791331	25	-0.5936344368891958
GPLD1	GPLD1	0.602484963391264	2417.0	0.10275031219622699	0.10275031219622699	0.00302306797479991	1344.0	7.564492508730427	0.04	0.3843656592028459	0.6052330673375029	25	-0.4653006621820591
DNAJC15	DNAJC15	0.571494383427443	2416.0	0.10269493017067699	-0.10269493017067699	6.105971104937579e-08	8204.0	46.203672411850846	0.12	0.9061944798951218	1.3033143680960773	25	-0.6165047891693408
CYB561A3	CYB561A3	0.6686319552184361	2415.0	0.10268406642724401	-0.10268406642724401	0.00406159065902608	3037.0	17.100371747211895	0.12	0.34461279855264526	0.4050511987837192	25	-0.5972793880177635
ATF1	ATF1	0.37583359087608703	2414.0	0.10266617959761501	-0.10266617959761501	0.0167715413014032	3864.0	21.75847696293793	0.08	0.45636712649751315	0.6720957582136523	25	-0.5262657033277396
LENG8	LENG8	0.61430878242929	2413.0	0.102584694633764	-0.102584694633764	3.02501240765779e-09	11813.0	66.53148586234087	0.4	1.054757844475052	0.8709040866334977	25	-1.0933157444718604
TBRG1	TBRG1	0.35595864524285703	2412.0	0.102568513781111	-0.102568513781111	5.47521660838671e-07	4869.0	27.419173144080208	0.08	0.41608361517006287	0.39922433342889524	25	-0.7853106014260306
PSMC1	PSMC1	0.35139532143163005	2411.0	0.102553665845421	0.102553665845421	1.89769847272615e-05	4423.0	24.907063197026023	0.08	0.42897987833215573	0.4504193772382285	25	-0.7247161844773092
NFKBIB	NFKBIB	0.5926569249345539	2410.0	0.10252901676007001	-0.10252901676007001	0.000164599131489517	11881.0	66.91449814126393	0.4	0.8836337684893164	0.716000176960026	25	-1.0909281545790108
POLD2	POLD2	0.32412101131794896	2409.0	0.102416115844116	0.102416115844116	0.013049042044565	58.0	0.3210544102737411	0.12	0.31994310683969507	0.46994388336804527	25	-0.4628786514606442
TCTN2	TCTN2	0.6655009960228859	2408.0	0.10240687103765801	0.10240687103765801	0.000143393867392596	4301.0	24.219894108369946	0.08	0.3558934639383006	0.29592571746705726	25	-0.856588589428227
LMBR1	LMBR1	0.532522935418998	2407.0	0.102395124652263	0.102395124652263	0.0856077725305112	322.0	1.8080432578573842	0.0	0.24178953818496082	0.24493315432967908	25	-0.5691120661642788
DRG1	DRG1	0.416671024877693	2406.0	0.102388683560434	0.102388683560434	9.69118214005727e-05	2285.0	12.864706545003942	0.08	0.5308850894048167	0.8038918242486542	25	-0.533027445881628
ETFDH	ETFDH	0.379005571891215	2405.0	0.10225776894820598	0.10225776894820598	4.73170690132024e-07	6166.0	34.724569111186206	0.12	0.49926547190742504	0.4452430142637998	25	-0.8916652035869965
SEMA4F	SEMA4F	0.6578830168826589	2404.0	0.10224961480602199	0.10224961480602199	0.0154424311949037	750.0	4.21876760166723	0.12	0.6232073328908995	1.3083903603777196	25	-0.3981668880031201
EDA	EDA	0.8199394124182969	2403.0	0.10214995992405601	-0.10214995992405601	0.003892854916485715	6048.0	34.05993015658443	0.08333333333333333	0.6522183018279838	1.3192020847618944	24	-0.41697049167657346
IVD	IVD	0.38836539863689507	2402.0	0.102129500431953	0.102129500431953	8.11436130727321e-06	1133.0	6.376027937366228	0.12	0.4359978255596846	0.5562377166168012	25	-0.6002259738128067
DECR1	DECR1	0.600292529777822	2401.0	0.102105715534719	-0.102105715534719	1.31555657018773e-10	9335.0	52.5740678157035	0.16	0.710313124802831	0.7938526507338558	25	-0.7661464740413362
SLC25A53	SLC25A53	0.55351450636441	2400.0	0.102084798499891	0.102084798499891	1.98746647950771e-05	17651.0	99.41421651458826	0.782608695652174	3.655453575002337	2.2816041379816174	23	-1.5573993390658352
MYO5A	MYO5A	0.7245360071007461	2399.0	0.102082478012976	0.102082478012976	0.0687089607921648	910.0	5.119972963839135	0.04	0.3982430683866383	0.6650059872331135	25	-0.4453502615907203
SPNS1	SPNS1	0.49286000131295293	2398.0	0.102020600714106	-0.102020600714106	2.61827335936792e-07	10256.0	57.761631181705525	0.12	0.6124939681993813	0.44065573743980113	25	-1.158440306374116
PPARA	PPARA	0.6894157557818249	2397.0	0.101987176947443	0.101987176947443	0.00273539253409804	41.0	0.22530134054297624	0.16	0.3788134842148563	0.5242184768434147	25	-0.5280743039320646
DCTN2	DCTN2	0.228978563569435	2396.0	0.101937986387139	-0.101937986387139	0.009744466650729429	420.0	2.360031542187676	0.08	0.3241817216730722	0.5642871241659694	25	-0.3938486734291785
SPIDR	SPIDR	0.571234630820772	2395.0	0.10192933660958302	0.10192933660958302	1.7536640912355e-05	2823.0	15.895009575306972	0.16	0.4722557019402952	0.5917201270866189	25	-0.6258471672309737
STAG2	STAG2	0.4652701028801479	2394.0	0.101797828060277	0.101797828060277	0.000711564240021373	6739.0	37.952010814464344	0.04	0.4549848736822088	0.3771242599246111	25	-0.9365269836857898
SUFU	SUFU	0.40385217706294796	2393.0	0.10174609938980801	0.10174609938980801	4.31278749014987e-07	7085.0	39.900867410161084	0.16	0.4927202236336077	0.3514117880996936	25	-1.1125811298421284
VAPB	VAPB	0.409331038799012	2392.0	0.10167799941266802	-0.10167799941266802	0.00335588965227275	1965.0	11.062295820660133	0.0	0.25043590573509467	0.23114279473113897	25	-0.6435757882717438
CPA3	CPA3	0.813854917333234	2391.0	0.10165839037383399	-0.10165839037383399	0.0250624091340195	12223.0	68.84082460290638	0.2916666666666667	1.6118252817568377	2.705525526017521	24	-0.5581787630020771
CS	CS	0.315344042437607	2390.0	0.101626426219695	0.101626426219695	0.00795683100774095	561.0	3.154218767601667	0.04	0.30407302611850706	0.5144611976830417	25	-0.39351189324007857
ARID1A	ARID1A	0.511245049802064	2389.0	0.10160159382660999	0.10160159382660999	0.00370396858840236	2723.0	15.331756223949531	0.08	0.4022473927639954	0.4357210756235131	25	-0.689995999177143
EXT1	EXT1	0.49712399614188296	2388.0	0.101598691410862	-0.101598691410862	0.009769811952619615	7700.0	43.364875521009346	0.08333333333333333	0.6013128170532281	0.9631506854300268	24	-0.5188327571186373
CIRBP.AS1	CIRBP.AS1	0.7113993462507059	2387.0	0.10150510812263198	-0.10150510812263198	0.000641487704589476	11106.0	62.54928466824377	0.24	0.6824053187486869	0.6527802194372219	25	-0.8898863558195184
RRH	RRH	0.903268061654035	2386.0	0.10147126531744	0.10147126531744	9.54040744384147e-06	17337.0	97.64560099132589	0.7368421052631579	2.890741486442746	1.9889085278233225	19	-1.4024125202871474
RAB36	RAB36	0.7930920244886109	2385.0	0.10138876804671301	0.10138876804671301	0.012687508096568781	9860.0	55.53114791033006	0.3333333333333333	0.7713763679193497	0.7793351169026632	24	-0.8596912744486481
JAKMIP2	JAKMIP2	0.8691337791548309	2384.0	0.10131706386064399	0.10131706386064399	2.5933169976500755e-07	15205.0	85.63703954038526	0.5416666666666666	1.711098011382866	2.115173423484406	24	-0.7610633386601313
UPF2	UPF2	0.40813232887590206	2383.0	0.10126641419127	0.10126641419127	2.64876017188969e-06	4392.0	24.732454658105215	0.12	0.45488382748379735	0.505891911287321	25	-0.6989979586601663
SUPT3H	SUPT3H	0.413348129882301	2382.0	0.101234783158789	0.101234783158789	5.25359712467693e-05	3491.0	19.657541962374676	0.08	0.5649937122646318	1.181061748599015	25	-0.392662728816641
SPATA6	SPATA6	0.686798988093029	2381.0	0.101168558470755	0.101168558470755	6.79279804663436e-05	5919.0	33.33333333333333	0.24	0.8015397312171564	1.4159176529042583	25	-0.494641175854991
ZNF155	ZNF155	0.591188393818495	2380.0	0.101165730562341	-0.101165730562341	0.00609396106974978	595.0	3.3457249070631967	0.04	0.3627333271987566	0.5864051506983651	25	-0.44605269296306144
GSTP1	GSTP1	0.7344872232028431	2379.0	0.10115763513861802	-0.10115763513861802	0.0024742984173448195	5619.0	31.643573279261012	0.125	0.46507760651298086	0.4984829268674946	24	-0.7300550365110078
FAM98C	FAM98C	0.34036730249554104	2378.0	0.101152069768951	0.101152069768951	0.00168121946282442	987.0	5.553678044384364	0.08	0.48321607165836644	0.6545465692544312	25	-0.5837078977048338
PRKAB2	PRKAB2	0.637165571485068	2377.0	0.10110297364219001	0.10110297364219001	0.000608565921183148	3914.0	22.04010363861665	0.04	0.39042733670476165	0.38124047063706556	25	-0.758902544053366
SNX14	SNX14	0.47560171872801	2376.0	0.10102114812436	0.10102114812436	8.11149290217634e-10	9775.0	55.05238256167624	0.12	0.6449307250222688	0.5412242786566581	25	-1.0049615258353075
SHOC2	SHOC2	0.44364027923113303	2375.0	0.100921076040229	-0.100921076040229	2.7253067681877003e-06	8232.0	46.36138335023093	0.12	0.5677910938544537	0.43276504549778577	25	-1.078807132579781
IGSF3	IGSF3	0.7242475345522371	2374.0	0.10084059221103699	0.10084059221103699	0.0985821573329082	1290.0	7.260335698997409	0.08	0.42972467486383414	0.5765840347010314	25	-0.5704009526093263
PPP2CA	PPP2CA	0.459470228806433	2373.0	0.10072254027748101	0.10072254027748101	0.00100468685927915	2052.0	11.552326236341106	0.08	0.37834120793491655	0.40739079590468036	25	-0.6814554242467266
PRR14	PRR14	0.4185408319150539	2372.0	0.10066509749706698	0.10066509749706698	0.000917198012156084	3007.0	16.931395741804664	0.08	0.4355243782524225	0.4889446281952491	25	-0.684861355346841
LACTB	LACTB	0.599928527215958	2371.0	0.10050749852138499	-0.10050749852138499	0.0118674256573179	520.0	2.9232848935451163	0.08	0.4132022679716233	0.636219509076157	25	-0.4914888100559771
TRABD	TRABD	0.6988142978619241	2370.0	0.100443126741932	-0.100443126741932	3.44896923035664e-09	11057.0	62.273290526078625	0.24	0.9772116701035869	1.2033191807451251	25	-0.728625087500673
RHOT1	RHOT1	0.44940195138293393	2369.0	0.10031177955345698	-0.10031177955345698	4.7147935315663896e-05	6602.0	37.18035372310465	0.08	0.44610039504593246	0.39214458922318063	25	-0.881788567266645
KLHL7	KLHL7	0.39737343754584903	2368.0	0.10024800468828801	0.10024800468828801	1.0711294892949801e-05	6847.0	38.560324433930376	0.04	0.48105417727550964	0.60610473160217	25	-0.6282844411733977
DEGS1	DEGS1	0.45609239119019107	2367.0	0.10020516857011	-0.10020516857011	1.70175716084884e-05	6606.0	37.202883857158945	0.04	0.44330389745235366	0.4744640234319727	25	-0.723129071832432
MPST	MPST	0.7212763232881999	2366.0	0.10017276052381402	0.10017276052381402	1.7181269542025099e-07	10768.0	60.645488340655625	0.2	0.8378950429597612	0.7568717877816495	25	-0.9746991423714861
MAP2K1	MAP2K1	0.536353364867429	2365.0	0.100146326961952	-0.100146326961952	0.0165994541913055	253.0	1.41939844542075	0.04	0.2365447654993781	0.2603380365054198	25	-0.5239281987693202
DDX24	DDX24	0.314482082968802	2364.0	0.100142324597446	-0.100142324597446	0.0007113013329714031	2143.0	12.064886786076377	0.04	0.3143116902683198	0.3520056345499498	25	-0.608425958705735
TYK2	TYK2	0.6491941438607739	2363.0	0.10013159868782699	-0.10013159868782699	0.00169106172080631	6239.0	35.13574405767714	0.12	0.48074051211252233	0.5305046292138976	25	-0.7174469221666964
TAF11	TAF11	0.451073187398142	2362.0	0.10012252940833001	0.10012252940833001	0.000151302832335134	2726.0	15.348653824490254	0.08	0.4773288315931752	0.7237747948384567	25	-0.5211652918488767
BTG4	BTG4	0.9236018947897909	2361.0	0.100007065809816	0.100007065809816	0.0186249276446258	16671.0	93.89433367128534	0.4782608695652174	2.62869098119034	2.45904265006422	23	-1.0283204788312579
FRS3	FRS3	0.6473238001409071	2360.0	0.0999995507640188	0.0999995507640188	2.24985344989718e-09	11399.0	64.19961698772107	0.36	0.9997554945458549	0.9615214721095194	25	-0.9357627155302382
RUFY1	RUFY1	0.343324242111422	2359.0	0.0999868961691446	0.0999868961691446	0.00524416961517008	37.0	0.2027712064886786	0.08	0.32479898697232895	0.5677296878927849	25	-0.3959843841135182
FYTTD1	FYTTD1	0.42332364924884497	2358.0	0.0998062783737334	-0.0998062783737334	3.1681787636896895e-07	7837.0	44.13653261236904	0.08	0.5661016466145029	0.5071785251588894	25	-0.9193909937229461
TXLNB	TXLNB	0.7846120167709809	2357.0	0.0997934066737825	0.0997934066737825	1.472573866175335e-07	11943.0	67.26371521910555	0.375	1.1918336245899808	1.4538891424301863	24	-0.7511165645620306
IST1	IST1	0.42298167868377	2356.0	0.0997483137782926	-0.0997483137782926	8.61313835478985e-06	801.0	4.506026810859525	0.12	0.38075659931496697	0.5528554891837971	25	-0.5082852409615001
TRNT1	TRNT1	0.5315682703834089	2355.0	0.0997469735174348	0.0997469735174348	9.296149886649829e-05	8830.0	49.72963839134842	0.12	0.5933647714587146	0.4948906233426943	25	-0.9974280672508659
PRKACB	PRKACB	0.7262267872923911	2354.0	0.0997128106122358	-0.0997128106122358	0.0037542167162241398	2774.0	15.619015433141826	0.08	0.5366778275411193	0.8879848867754432	25	-0.4920860967754114
VNN1	VNN1	0.8591979969595	2353.0	0.0996147821579797	-0.0996147821579797	1.2178848782991179e-05	13546.0	76.29266644136533	0.5	1.9959058200825897	2.2709015626279307	24	-0.8350388537890588
LAG3	LAG3	0.8040713409787079	2352.0	0.0995727315692467	0.0995727315692467	0.000518984439769478	13115.0	73.86504449701475	0.4166666666666667	1.2595218241291175	1.6829865771648433	24	-0.6892206440017599
DAB1	DAB1	0.569440962946655	2351.0	0.0995385302242818	0.0995385302242818	0.0058059912344132205	2729.0	15.365551425030977	0.08	0.5067748881224892	0.8434604684465142	25	-0.4828161759000459
MSRB2	MSRB2	0.4397788126619871	2350.0	0.0991822811803847	-0.0991822811803847	0.124032402693625	282.0	1.582741917314408	0.08	0.46888843532330354	0.9698462654485749	25	-0.3812007813134402
ELP3	ELP3	0.516491880944441	2349.0	0.0991804163550932	0.0991804163550932	0.00109076662048118	2921.0	16.446997859637264	0.04	0.320351223472807	0.27632499642502506	25	-0.80040101322402
HSF2	HSF2	0.4461239783498929	2348.0	0.0991349807971896	0.0991349807971896	7.85338626470932e-06	6638.0	37.38312492959333	0.08	0.6327622405862852	0.8285783322058721	25	-0.6440275337256928
GPCPD1	GPCPD1	0.719899776539543	2347.0	0.0991341330648144	0.0991341330648144	1.5200457569123303e-07	9179.0	51.69539258758589	0.12	0.6030550657476891	0.5575464164061169	25	-0.9038187993944858
MAP2K4	MAP2K4	0.5750113699161421	2346.0	0.0990120768683679	-0.0990120768683679	0.00278378529916047	2514.0	14.154556719612481	0.08	0.42095958428243485	0.7292941776461114	25	-0.44145081269288755
DPH5	DPH5	0.479729993235733	2345.0	0.0989562814742747	0.0989562814742747	6.34790208014795e-07	8186.0	46.10228680860651	0.04	0.4666206685258692	0.4262713335986842	25	-0.8625125784267127
SLC4A2	SLC4A2	0.40571877647579707	2344.0	0.0989260184366058	-0.0989260184366058	0.000252305185648102	8628.0	48.59186662160639	0.08	0.48706699001622433	0.3818707343970372	25	-1.0164197897816962
JAK3	JAK3	0.826228573484117	2343.0	0.0988023636935207	0.0988023636935207	0.232568218789878	3709.0	20.885434268333896	0.16	0.6172416597818562	1.0373922509855766	25	-0.4997524278745973
WDR7	WDR7	0.590762170422747	2342.0	0.0987973274514517	-0.0987973274514517	0.0136750964201978	2279.0	12.830911343922494	0.0	0.27331366859467715	0.16977054715135476	25	-1.0279541656164877
TNRC6C.AS1	TNRC6C.AS1	0.706329431507383	2341.0	0.0987519672633341	0.0987519672633341	0.001775113804725365	3232.0	18.198715782358907	0.08333333333333333	0.656455969535201	1.2194236872335265	24	-0.4573504747452585
RUFY3	RUFY3	0.47094753698765895	2340.0	0.0987484292638787	-0.0987484292638787	0.0353077239703857	167.0	0.9350005632533513	0.08	0.4579475505105304	0.813275135056502	25	-0.4416698676293558
NEK11	NEK11	0.6301345350854339	2339.0	0.0987457364858876	0.0987457364858876	2.1072079053794603e-06	10054.0	56.623859411963494	0.12	0.7528957237710849	0.7972850059821688	25	-0.820471954667397
ZNF37A	ZNF37A	0.481039764012383	2338.0	0.0987429166866355	-0.0987429166866355	0.00057290836994553	5990.0	33.73324321279711	0.08	0.4434517415529978	0.3976191267772418	25	-0.8669322013261163
ZNF598	ZNF598	0.5579841470754039	2337.0	0.0986592854049891	-0.0986592854049891	4.11310346908979e-07	10540.0	59.361270699560656	0.36	0.7953797407864168	0.5631351893318742	25	-1.2372170458891838
RAPSN	RAPSN	0.794281305436796	2336.0	0.0985298048094573	0.0985298048094573	5.585445368979475e-06	14706.0	82.82640531711164	0.5833333333333334	1.6507877247390204	1.6319982557919968	24	-0.9511394478643383
PPP1R21	PPP1R21	0.300193011976263	2335.0	0.0984876905748493	-0.0984876905748493	0.00212582936433777	4164.0	23.44823701701025	0.08	0.38191824715075084	0.39655319340556494	25	-0.7147352771057627
PPM1K	PPM1K	0.687351770674547	2334.0	0.0984532268507098	-0.0984532268507098	6.446747334409129e-05	5055.0	28.466824377605047	0.12	0.6746990363525499	0.8834825285302416	25	-0.6522435825193743
CBR3	CBR3	0.680412207505277	2333.0	0.0984000683030494	0.0984000683030494	0.006448724432201765	11669.0	65.72040103638616	0.375	1.5375453265132482	2.1156032648447547	24	-0.6802529009690316
LTBP3	LTBP3	0.45956905971340095	2332.0	0.0983963944398267	-0.0983963944398267	0.000180280968873659	9726.0	54.77638841951109	0.32	1.0222183116303654	1.3714237400652192	25	-0.6736225210354063
CHMP7	CHMP7	0.507213976280673	2331.0	0.0983417282915638	0.0983417282915638	0.0163940296988412	1080.0	6.077503661146784	0.04	0.294219341748087	0.29194924474385425	25	-0.6709303654077926
PHF7	PHF7	0.475153238875156	2330.0	0.0983286645369492	-0.0983286645369492	2.8225803364063203e-07	13743.0	77.40227554353947	0.48	1.396986903245579	1.5686910413611206	25	-0.8278610666264856
MPDU1	MPDU1	0.656959914805571	2329.0	0.0983060685561439	0.0983060685561439	0.000581643083653958	1211.0	6.815365551425031	0.0	0.22399452630970537	0.20090142003681996	25	-0.6256225452788042
TRA2A	TRA2A	0.55913036329938	2328.0	0.0983047928389637	0.0983047928389637	0.000452352798531648	10289.0	57.94750478765348	0.16	0.5828537667680378	0.40648128086932334	25	-1.192057289557814
GAS8	GAS8	0.6498123929454019	2327.0	0.0982122644216176	-0.0982122644216176	0.0019069597265596102	3211.0	18.08043257857384	0.04	0.3611878439183836	0.32652094380824115	25	-0.8053865593724547
MAEA	MAEA	0.544469974938685	2326.0	0.0981966102383128	-0.0981966102383128	4.23297282443161e-06	2775.0	15.6246479666554	0.08	0.43669762095079706	0.5372981195524638	25	-0.6300059471535742
CUL4A	CUL4A	0.497230601266527	2325.0	0.0981128687928466	0.0981128687928466	0.000157913813915863	3950.0	22.24287484510533	0.08	0.42819747992726415	0.48130434217754764	25	-0.6858126599087551
IGSF6	IGSF6	0.7607934691356221	2324.0	0.0981073880146575	-0.0981073880146575	0.0635155741221704	10299.0	58.003830122789225	0.20833333333333334	1.2300938443151144	1.8755485182821132	24	-0.6035495457815652
SNRPB	SNRPB	0.42450807465305396	2323.0	0.0979028768792204	-0.0979028768792204	0.02206676170794	230.0	1.2898501746085387	0.04	0.36361123353919117	0.5938941362399326	25	-0.4474002022350746
RASGRP3	RASGRP3	0.737364708715238	2322.0	0.0978344750874617	-0.0978344750874617	0.07324189808237365	2660.0	14.976906612594345	0.16666666666666666	0.7491197304285736	1.3215553637084534	24	-0.4928172312914097
GNA12	GNA12	0.481039764012383	2321.0	0.0978181534683543	-0.0978181534683543	7.46488872585583e-10	9177.0	51.68412752055875	0.12	0.547295865262258	0.38468448140448347	25	-1.1684321399003674
MTMR2	MTMR2	0.424383053889483	2320.0	0.0977902797670399	-0.0977902797670399	0.003953663872815811	1366.0	7.688408246029064	0.04	0.40569117610815036	0.5802425791459865	25	-0.5306416788548776
STIM1	STIM1	0.49575669194087996	2319.0	0.0977050368294063	-0.0977050368294063	0.000153778421208172	7126.0	40.13180128421764	0.12	0.44997635942604064	0.3372068474150077	25	-1.044674286115805
APPL1	APPL1	0.638228316861296	2318.0	0.0976825190853266	-0.0976825190853266	0.0036249440164755203	4697.0	26.450377379745408	0.16	0.5869935142528755	0.8506398209694054	25	-0.5752270033748488
CREB3	CREB3	0.394254058927565	2317.0	0.0976231284333602	0.0976231284333602	0.00044502788923466796	1747.0	9.834403514700911	0.08	0.36889440813531527	0.3039484335923187	25	-0.8924911258658007
DHX58	DHX58	0.7007349428398709	2316.0	0.0976082423749113	0.0976082423749113	0.12303091155871902	1716.0	9.659794975780105	0.08	0.36918268649162295	0.3920544682407974	25	-0.6926956994912052
SRC	SRC	0.65443885059266	2315.0	0.0976045155738713	0.0976045155738713	1.80521642989864e-07	7181.0	40.44159062746423	0.2	0.715460972994136	0.7519554158019458	25	-0.8216663440894735
GPR137C	GPR137C	0.820374064467414	2314.0	0.0975385422534965	0.0975385422534965	9.780193811804011e-05	9465.0	53.30629717246817	0.20833333333333334	0.8554619618583731	1.0291167820973304	24	-0.7364795063007678
LINC00933	LINC00933	0.7946854578694059	2313.0	0.0975335917219496	-0.0975335917219496	0.00275538440007595	6494.0	36.572040103638614	0.16	0.7196651469592469	0.983280195423005	25	-0.6327103486200671
PPP1R1A	PPP1R1A	0.8276630049931191	2312.0	0.0974794294074394	0.0974794294074394	7.257836407451971e-06	15557.0	87.61969133716345	0.625	1.8780474847970992	2.1194715150683447	24	-0.8401000167875543
PSMB4	PSMB4	0.26573686039876504	2311.0	0.0974675394430442	0.0974675394430442	5.987127433260949e-06	3621.0	20.38977131913935	0.16	0.48828864748135525	0.6222726274986107	25	-0.6280544744661513
QTRT1	QTRT1	0.715854564733838	2310.0	0.0974322920809938	0.0974322920809938	0.0142486344095192	2704.0	15.224738087191618	0.12	0.5257236462344399	0.8680933351314237	25	-0.4933701674931136
RAB2B	RAB2B	0.31321620815175	2309.0	0.0974307241974493	-0.0974307241974493	2.1084039097260602e-07	5591.0	31.485862340880928	0.08	0.4569184234069936	0.48011646803982244	25	-0.7487510284269758
NOTCH2	NOTCH2	0.6907678801716329	2308.0	0.0974294237542694	-0.0974294237542694	0.0118219910901101	1403.0	7.896811986031317	0.08	0.4873280824457057	0.8940150977975083	25	-0.4361208883966154
RPS5	RPS5	0.701656978394667	2307.0	0.0973379992959262	-0.0973379992959262	0.0019021486974739102	2613.0	14.712177537456347	0.12	0.4586192433080798	0.6088471293823052	25	-0.5933858050356333
CISD3	CISD3	0.456220543550146	2306.0	0.0973287603089297	-0.0973287603089297	0.0609886979604046	177.0	0.9913258983890954	0.08	0.40346989610977707	0.5898770962688052	25	-0.5189913928465867
METAP2	METAP2	0.392128851204743	2305.0	0.0973153512051099	0.0973153512051099	7.59923590072269e-05	3958.0	22.287935113213923	0.08	0.4797656150548834	0.6967684057107421	25	-0.5488915121799377
SRP14	SRP14	0.319101617849413	2304.0	0.0972381200775179	0.0972381200775179	3.59619292199443e-10	7745.0	43.61833952912019	0.16	0.6260580584597786	0.6430364849470748	25	-0.822379368451831
PRKRA	PRKRA	0.279664394406681	2303.0	0.0972379256210112	0.0972379256210112	2.33285016738532e-06	5651.0	31.823814351695393	0.08	0.4171183012102084	0.38282016148407294	25	-0.8355891558822867
ACTR8	ACTR8	0.24458509200688197	2302.0	0.0971570441868543	0.0971570441868543	0.0124274099117271	3121.0	17.573504562352145	0.04	0.367828369551526	0.7047695205205978	25	-0.3840565141987592
RPL27A	RPL27A	0.517704251422196	2301.0	0.0971563350681316	0.0971563350681316	0.00537218233251343	1946.0	10.955277683902219	0.04	0.34701967103688214	0.3580479957007197	25	-0.6978487213138959
CTXN1	CTXN1	0.749173381562953	2300.0	0.09712215229978301	-0.09712215229978301	3.46325848074002e-08	15278.0	86.04821448687619	0.6666666666666666	1.9353951818816775	1.7288882125498124	24	-1.0632688777898245
ZBED1	ZBED1	0.435683415286935	2299.0	0.0970836194119257	0.0970836194119257	1.1744926269173898e-10	9586.0	53.98783372761068	0.2	0.7032178073352334	0.6119381179786423	25	-0.990515495137799
TRDMT1	TRDMT1	0.7004817937633749	2298.0	0.0968226257007081	-0.0968226257007081	0.0037141869726344296	3661.0	20.615072659682326	0.08	0.597333753527424	1.4361880807456424	25	-0.34849970873373337
RAB11FIP3	RAB11FIP3	0.600169515220468	2297.0	0.0967501494749835	-0.0967501494749835	1.80645407529728e-10	11659.0	65.66407570125041	0.28	0.8149616579398782	0.5619905877604099	25	-1.2779778240184434
NBN	NBN	0.63517697987302	2296.0	0.0967230996213018	0.0967230996213018	6.39007429400416e-06	11271.0	63.47865269798355	0.12	0.62070005197588	0.45730185552832764	25	-1.1458010633900004
COL23A1	COL23A1	0.836805147258317	2295.0	0.096708427151659	0.096708427151659	3.8780622002677257e-07	15855.0	89.29818632420863	0.5833333333333334	1.7113230862921773	1.7009083390212913	24	-0.949266119813119
KIAA0586	KIAA0586	0.45325770135779003	2294.0	0.0966919635564493	0.0966919635564493	0.004264092473269089	5662.0	31.885772220344712	0.0	0.4046943040365265	0.27965664275969027	25	-1.1013589287229788
LAPTM4A	LAPTM4A	0.459487104936382	2293.0	0.0966727590475052	-0.0966727590475052	1.83282376673538e-08	8454.0	47.611805790244446	0.08	0.48936648442073244	0.3943182458859098	25	-0.9958801791962916
DRG2	DRG2	0.545999482399171	2292.0	0.0966515697304073	-0.0966515697304073	0.0064522988344137	376.0	2.112200067590402	0.04	0.31809338185076913	0.5922886375968447	25	-0.37387482734573657
PI4KB	PI4KB	0.327610683903701	2291.0	0.0966494918191031	-0.0966494918191031	0.0026835003255489803	826.0	4.646840148698885	0.08	0.3346362637524003	0.3238982126094215	25	-0.73475790439226
SHB	SHB	0.470388412884665	2290.0	0.096625455259428	-0.096625455259428	0.0414496956104784	1530.0	8.612143742255265	0.04	0.27832956948272036	0.2394962419515755	25	-0.7586929662972819
RPL23A	RPL23A	0.630089137765948	2289.0	0.0965072041934803	0.0965072041934803	1.0740762471614e-05	7232.0	40.72884983665652	0.16	0.6886281761583856	0.7626798132690532	25	-0.7763690105116505
ELP4	ELP4	0.529732134174171	2288.0	0.0965004282420101	-0.0965004282420101	3.89936121097215e-06	5076.0	28.58510758139011	0.08	0.5112623377950188	0.6946137816754608	25	-0.5971115467253928
PARP8	PARP8	0.609117384146245	2287.0	0.0964969783634449	0.0964969783634449	0.0016798642216659901	5222.0	29.407457474371974	0.12	0.6643565299272034	1.2107111832522723	25	-0.46902974005604386
EPS15	EPS15	0.35787365645489	2286.0	0.0964695589796597	-0.0964695589796597	5.984792876253629e-05	7239.0	40.768277571251545	0.08	0.48225726960947457	0.3636952092963641	25	-1.0607445486460843
NRBF2	NRBF2	0.270701842771685	2285.0	0.0964172145554831	-0.0964172145554831	4.10948093360223e-06	8133.0	45.80376253238706	0.12	0.6009980716914578	0.7176572686215008	25	-0.7030944702966498
ITSN1	ITSN1	0.40414386889563597	2284.0	0.0963751997242786	0.0963751997242786	0.00568876176942775	2102.0	11.833952912019825	0.04	0.3198649515500475	0.3617646848939609	25	-0.6177765856036428
NFX1	NFX1	0.305704672139023	2283.0	0.0963314979093902	-0.0963314979093902	0.000175840575988678	3527.0	19.860313168863357	0.12	0.4242963137359904	0.40814357239437066	25	-0.8035525682852176
STAT1	STAT1	0.787256813533574	2282.0	0.0962602669094477	0.0962602669094477	1.1410797396430001e-06	9020.0	50.79981975892756	0.24	0.7547018070922573	0.9173655717584994	25	-0.7177526173351395
MORN3	MORN3	0.832894300195984	2281.0	0.0962576200996675	0.0962576200996675	0.0002850034349843535	9139.0	51.470091247042916	0.16666666666666666	0.6178011847540262	0.5465197606872868	24	-0.9542995554240915
CDC40	CDC40	0.44108202473550295	2280.0	0.0962003980332422	0.0962003980332422	0.000686141179064858	7374.0	41.52866959558409	0.04	0.40167598790038717	0.3639000592610521	25	-0.8394491347087277
ABHD17B	ABHD17B	0.523538612768637	2279.0	0.0961976746735016	-0.0961976746735016	0.0023125286285956698	2894.0	16.294919454770756	0.12	0.42644907685712774	0.6302931937356522	25	-0.5239647285833378
ALDH3A2	ALDH3A2	0.6985362969977571	2278.0	0.0961484880770627	-0.0961484880770627	1.27993609336166e-07	7173.0	40.39653035935564	0.12	0.5637599101555981	0.5014378577657664	25	-0.932541121171126
CWC22	CWC22	0.378108609201171	2277.0	0.0960433470149877	0.0960433470149877	0.00018940021354237	6199.0	34.91044271713416	0.12	0.5371581067381096	0.6195933292915662	25	-0.7119423965191587
NMRK2	NMRK2	0.9330238658138951	2276.0	0.0960250577923529	0.0960250577923529	4.3823576670183004e-05	17563.0	98.91855356539371	0.7391304347826086	3.0072695000147798	2.139924601131085	23	-1.3604425317993216
SGTB	SGTB	0.596898151861002	2275.0	0.0960241375362217	-0.0960241375362217	0.10803233785202	2320.0	13.061845217979046	0.04	0.3863758997364812	0.467275281439496	25	-0.6213719700853789
MIR99AHG	MIR99AHG	0.7921116430351841	2274.0	0.0960105928560541	-0.0960105928560541	0.00652830066062552	4811.0	27.092486200292893	0.3333333333333333	1.0425777699507568	1.495765952555193	24	-0.6328310759298252
MDFIC	MDFIC	0.712323805272321	2273.0	0.0959813553427275	0.0959813553427275	0.0193647821697429	2524.0	14.210882054748225	0.08	0.5927837676890197	0.9500286756081603	25	-0.5229341230445118
CHN2	CHN2	0.627858067189188	2272.0	0.0959358932110823	0.0959358932110823	0.06185693019197265	861.0	4.843978821673989	0.125	0.40692021994601335	0.49475132793321563	24	-0.6285669369176701
FAM171A2	FAM171A2	0.8508710647109151	2271.0	0.0959096613508245	0.0959096613508245	7.304720986051975e-13	15163.0	85.40047313281514	0.6666666666666666	1.9544054624272151	1.865046781978497	24	-0.996487497812169
ESRRB	ESRRB	0.8254802902311259	2270.0	0.0959047195123236	0.0959047195123236	0.0907551908476699	8292.0	46.69933536104539	0.16666666666666666	0.673308119153312	0.8570908849650569	24	-0.6736781475216934
NAGK	NAGK	0.6306006395249549	2269.0	0.0958671395110538	0.0958671395110538	0.0185916165480957	94.0	0.5238256167624197	0.08	0.3821442668779318	0.6643012068277153	25	-0.4309447648514105
HERC2P10	HERC2P10	0.761639776502865	2268.0	0.0957810830337867	-0.0957810830337867	0.0219575623164487	1869.0	10.521572603356988	0.12	0.46051897066584757	0.5263356644007484	25	-0.692975818097616
SHISA7	SHISA7	0.9020705836059371	2267.0	0.0956437249263074	0.0956437249263074	6.146855913268504e-06	15360.0	86.5100822349893	0.5833333333333334	1.7924536823408774	1.439497357941234	24	-1.1787516997192298
PLA2G6	PLA2G6	0.5971532576229761	2266.0	0.0956119504154167	0.0956119504154167	1.6992173379545401e-06	9534.0	53.69494198490481	0.28	0.8186826526913102	0.8521681125004378	25	-0.848507109887337
UTS2	UTS2	0.71781604036569	2265.0	0.0955826498815336	0.0955826498815336	1.904863042958455e-05	8440.0	47.53295032105441	0.20833333333333334	0.8795740087522299	1.1327582366342517	24	-0.6921082835823454
PDCD2	PDCD2	0.155139857487801	2264.0	0.0955530594227331	0.0955530594227331	0.000265394456654763	4008.0	22.569561788892646	0.08	0.3807052629317695	0.41144169919643075	25	-0.6930561585419148
RABGEF1	RABGEF1	0.41137012018255	2263.0	0.0955518961515392	-0.0955518961515392	0.000255694233002587	3108.0	17.50028162667568	0.08	0.4793127123839692	0.7705176280024627	25	-0.49805585529213026
KIF7	KIF7	0.7223165059247071	2262.0	0.0954854249359612	0.0954854249359612	4.03864965649717e-08	10646.0	59.95831925199955	0.24	0.8208723806126517	0.797877183483281	25	-0.909146132628933
NCOA3	NCOA3	0.582373515330618	2261.0	0.0954348070725882	0.0954348070725882	0.000349694062158761	4942.0	27.83034809057114	0.08	0.5281154561561151	0.6870863249401583	25	-0.6297325872716374
PJA1	PJA1	0.448166730061032	2260.0	0.0953702308703705	0.0953702308703705	0.000255754019260896	4107.0	23.12718260673651	0.12	0.44920982714107793	0.6271726681474896	25	-0.5641821052499955
C12orf29	C12orf29	0.574379443085211	2259.0	0.0952041337855047	0.0952041337855047	1.63018623805249e-07	9569.0	53.89208065787991	0.08	0.6235365600837857	0.5094361335204577	25	-1.0370925647681102
MED11	MED11	0.68038538839433	2258.0	0.0951002764206427	-0.0951002764206427	7.561614783901741e-05	4598.0	25.892756561901543	0.12	0.5311851452793218	0.6589359189083338	25	-0.6618016355537966
ZNF777	ZNF777	0.49002233946126295	2257.0	0.0950885746681352	-0.0950885746681352	1.44719618496908e-08	8370.0	47.1386729751042	0.36	0.8565850036141437	0.7551606710944124	25	-1.008389946794255
LFNG	LFNG	0.6898803788037691	2256.0	0.0949980214124726	0.0949980214124726	0.0017637031174049052	6017.0	33.88532161766362	0.08333333333333333	0.5490239136604306	0.8605865656626959	24	-0.5275772483135787
CCDC142	CCDC142	0.32706065645082105	2255.0	0.0949765608212589	0.0949765608212589	0.0185050697500676	770.0	4.331418271938718	0.04	0.2970303029067179	0.4377897959859852	25	-0.4615314105948857
AMD1	AMD1	0.5436709503300511	2254.0	0.0949436456541415	-0.0949436456541415	0.00687614119466404	3880.0	21.84859749915512	0.08	0.45036270686608115	0.6768344736073464	25	-0.5251196194508996
TMEM161A	TMEM161A	0.6062920265145529	2253.0	0.0948707297728563	-0.0948707297728563	0.0169672630813975	2557.0	14.39675566069618	0.04	0.4121309841129869	0.6277444043833265	25	-0.5053971841482134
RPL18	RPL18	0.6004972904949649	2252.0	0.0947113582531063	-0.0947113582531063	0.0223372536029941	2238.0	12.599977469865944	0.04	0.3459430060720202	0.3792304979347367	25	-0.6624774357207669
MFGE8	MFGE8	0.687270175854131	2251.0	0.0946463150230625	-0.0946463150230625	1.8233255561532396e-09	13744.0	77.40790807705305	0.44	1.6533378748474283	2.1925331143135995	25	-0.7109090164470944
SCAF8	SCAF8	0.46476502736246206	2250.0	0.0945618497223	0.0945618497223	0.00199353999992555	72.0	0.3999098794637828	0.04	0.29755813842822454	0.3174462645781884	25	-0.6394666164229683
PSTPIP2	PSTPIP2	0.7971895100216779	2249.0	0.0945506983399391	-0.0945506983399391	0.0011881474200087475	6736.0	37.93511321392362	0.125	0.7214116742025364	0.9189704307039113	24	-0.682134000092294
RRP1B	RRP1B	0.297279430282427	2248.0	0.0945222281041929	0.0945222281041929	0.00527418720317808	3209.0	18.069167511546695	0.12	0.43831280651063254	0.5667405096683518	25	-0.6066102079197071
CCDC191	CCDC191	0.521522036983476	2247.0	0.0945156081492312	-0.0945156081492312	4.45374497467716e-06	8003.0	45.07153317562239	0.08	0.5749135643041164	0.6481200385704268	25	-0.7412175639785957
PTBP1	PTBP1	0.257398761544996	2246.0	0.094449280709734	-0.094449280709734	5.30007689334226e-07	10194.0	57.41241410386392	0.16	0.5968751483304795	0.42407484935532486	25	-1.1847575218962625
GGA3	GGA3	0.45075673900471797	2245.0	0.094380914061982	-0.094380914061982	0.0008967984951188131	4053.0	22.823025797003492	0.08	0.4225493533178909	0.49971647893982735	25	-0.6567092603232418
CYP2F1	CYP2F1	0.92036863830035	2244.0	0.0943520081327472	-0.0943520081327472	0.19788258453401697	8479.0	47.75261912808381	0.3333333333333333	0.969333541619135	1.1637243492118796	24	-0.7518804037046746
NOL12	NOL12	0.540383825148435	2243.0	0.0942137607247926	0.0942137607247926	0.000440506867304286	1984.0	11.169313957418046	0.04	0.3350558134336852	0.40069419063148726	25	-0.6010620027441116
R3HDM2	R3HDM2	0.35729591977154607	2242.0	0.0942004105153006	-0.0942004105153006	0.00052995405176186	3821.0	21.51627802185423	0.12	0.3736712563180012	0.34515707722204	25	-0.8096917729515848
WDR5	WDR5	0.418848261537479	2241.0	0.0941521434119343	-0.0941521434119343	1.1279689187201801e-05	6078.0	34.22890616199166	0.08	0.4872931783899388	0.6023755210785825	25	-0.6526510809636927
EGFLAM	EGFLAM	0.869953979562786	2240.0	0.0940286600268854	-0.0940286600268854	0.0350455041223543	8848.0	49.83102399459276	0.2	0.8582392773147469	0.9426463154442805	25	-0.8107076904317819
LPCAT1	LPCAT1	0.6898803788037691	2239.0	0.0939498609157034	0.0939498609157034	5.97229904244522e-06	9116.0	51.3405429762307	0.2	0.690550540895716	0.6866711439766553	25	-0.8688302766371891
KCNJ10	KCNJ10	0.9036534551980341	2238.0	0.0938809716926646	0.0938809716926646	1.1506900868247168e-07	15880.0	89.43899966204799	0.625	1.9990024337240049	1.8904245951150007	24	-1.0077743735213336
NAA10	NAA10	0.587807124009777	2237.0	0.0937909105067804	0.0937909105067804	0.00902729767748475	63.0	0.34921707784161315	0.08	0.35499848541813256	0.4862385025479794	25	-0.537200516912125
COMMD1	COMMD1	0.37800814722808895	2236.0	0.0937040091799434	-0.0937040091799434	1.2823571288933e-05	4096.0	23.065224738087192	0.04	0.3969967429865733	0.4183073916097052	25	-0.7250475126425979
DLEU2	DLEU2	0.625384808083903	2235.0	0.09369353277662999	0.09369353277662999	0.0001896957241967595	16256.0	91.55683226315196	0.5833333333333334	2.091761766777239	2.0651895963911384	24	-0.9674986923680896
DPH7	DPH7	0.48923581647311404	2234.0	0.0936448826285136	-0.0936448826285136	0.00044977189812068	1826.0	10.27937366227329	0.08	0.3946730348438478	0.5505370649463931	25	-0.5467899826956173
NFKBIL1	NFKBIL1	0.500066939878505	2233.0	0.0936438547516118	-0.0936438547516118	0.000245117920539734	5823.0	32.79261011603019	0.24	0.7115540856204872	0.7578810744977207	25	-0.8153129186902973
ZNF362	ZNF362	0.631969963805918	2232.0	0.0936215543596323	0.0936215543596323	6.275000230193799e-08	8303.0	46.761293229694715	0.16	0.6968780748481092	0.7639590719488222	25	-0.7896450773856236
TCEANC	TCEANC	0.6950933343053439	2231.0	0.0935571529164439	0.0935571529164439	0.0022320284090809	2485.0	13.991213247718823	0.04	0.482686343648046	0.6398704938591498	25	-0.6081374191591625
RPL12	RPL12	0.6004972904949649	2230.0	0.0934680124497416	-0.0934680124497416	1.6456050131142302e-07	8621.0	48.55243888701138	0.04	0.44034116564009707	0.2920787643475454	25	-1.187601412807985
AGFG2	AGFG2	0.706970717306106	2229.0	0.0934261620477322	0.0934261620477322	0.0069732464434455205	4422.0	24.90143066351245	0.08	0.3774671687328501	0.362637999559974	25	-0.7832632184982656
KMT5A	KMT5A	0.403901639896271	2228.0	0.0934212510483425	-0.0934212510483425	7.668577838053691e-05	1490.0	8.38684240171229	0.08	0.3891620797492705	0.5699933410854084	25	-0.5188496204846257
SMIM3	SMIM3	0.7246570558991089	2227.0	0.0934189018025726	-0.0934189018025726	0.0020956560434300412	6206.0	34.94987045172918	0.125	0.6927428092238522	1.1621068005850572	24	-0.5157218829797338
PDE6D	PDE6D	0.12354837696146499	2226.0	0.0933581823050951	0.0933581823050951	2.36780626655798e-05	3935.0	22.15838684240171	0.08	0.3918887029612073	0.39210833464313566	25	-0.7613470418266161
PLBD2	PLBD2	0.579236722135028	2225.0	0.0932899876586497	0.0932899876586497	0.00161971445499586	2793.0	15.726033569899739	0.24	0.535624346530314	0.6799887388514292	25	-0.6505024768775031
CSNK2A2	CSNK2A2	0.5174550304834279	2224.0	0.0932881904852767	-0.0932881904852767	7.02609860813218e-05	4882.0	27.492396079756674	0.08	0.46248170197193145	0.511840282712056	25	-0.7213060869895435
PLSCR1	PLSCR1	0.661955799411382	2223.0	0.093245923050914	0.093245923050914	1.45212243790328e-09	10985.0	61.86774811310127	0.36	0.8877089959471576	0.7825471299732829	25	-1.0152271249443692
CEP72	CEP72	0.7121383377727979	2222.0	0.0931927025913692	0.0931927025913692	5.38157541635028e-05	5017.0	28.25278810408922	0.16	0.5133820648986651	0.7354681309611246	25	-0.5713223246780034
BOD1L1	BOD1L1	0.364876233296521	2221.0	0.0930136280892779	0.0930136280892779	0.0012540542152896	3198.0	18.007209642897376	0.08	0.4664545873998013	0.6271148125606489	25	-0.5954905733858862
CNDP2	CNDP2	0.696826119346002	2220.0	0.093006731884052	0.093006731884052	1.5974662082264098e-05	4066.0	22.89624873267996	0.12	0.47516576786561154	0.46662020423765893	25	-0.8189937609022141
CABIN1	CABIN1	0.51068954917346	2219.0	0.0929350411934313	-0.0929350411934313	1.9408409266152e-06	7282.0	41.010476512335245	0.08	0.488231938273111	0.3467117603872425	25	-1.140131204774169
DCDC2B	DCDC2B	0.7303264668112591	2218.0	0.0927948203896381	-0.0927948203896381	0.0133923530896254	3230.0	18.187450715331757	0.08	0.4224790225093985	0.46158185906500243	25	-0.7142486119094479
U2AF2	U2AF2	0.540287264023848	2217.0	0.0927608261388763	0.0927608261388763	5.980484400248411e-08	8720.0	49.11005970485524	0.32	0.7537834482455196	0.6363067185147896	25	-1.0388427512592409
PUM2	PUM2	0.418842082991711	2216.0	0.0926857681761708	0.0926857681761708	0.000222512049831873	5754.0	32.40396530359355	0.08	0.44562179721926376	0.4334114424396985	25	-0.8143209765215134
SELENOT	SELENOT	0.451632045142766	2215.0	0.0925704393839355	0.0925704393839355	8.10449145025135e-08	10431.0	58.74732454658105	0.16	0.691387908543555	0.5781118595578413	25	-1.035815922575286
ATXN3	ATXN3	0.44230396402309	2214.0	0.0924752739728442	-0.0924752739728442	0.0005452703036955781	3426.0	19.29142728399234	0.08	0.413645997353577	0.43229963462246357	25	-0.7429354495319386
KLC4	KLC4	0.6102396821881341	2213.0	0.0924642625044228	0.0924642625044228	0.0136915068904221	1069.0	6.015545792497465	0.04	0.2537590074064995	0.24592667525588635	25	-0.6558651871914656
FEM1B	FEM1B	0.49002233946126295	2212.0	0.0923993961118642	0.0923993961118642	0.0314502481917255	2080.0	11.710037174721188	0.08	0.3803632066978407	0.4076926346986023	25	-0.7063257613149216
PKD2L2	PKD2L2	0.58618433862496	2211.0	0.0923487506769068	0.0923487506769068	0.00245932580474438	3242.0	18.25504111749465	0.08	0.350517237340722	0.3291264338790397	25	-0.7844052014330063
TRIM4	TRIM4	0.407746899447915	2210.0	0.0922782853330435	0.0922782853330435	1.25060200139738e-06	5423.0	30.539596710600428	0.12	0.6183053608302389	0.8635734917814609	25	-0.6091283260814978
KRI1	KRI1	0.727151864300934	2209.0	0.0922682264916411	0.0922682264916411	0.00211844484568203	4268.0	24.03402050242199	0.04	0.3411373148589371	0.3184361305585991	25	-0.7815353362406806
APPBP2	APPBP2	0.50268101604614	2208.0	0.0922479717171683	0.0922479717171683	4.41183598462375e-05	4789.0	26.968570462994254	0.0	0.3390119428755864	0.2113930876785236	25	-1.1673228007042729
NR0B2	NR0B2	0.905308288071411	2207.0	0.0922287185934176	-0.0922287185934176	0.00120476662380157	15446.0	86.9944801171567	0.6521739130434783	2.0754710680699997	1.706777917911035	23	-1.1619803189766589
NAPSB	NAPSB	0.758146957233354	2206.0	0.0922185536075191	0.0922185536075191	0.0004088243161800305	13333.0	75.09293680297397	0.375	1.402022749693933	2.1179650962499306	24	-0.6184257702856168
TAZ	TAZ	0.649210137603582	2205.0	0.0920475188450452	0.0920475188450452	0.0027101968630946303	3171.0	17.855131238030868	0.12	0.5493251955360123	0.8253110361743842	25	-0.5540670809524308
METTL25	METTL25	0.448360985760692	2204.0	0.0919943636563486	-0.0919943636563486	0.0009080212409456039	5779.0	32.54477864143291	0.08	0.443150110369194	0.403732256513846	25	-0.8697738192757024
RALGAPA2	RALGAPA2	0.661783556313103	2203.0	0.0919461310936875	-0.0919461310936875	2.0954854329319802e-07	6388.0	35.97499155119973	0.16	0.5569966456954045	0.510671692852088	25	-0.9106643683428429
DHRS1	DHRS1	0.520225666552006	2202.0	0.0919142752266906	-0.0919142752266906	0.0393574927301225	1587.0	8.933198152529007	0.16	0.5273355679157385	0.8301819834760779	25	-0.5244889691123908
BABAM1	BABAM1	0.566426601564447	2201.0	0.0919022622666818	-0.0919022622666818	0.00628952123109589	161.0	0.901205362171905	0.08	0.29380211648901766	0.38007452862146784	25	-0.5312112204799085
DHRS7B	DHRS7B	0.600870878591351	2200.0	0.0918638410903125	-0.0918638410903125	3.82194553994735e-06	6527.0	36.75791370958657	0.04	0.45409600470335065	0.32517612644202104	25	-1.1139568195748966
ACOT8	ACOT8	0.481117079099372	2199.0	0.0918527245294017	-0.0918527245294017	0.00175105409713261	1252.0	7.046299425481582	0.04	0.2814690306105562	0.28614171192288773	25	-0.6626657288338801
VEGFA	VEGFA	0.8385053017184109	2198.0	0.0918174506865206	0.0918174506865206	0.000438802521968762	8659.0	48.7664751605272	0.12	0.9049531130131033	1.5658496311521448	25	-0.5192935810370766
NECAP1	NECAP1	0.298376655183328	2197.0	0.0917837460622322	0.0917837460622322	0.00017218811077288401	4677.0	26.337726709473923	0.08	0.4394113522427634	0.48244523270885137	25	-0.7205535107656859
ZNF185	ZNF185	0.6455811282272	2196.0	0.0917754087759159	-0.0917754087759159	0.00612615724047556	3389.0	19.083023543990087	0.08	0.6620804008662433	1.1139931974972628	25	-0.5119465660756234
SUGP1	SUGP1	0.541436377479309	2195.0	0.0917037926532235	-0.0917037926532235	0.0017636768238189899	544.0	3.058465697870902	0.04	0.2787381589001583	0.28936977805603314	25	-0.6463507264076408
RETSAT	RETSAT	0.470748792570235	2194.0	0.0916523633037171	-0.0916523633037171	0.00313557550413143	898.0	5.052382561676242	0.04	0.41228250392697197	0.674287387447478	25	-0.4755096218498224
TMCO2	TMCO2	0.955406750590399	2193.0	0.0915420035957299	-0.0915420035957299	0.06190114146015315	15885.0	89.46716232961586	0.5	2.084389397084423	1.7223020562166655	22	-1.1570835593533035
FGFRL1	FGFRL1	0.692723767141597	2192.0	0.0913813319291814	0.0913813319291814	0.00195795159484632	6932.0	39.039089782584206	0.24	0.6408660282728014	0.7290612051662231	25	-0.7536880202236788
LDLRAP1	LDLRAP1	0.61158744510128	2191.0	0.0913545365777979	-0.0913545365777979	0.00241432901016402	834.0	4.6919004168074805	0.12	0.4886834699043231	1.0071205164077468	25	-0.3945197489807278
TOP3B	TOP3B	0.549088465519603	2190.0	0.09131225080894001	-0.09131225080894001	1.38285944551088e-05	5212.0	29.351132139236228	0.04	0.4090992762554283	0.41139594534410395	25	-0.7724602759044736
TCHH	TCHH	0.755161155197312	2189.0	0.0911653502711783	-0.0911653502711783	2.1384956574515217e-05	14230.0	80.14531936465022	0.5833333333333334	1.5047393231114639	1.210558747309868	24	-1.1677037367922563
ZNF329	ZNF329	0.556337490676159	2188.0	0.0910899394272792	-0.0910899394272792	0.0051381909116074796	1345.0	7.570125042244001	0.12	0.40538316465694635	0.4279375174158286	25	-0.7344371840253192
GCSAM	GCSAM	0.7670408497139231	2187.0	0.0910693113180992	-0.0910693113180992	2.311978485637635e-05	10987.0	61.87901318012842	0.20833333333333334	1.0975100750193794	1.5923420381539413	24	-0.6320506144949126
ZNRD1	ZNRD1	0.38304109179859896	2186.0	0.09102641907179199	0.09102641907179199	1.9470957567905602e-05	4753.0	26.765799256505577	0.16	0.42100872106259596	0.41705297367263283	25	-0.7912239519237302
CHRM5	CHRM5	0.8093263844764659	2185.0	0.0909554710591692	-0.0909554710591692	0.0003468508533097154	12446.0	70.09687957643348	0.2916666666666667	0.8207717251514587	0.5848284950206033	24	-1.2479150046657324
COX5B	COX5B	0.5832719006313729	2184.0	0.0909268988459598	0.0909268988459598	8.17931750120952e-06	6333.0	35.665202207953136	0.12	0.5122395475068039	0.5118530982068007	25	-0.8231124323303869
TSG101	TSG101	0.294838300389613	2183.0	0.0908593543869901	0.0908593543869901	1.45348792874744e-06	6734.0	37.92384814689647	0.04	0.4048469700356736	0.3231268147762205	25	-0.9717163704477255
ABHD18	ABHD18	0.5499060605559211	2182.0	0.0907820046057677	0.0907820046057677	0.000184502510710012	4847.0	27.29525740678157	0.08	0.44687099139835673	0.4020377755447288	25	-0.8857102701608504
GLA	GLA	0.7418950171742029	2181.0	0.0907799506292559	-0.0907799506292559	0.000309451146869991	3886.0	21.88239270023657	0.08	0.5362889320172591	0.801169355251035	25	-0.5560734175215791
USP8	USP8	0.384530141643806	2180.0	0.0907478193947395	0.0907478193947395	0.0010914876330999901	5784.0	32.57294130900078	0.08	0.4628015225470443	0.40642647663399534	25	-0.9154268349681246
FUT10	FUT10	0.70209879033344	2179.0	0.090672742563816	0.090672742563816	0.0193859593439574	960.0	5.401599639517856	0.08	0.3610594500420978	0.6083719239234829	25	-0.444443106010739
SHANK1	SHANK1	0.8481016858392321	2178.0	0.0906596383141842	0.0906596383141842	4.578722159233711e-12	16396.0	92.34538695505238	0.8333333333333334	2.5220681141475287	1.9982702610057068	24	-1.2167565735625991
KCNRG	KCNRG	0.72767738463926	2177.0	0.0906408495164553	0.0906408495164553	0.012486029682837001	3735.0	21.03188013968683	0.04	0.4042037869282657	0.4141496715038633	25	-0.7571246797641983
XKR4	XKR4	0.87374767268309	2176.0	0.090578794419655	0.090578794419655	0.01237083736626447	8555.0	48.18069167511546	0.20833333333333334	0.9534514017085777	1.1282232304002513	24	-0.7648066304952857
ENO1.AS1	ENO1.AS1	0.8979414223921329	2175.0	0.0905543147818918	0.0905543147818918	0.001966441696258826	15979.0	89.99662047989185	0.5416666666666666	1.784417087026209	1.4458660780687467	24	-1.1715212065192244
ARID1B	ARID1B	0.598697768360347	2174.0	0.09054229773248401	-0.09054229773248401	3.41284631234304e-06	5293.0	29.807367353835755	0.12	0.5086089930114285	0.5065139743195504	25	-0.825380377393485
SLC4A1AP	SLC4A1AP	0.29807982672689004	2173.0	0.0904222234374295	0.0904222234374295	0.00016841260879585902	5749.0	32.37580263602568	0.08	0.393043003328075	0.4165382016833636	25	-0.7265138675580259
ZCCHC8	ZCCHC8	0.20116406515670102	2172.0	0.0903209354402543	0.0903209354402543	0.005823446265935429	1978.0	11.1355187563366	0.08	0.40465757232032146	0.5092227726214421	25	-0.6172870770525145
PICK1	PICK1	0.5878290425846291	2171.0	0.0903174085811981	-0.0903174085811981	0.0019788881102863697	5187.0	29.21031880139687	0.08	0.4799664270706636	0.47098673463070057	25	-0.8273035944313555
C2orf42	C2orf42	0.5353793732921129	2170.0	0.0903109653689797	0.0903109653689797	0.0019863294600953	1352.0	7.609552776839022	0.04	0.3659190173217373	0.5584310560958596	25	-0.49353997945531
RNF144A	RNF144A	0.758146957233354	2169.0	0.0902587014040679	0.0902587014040679	0.0210919815309262	5466.0	30.781795651684128	0.16	0.807674936256773	1.5707913136115208	25	-0.4567228177518
STUB1	STUB1	0.592621856275616	2168.0	0.09024076754332401	0.09024076754332401	0.000410862937826546	3390.0	19.08865607750366	0.0	0.3493266839212081	0.264399942861667	25	-0.9799015596362545
LARGE.AS1	LARGE.AS1	0.8986631628049129	2167.0	0.0902234471186715	0.0902234471186715	0.0398727622084702	12854.0	72.39495324997183	0.375	1.1999973638087778	1.12346292364127	24	-0.9878153460491635
SLC6A7	SLC6A7	0.874227701480717	2166.0	0.0902217470014623	-0.0902217470014623	4.849713247155934e-06	16752.0	94.35056888588487	0.7083333333333334	1.9896000870496182	1.2550428288973963	24	-1.5133972294131455
RBL2	RBL2	0.23627699779577	2165.0	0.0900570801402377	-0.0900570801402377	3.6482731473453796e-05	4203.0	23.667905824039654	0.08	0.45216311322980574	0.41734626961136667	25	-0.8676393188484985
SRSF3	SRSF3	0.552695742545675	2164.0	0.0900199481142482	-0.0900199481142482	2.34479211549486e-05	3995.0	22.496338853216177	0.16	0.5557536198781166	0.6971748283143858	25	-0.6680299586976041
FOXN3.AS2	FOXN3.AS2	0.933264517719037	2163.0	0.0899905655025096	0.0899905655025096	0.07175902244406335	13984.0	78.75971612031091	0.375	1.1589143885865225	0.9252173225143943	24	-1.1553218871638484
GPX1	GPX1	0.7454511668999151	2162.0	0.0899582042368398	0.0899582042368398	0.0556916494362836	950.0	5.345274304382111	0.08	0.5847217414747705	1.2143577773371204	25	-0.407428145536205
MMS19	MMS19	0.5572552708216529	2161.0	0.0899508094950865	-0.0899508094950865	0.00057505356310328	281.0	1.5771093838008334	0.04	0.28037415119959924	0.3208487934522262	25	-0.5934986996697759
LRRC58	LRRC58	0.6757605393142021	2160.0	0.0898916969194061	0.0898916969194061	0.00013203757826023502	7492.0	42.19330855018587	0.12	0.6584015188824496	0.8346313162443127	25	-0.6811508397758581
GALC	GALC	0.49778801176457105	2159.0	0.0898765915885439	-0.0898765915885439	0.0035170860266141445	1881.0	10.589163005519882	0.125	0.7303174574781699	1.3394387609624068	24	-0.4781412070152873
GOSR1	GOSR1	0.414580154514699	2158.0	0.0898498854046769	0.0898498854046769	5.4426150449927995e-08	10368.0	58.39247493522586	0.24	0.6289230685855431	0.5368631514249417	25	-1.0041165644355712
ACLY	ACLY	0.552661795975079	2157.0	0.0898491565250704	0.0898491565250704	0.0170748887754983	670.0	3.768164920581277	0.04	0.25315620908487163	0.23192384038725097	25	-0.7041408605821721
ANKS1B	ANKS1B	0.7238615331181981	2156.0	0.0898032675114833	-0.0898032675114833	0.0474888842426635	383.0	2.151627802185423	0.08	0.551460500579618	1.021049396887924	25	-0.452139959609426
TASP1	TASP1	0.303714867098349	2155.0	0.0897602000650508	0.0897602000650508	1.1820054445281898e-08	9186.0	51.734820322180916	0.24	0.7809877576205373	0.8802615835728403	25	-0.7852524413821456
SNHG5	SNHG5	0.7428801166445792	2154.0	0.0897335733171522	0.0897335733171522	0.000730108266083325	13336.0	75.1098344035147	0.4166666666666667	1.4390427232295961	1.79279467451657	24	-0.7526289368726998
ZNF596	ZNF596	0.696001614162665	2153.0	0.0896347223003988	-0.0896347223003988	0.00029138912035184044	5898.0	33.21505012954827	0.0	0.39691072421882456	0.23623054791731674	24	-1.3007462609195475
ZNF32	ZNF32	0.487380358388624	2152.0	0.0896287046750621	0.0896287046750621	4.60661820012698e-05	3115.0	17.5397093612707	0.12	0.713748337159699	1.2550526105235824	25	-0.49728563348772037
QSOX2	QSOX2	0.6281037556886351	2151.0	0.0895309975713895	-0.0895309975713895	0.000148089404683186	7012.0	39.48969246367015	0.08	0.5211946492878199	0.5451231661548915	25	-0.7918644418677618
AP4M1	AP4M1	0.469525823540307	2150.0	0.0894829660334542	-0.0894829660334542	0.0020441992885045198	842.0	4.736960684916076	0.08	0.4400552366994839	0.7512343826480041	25	-0.46666164217658374
CREBRF	CREBRF	0.286153150287005	2149.0	0.0894773725593262	0.0894773725593262	0.00265535258126598	2397.0	13.495550298524275	0.12	0.5402817170735807	0.7533545879156847	25	-0.5983959635282775
LINC01186	LINC01186	0.8941031505334001	2148.0	0.0894681761063717	-0.0894681761063717	0.00292548298844493	10166.0	57.25470316548383	0.2608695652173913	0.8192701486719743	0.778499173764204	23	-0.9374473309160493
LYST	LYST	0.6536926731649539	2147.0	0.0894443652948515	-0.0894443652948515	0.0128212631150935	6529.0	36.769178776613714	0.08	0.4478859956664939	0.4601067061397638	25	-0.7790402217323057
NR6A1	NR6A1	0.755699691917803	2146.0	0.0894280061023218	-0.0894280061023218	0.000177467416324096	10495.0	59.10780669144981	0.28	0.9647355715073411	1.0658016252022107	25	-0.8212668705951264
RXRB	RXRB	0.3437984277963869	2145.0	0.0894064651153712	-0.0894064651153712	0.000158288225830666	2655.0	14.948743945026472	0.08	0.38266670084860593	0.4188161403873318	25	-0.7002123544284139
MSS51	MSS51	0.680896306771256	2144.0	0.0893878586032981	0.0893878586032981	0.04883549454667875	461.0	2.5909654162442264	0.08333333333333333	0.43216078410891723	0.8475287453198371	24	-0.4044381118616393
KXD1	KXD1	0.49379934223388106	2143.0	0.0893406401143532	-0.0893406401143532	0.0013742598546304	925.0	5.204460966542751	0.04	0.3029475550920966	0.4411867030407965	25	-0.4841644444528764
NAIP	NAIP	0.43246890493115797	2142.0	0.0893171736133252	-0.0893171736133252	0.0734857846347717	1930.0	10.865157147685029	0.08	0.37257257115980325	0.4435953596251335	25	-0.638544546060732
CDK20	CDK20	0.621229437193266	2141.0	0.0893085525147305	-0.0893085525147305	0.00023922097180977597	4176.0	23.515827419173146	0.04	0.6636277619532666	1.0889536310747592	25	-0.5274046507119895
SLC20A1	SLC20A1	0.79043056378941	2140.0	0.0892499598491912	-0.0892499598491912	0.00606372197465419	4713.0	26.5404979159626	0.12	0.4593252704728471	0.4349048234420095	25	-0.8509340220573617
FAM174B	FAM174B	0.756140121444178	2139.0	0.0892293999638511	-0.0892293999638511	0.00250389517920011	9837.0	55.40159963951785	0.16	0.639745513395175	0.6367772808708293	25	-0.8645347910001777
FAM209A	FAM209A	0.594081301056991	2138.0	0.0892170393836979	0.0892170393836979	0.000178181280685769	2640.0	14.864255942322856	0.08	0.4413280647931777	0.5224809944766967	25	-0.6739212126981671
IFT140	IFT140	0.784339611526058	2137.0	0.0891921288509669	0.0891921288509669	2.09215538372339e-05	7543.0	42.48056775937816	0.16	0.6522818609430534	0.8777478456807919	25	-0.6415165071186785
ANKRD44.IT1	ANKRD44.IT1	0.9048114130632131	2136.0	0.0891760140199557	-0.0891760140199557	0.0947134922903981	9832.0	55.37343697194998	0.391304347826087	1.1189550540398252	1.3813086981679428	23	-0.7455097049527639
WDR78	WDR78	0.8243949380251641	2135.0	0.0891017616321846	-0.0891017616321846	6.96002730792416e-12	13713.0	77.23329953813224	0.375	1.0115436107686044	0.5247255199197743	24	-1.757951184225712
PCSK5	PCSK5	0.697093169721891	2134.0	0.0890868945916281	-0.0890868945916281	0.0007584096128521985	9060.0	51.02512109947054	0.125	0.6884643305528536	0.9051971062689753	24	-0.6621512947955924
MTIF3	MTIF3	0.484853070258033	2133.0	0.0890528915129131	0.0890528915129131	2.8450049157398795e-08	10614.0	59.77807817956516	0.16	0.6490920857660746	0.5044102060220732	25	-1.1102852154197966
SIRT7	SIRT7	0.5971532576229761	2132.0	0.0890372217545682	0.0890372217545682	0.015255130807865	146.0	0.8167173594682888	0.04	0.3043644942890316	0.3387917829383583	25	-0.6355740705011175
CLASRP	CLASRP	0.522548507441299	2131.0	0.0890304346222936	0.0890304346222936	4.1303080269248206e-05	7261.0	40.89219330855018	0.32	1.042745849535019	1.4860076814614678	25	-0.6417970962133652
MED12	MED12	0.49456379309600107	2130.0	0.0890095961120481	-0.0890095961120481	1.26027879974745e-07	7611.0	42.86358003830122	0.12	0.573481396286507	0.42434001623489387	25	-1.1417066070579565
MAPRE3	MAPRE3	0.722792845535837	2129.0	0.0890082322574039	0.0890082322574039	3.3650388509394697e-06	10088.0	56.815365551425025	0.24	0.7941406329967019	0.8934052115967746	25	-0.7892638095081421
AGBL2	AGBL2	0.847419582662007	2128.0	0.0890074705891138	0.0890074705891138	1.4427806011331787e-05	10203.0	57.463106905486086	0.25	0.8341656493176917	0.9481368190127524	24	-0.7859184073290961
CHD2	CHD2	0.519947389788276	2127.0	0.0889372230236973	-0.0889372230236973	0.00047545050664272	2820.0	15.878111974766249	0.12	0.45693650483577386	0.6050800351319869	25	-0.6081828195369301
PSMD6.AS2	PSMD6.AS2	0.745072324286633	2126.0	0.0889314676075893	-0.0889314676075893	0.0379324123987107	7238.0	40.76264503773797	0.041666666666666664	0.4962841899892521	0.4212323122594036	24	-0.9670500351616107
DESI1	DESI1	0.594629625867173	2125.0	0.0888434273529371	-0.0888434273529371	0.0140974081659228	318.0	1.7855131238030864	0.08	0.3269981333813409	0.48215599633493467	25	-0.49393704078911255
RPRD1B	RPRD1B	0.31944662483430797	2124.0	0.0887230383406852	0.0887230383406852	0.0215900310512613	872.0	4.9059366903233075	0.08	0.36960790859940473	0.44583621909935467	25	-0.6300180609510425
EDIL3	EDIL3	0.896405340425155	2123.0	0.0887159417539471	0.0887159417539471	0.042848841607260796	3680.0	20.722090796440238	0.16666666666666666	0.8232235192729696	1.4495398353315712	24	-0.5067177593991471
OSBPL9	OSBPL9	0.518864870967336	2122.0	0.0886246277779052	0.0886246277779052	2.0402582444928898e-05	3686.0	20.755885997521684	0.04	0.4171332253437045	0.4747264553645948	25	-0.6919955562904143
BRICD5	BRICD5	0.7076846762047041	2121.0	0.08859411471605301	0.08859411471605301	0.000140133879620781	7665.0	43.167736848034245	0.08	0.6705814377487032	0.8850269448052129	25	-0.6575927732468537
SENP6	SENP6	0.542259402262602	2120.0	0.0885376026381244	-0.0885376026381244	0.00875060361031125	1866.0	10.504675002816265	0.08	0.3861981610083759	0.5805606213231748	25	-0.5127122774738727
CHERP	CHERP	0.521522036983476	2119.0	0.0885254976187694	-0.0885254976187694	2.17448062919078e-07	9174.0	51.66722992001802	0.16	0.6431642767898764	0.4541865867576798	25	-1.2211694386012792
IVNS1ABP	IVNS1ABP	0.664069081317615	2118.0	0.0885200699836319	0.0885200699836319	5.50965265397274e-06	3944.0	22.209079644023884	0.12	0.40213131252441625	0.40512293875711997	25	-0.7741137628565661
IL18	IL18	0.752191877789527	2117.0	0.0885091179159194	0.0885091179159194	5.43036966907902e-05	10214.0	57.5250647741354	0.3333333333333333	1.2225228443611338	1.6657178076286903	24	-0.680795823429175
ZPR1	ZPR1	0.529069177603432	2116.0	0.0885041066613304	-0.0885041066613304	0.000494684626532812	2355.0	13.25898389095415	0.0	0.29083655396953745	0.2314625968851318	25	-0.8741474865963713
FAM71D	FAM71D	0.7242520022496021	2115.0	0.08848226352418902	-0.08848226352418902	9.514020573560809e-06	6778.0	38.171679621493745	0.2	0.8374027278482993	1.321150937264205	25	-0.5668697218464301
LINC01089	LINC01089	0.6701953194061879	2114.0	0.0884549916319368	0.0884549916319368	7.82609560631658e-07	7628.0	42.95933310803199	0.08	0.5148520636925801	0.4136435597339456	25	-1.030832130771964
ZDHHC20	ZDHHC20	0.5916558617963471	2113.0	0.0883565221302692	0.0883565221302692	0.00587600760299176	6987.0	39.3488791258308	0.04	0.5134320654679382	0.6191272383951171	25	-0.6865721890051825
RPS20	RPS20	0.7093728121572141	2112.0	0.0882599639852979	-0.0882599639852979	2.9594732141255197e-07	3357.0	18.902782471555707	0.12	0.5161970567071907	0.6800053963176631	25	-0.6293142599150535
ATXN10	ATXN10	0.5513130640373549	2111.0	0.0882500991626256	-0.0882500991626256	1.80715112863356e-06	883.0	4.967894558972626	0.04	0.31248509786990813	0.4661696266753701	25	-0.48101589180419657
GXYLT1	GXYLT1	0.46531280150474197	2110.0	0.0882133501599974	0.0882133501599974	0.0892215062671342	703.0	3.9540385265292324	0.04	0.3370701993026974	0.39339074657958817	25	-0.6325945673771789
RHBDL3	RHBDL3	0.8106677018720959	2109.0	0.0881805001852612	-0.0881805001852612	2.65870246198743e-09	13858.0	78.05001689760053	0.44	1.2903092641611278	1.7956444682682182	25	-0.6694692547546682
RALBP1	RALBP1	0.556824358462001	2108.0	0.0880950719217335	-0.0880950719217335	0.000879041058326365	1983.0	11.163681423904471	0.08	0.34726240189308116	0.412094655770634	25	-0.6289024289497133
LYPD6	LYPD6	0.9135779853239531	2107.0	0.0880642666246398	-0.0880642666246398	0.00602841885384999	9602.0	54.07795426382786	0.24	0.8523672636221129	0.8124248336190312	25	-0.9407676444266304
PPP3CB	PPP3CB	0.34210935416416494	2106.0	0.0880606176090681	-0.0880606176090681	0.010480997803848	1021.0	5.745184183845894	0.12	0.31699612554854933	0.3905339759617978	25	-0.5862115002303303
MZF1.AS1	MZF1.AS1	0.7232998945165992	2105.0	0.0880445980914448	-0.0880445980914448	0.0294121238736992	341.0	1.9150613946152977	0.16	0.49514654152015586	0.8963798613040111	25	-0.4541623044012595
ZBTB42	ZBTB42	0.696808843376259	2104.0	0.0879774251252353	-0.0879774251252353	0.001714722434606098	7056.0	39.73752393826743	0.08333333333333333	0.8990404584877821	1.739971890558419	24	-0.4661357104465911
DCP1B	DCP1B	0.592128171994566	2103.0	0.08797457494268199	0.08797457494268199	0.000327693048831573	2236.0	12.588712402838796	0.08	0.6427071271029032	1.5068011297195023	25	-0.3681524663201488
RIOK1	RIOK1	0.618856437616943	2102.0	0.0879511005041352	-0.0879511005041352	0.00032185094564645295	6235.0	35.113213923622844	0.04	0.46086421508556574	0.5024828500294685	25	-0.7421409796564417
ACOX3	ACOX3	0.457083366932419	2101.0	0.087898770867495	0.087898770867495	0.00315859804934883	2098.0	11.811422777965529	0.08	0.34497059174924233	0.32937806435056366	25	-0.7804764454749502
PLXNA4	PLXNA4	0.8385322787228959	2100.0	0.0878016977773463	-0.0878016977773463	2.485613446440666e-05	12312.0	69.34212008561451	0.375	1.2456035029875105	1.6158631087933886	24	-0.71652220965347
GUCA1B	GUCA1B	0.7757676848164878	2099.0	0.0877837565228331	0.0877837565228331	2.50425712110513e-05	17265.0	97.24005857834854	0.75	2.4309093286570738	1.6822875552825298	24	-1.3928210814950284
UBQLNL	UBQLNL	0.8356100780434692	2098.0	0.0877710490861326	0.0877710490861326	0.0300297233509174	14488.0	81.5985130111524	0.4782608695652174	1.4766919178888518	1.492789234561272	23	-0.9304199391623563
ZNF319	ZNF319	0.674009817573214	2097.0	0.0877619368950781	0.0877619368950781	1.2228816924609e-08	11683.0	65.79925650557621	0.2	1.2162170426777572	1.818573788198621	25	-0.6205165350483054
PRPS1	PRPS1	0.517485233937322	2096.0	0.0877287604775531	0.0877287604775531	0.00179128641962656	1251.0	7.040666891968007	0.08	0.40504968050250234	0.8197177636624766	25	-0.38710997137254666
STK32C	STK32C	0.53961098776631	2095.0	0.08767721925042798	-0.08767721925042798	3.56811303514639e-08	10278.0	57.88554691900416	0.28	1.0271221425080024	1.3484477811090536	25	-0.6966861723669507
SPIRE2	SPIRE2	0.656290068921744	2094.0	0.0876630587895333	-0.0876630587895333	0.0260063975440333	1709.0	9.620367241185084	0.12	0.522383397083337	0.6547432110930455	25	-0.6639554728151671
CHMP2A	CHMP2A	0.589961292221056	2093.0	0.0876018040221198	-0.0876018040221198	1.38543378258343e-06	5102.0	28.731553452743043	0.04	0.41664279972413576	0.4117242389524104	25	-0.7991781016809373
PAXIP1.AS2	PAXIP1.AS2	0.435598310753469	2092.0	0.0875650561709253	-0.0875650561709253	0.011422468244878	1460.0	8.217866396305057	0.04	0.23612016272001596	0.24412829209824105	25	-0.6085124557759564
RFXAP	RFXAP	0.676228048106264	2091.0	0.0874387219192489	-0.0874387219192489	0.00120478357943451	3537.0	19.9166385039991	0.12	0.7229439473126977	1.3288797817910847	25	-0.478226273062041
WDR44	WDR44	0.591688107282025	2090.0	0.0874375892018761	0.0874375892018761	0.000158088523991161	7233.0	40.7344823701701	0.08	0.45136812870525916	0.5587781409951438	25	-0.6512970225629243
RPS17	RPS17	0.53961098776631	2089.0	0.0874265747771607	-0.0874265747771607	1.69973316331268e-05	4179.0	23.53272501971387	0.12	0.44745816222241225	0.4811781090897216	25	-0.7482293575789402
USP25	USP25	0.505336522826049	2088.0	0.0873727743799853	-0.0873727743799853	0.000850311422135055	3865.0	21.764109496451503	0.12	0.4470122706025974	0.5493645749647996	25	-0.6546463179677282
ALKBH6	ALKBH6	0.6235971642507829	2087.0	0.0873270874542371	0.0873270874542371	0.00486455516502756	2980.0	16.779317336938156	0.04	0.5627890214041766	1.0270177477003308	25	-0.46295396064438077
CDK10	CDK10	0.6568339162008361	2086.0	0.0873262825423565	-0.0873262825423565	0.00028451174029000696	3228.0	18.176185648304607	0.08	0.3974462911204166	0.5080462251213056	25	-0.6104169133507745
ZNF189	ZNF189	0.581911962114429	2085.0	0.0872771088884119	0.0872771088884119	0.00108599882557489	1170.0	6.584431677368481	0.08	0.3208147145332467	0.31760008445117627	25	-0.7353197214931342
KRTAP3.1	KRTAP3.1	0.9563493092298091	2084.0	0.08725627463492401	0.08725627463492401	0.012706764189702551	13932.0	78.46682437760504	0.4090909090909091	1.654425562974019	1.7736826653596025	22	-0.8835680242842999
SS18	SS18	0.362290365450608	2083.0	0.0872437821127049	0.0872437821127049	0.000598178983460538	4057.0	22.845555931057792	0.04	0.3929318269246103	0.3095676311840875	25	-0.9874677260108147
ZNF236	ZNF236	0.544267005158906	2082.0	0.0871860395755065	-0.0871860395755065	0.0192972501358366	210.0	1.1771995043370507	0.04	0.266033339232898	0.25226317411272786	25	-0.7089710984825345
DYNLT1	DYNLT1	0.7010691409194111	2081.0	0.0871064900602657	0.0871064900602657	2.51982076754852e-12	11003.0	61.96913371634561	0.24	0.7318449356374458	0.4402978197915001	25	-1.464323502402286
MICU2	MICU2	0.488534959855825	2080.0	0.0870598688526464	0.0870598688526464	4.92092900878937e-05	6646.0	37.42818519770192	0.08	0.49622236984171253	0.536906787812036	25	-0.7620736229773808
GLTP	GLTP	0.51687759012067	2079.0	0.0869650102868214	-0.0869650102868214	0.0420836951401143	250.0	1.402500844880027	0.08	0.36673138595100435	0.556452436455671	25	-0.5027678150645858
QTRT2	QTRT2	0.37180059936294707	2078.0	0.0868360768434943	-0.0868360768434943	0.000222568694117456	4059.0	22.856820998084938	0.12	0.4819836682522056	0.5603763058557714	25	-0.7051468580657899
RPL4	RPL4	0.461641776474686	2077.0	0.086773442998299	-0.086773442998299	0.00994664452462855	3894.0	21.92745296834516	0.04	0.38077590033708175	0.4673107186219613	25	-0.6291369866408326
SYK	SYK	0.745586898512313	2076.0	0.0867456682078447	0.0867456682078447	0.010423692700087379	5257.0	29.604596147347078	0.2916666666666667	0.8743685994248597	1.1366256339535032	24	-0.6929484147541537
ADAL	ADAL	0.6371193402381271	2075.0	0.0867367875702449	0.0867367875702449	0.00025896654719111497	4748.0	26.737636588937704	0.08	0.5309790919401489	0.7637596538533671	25	-0.5816519662024375
RPS16	RPS16	0.606331470030026	2074.0	0.0866545643247971	-0.0866545643247971	0.0601207367660748	828.0	4.658105215726033	0.12	0.40784329859254276	0.5650442918277906	25	-0.5684310750733764
FN1	FN1	0.8642858630983029	2073.0	0.086634303753444	-0.086634303753444	0.0015094831108163724	11065.0	62.31835079418722	0.3333333333333333	1.1173255683627146	1.355303710033609	24	-0.7604873040476745
GDAP2	GDAP2	0.676228048106264	2072.0	0.0865836898442404	0.0865836898442404	3.0832355449899504e-08	11524.0	64.90368367691788	0.24	0.7132072329621719	0.42462248641519423	25	-1.4757191697691239
ELOA	ELOA	0.7303810396474529	2071.0	0.0864539122308617	0.0864539122308617	3.37554370065711e-05	6150.0	34.63444857496902	0.12	0.4400181581865023	0.48101240542336604	25	-0.7350418450111466
PCGF2	PCGF2	0.5825451825793361	2070.0	0.0863897634467823	-0.0863897634467823	0.0138857036296511	3843.0	21.64019375915287	0.08	0.428515379004924	0.5803526942875142	25	-0.589513271715162
ORC4	ORC4	0.53976927669772	2069.0	0.0863880746528264	0.0863880746528264	6.16136749403638e-06	7610.0	42.85794750478765	0.12	0.5935496566014308	0.5770658415511659	25	-0.8788625931927329
MAML2	MAML2	0.5724010129705269	2068.0	0.0863500701496901	-0.0863500701496901	0.0015437453265745	6070.0	34.18384589388307	0.16	0.5892932354603351	0.8147487931670804	25	-0.6172984477284233
RBM15	RBM15	0.7453185135053649	2067.0	0.0863390279676838	-0.0863390279676838	0.021646067576141004	3433.0	19.33085501858736	0.12	0.4292030094549193	0.4567992934948038	25	-0.7505790537986803
CDC26	CDC26	0.6335795379896321	2066.0	0.0862731114832144	0.0862731114832144	2.80818760046541e-05	7989.0	44.992677706432346	0.12	0.532704827380221	0.41165073288519244	25	-1.0844914881313097
LINC00310	LINC00310	0.8356100780434692	2065.0	0.0862584021232286	-0.0862584021232286	0.19640456023839797	2055.0	11.569223836881829	0.125	0.5104569948802008	0.5859182453933368	24	-0.7239893894620067
PGM2	PGM2	0.619604917823347	2064.0	0.0861881862539747	0.0861881862539747	0.0005969782787764139	4844.0	27.278359806240847	0.08	0.46470945408260134	0.5140981891179112	25	-0.7362820485286922
BCS1L	BCS1L	0.45075673900471797	2063.0	0.0861704688004118	0.0861704688004118	0.000389802359986713	522.0	2.9345499605722654	0.04	0.29270436359309376	0.2943396928427949	25	-0.7016855008508504
FAM13B	FAM13B	0.585925131349077	2062.0	0.0861347991594428	-0.0861347991594428	0.00895089737800407	1001.0	5.632533513574406	0.04	0.2961123579511756	0.290681571918008	25	-0.7223628157995539
FUNDC2	FUNDC2	0.553169453879838	2061.0	0.0861313698495073	0.0861313698495073	3.49895005120599e-06	3104.0	17.477751492621383	0.12	0.4665382763848768	0.5664674610666103	25	-0.6715423791846675
COMMD4	COMMD4	0.5946614815606739	2060.0	0.0861209291960454	-0.0861209291960454	5.37929975159104e-05	777.0	4.370846006533739	0.08	0.3743538899844826	0.4757343711770221	25	-0.6058695319308448
LRRC29	LRRC29	0.795352061045929	2059.0	0.0860057877629343	0.0860057877629343	0.0660891456316561	1279.0	7.1983778303480905	0.08333333333333333	0.4834930655944165	0.8246598961142794	24	-0.4820014647303758
SUCLG1	SUCLG1	0.409228526880052	2058.0	0.0859955526309983	0.0859955526309983	4.13421716865688e-12	8531.0	48.04551087078968	0.04	0.5124178377559636	0.4232223093986218	25	-1.007560980731121
DUSP16	DUSP16	0.6792280397007281	2057.0	0.0859733077915439	-0.0859733077915439	0.0007057029208325281	784.0	4.41027374112876	0.16	0.43591930390868044	0.45594406152594746	25	-0.7675195833145452
SLC17A5	SLC17A5	0.582643323752554	2056.0	0.0859668151503351	-0.0859668151503351	1.75758211796676e-07	9655.0	54.37647854004731	0.08	0.551137516388116	0.3174678864239978	25	-1.4652527739971688
CHURC1	CHURC1	0.45412162489110497	2055.0	0.085861295543056	-0.085861295543056	3.69165254280036e-06	7055.0	39.73189140475385	0.12	0.5646503588050341	0.5641380402437871	25	-0.8487090554203255
AGPAT1	AGPAT1	0.504046660413773	2054.0	0.0858249652469231	-0.0858249652469231	8.14967065474595e-05	3105.0	17.483384026134956	0.04	0.34213733426799264	0.2848733989845712	25	-0.8997413234605015
SYNGR2	SYNGR2	0.461709928804356	2053.0	0.0858182578981998	0.0858182578981998	0.00476487749308519	3723.0	20.964289737523938	0.08	0.4080543111568516	0.33452054935393954	25	-0.9632773050295032
PSMD9	PSMD9	0.389228687217431	2052.0	0.0858112543254765	-0.0858112543254765	4.40973392064526e-05	1806.0	10.166722992001802	0.08	0.4009211650188621	0.6160072810129991	25	-0.5115360165470774
APBA3	APBA3	0.6281572082333481	2051.0	0.0857139074730399	-0.0857139074730399	3.79289828755724e-07	10584.0	59.60910217415793	0.32	0.8950750000661962	0.9518688223927337	25	-0.8502863772327867
EFNA1	EFNA1	0.7441746673527099	2050.0	0.0856813698196027	0.0856813698196027	0.000350523050897747	12049.0	67.86076377154444	0.2	0.6822326351058109	0.43880705114650975	25	-1.3594842282674042
PGPEP1	PGPEP1	0.512519011276322	2049.0	0.0856678216143322	-0.0856678216143322	0.000573262509239063	3327.0	18.733806466148476	0.08	0.4706723500830888	0.7356296489717877	25	-0.5233673343738786
SUPT7L	SUPT7L	0.37000241194633604	2048.0	0.0855758477278282	0.0855758477278282	8.969395669235778e-07	5272.0	29.689084150050693	0.12	0.49347519952655544	0.5296697344895701	25	-0.77010130131715
DIP2C	DIP2C	0.68728663213196	2047.0	0.0854883744975175	-0.0854883744975175	0.0326750649810222	968.0	5.446659907626451	0.08	0.7207798804154048	2.005987807359632	25	-0.3166975908762304
FSIP1	FSIP1	0.8112122918630269	2046.0	0.0854707865088952	-0.0854707865088952	5.4330207791563907e-05	12250.0	68.9929030077729	0.25	1.2326450559028708	1.3446931525927823	24	-0.853112300885924
MOSPD2	MOSPD2	0.599388524466039	2045.0	0.0854420781549232	-0.0854420781549232	1.2063799377908801e-05	7774.0	43.78168300101385	0.12	0.551242038447494	0.42136673840434485	25	-1.1054502357174374
ST3GAL5	ST3GAL5	0.735008117802557	2044.0	0.0854240251587849	0.0854240251587849	1.6771655518997e-06	9673.0	54.47786414329165	0.16	0.7750124962774723	1.0450878974086668	25	-0.659837773290215
ATP6V1H	ATP6V1H	0.450391245232291	2043.0	0.0853142049520354	-0.0853142049520354	1.8141709468025698e-05	5669.0	31.925199954939732	0.04	0.41052083371761866	0.41369158440516907	25	-0.7861088816519802
CCDC90B	CCDC90B	0.610782144316323	2042.0	0.0852546343582822	0.0852546343582822	1.76778359035731e-11	10159.0	57.21527543088881	0.2	0.6444174939880236	0.4586616913686527	25	-1.2191182960172495
XXYLT1	XXYLT1	0.618647494554011	2041.0	0.0852438481113817	0.0852438481113817	2.02749382929188e-05	6535.0	36.80297397769516	0.16	0.5725408180062898	0.6308923219393016	25	-0.7723932483391217
ZNF571	ZNF571	0.7238598125684449	2040.0	0.0852184697246989	-0.0852184697246989	0.077341819580364	1475.0	8.302354399008673	0.04	0.3807636630924982	0.6396159913199478	25	-0.46206661087052475
WIPI2	WIPI2	0.221146834080045	2039.0	0.0851693276140309	-0.0851693276140309	0.0105046044245864	529.0	2.973977695167286	0.08	0.39534615114551436	0.6293402563284939	25	-0.49286029363674116
SLC25A45	SLC25A45	0.583462682720731	2038.0	0.0851394978009982	0.0851394978009982	0.044300178398395895	1516.0	8.533288273065224	0.08333333333333333	0.4506418057906103	0.6901099028548708	24	-0.529629130776981
RBPMS	RBPMS	0.686798988093029	2037.0	0.0851329909428216	0.0851329909428216	0.000278243570143919	7382.0	41.573729863692684	0.16	0.531328806436029	0.4138203325061397	25	-1.078235602371199
MORF4L1	MORF4L1	0.39285348847601204	2036.0	0.0851024685849797	-0.0851024685849797	0.00022797719169240297	4374.0	24.631069054860877	0.08	0.49681515710441404	0.5899578201623583	25	-0.6978680075909998
C7orf25	C7orf25	0.565955897032026	2035.0	0.0850515997376781	-0.0850515997376781	7.44946980285472e-11	9380.0	52.82753182381435	0.12	0.6446062093922339	0.552937592211437	25	-1.0119670240119767
TNFSF13B	TNFSF13B	0.8292896351777859	2034.0	0.0849880040295543	-0.0849880040295543	0.00908313226935714	7910.0	44.54770755885997	0.2916666666666667	1.3887756819588981	2.61954842360719	24	-0.49771466951314924
SIKE1	SIKE1	0.6748344336862989	2033.0	0.08497422664020199	0.08497422664020199	1.4133875867051198e-07	9925.0	55.8972625887124	0.16	0.6817734589948116	0.6844101663026514	25	-0.8719906011605042
PKP4	PKP4	0.7176772835911891	2032.0	0.08491760534258	-0.08491760534258	0.00648002649990223	3139.0	17.674890165596487	0.08	0.36066903339177064	0.4181879676548901	25	-0.659395892224127
NTPCR	NTPCR	0.609117384146245	2031.0	0.0848690793139547	-0.0848690793139547	1.51305248705009e-08	4886.0	27.514926213810973	0.08	0.6463991780869793	1.112046484796559	25	-0.5049520019621775
MRPS9	MRPS9	0.424872875121883	2030.0	0.0848237562388071	0.0848237562388071	0.000303346123685787	4269.0	24.039653035935565	0.0	0.4224283108701164	0.27033016505014085	25	-1.2488600913948704
TAS2R14	TAS2R14	0.576950204888018	2029.0	0.08474940869320098	-0.08474940869320098	0.00230643600712319	5992.0	33.74450827982426	0.08	0.6391242888840573	1.243788595829452	25	-0.4457147155471041
TTC23	TTC23	0.730160138623183	2028.0	0.0847333403065114	0.0847333403065114	0.13364049598833	67.0	0.37174721189591076	0.08	0.5626014961184506	1.4093929105400806	25	-0.3390595711374904
PLCB3	PLCB3	0.652171964122515	2027.0	0.08463109357451501	-0.08463109357451501	1.86073401275895e-07	8711.0	49.05936690323307	0.28	0.7015795124502203	0.6875609633420464	25	-0.8972999512317965
LRRC37A3	LRRC37A3	0.6905147465638821	2026.0	0.0845911497107016	0.0845911497107016	0.00121699774364181	1596.0	8.983890954151176	0.04	0.3275716608028577	0.3026373841352821	25	-0.8028767225384862
UTP4	UTP4	0.663481803078693	2025.0	0.0845189142316159	0.0845189142316159	0.000310630910052934	3086.0	17.37636588937704	0.08	0.39847446013371957	0.48356089973812816	25	-0.6492575104234564
DVL1	DVL1	0.687507556225725	2024.0	0.0844670499112466	-0.0844670499112466	0.0009659256902856	6844.0	38.54342683338965	0.28	0.6930682420539049	0.7999808741890205	25	-0.7607696780996508
ARID4A	ARID4A	0.46804074418701097	2023.0	0.0844608283994624	0.0844608283994624	0.00665351525315642	2203.0	12.40283879689084	0.08	0.44538679316497787	0.4993744103490702	25	-0.7227562271627471
AKAP8	AKAP8	0.5417082719435841	2022.0	0.0843855467911089	-0.0843855467911089	3.968632343929889e-06	4432.0	24.957755998648192	0.08	0.4488543491445349	0.5042999116354894	25	-0.7227223204767603
UBE2B	UBE2B	0.6014156101383961	2021.0	0.0843784461152066	-0.0843784461152066	4.9437067042262e-11	11033.0	62.13810972175284	0.28	0.7221773068758908	0.5165546442573327	25	-1.2347171162843154
LINC00899	LINC00899	0.807262650746332	2020.0	0.08432578161030001	0.08432578161030001	0.0421848578600133	4447.0	25.042244001351808	0.24	0.6988277115721128	1.4053165343207668	25	-0.4372694086736983
ZBTB7B	ZBTB7B	0.58870213405661	2019.0	0.0842459237745974	0.0842459237745974	2.2752461585246803e-05	9349.0	52.65292328489354	0.32	0.9173528442329603	1.0717509349794987	25	-0.7773325809828188
HPDL	HPDL	0.804321100917708	2018.0	0.0842337188327428	-0.0842337188327428	8.44403849654783e-09	11314.0	63.72085163906725	0.36	1.2666359296339846	1.2279305205904354	25	-0.962922731355108
CAPZA1	CAPZA1	0.603988774394706	2017.0	0.0842171814372431	-0.0842171814372431	4.1910451905806604e-07	10114.0	56.96181142277796	0.2	0.693902949373191	0.4800923433020291	25	-1.269934370839134
TNKS	TNKS	0.486578550751957	2016.0	0.0840937437501075	0.0840937437501075	0.0377060639795336	467.0	2.624760617325673	0.08	0.2799592301990177	0.3489145720633435	25	-0.5613565672841887
RAPH1	RAPH1	0.687138706294716	2015.0	0.0840814241025647	0.0840814241025647	0.0248238386362698	5759.0	32.43212797116143	0.125	0.4945527821720404	0.4055639002724203	24	-1.012100331892851
ARHGEF12	ARHGEF12	0.5938263778110999	2014.0	0.0840733169108685	0.0840733169108685	0.000904553141035559	3910.0	22.017573504562353	0.08	0.4104840278877772	0.3998205491137366	25	-0.816393033575808
BCR	BCR	0.665597567353448	2013.0	0.0839929877088061	-0.0839929877088061	9.02621952408987e-08	8600.0	48.43415568322631	0.12	0.5395887903848643	0.432086110001177	25	-1.0544097394725722
TJAP1	TJAP1	0.528366101077495	2012.0	0.0839665502332686	-0.0839665502332686	0.00030398497831675897	4246.0	23.910104765123354	0.08	0.410835392982262	0.47063159343917194	25	-0.6945322993732261
MCM7	MCM7	0.237283820291999	2011.0	0.0839292050986503	0.0839292050986503	0.00850329334125734	458.0	2.5740678157035033	0.0	0.24210466368949984	0.18829945957550384	25	-0.8400207783253075
DPP9	DPP9	0.627801730379995	2010.0	0.0838979685549868	0.0838979685549868	0.000102754980096632	6834.0	38.487101498253914	0.08	0.5890324876140208	0.6571293007923102	25	-0.7686988214495779
SP100	SP100	0.37558121903200997	2009.0	0.0838923393058917	-0.0838923393058917	1.4598478130264002e-05	10063.0	56.67455221358566	0.12	0.6465021877316324	0.41844983423595905	25	-1.3445096697266021
ABHD3	ABHD3	0.5536962972774301	2008.0	0.0838671271242817	0.0838671271242817	2.20635653372301e-09	9484.0	53.413315309226086	0.12	0.612115523243856	0.6836218638633027	25	-0.7727201601398797
SARNP	SARNP	0.555148778864116	2007.0	0.0838207393940209	0.0838207393940209	5.1764032429875606e-05	3633.0	20.45736172130224	0.04	0.3951369115836401	0.32001829778635876	25	-0.9728074123981841
RSAD2	RSAD2	0.8048946610263928	2006.0	0.0838058800926948	-0.0838058800926948	0.000293571820992772	14034.0	79.04134279598964	0.5	1.5391586219514408	1.665440270592844	24	-0.8738546602699157
MZT1	MZT1	0.7494955320145379	2005.0	0.0837827410370753	0.0837827410370753	1.62593081023465e-06	10418.0	58.67410161090458	0.12	0.6447501058844998	0.47618993334065757	25	-1.1780328091188745
RNF133	RNF133	0.9058089864281089	2004.0	0.0837618222919093	-0.0837618222919093	0.00227651767529029	12484.0	70.3109158499493	0.34782608695652173	1.1772430973779298	1.0694091164348605	23	-1.022509775053546
PHLDB3	PHLDB3	0.7969953217957879	2003.0	0.0837228200931002	-0.0837228200931002	0.013603343373330001	3302.0	18.592993128309114	0.0	0.4469267803076864	0.46697672314828054	25	-0.7777774398816383
E2F1	E2F1	0.602019702729849	2002.0	0.0836938562002034	0.0836938562002034	1.8831540294757e-08	9646.0	54.32578573842514	0.28	0.85112398921271	1.0022006146579328	25	-0.7657450232900156
SSBP2	SSBP2	0.8227422095049891	2001.0	0.08364355754324801	0.08364355754324801	0.000772535859736176	4487.0	25.267545341894785	0.12	0.7286971976850904	1.226130872161616	25	-0.5260887355398209
MMGT1	MMGT1	0.575499054184708	2000.0	0.0836194806243051	0.0836194806243051	2.6451495141337302e-05	7535.0	42.43550749126957	0.08	0.5225998677267408	0.4994900940593909	25	-0.8788570430592756
PDCD7	PDCD7	0.23807973329459697	1999.0	0.0835987626642881	0.0835987626642881	0.0023989014011812104	386.0	2.168525402726146	0.12	0.5965266737678068	1.3595199890781569	25	-0.3772860386196434
PCMTD1	PCMTD1	0.736341979859749	1998.0	0.0835962272185716	0.0835962272185716	8.70808121060709e-06	10000.0	56.31970260223048	0.16	0.5987156144719435	0.39622081117230334	25	-1.3000816028044613
RGL2	RGL2	0.575331388837751	1997.0	0.0835457716366222	-0.0835457716366222	0.000109723792633218	3861.0	21.741579362397207	0.12	0.5431571997834912	0.6789456300638064	25	-0.6769487979526069
LILRA4	LILRA4	0.898482453841357	1996.0	0.0834851542603591	0.0834851542603591	4.67475575374183e-05	16096.0	90.65562690098005	0.6666666666666666	2.1199945021591313	1.9863354629283072	24	-1.025259522324843
ZNF324B	ZNF324B	0.617425378921736	1995.0	0.0833775568033197	-0.0833775568033197	8.995388254212241e-05	9320.0	52.489579812999885	0.2	0.6245499251421012	0.6064188885868503	25	-0.8924068470226676
RBM10	RBM10	0.300816407210934	1994.0	0.0833750337484827	-0.0833750337484827	1.0830102031587699e-07	6447.0	36.307311028500614	0.04	0.5098615244235648	0.5788292228245197	25	-0.7368088442286156
SGPP1	SGPP1	0.5944860288941689	1993.0	0.0832805589135218	-0.0832805589135218	0.0021604728996904698	3253.0	18.316998986143968	0.04	0.39329181132933755	0.4211348656677242	25	-0.7361329533338019
C1orf174	C1orf174	0.457716495281635	1992.0	0.083194739456612	0.083194739456612	3.4537038954250895e-05	4615.0	25.988509631632308	0.08	0.40345978439566177	0.43232804138978037	25	-0.7407917467243438
RANBP1	RANBP1	0.45754529180487397	1991.0	0.0831815395604448	0.0831815395604448	0.0040108606475935706	2252.0	12.678832939055987	0.04	0.36583129073562065	0.6889351647830222	25	-0.41027046611010987
MRPL32	MRPL32	0.5282284049963499	1990.0	0.0829487113316582	0.0829487113316582	0.00033787288512373854	12336.0	69.4773008899403	0.4166666666666667	1.1836818192628797	1.352970861950925	24	-0.813567489800935
CTBS	CTBS	0.632449742126582	1989.0	0.0829358866329664	-0.0829358866329664	9.085671393041611e-10	11418.0	64.30663512447899	0.16	0.6510363231720703	0.5144432429955592	25	-1.1043014837382321
PM20D1	PM20D1	0.8106677018720959	1988.0	0.0828608535066479	0.0828608535066479	6.325803482173044e-05	15975.0	89.97409034583755	0.6666666666666666	2.177387082096594	1.9181788483682567	24	-1.0919347955336405
SLC1A2	SLC1A2	0.8743623176030729	1987.0	0.0828073239925219	0.0828073239925219	1.4348682725521105e-07	16848.0	94.89129210318801	0.75	2.8443835736526597	2.5085000427863036	24	-1.100887463646495
TSC22D4	TSC22D4	0.32940160205356	1986.0	0.0827939696946677	-0.0827939696946677	2.38729674114097e-07	10946.0	61.648079306071864	0.36	0.9712073846124502	1.1222933842467127	25	-0.7916053212004709
NT5DC1	NT5DC1	0.658652983760948	1985.0	0.0824844234499301	0.0824844234499301	5.03979422057647e-05	3050.0	17.173594682888364	0.16	0.4862900002872655	0.5634941649386989	25	-0.716610041350232
AHI1	AHI1	0.572501807113161	1984.0	0.0823595185368663	0.0823595185368663	1.60680985174247e-06	10132.0	57.0631970260223	0.0	0.5224824973362584	0.2741839506335088	25	-1.6052105813723854
PPIL6	PPIL6	0.7952269728663071	1983.0	0.0823357813540618	-0.0823357813540618	2.55184057854707e-05	11365.0	64.00811084825955	0.16	0.8933518426859254	0.9310819825998558	25	-0.8710468857610877
UBAP2	UBAP2	0.643881660828047	1982.0	0.082333827075479	0.082333827075479	0.0015614713105710802	1929.0	10.859524614171454	0.08	0.363878868215889	0.5433433259415361	25	-0.5181715274638421
ADAD2	ADAD2	0.9066779607824691	1981.0	0.0822592166436049	0.0822592166436049	2.3173473172001584e-07	16516.0	93.0212909766813	0.6666666666666666	1.782300060881324	1.2060325145529518	24	-1.4096144371927524
DNAL4	DNAL4	0.480149043666231	1980.0	0.0822484133763821	0.0822484133763821	0.0147727179051127	1694.0	9.535879238481469	0.08	0.3990063941553791	0.4765884159257284	25	-0.6646363406960369
HMG20B	HMG20B	0.404872888029553	1979.0	0.0821937262997058	-0.0821937262997058	0.0025962265149394198	5982.0	33.68818294468852	0.24	0.5332566538922233	0.4740845925379768	25	-0.9514397529305594
YY1AP1	YY1AP1	0.16559323094727402	1978.0	0.0821774355024885	-0.0821774355024885	2.85383406112516e-05	3202.0	18.029739776951672	0.12	0.40817521073083673	0.52224959979198	25	-0.6242183342183472
IL17A	IL17A	0.9713398020765699	1977.0	0.0821303655826103	-0.0821303655826103	7.25855038008292e-05	17327.0	97.58927565619015	0.6190476190476191	2.5032808468460495	1.1943100294720228	21	-2.027237837342599
VGLL4	VGLL4	0.5640207773307789	1976.0	0.0821261863650938	-0.0821261863650938	0.00115204356194535	1776.0	9.997746986594569	0.04	0.30553780116653084	0.2936273443876078	25	-0.7608678792071856
DOK4	DOK4	0.726706047757754	1975.0	0.0819601347078724	-0.0819601347078724	0.0037861111598716103	4955.0	27.903571026247608	0.0	0.433371531719635	0.2939375580794593	25	-1.195530776358857
ZNF542P	ZNF542P	0.7493146852350869	1974.0	0.081937537108782	0.081937537108782	0.005958809672744854	3351.0	18.86898727047426	0.125	0.7487171338199149	1.4580250908461772	24	-0.45731695627004726
FDX1	FDX1	0.7293849149879129	1973.0	0.0819221773070274	0.0819221773070274	0.0024396782628344	1048.0	5.897262588712403	0.08	0.4378649997197071	0.6981866002588555	25	-0.5098104464919729
PITPNM1	PITPNM1	0.7297376015072771	1972.0	0.0819048022811105	-0.0819048022811105	1.14939897741801e-08	9282.0	52.275543539484055	0.32	0.8111852680340372	0.9856374994468132	25	-0.7399073859935663
M1AP	M1AP	0.870492421030213	1971.0	0.0818967598079435	-0.0818967598079435	0.0536848770441138	2206.0	12.419736397431564	0.25	0.9839264796819368	1.5352713928122461	24	-0.5875376328231408
ARRDC1	ARRDC1	0.624516521316222	1970.0	0.0818896945347104	-0.0818896945347104	0.0317863984630703	1199.0	6.7477751492621385	0.08	0.48088794171108323	0.7400270213177399	25	-0.5391671326621166
SF3B2	SF3B2	0.319338549998722	1969.0	0.0818540312264144	0.0818540312264144	0.0198000464867905	1272.0	7.158950095753069	0.0	0.24890779710568833	0.1938687378147454	25	-0.861684909915208
CFAP99	CFAP99	0.870492421030213	1968.0	0.0817916720238296	-0.0817916720238296	0.014451257691907998	9657.0	54.387743607074455	0.16666666666666666	0.7870180491464045	0.899676644734003	24	-0.7838664938680063
WDR77	WDR77	0.505546439292697	1967.0	0.0817618842492402	0.0817618842492402	0.0071905407507056795	163.0	0.9124704291990537	0.04	0.26995924653391534	0.3122643369108363	25	-0.602686058057321
AKR1C3	AKR1C3	0.8297605331810629	1966.0	0.0817526768195826	0.0817526768195826	2.3006195455034085e-10	14630.0	82.39833277007997	0.625	1.2658765328512098	0.9704102374664303	24	-1.2202301772116146
AP4S1	AP4S1	0.483501676929986	1965.0	0.0817205842487339	0.0817205842487339	0.0018671019790796398	1495.0	8.415005069280161	0.08	0.4367924348547973	0.8031058907393294	25	-0.4421233298129449
TMEM19	TMEM19	0.54458220490429	1964.0	0.0816792741654847	0.0816792741654847	1.4333697667317902e-05	7213.0	40.621831699898614	0.04	0.42039770819263383	0.2659249874683675	25	-1.2737367678448819
RNPEP	RNPEP	0.3873281897756521	1963.0	0.0816220797868271	0.0816220797868271	6.47624831633679e-06	1751.0	9.85693364875521	0.12	0.47725333124595265	0.6760182533836347	25	-0.5852375279497195
SPNS3	SPNS3	0.838407458413514	1962.0	0.0815829907746652	0.0815829907746652	6.192273976951336e-05	14119.0	79.52010814464346	0.5	1.5053202443721576	1.5580551268511025	24	-0.9137913216683979
TAF15	TAF15	0.646883987672777	1961.0	0.0815590347663117	0.0815590347663117	8.71583667411991e-06	5543.0	31.21550073222936	0.16	0.6371962167979154	0.8265663924140335	25	-0.6722232928063215
DDX28	DDX28	0.6795543943617719	1960.0	0.081521134635886	-0.081521134635886	2.19192704133071e-05	4017.0	22.620254590514815	0.16	0.475674415264194	0.5535432533079944	25	-0.712055071167129
HGFAC	HGFAC	0.909926287478884	1959.0	0.08151539948170901	-0.08151539948170901	0.00024271743593354064	16818.0	94.72231609778078	0.6666666666666666	2.214662038410999	1.716501077649585	24	-1.2427295658038386
NPHP1	NPHP1	0.731127573974867	1958.0	0.0813475387055629	0.0813475387055629	3.61684311974988e-08	10478.0	59.01205362171905	0.16	0.875197510040892	1.033048988232869	25	-0.7684533651141625
SUMF1	SUMF1	0.6157577368517889	1957.0	0.0811864622476654	-0.0811864622476654	0.00032825780019493303	2439.0	13.7321167060944	0.08	0.40417067424440895	0.5743971369788565	25	-0.5623012219307642
CASP10	CASP10	0.617255718665667	1956.0	0.0811684551079272	0.0811684551079272	0.010047709513839844	4170.0	23.4820322180917	0.16666666666666666	0.6278324299621486	1.0776326185314566	24	-0.507282320016619
YPEL2	YPEL2	0.691760754725719	1955.0	0.0811454831099473	-0.0811454831099473	0.00115614359375559	3361.0	18.925312605610003	0.16	0.5482506656776407	0.8257582900466544	25	-0.5656681721491437
ARL4A	ARL4A	0.690911678418577	1954.0	0.0811377406619705	0.0811377406619705	2.68521118450412e-05	8063.0	45.409485186436854	0.16	0.872159102833028	1.5220027207744449	25	-0.5197240132189513
SPATC1L	SPATC1L	0.7482038653981321	1953.0	0.0811027424016264	-0.0811027424016264	8.924093118515871e-07	11823.0	66.58781119747663	0.36	1.1734131853777083	1.4573009857626216	25	-0.749543473618433
RAC1	RAC1	0.30381516932426195	1952.0	0.0810881657960437	0.0810881657960437	7.41949018392366e-06	5420.0	30.522699110059705	0.04	0.41809508783484134	0.28397524322237827	25	-1.1867475425485974
NTRK1	NTRK1	0.8593620032183521	1951.0	0.081014412732965	0.081014412732965	8.78662289712677e-08	14044.0	79.09766813112537	0.5	1.841265465654016	1.9414125993160973	24	-0.9066857058314836
PAN3	PAN3	0.46898198510706796	1950.0	0.0809472481566563	-0.0809472481566563	0.0014948913018813	6482.0	36.50444970147572	0.04	0.42798286900603133	0.34178179544867887	25	-1.0153718702126868
ANKLE2	ANKLE2	0.5857367426177571	1949.0	0.080908195928681	-0.080908195928681	4.45929935686624e-05	5753.0	32.39833277007998	0.12	0.4873630368181115	0.5655364684448296	25	-0.7187066857193876
CCDC57	CCDC57	0.627925852038458	1948.0	0.0808555179707507	0.0808555179707507	0.000272006697311422	2976.0	16.756787202883856	0.12	0.5050761405739682	0.8300209705687006	25	-0.5110962706310381
MPZ	MPZ	0.8403313233235309	1947.0	0.0807302796534619	0.0807302796534619	5.59817223252876e-08	14728.0	82.95032105441027	0.5	1.69950400939583	1.6611411090116066	24	-0.9744950148789904
TGS1	TGS1	0.589398815530547	1946.0	0.08069173786018902	0.08069173786018902	5.435990747363e-05	4113.0	23.160977807817957	0.12	0.5402716787410188	0.6680124254134717	25	-0.6879811263935234
APOC1	APOC1	0.895219556793797	1945.0	0.0806891596642991	0.0806891596642991	0.003985312307593255	13943.0	78.52878224625437	0.5	1.4559006906547838	1.556504901750948	24	-0.8835253454348121
ARHGEF9	ARHGEF9	0.649061535489933	1944.0	0.0806315500648431	0.0806315500648431	0.008494746290771859	286.0	1.6052720513687055	0.12	0.5404947617902143	1.0018316964518952	25	-0.4590224219836833
SIAH2	SIAH2	0.552661795975079	1943.0	0.0805721320925456	-0.0805721320925456	0.00210613381966348	830.0	4.669370282753182	0.08	0.41867552398380775	0.6565663538006665	25	-0.5149569269489407
RAB13	RAB13	0.615418796810438	1942.0	0.0805387431783405	0.0805387431783405	0.00394760844333674	2740.0	15.427509293680297	0.12	0.7376035363910044	1.444551390832219	25	-0.4548573331365684
LIN7B	LIN7B	0.795352061045929	1941.0	0.0805123231039694	0.0805123231039694	0.117109822652161	305.0	1.7122901881266193	0.12	0.5569503710469211	0.9806085343845249	25	-0.48585957722873196
WNK1	WNK1	0.668875742612888	1940.0	0.0805110828197014	-0.0805110828197014	0.00218338722273356	2832.0	15.945702376929141	0.12	0.49713226762615975	0.5502171173881049	25	-0.7571941541625787
KLHL24	KLHL24	0.741113420560831	1939.0	0.080497947488022	0.080497947488022	1.49541176444005e-06	9429.0	53.10352596597949	0.08	0.5517496460528128	0.48783484255707926	25	-0.9660066429339801
RBM26.AS1	RBM26.AS1	0.7995634618412851	1938.0	0.0804485158966732	-0.0804485158966732	1.19290612556114e-05	9086.0	51.17156697082347	0.12	0.7076052539385121	0.9833079063601031	25	-0.6378030055340205
CD80	CD80	0.8177595163527339	1937.0	0.0804292799809956	0.0804292799809956	0.00618137574556456	12983.0	73.12155007322293	0.4166666666666667	1.4876507312297778	1.7233227138007192	24	-0.8165745393938502
FBXO30	FBXO30	0.565329836763632	1936.0	0.08038542808309401	-0.08038542808309401	0.00134539512126143	2971.0	16.728624535315987	0.08	0.38860063953438734	0.3832818302818681	25	-0.8041477239467097
TTI2	TTI2	0.4424518882164071	1935.0	0.0803328192313727	0.0803328192313727	0.0001101598169157	12266.0	69.08302354399008	0.32	1.2858173862770053	1.7788359937064937	25	-0.6776816813414088
MAPK8IP1	MAPK8IP1	0.7708616689422559	1934.0	0.0801793118501056	0.0801793118501056	3.92918062622695e-06	11332.0	63.82223724231159	0.32	1.3118235800560014	1.6729372926640154	25	-0.7362166374117965
RNF220	RNF220	0.53973093054383	1933.0	0.0801171117461888	0.0801171117461888	2.0707948970467603e-05	5974.0	33.64312267657992	0.12	0.43335596273556914	0.4560797287719452	25	-0.7745111845696859
KLF8	KLF8	0.763578735041005	1932.0	0.0801096487773012	-0.0801096487773012	0.011019513539104448	6357.0	35.80038301227892	0.08333333333333333	0.5954753646812748	0.8239402053355682	24	-0.6254892194441213
DESI2	DESI2	0.763985864673919	1931.0	0.0801051138581694	-0.0801051138581694	0.0008296056749465929	3040.0	17.117269347752618	0.12	0.4016623995839192	0.3715433039412895	25	-0.8654638162354331
ZFP1	ZFP1	0.7430165701726171	1930.0	0.08010210299206301	-0.08010210299206301	0.021715993431382	1634.0	9.197927227667003	0.08	0.330204491317094	0.4009500609578235	25	-0.6237744115253786
EXOG	EXOG	0.660642130122107	1929.0	0.0800914763223504	-0.0800914763223504	0.00047204457104276	3876.0	21.826067365100823	0.12	0.5069987330827873	0.6870052854937913	25	-0.6214031620638747
MAPRE1	MAPRE1	0.45393741502262197	1928.0	0.0800568249252211	-0.0800568249252211	0.00265923801604836	1414.0	7.958769854680636	0.08	0.45929326178131286	0.6572014646066996	25	-0.5770474615163019
GCLM	GCLM	0.8141868644192991	1927.0	0.0800285701709204	0.0800285701709204	8.590644733591e-11	11251.0	63.366002027712064	0.16	0.778408788386651	0.7835389387342594	25	-0.8913152667867464
AUP1	AUP1	0.472657297694695	1926.0	0.0799691012695134	0.0799691012695134	0.000546754044686774	2876.0	16.193533851526418	0.08	0.38288830551144426	0.47734277638771233	25	-0.634594717310419
RDH10	RDH10	0.7625167760726701	1925.0	0.0798786741206612	-0.0798786741206612	1.1653746106820401e-12	13471.0	75.87022642784724	0.4	0.8883094810716388	0.5205305736571804	25	-1.5530899583304925
ATP11A.AS1	ATP11A.AS1	0.8301131221321851	1924.0	0.0798631792363591	-0.0798631792363591	1.3087860710729625e-05	15922.0	89.67556606961811	0.6666666666666666	1.855255264624146	1.255047743393199	24	-1.4146012330875664
KATNAL2	KATNAL2	0.7202050349798269	1923.0	0.0797004780313646	0.0797004780313646	0.00010548811668216601	4412.0	24.845105328376704	0.08	0.5057530978361209	0.6490049244251067	25	-0.6564705501767291
VPS53	VPS53	0.27502458838042304	1922.0	0.0796473846795442	-0.0796473846795442	0.000270906120942096	1434.0	8.071420524952122	0.16	0.45970299094749145	0.5610513774288508	25	-0.6773989362786007
KLHL6	KLHL6	0.870492421030213	1921.0	0.0794312195018518	0.0794312195018518	0.045278648704417196	11876.0	66.88633547369606	0.2916666666666667	1.393866862577438	2.1335570108365456	24	-0.6160771127274492
LRIG2	LRIG2	0.6150528124098079	1920.0	0.079398625434737	0.079398625434737	0.0141497596071679	1183.0	6.657654613044948	0.0	0.25699095328099064	0.15070371961634443	25	-1.1784203355986247
VRK3	VRK3	0.6140751472337651	1919.0	0.0793735849633887	0.0793735849633887	0.00225177375524295	532.0	2.990875295708009	0.08	0.3341391067229257	0.35306834334721815	25	-0.7215756568381799
E2F6	E2F6	0.545487916883994	1918.0	0.0793430789149762	0.0793430789149762	0.00280614543178132	178.0	0.9969584319026698	0.12	0.43772986415526133	0.7123751771755221	25	-0.5030871326275623
PURB	PURB	0.657261358029819	1917.0	0.0792833932839546	0.0792833932839546	0.0149556709702913	1312.0	7.384251436296046	0.04	0.3593349722533702	0.5327015437135236	25	-0.525719480775565
PDRG1	PDRG1	0.488709919443269	1916.0	0.0792752535150008	0.0792752535150008	2.81059089514928e-06	3584.0	20.181367579137095	0.08	0.5230496811088239	0.7053460733504383	25	-0.6291584292599327
ZNF256	ZNF256	0.6444801053543051	1915.0	0.0792637732771123	-0.0792637732771123	0.019771600125280342	2352.0	13.242086290413427	0.16666666666666666	0.5499333927915612	0.8952249196836016	24	-0.5257557169887508
TBC1D10A	TBC1D10A	0.577384551970371	1914.0	0.0792478855699024	-0.0792478855699024	0.0022240257423582397	5343.0	30.088994029514474	0.04	0.44741103784375386	0.46930894960915737	25	-0.7844792914783735
RPP25	RPP25	0.776739472761205	1913.0	0.0791882177711127	0.0791882177711127	5.72888307571927e-05	3941.0	22.192182043483157	0.2	0.6805949825985739	0.9186486973417949	25	-0.6546645813222115
HSPG2	HSPG2	0.856328365047348	1912.0	0.0791251328810031	0.0791251328810031	1.27309367232136e-10	14430.0	81.2718260673651	0.56	1.5890070064761752	1.580003906096253	25	-0.9556190764905558
GCFC2	GCFC2	0.6059194842115151	1911.0	0.0791220411351193	0.0791220411351193	0.00309777989920595	1163.0	6.54500394277346	0.08	0.38481580188636316	0.35565782317687483	25	-0.8595164813771495
RFNG	RFNG	0.5572552708216529	1910.0	0.0791187469289271	-0.0791187469289271	2.2399509008856698e-05	7802.0	43.93939393939394	0.2	0.6291093946575257	0.5871616819214729	25	-0.9366936989634049
ILF3	ILF3	0.54420181652431	1909.0	0.0790220396935162	-0.0790220396935162	1.88502913803983e-05	3924.0	22.096428973752396	0.16	0.43729140704865554	0.4107479041939285	25	-0.8722366290784234
STXBP5.AS1	STXBP5.AS1	0.697858553688083	1908.0	0.0789934512721737	-0.0789934512721737	0.00024738543257580263	5661.0	31.880139686831136	0.125	0.5653444533509714	0.6829218930544515	24	-0.7121619719987793
GLG1	GLG1	0.5543872332689929	1907.0	0.0789898179598961	0.0789898179598961	0.0012034886584650199	3412.0	19.2125718148023	0.12	0.4395689166726319	0.39573660510068037	25	-0.9111593268482202
MBIP	MBIP	0.7373395056231341	1906.0	0.0789847306540388	0.0789847306540388	4.46116624236126e-09	11872.0	66.86380533964177	0.28	0.7590951605444903	0.49661401010854295	25	-1.3694950525898424
POLR1D	POLR1D	0.36527302083873203	1905.0	0.0789837490012169	-0.0789837490012169	6.85907846806917e-07	2623.0	14.76850287259209	0.08	0.4319197674130368	0.5162948459260227	25	-0.6835939215678134
SLC39A5	SLC39A5	0.8484542128638509	1904.0	0.0788785004233693	-0.0788785004233693	5.579065553535736e-05	15559.0	87.6309564041906	0.5416666666666666	1.947379536480371	1.9940002622201536	24	-0.9370615799100152
LONP1	LONP1	0.573627514741917	1903.0	0.0788391238688179	-0.0788391238688179	0.000374526440026416	3377.0	19.015433141827195	0.04	0.40173037100829895	0.31622957442673155	25	-1.0210659383292215
SIN3A	SIN3A	0.442251572270063	1902.0	0.0788004125832366	-0.0788004125832366	0.00876471263659151	1448.0	8.150275994142165	0.12	0.3465835438767396	0.41588137288119664	25	-0.6438930636357202
RAB9B	RAB9B	0.7909480744147579	1901.0	0.0787958541936555	0.0787958541936555	0.0005623885159620955	7682.0	43.26348991776501	0.2916666666666667	1.1525975875777161	1.6436070559952483	24	-0.6533202260645229
USP30	USP30	0.518571788848742	1900.0	0.0787859852130388	-0.0787859852130388	0.00779223562737444	553.0	3.1091584994930717	0.12	0.3355480947195918	0.5382948877875543	25	-0.47699154372777136
RASA2	RASA2	0.758257324671098	1899.0	0.0787134631996537	0.0787134631996537	0.0314733999671856	3160.0	17.79317336938155	0.0	0.3021785646837789	0.20064970696343518	25	-1.1137075895398527
GGA2	GGA2	0.667179708669407	1898.0	0.0786590837441418	0.0786590837441418	4.29616883751719e-05	5312.0	29.91438549059367	0.08	0.44536142904104364	0.4662933705550869	25	-0.7864198130468174
MIIP	MIIP	0.7946854578694059	1897.0	0.0786196201369142	-0.0786196201369142	1.37078879096645e-05	9634.0	54.25819533626225	0.04	0.5933306985989876	0.6778882522550851	25	-0.759286027969682
LINC01122	LINC01122	0.547951708068349	1896.0	0.0786148443737578	-0.0786148443737578	0.000346616481611814	7131.0	40.15996395178551	0.04	0.3983151638391525	0.27658683925056154	25	-1.1558768317814876
CAMKV	CAMKV	0.9544561800138242	1895.0	0.0785538925141159	-0.0785538925141159	3.5670481197940796e-05	16308.0	91.84972400585782	0.6666666666666666	2.3531135525412408	2.2606121946190334	24	-1.006169773586682
RNASEH2B	RNASEH2B	0.513085243220088	1894.0	0.0785244645483174	0.0785244645483174	0.00383437014870316	2965.0	16.69482933423454	0.08	0.4960034830494317	0.77003501337099	25	-0.5421558906438712
KCNIP4	KCNIP4	0.7637545768961391	1893.0	0.0785206547495309	0.0785206547495309	0.01086314790096565	6569.0	36.99448011715669	0.25	0.7522719189796128	0.8529678254609016	24	-0.7898905962437915
SON	SON	0.436882524658758	1892.0	0.0784671087264234	0.0784671087264234	0.00174768034183639	2782.0	15.664075701250422	0.12	0.5323256472436028	0.7184635271237443	25	-0.6317071380563056
DNAJB14	DNAJB14	0.7242475345522371	1891.0	0.0783748112150833	-0.0783748112150833	2.80211271543935e-06	11286.0	63.563140700687164	0.16	0.6981878183690212	0.5345042600853112	25	-1.1596034932537505
CLDN23	CLDN23	0.6949773720551041	1890.0	0.0783406449596679	0.0783406449596679	0.106224449165774	3001.0	16.897600540723218	0.12	0.5296186704539965	0.6706875389416477	25	-0.6728588191849371
EPS8L3	EPS8L3	0.9475502204540941	1889.0	0.07823873616327401	-0.07823873616327401	1.3925307525130072e-05	16154.0	90.98231384476738	0.7083333333333334	2.5558145028801538	2.135229776329282	24	-1.1603321544982066
DNAJC19	DNAJC19	0.550443649248782	1888.0	0.0782359014853108	0.0782359014853108	1.98218543130458e-10	9384.0	52.85006195786865	0.16	0.6096000236519764	0.4950041914146625	25	-1.0734537835893687
SLC44A1	SLC44A1	0.730480636138093	1887.0	0.0782177592639465	0.0782177592639465	9.382586427312461e-06	9406.0	52.973977695167285	0.16	0.6310106499945018	0.6019568288058975	25	-0.9183264717290961
PPM1B	PPM1B	0.46532145440033795	1886.0	0.0781732077290157	-0.0781732077290157	0.000532751405644046	3490.0	19.651909428861103	0.12	0.4318765477356336	0.5094726796532417	25	-0.6942537924650958
ZNF492	ZNF492	0.914620102624747	1885.0	0.0781589844354916	-0.0781589844354916	0.006590402950604476	6731.0	37.906950546355745	0.20833333333333334	0.5645580584137863	0.4924744409334429	24	-0.9876635893151471
LINC01341	LINC01341	0.8249851191255408	1884.0	0.07814544959462	-0.07814544959462	0.004049962014663795	5274.0	29.700349217077843	0.08333333333333333	0.5054185614657035	0.6822581622890171	24	-0.6262631002281549
UPF3A	UPF3A	0.5532569314623951	1883.0	0.0780810426995277	-0.0780810426995277	9.56633900017522e-06	5192.0	29.23848146896474	0.12	0.44924374442573156	0.47397495752443536	25	-0.7830850466547463
ABCD4	ABCD4	0.5651969023169571	1882.0	0.0780509638798445	0.0780509638798445	0.000227369522574236	1791.0	10.082234989298186	0.04	0.3000149260055465	0.3079387328330967	25	-0.7208055968912714
BEND5	BEND5	0.73576853391277	1881.0	0.078037297818312	-0.078037297818312	1.90814962963035e-06	13127.0	73.93263489917764	0.4166666666666667	1.4130273738782027	1.9978394770320642	24	-0.668216886995904
USF1	USF1	0.648183311840548	1880.0	0.0780365341275887	-0.0780365341275887	0.0111820760508912	1291.0	7.265968232510984	0.16	0.4676928331735726	0.7162979625884673	25	-0.5439863288705904
PBRM1	PBRM1	0.61393163561629	1879.0	0.0779371307589534	-0.0779371307589534	0.0348390558209336	2092.0	11.77762757688408	0.04	0.34309436618751116	0.4109747365437959	25	-0.6451910831757441
RNF168	RNF168	0.616032282229944	1878.0	0.0779369983123908	-0.0779369983123908	4.52505510834335e-05	5673.0	31.947730088994028	0.08	0.5415185862104797	0.6371126217088003	25	-0.7276289498938449
RPS19	RPS19	0.707811400902427	1877.0	0.0779099842720115	0.0779099842720115	5.37062401579894e-06	6364.0	35.83981074687394	0.16	0.5867392433456616	0.6633304720736203	25	-0.7670825938133253
ZSCAN12P1	ZSCAN12P1	0.840466216691165	1876.0	0.0779035051361033	-0.0779035051361033	0.0353238909144827	2281.0	12.842176410949644	0.04	0.4760276495011731	0.820446617697587	25	-0.4852529534247122
ZACN	ZACN	0.5926569249345539	1875.0	0.0777807115793227	-0.0777807115793227	0.0431005241868239	585.0	3.289399571927453	0.12	0.42155216858690037	0.6684947275037927	25	-0.5142470731089308
ITGB6	ITGB6	0.84709755264163	1874.0	0.0777494092733939	0.0777494092733939	4.8841614494208756e-08	15849.0	89.26439112312718	0.7083333333333334	1.9360504578127316	1.5922340497118184	24	-1.1671029449945975
FAM71F2	FAM71F2	0.8340956358265251	1873.0	0.0776917558103848	0.0776917558103848	0.0189638591653613	6377.0	35.913033682550406	0.08333333333333333	0.6813094195548097	1.1702181299850927	24	-0.515816366434277
SMARCD2	SMARCD2	0.541904740263655	1872.0	0.0776454782177601	0.0776454782177601	0.000978009421837859	4083.0	22.992001802410726	0.12	0.38753249728801525	0.40470482897740795	25	-0.7657111971044808
TET3	TET3	0.637698664796843	1871.0	0.0776212419526116	0.0776212419526116	0.000209310728895958	2395.0	13.484285231497127	0.08	0.40465089774375024	0.36119383310541736	25	-0.9054131765746187
COPS9	COPS9	0.535468836975533	1870.0	0.0776202539258781	-0.0776202539258781	6.886619701508501e-08	5825.0	32.803875183057336	0.12	0.426496581789787	0.3463161936456587	25	-1.007392476197257
IFI27	IFI27	0.8297605331810629	1869.0	0.0775848175999125	0.0775848175999125	7.756952042048708e-09	15675.0	88.28433029176523	0.6666666666666666	1.7817150711343608	1.8698349543353094	24	-0.9113800389619061
LPAL2	LPAL2	0.71661916151897	1868.0	0.077572230156955	-0.077572230156955	2.870469096037747e-07	14004.0	78.8723667905824	0.5	1.3335567130824735	1.3161545935665644	24	-0.9542834018623947
MDM1	MDM1	0.6164021268932239	1867.0	0.0775555545402672	0.0775555545402672	0.00583361699003401	2336.0	13.151965754196237	0.04	0.39421433944390116	0.5997692064558132	25	-0.527967727411099
WDR1	WDR1	0.5724998321858621	1866.0	0.0775328025089744	-0.0775328025089744	1.84303194448808e-05	4978.0	28.033119297059816	0.04	0.37469013445275445	0.40152074935798376	25	-0.7400796407630817
TSC2	TSC2	0.621192419296136	1865.0	0.0774887543246559	0.0774887543246559	4.36511095658576e-08	8386.0	47.228793511321385	0.12	0.5943763640876627	0.49518631160520266	25	-1.043824511399471
CC2D1A	CC2D1A	0.6635914269011329	1864.0	0.0773850900791561	0.0773850900791561	0.0153982654516406	2724.0	15.337388757463106	0.12	0.5238379638645675	0.71302762343088	25	-0.6261368551714882
ABCD3	ABCD3	0.7408998992647501	1863.0	0.0773425826865912	0.0773425826865912	6.09945492751214e-06	9959.0	56.088768728173925	0.12	0.6078253344512885	0.5285610598340773	25	-1.003635704702165
POLR1A	POLR1A	0.6930192817874339	1862.0	0.0772640997536999	0.0772640997536999	0.0017049123384875401	3204.0	18.041004843978822	0.08	0.34109968061929097	0.26782302895677973	25	-0.9851116309649677
CLIP1	CLIP1	0.448166730061032	1861.0	0.0771549963868018	-0.0771549963868018	3.11579131470737e-07	7244.0	40.796440238819415	0.08	0.5735781690929836	0.6493119049919677	25	-0.7645373030890645
NUDT15	NUDT15	0.686374288163535	1860.0	0.0771432419602328	0.0771432419602328	6.4163532582409e-06	4470.0	25.17179227216402	0.08	0.5021198563479901	0.5798189520872735	25	-0.7329470912564968
SAT1	SAT1	0.8525034829207649	1859.0	0.0771162943340534	-0.0771162943340534	6.812852662412735e-08	13208.0	74.38887011377717	0.375	0.9256977708893923	0.4986511862683676	24	-1.7017536504939614
ZBTB32	ZBTB32	0.9008821243732041	1858.0	0.077105049268582	0.077105049268582	1.8515686113374799e-06	14980.0	84.36971949983102	0.625	1.5801784711748301	1.3397846664202815	24	-1.1218768654236442
ENPP6	ENPP6	0.8468117451906441	1857.0	0.0769635571166539	-0.0769635571166539	5.3761150500460106e-05	15130.0	85.21459952686718	0.625	1.5026000544911324	1.201766534671205	24	-1.1862840711940135
SS18L2	SS18L2	0.631969963805918	1856.0	0.0767669902318468	-0.0767669902318468	0.000174435904146602	3175.0	17.877661372085164	0.12	0.5142101423861649	0.586130069739629	25	-0.7463243650827185
ARSK	ARSK	0.76361196918463	1855.0	0.0765771254768783	0.0765771254768783	0.0332742262311513	1089.0	6.128196462768954	0.08	0.4392979883047847	0.7609817073689361	25	-0.4766485965635092
ELF2	ELF2	0.31523209896457394	1854.0	0.0765322445860623	-0.0765322445860623	8.594028048666229e-05	5887.0	33.15309226089895	0.04	0.4655529270420912	0.36942133963994506	25	-1.0530541707070478
ZNF44	ZNF44	0.62126222018909	1853.0	0.0765098793384404	-0.0765098793384404	0.0135364191733794	1568.0	8.826180015771094	0.0	0.2620516250617752	0.2187062815277631	25	-0.8483603873983002
TPT1	TPT1	0.6646013449838629	1852.0	0.0763930510057771	-0.0763930510057771	0.000619248914391197	3585.0	20.187000112650672	0.08	0.41669245126725385	0.4576644090785528	25	-0.7435566181487105
SRSF6	SRSF6	0.5078940136432399	1851.0	0.0763561054629576	0.0763561054629576	0.00678047618093249	1664.0	9.366903233074236	0.08	0.3199874804086168	0.3022456541813431	25	-0.8060707294718747
ESR2	ESR2	0.8336252786327231	1850.0	0.0763503693885527	0.0763503693885527	0.0018409468670104	10056.0	56.63512447899065	0.2916666666666667	1.0339909845965438	1.1382492718425508	24	-0.8413276765447012
UBE2V2	UBE2V2	0.676085770145292	1849.0	0.0761711985520842	0.0761711985520842	3.8954940840259795e-07	10202.0	57.45747437197251	0.08	0.6627979185316444	0.49704843122427445	25	-1.1802204435785995
PSEN1	PSEN1	0.553169453879838	1848.0	0.0761365231107535	0.0761365231107535	1.84459128401845e-05	7234.0	40.740114903683676	0.04	0.43435693089149363	0.3620513517720189	25	-0.9894187827982726
AREL1	AREL1	0.654392828026781	1847.0	0.0760282923777454	0.0760282923777454	0.00136553243680241	2000.0	11.259434493635236	0.08	0.35735348683558327	0.42521384152692154	25	-0.6616087412573712
CCDC8	CCDC8	0.793143062706815	1846.0	0.0759992041253791	-0.0759992041253791	1.3539606279729375e-06	11996.0	67.56223949532499	0.3333333333333333	1.136202591402407	1.2116957846875551	24	-0.8749748911195636
ABHD16B	ABHD16B	0.7384559235734641	1845.0	0.0759695514876003	0.0759695514876003	2.2830413421560802e-07	11612.0	65.39934662611242	0.4	1.1988104645730417	1.2717792081590686	25	-0.8828898175735874
FAM122C	FAM122C	0.608138156840927	1844.0	0.0758613538562893	-0.0758613538562893	0.0010745546557288	3906.0	21.995043370508053	0.08	0.5093314085564262	0.6485445012625107	25	-0.668373648772456
CDK5RAP2	CDK5RAP2	0.573627514741917	1843.0	0.0758545650776888	-0.0758545650776888	0.0350462914471772	2243.0	12.628140137433817	0.08	0.3204140478730386	0.43365896650007074	25	-0.5639442550193643
ZC3HC1	ZC3HC1	0.5506063204126171	1842.0	0.0757904815237762	0.0757904815237762	0.0383096151437687	169.0	0.9462656302805001	0.08	0.32673761793051953	0.4560098551281156	25	-0.5503107741744746
TEX10	TEX10	0.530639852565647	1841.0	0.0757555992905994	-0.0757555992905994	0.0179368145709775	2095.0	11.794525177424804	0.04	0.3163388334275437	0.25979333919540815	25	-0.9260562063755815
SPRED1	SPRED1	0.8075635965264709	1840.0	0.0757062868144882	0.0757062868144882	0.00189806213669293	4621.0	26.022304832713754	0.08	0.5268225680795995	0.5713320491857535	25	-0.7895868644302899
NSD3	NSD3	0.45255529464059896	1839.0	0.0757043907661769	0.0757043907661769	0.00405924996595294	3534.0	19.899740903458376	0.08	0.4285135886520598	0.4944263222805529	25	-0.713572845916743
DNM2	DNM2	0.631969963805918	1838.0	0.0756875711457274	-0.0756875711457274	0.000101012568480202	7177.0	40.41906049340993	0.12	0.51882607517936	0.39465445100699664	25	-1.1228519098237064
SGSM2	SGSM2	0.7378449486185971	1837.0	0.0756630894929808	-0.0756630894929808	9.08847515932423e-09	10578.0	59.575306973076486	0.2	0.8078020309715321	1.0009340025153945	25	-0.7314557599588499
TSR3	TSR3	0.693947438621928	1836.0	0.0755010570399401	0.0755010570399401	0.00450393658831924	3011.0	16.95392587585896	0.2	0.5041736311987204	0.5178236924190739	25	-0.8278349956453059
ZNF805	ZNF805	0.7694024506683991	1835.0	0.07549501398003301	-0.07549501398003301	0.000866336501873395	8218.0	46.282527881040885	0.0	0.47154380211248365	0.2865900705491882	25	-1.381934787110762
FAM50B	FAM50B	0.7248247415276049	1834.0	0.0754683592785059	-0.0754683592785059	0.0204498869674741	3619.0	20.3785062521122	0.12	0.6561530361706276	1.07893259566995	25	-0.5382029231692204
NCSTN	NCSTN	0.46838698279115404	1833.0	0.0754491328780117	0.0754491328780117	0.0191812823758571	1543.0	8.685366677931732	0.08	0.4055767339264137	0.6616200996232934	25	-0.4989685186957995
SEC24B	SEC24B	0.501087446889239	1832.0	0.0754127098830872	-0.0754127098830872	0.0002568691230083	4198.0	23.63974315647178	0.12	0.4462447744958422	0.46199090066181864	25	-0.8026826157864251
SAMD4B	SAMD4B	0.622051007180126	1831.0	0.0753977528987373	-0.0753977528987373	1.47845613180142e-06	8851.0	49.847921595133485	0.08	0.483147037106448	0.3093205418365497	25	-1.318209523967446
EMC8	EMC8	0.639097966236282	1830.0	0.0753673756078658	0.0753673756078658	0.00823535483726396	173.0	0.9687957643347977	0.04	0.2631891589627062	0.33821153989899577	25	-0.5553381868960826
COQ2	COQ2	0.6237086476896619	1829.0	0.0753447517684646	0.0753447517684646	6.56172399663321e-05	3414.0	19.22383688182945	0.04	0.4514967548734784	0.5809702153311479	25	-0.6474548835358289
CFL1	CFL1	0.44113653460910707	1828.0	0.0753247105812987	-0.0753247105812987	0.0008005000928430151	1786.0	10.054072321730313	0.08	0.3699192427387129	0.4578022837700109	25	-0.6434972969803086
TMEM151B	TMEM151B	0.7843306506914308	1827.0	0.0752762001457254	-0.0752762001457254	8.26054490043049e-09	14685.0	82.70812211332657	0.6	1.5554651047899466	1.4729371089227883	25	-1.00492335733651
CCT7	CCT7	0.49776540442866796	1826.0	0.0752496799885821	0.0752496799885821	0.0328802716574502	47.0	0.25909654162442264	0.04	0.3190561659767944	0.7351674180869222	25	-0.331633965257402
CALM2	CALM2	0.505177330891348	1825.0	0.0752255846680909	0.0752255846680909	6.211724357085749e-09	10141.0	57.11388982764447	0.24	0.6735457503107836	0.5095663975414016	25	-1.1741750800867512
TUBG2	TUBG2	0.639175884470556	1824.0	0.0751414792500187	-0.0751414792500187	5.59814155230687e-05	3575.0	20.130674777514926	0.16	0.7619999430901753	1.2509175631330927	25	-0.5490837158923778
USP51	USP51	0.688208919373088	1823.0	0.0751287743101782	-0.0751287743101782	1.7971038908176998e-05	6875.0	38.71803537231046	0.12	0.8773874133081649	1.361200827480885	25	-0.5893756621370059
PEX3	PEX3	0.676903079541427	1822.0	0.0751209653779029	0.0751209653779029	1.0020168316402901e-08	9897.0	55.73955165033232	0.12	0.6016381278454741	0.42989639663118295	25	-1.2247536071331186
CDC34	CDC34	0.7232432916507329	1821.0	0.0750578085435863	0.0750578085435863	9.001696911311399e-06	9222.0	51.93759152866959	0.2	0.597415968248763	0.4186440049266236	25	-1.2477383016549612
ABCB5	ABCB5	0.9411964563105569	1820.0	0.074932325508626	-0.074932325508626	0.0005378395576529735	14677.0	82.66306184521797	0.5833333333333334	1.973889901132738	1.7744203947518076	24	-1.0701847100273685
F11R	F11R	0.6790698023876421	1819.0	0.0748904388624172	-0.0748904388624172	3.44312729150738e-05	7685.0	43.28038751830573	0.16	0.6752245510653426	0.8633192218909405	25	-0.6953790637118041
ANP32C	ANP32C	0.8866341357955849	1818.0	0.0748845564593597	0.0748845564593597	0.00046727133678763853	11650.0	65.61338289962825	0.2916666666666667	1.3075370687425847	1.7383753004431106	24	-0.709083080028244
SNORA4	SNORA4	0.7774246107647359	1817.0	0.0748379375227434	-0.0748379375227434	0.00137174215476511	16922.0	95.30809958319252	0.5416666666666666	2.275569112480685	1.7213492780105426	24	-1.2784919383133253
GTPBP4	GTPBP4	0.63873726036923	1816.0	0.0748341933414503	0.0748341933414503	1.6307279573434598e-07	4959.0	27.926101160301904	0.12	0.5481179501320977	0.6256614810349339	25	-0.7564534035366348
HNRNPA3	HNRNPA3	0.3775175629722	1815.0	0.07475757713059401	0.07475757713059401	0.0158672048166572	432.0	2.4276219443505687	0.12	0.4131828235674408	0.5557107034606961	25	-0.6089953717452244
TNKS2	TNKS2	0.548813145852353	1814.0	0.0746908422674689	0.0746908422674689	0.0134456745727682	1781.0	10.025909654162442	0.04	0.3537842053701891	0.5441567223791287	25	-0.512891510156275
HNRNPF	HNRNPF	0.5857367426177571	1813.0	0.0746558353188142	-0.0746558353188142	1.8212031720034401e-06	3525.0	19.849048101836207	0.12	0.4369089483824408	0.4920345332569141	25	-0.7362351391593839
CHAF1A	CHAF1A	0.696001614162665	1812.0	0.0746199686620826	0.0746199686620826	2.63190517271984e-06	6785.0	38.21110735608877	0.12	0.6192242965038618	0.5888691250555078	25	-0.9248308404527811
ZNF615	ZNF615	0.51314642032855	1811.0	0.0744990442481339	-0.0744990442481339	0.00124112375534188	3847.0	21.662723893207165	0.08	0.4868146287041747	0.5449713221350184	25	-0.7565821681051471
TLR5	TLR5	0.629254417757879	1810.0	0.0743867217744547	0.0743867217744547	1.187767586915114e-06	9823.0	55.32274417032781	0.25	0.9723972730052108	1.1430240876877251	24	-0.785644467954636
TIMM13	TIMM13	0.552899101462784	1809.0	0.0743584547122096	-0.0743584547122096	0.000481532402470391	4616.0	25.994142165145885	0.04	0.4798366797469535	0.6441814762642817	25	-0.6294471976843875
NDUFAF5	NDUFAF5	0.6660953175138989	1808.0	0.07431118548022	0.07431118548022	2.06338766324979e-06	6853.0	38.59411963501182	0.08	0.538133666192529	0.5224830434609329	25	-0.8877273368336401
ZNF268	ZNF268	0.618321479776964	1807.0	0.0742962538721672	0.0742962538721672	2.49124665478036e-06	5810.0	32.71938718035372	0.08	0.5497019861171843	0.5719967127529427	25	-0.831133678997828
IL2RG	IL2RG	0.8775367085240029	1806.0	0.0742020077057642	-0.0742020077057642	0.0007468579412177859	12348.0	69.54489129210319	0.4166666666666667	1.884498707031127	2.644242205297732	24	-0.6846183362849434
SSU72	SSU72	0.6679440096040821	1805.0	0.0741534320875891	0.0741534320875891	5.2184261745409e-06	4902.0	27.605046750028162	0.12	0.49263854225151754	0.5083445559977791	25	-0.8232312222612979
PPP2R5C	PPP2R5C	0.477587036161507	1804.0	0.0741172437900637	-0.0741172437900637	1.62520118472192e-06	8519.0	47.977920468626785	0.08	0.5136439069717431	0.31588347484515256	25	-1.391420248865938
RPL10A	RPL10A	0.545110815479788	1803.0	0.0741095956543816	0.0741095956543816	3.8030222096428e-05	3879.0	21.842964965641546	0.04	0.3805294866457923	0.3896543598124742	25	-0.7863889708275787
MYO5B	MYO5B	0.865743678403083	1802.0	0.074093831679939	0.074093831679939	0.000120199892572397	13001.0	73.22293567646727	0.32	0.9430410916643845	0.8215199545412315	25	-1.0577311667002651
ZNF570	ZNF570	0.793213504071886	1801.0	0.0740204690397011	-0.0740204690397011	0.000683387218521463	8110.0	45.67421426157485	0.16666666666666666	0.5824610313842996	0.620211175029345	24	-0.8197861999512375
TMPO.AS1	TMPO.AS1	0.735080438646943	1800.0	0.0740074704225399	0.0740074704225399	1.07838109313017e-08	12175.0	68.57046299425481	0.28	0.7959602241977535	0.4933310515568919	25	-1.4634245128029542
PPP6R1	PPP6R1	0.713448240865922	1799.0	0.0740020477295434	-0.0740020477295434	1.8325755977836799e-06	8995.0	50.6590064210882	0.32	0.7273351272559933	0.6852041258584206	25	-0.9534867857194483
KLHL20	KLHL20	0.5572552708216529	1798.0	0.0738987733805433	-0.0738987733805433	0.00048491394563739	2402.0	13.523712966092146	0.12	0.4545413325986221	0.6307563050695745	25	-0.6034700821200554
DNHD1	DNHD1	0.7704886094504491	1797.0	0.073767059466325	0.073767059466325	2.33904761025078e-05	2935.0	16.525853328827306	0.12	0.6118422719996315	0.9431259036408108	25	-0.5705232042255858
INTS12	INTS12	0.384530141643806	1796.0	0.0737479936859753	0.0737479936859753	9.257468830659641e-05	6863.0	38.65044497014757	0.04	0.4374758594518202	0.3809213174808433	25	-0.9548635087458369
PFKFB4	PFKFB4	0.731127573974867	1795.0	0.0737046837071097	-0.0737046837071097	0.00617492963824867	4144.0	23.335586346738765	0.12	0.5190202778763344	0.6923335032707684	25	-0.6432096555568017
SNX27	SNX27	0.42663329698414704	1794.0	0.0736405571391447	0.0736405571391447	1.4425010871555899e-05	7972.0	44.896924636701584	0.08	0.4637406486081689	0.37402829192044407	25	-1.0429694755604173
RNF6	RNF6	0.5358826453337511	1793.0	0.0735977527606199	-0.0735977527606199	2.3448707823017002e-05	4932.0	27.774022755435396	0.04	0.460727644356291	0.4763745145661836	25	-0.8126586955396128
ADD3	ADD3	0.7330408242691809	1792.0	0.0735916207629412	-0.0735916207629412	0.00122448061474883	3790.0	21.341669482933423	0.04	0.3809156335839505	0.4516610443645411	25	-0.6804306385408886
SNIP1	SNIP1	0.700875136950624	1791.0	0.0735300409357499	0.0735300409357499	0.00033028391839679704	1808.0	10.17798805902895	0.08	0.39105042205921203	0.43052545782254137	25	-0.7375182474211343
KIF5C	KIF5C	0.8582491527551509	1790.0	0.0735137823786005	0.0735137823786005	4.8845532276510205e-05	11772.0	66.30055198828433	0.375	1.4440574234841588	1.7881897232316974	24	-0.7664419626730936
NPPA	NPPA	0.868611918888211	1789.0	0.0734845573444362	-0.0734845573444362	1.3263059435357624e-10	17752.0	99.98310239945927	0.7727272727272727	6.6808569488273415	4.9010380806379725	22	-1.3481577336821708
SPATC1	SPATC1	0.8953099623606241	1788.0	0.0734002829030981	0.0734002829030981	3.169139794160501e-05	13999.0	78.84420412301452	0.5416666666666666	1.1427389487686377	1.024759313474084	24	-1.0435022661470867
ERC1	ERC1	0.571285039983777	1787.0	0.0733477532746347	-0.0733477532746347	0.0348132486438988	128.0	0.7153317562239495	0.12	0.30433877428790856	0.4045440852114802	25	-0.5709909734374699
C3AR1	C3AR1	0.8557181153404599	1786.0	0.0732629757327256	-0.0732629757327256	0.04213060796648775	11775.0	66.31744958882504	0.4166666666666667	1.5457440474735733	2.1689648534205577	24	-0.6788865524578128
TM2D3	TM2D3	0.44200119549742295	1785.0	0.073254936380464	-0.073254936380464	3.09295104500533e-06	4533.0	25.526641883519208	0.04	0.4316344840230146	0.4793313045168418	25	-0.747665642250909
FAM193A	FAM193A	0.5452067398152679	1784.0	0.073248576531825	-0.073248576531825	0.00056563137519893	1109.0	6.240847133040441	0.08	0.31654348398456345	0.3748125765411945	25	-0.649110842805454
ZNF569	ZNF569	0.760047400357244	1783.0	0.0731945386294964	-0.0731945386294964	0.0478925992046622	5853.0	32.96158612143742	0.08	0.5903045081352535	1.0988052287958787	25	-0.47061112921025133
SAP25	SAP25	0.7714498357683979	1782.0	0.0730604056183314	-0.0730604056183314	6.121697747604385e-08	13472.0	75.87585896136082	0.4583333333333333	1.2230766926561156	1.2147698259079442	24	-0.946694807947043
MDH1	MDH1	0.435953734117058	1781.0	0.0730306640498383	0.0730306640498383	1.5965095127235198e-05	8813.0	49.63388532161766	0.16	0.6636402592784681	0.7558678977706751	25	-0.7813661579894435
RPP25L	RPP25L	0.6837486839862719	1780.0	0.0730268237214795	0.0730268237214795	0.000375318405348065	6934.0	39.05035484961135	0.08	0.3961563838987017	0.3406190391161261	25	-0.9486538421801453
PEX10	PEX10	0.692589862719318	1779.0	0.0730144150136883	-0.0730144150136883	0.000910153429917982	4231.0	23.825616762419738	0.04	0.42997716311480305	0.5648170555230388	25	-0.6319971123580107
PRPF4	PRPF4	0.589961292221056	1778.0	0.0730119196234191	0.0730119196234191	0.00204517873870115	2330.0	13.11817055311479	0.08	0.42825661536340925	0.6251403197461488	25	-0.5682639313430378
ARL6IP4	ARL6IP4	0.722792845535837	1777.0	0.0729897614439048	-0.0729897614439048	0.0119921437800671	695.0	3.908978258420637	0.12	0.4818865371794804	0.7440206840529316	25	-0.54957716162967
OPRL1	OPRL1	0.8028567502310591	1776.0	0.072967443990197	0.072967443990197	1.6155291750917952e-07	12803.0	72.10769404077953	0.3333333333333333	1.1438078234990674	1.406803983397575	24	-0.7611866273812231
RSAD1	RSAD1	0.601178357604518	1775.0	0.072949870760775	0.072949870760775	0.0166762477595613	479.0	2.692351019488566	0.08	0.3281977472023037	0.5381181987378069	25	-0.47433422069766473
RAB5B	RAB5B	0.618638455402824	1774.0	0.0728996945842779	-0.0728996945842779	0.00244653073742778	2193.0	12.346513461755096	0.08	0.3848119213661071	0.4771296699783144	25	-0.653726327260272
SCO1	SCO1	0.49685896955932496	1773.0	0.0728430371549007	0.0728430371549007	3.80471379907873e-06	3095.0	17.42705869099921	0.16	0.4854651036600361	0.5947153813480197	25	-0.6938143512781861
MRPL53	MRPL53	0.4705616185449629	1772.0	0.0728239821731547	0.0728239821731547	0.039986163853252	185.0	1.0363861664976906	0.04	0.30282775452599675	0.448188987936319	25	-0.5131847915583374
VWA5B2	VWA5B2	0.8972052124202741	1771.0	0.0727427305910933	-0.0727427305910933	0.0013409380027480733	15310.0	86.22845555931058	0.625	1.3948087445123605	1.2000563122295258	24	-1.1016699803570598
C2orf76	C2orf76	0.69646249827186	1770.0	0.0727154474748916	0.0727154474748916	9.67310231584523e-07	7595.0	42.77345950208403	0.16	0.5652575911022634	0.4407233648748012	25	-1.117576654387931
ARL11	ARL11	0.8154976173312158	1769.0	0.0726325199817323	-0.0726325199817323	0.023063128770345498	8729.0	49.16075250647741	0.20833333333333334	0.7989142262475081	1.0089645335460933	24	-0.7198287770464992
ADSL	ADSL	0.5877919596011489	1768.0	0.0726294002207679	0.0726294002207679	9.72426720744387e-05	1746.0	9.828770981187336	0.04	0.35788125450668573	0.3673334029624635	25	-0.7765475504961543
COX10	COX10	0.6039619055705749	1767.0	0.0724987025688385	0.0724987025688385	0.000138826487652465	6579.0	37.05080545229244	0.04	0.3930384556110517	0.3771380734533408	25	-0.8499267923472332
RBFOX1	RBFOX1	0.934037499916978	1766.0	0.0724927839084208	-0.0724927839084208	0.0001231111768268753	16269.0	91.63005519882843	0.5833333333333334	2.0405807748684706	1.6995728898551108	24	-1.1579897530183774
CLEC4A	CLEC4A	0.7903919507874658	1765.0	0.0724526469395752	-0.0724526469395752	0.1799898168519095	4098.0	23.076489805114342	0.25	0.9586389990376719	1.5202391230016232	24	-0.5829256323494515
DSTN	DSTN	0.7739839350206071	1764.0	0.0724195113931857	-0.0724195113931857	3.8378500350285504e-07	8084.0	45.527768390221915	0.04	0.4779875331945185	0.29161475725688735	25	-1.3907664537157236
POLR2I	POLR2I	0.7007887646436051	1763.0	0.0724122452088532	0.0724122452088532	0.0225897758174519	4427.0	24.92959333108032	0.04	0.434093276907862	0.5730256176515345	25	-0.631177770343511
SYNGAP1	SYNGAP1	0.634757135564172	1762.0	0.0723982255652939	-0.0723982255652939	2.72704524126029e-12	11699.0	65.8893770417934	0.28	0.7287242685935358	0.46848943816317185	25	-1.40094095952628
ANO5	ANO5	0.8487506928290292	1761.0	0.0723903378617012	0.0723903378617012	0.0256620194280518	7091.0	39.93466261124253	0.125	0.6654172726638097	0.8222221694619969	24	-0.7212490210403141
KDM1B	KDM1B	0.7168668954015529	1760.0	0.0723614832998057	0.0723614832998057	0.00851651477144402	3997.0	22.507603920243326	0.16	0.5074957011289396	0.5906046682064978	25	-0.7367605460189056
SMURF2	SMURF2	0.552252767857668	1759.0	0.0722565298892163	-0.0722565298892163	5.3263938689529604e-05	5320.0	29.959445758702266	0.08	0.48055869159444	0.407658589619119	25	-1.0015787036076096
USP54	USP54	0.742296085162894	1758.0	0.0721522970469071	-0.0721522970469071	0.0021755298647155	6960.0	39.19680072096428	0.12	0.4609632244535326	0.4000418136570905	25	-0.9719257190947245
SEPHS1	SEPHS1	0.488532915727694	1757.0	0.072033913124704	-0.072033913124704	8.49311649939455e-05	1755.0	9.879463782809507	0.2	0.4961873905024209	0.5772123427036997	25	-0.7348309209587494
TRAPPC8	TRAPPC8	0.676601636512005	1756.0	0.0718970498917941	-0.0718970498917941	0.00562470664767495	5831.0	32.83767038413878	0.08	0.4191372248348856	0.37403812739146497	25	-0.9283550245659127
ZNF577	ZNF577	0.74019774607217	1755.0	0.0718804606621551	-0.0718804606621551	0.000258510917926598	4735.0	26.66441365326124	0.24	0.9107450811112523	1.6884218029172608	25	-0.4968335631532974
TAF6	TAF6	0.535365164628023	1754.0	0.0718313004983547	0.0718313004983547	6.0801698979812205e-05	5732.0	32.28004956629491	0.04	0.3636158284813329	0.24592410198039225	25	-1.1864820309732895
MXD3	MXD3	0.6915801835063999	1753.0	0.0718264742661175	0.0718264742661175	0.019523858318295	1436.0	8.08268559197927	0.04	0.28741609461394846	0.3101212310939683	25	-0.6951785261116361
ATP11B	ATP11B	0.697858553688083	1752.0	0.0716186546663378	0.0716186546663378	7.93881138676642e-05	8841.0	49.791596259997746	0.12	0.5375719894468738	0.36115092107995994	25	-1.290190077287308
HOMER1	HOMER1	0.8696258808219058	1751.0	0.0716014524469598	-0.0716014524469598	0.00435298988234601	5858.0	32.98974878900529	0.12	0.5781999495215859	0.8181401354664335	25	-0.6192074867294061
NDUFA10	NDUFA10	0.497268885575154	1750.0	0.0715902826326297	0.0715902826326297	3.974290779729161e-06	5387.0	30.33682550411175	0.08	0.40820491353760224	0.32014896544360005	25	-1.0514312624392135
CCDC121	CCDC121	0.727457997043752	1749.0	0.0715845703365555	0.0715845703365555	1.47748295905262e-06	9686.0	54.551087078968116	0.12	0.6410403054871802	0.4376800372308136	25	-1.3010776976568346
CMTM7	CMTM7	0.721705987517197	1748.0	0.0715476048286033	-0.0715476048286033	0.000126669051681797	2511.0	14.137659119071758	0.16	0.5225868102103801	0.6211292768201999	25	-0.7261599512597768
LSG1	LSG1	0.646138408234625	1747.0	0.0715340834613558	0.0715340834613558	1.72878938620887e-05	3688.0	20.767151064548834	0.08	0.47524219631086717	0.5468445449910924	25	-0.7382502331738309
GRAMD1B	GRAMD1B	0.8857242260010999	1746.0	0.0715050397125565	0.0715050397125565	8.29576656717393e-05	11247.0	63.343471893657764	0.16	0.6557668974640563	0.46993322933131787	25	-1.2432869635179098
SRSF4	SRSF4	0.6150528124098079	1745.0	0.0714517622666512	-0.0714517622666512	0.00494773481824755	2754.0	15.506364762870337	0.04	0.3146037233060652	0.30997040014893507	25	-0.7844360652584373
XRCC1	XRCC1	0.609335138049817	1744.0	0.0713723986619723	0.0713723986619723	0.0259770298993713	425.0	2.388194209755548	0.08	0.32924472166461405	0.39895041953629434	25	-0.646376868840921
PCGF1	PCGF1	0.5962375304483389	1743.0	0.0713498974086147	0.0713498974086147	3.3950690735748804e-07	4554.0	25.64492508730427	0.12	0.5190123372431255	0.532742297522926	25	-0.8402982866500216
ZNF57	ZNF57	0.746649969044484	1742.0	0.0712680742190175	-0.0712680742190175	0.00439599445359181	4425.0	24.918328264053173	0.12	0.40624590325712895	0.33586082026011443	25	-0.9973709609197074
CTBP2	CTBP2	0.592800194851465	1741.0	0.0712410057370536	-0.0712410057370536	6.961674482834371e-06	4411.0	24.83947279486313	0.08	0.4986209979538802	0.6584067849319307	25	-0.649112375506597
KLF3.AS1	KLF3.AS1	0.8298999875366729	1740.0	0.0711722385662788	0.0711722385662788	0.0030040011346318153	1492.0	8.398107468739438	0.041666666666666664	0.36926821474868116	0.5596647699878936	24	-0.5326330906782833
CDK6	CDK6	0.823991950022818	1739.0	0.0711288896951245	-0.0711288896951245	0.00876973550438494	5425.0	30.550861777627578	0.2	0.6739193620496667	0.830467471323192	25	-0.7258447719741632
SETD5	SETD5	0.187013230424941	1738.0	0.0711117116845054	0.0711117116845054	0.000189305173267332	2842.0	16.002027712064887	0.08	0.37636313329710996	0.5032437077563978	25	-0.6065677859610036
CLRN3	CLRN3	0.9280979703601261	1737.0	0.0709723214262664	0.0709723214262664	0.00012306580216640532	17271.0	97.27385377942998	0.625	2.5264669820875447	1.806470884170734	24	-1.3592771863513764
LGALS3	LGALS3	0.7147184204002079	1736.0	0.0709679527096863	0.0709679527096863	1.5786353303997401e-06	11963.0	67.37636588937704	0.32	0.9774745273764249	0.8531477940375867	25	-1.0625434197943917
CTDSPL2	CTDSPL2	0.7262267872923911	1735.0	0.0709532536255922	0.0709532536255922	0.0150223260005632	3844.0	21.64582629266644	0.04	0.34843487722274874	0.3555008974333827	25	-0.7805370551818476
ORAI2	ORAI2	0.76958821583222	1734.0	0.0708983344477885	-0.0708983344477885	0.00024005019365961298	4798.0	27.019263264616423	0.2	0.8110578560637957	1.4359963222482548	25	-0.515432741817321
SCN3A	SCN3A	0.8697752991425921	1733.0	0.0708816207231086	-0.0708816207231086	0.000183928193447252	9474.0	53.35698997409034	0.3333333333333333	1.1775463880714157	1.5035087008763335	24	-0.7360547808624437
LRRC23	LRRC23	0.8237272486551541	1732.0	0.0708431285676092	-0.0708431285676092	0.000785281059154528	4919.0	27.700799819758927	0.04	0.3930774179369848	0.3503358413371597	25	-0.9197868198111666
PSMD6	PSMD6	0.582376803047792	1731.0	0.070805339084116	-0.070805339084116	0.0029572830685954	3365.0	18.947842739664303	0.04	0.33810040201553676	0.2905795547439791	25	-0.9198687883148777
CTSL	CTSL	0.8336252786327231	1730.0	0.0707717244798872	-0.0707717244798872	0.22134463118259803	4735.0	26.66441365326124	0.04	0.5783840723136041	1.0536094588880565	25	-0.4817841597297671
CUL1	CUL1	0.54774910491256	1729.0	0.0707317347286589	-0.0707317347286589	0.000221783524022082	3464.0	19.50546355750817	0.04	0.34960534877703275	0.39880442333841976	25	-0.6992741246797197
HK1	HK1	0.40419487076103394	1728.0	0.0707293765070004	0.0707293765070004	5.61549697994366e-06	7214.0	40.627464233412184	0.12	0.4686181744295647	0.3967213708131523	25	-1.002942687728214
DNAH7	DNAH7	0.888665526729638	1727.0	0.0707076219216814	-0.0707076219216814	5.265684288682513e-10	14671.0	82.62926664413652	0.5833333333333334	1.2843708326168695	0.8994767561595344	24	-1.3492991368416511
OTUD7B	OTUD7B	0.7285467600464691	1726.0	0.0706983936988489	-0.0706983936988489	0.0157057509415588	11103.0	62.53238706770305	0.25	1.0051387184679814	1.653220870977349	24	-0.5652241277456842
RUSC1	RUSC1	0.649419489410504	1725.0	0.070657927360489	0.070657927360489	0.000388608025375608	1159.0	6.522473808719162	0.04	0.31614095867253533	0.45948660469070157	25	-0.5342550333481225
HCFC1R1	HCFC1R1	0.815686231622428	1724.0	0.0705924529554212	0.0705924529554212	1.35287239028291e-06	8722.0	49.121324771882385	0.12	0.5822917299532739	0.6287016492842122	25	-0.8138984168093583
FANCA	FANCA	0.7359708502437141	1723.0	0.0705510138726355	-0.0705510138726355	4.60369859534837e-05	2682.0	15.100822349892981	0.04	0.39769784889840265	0.4493091612990301	25	-0.7281107602612182
MUL1	MUL1	0.650102109665505	1722.0	0.0705389048940455	-0.0705389048940455	0.00187360673438277	1115.0	6.274642334121888	0.04	0.2950673373048034	0.28837762962496105	25	-0.7785917122030585
SLC25A19	SLC25A19	0.764114031026251	1721.0	0.0704629282272104	0.0704629282272104	0.00257443201875019	4957.0	27.914836093274754	0.08	0.5014548954346513	0.6440724779525249	25	-0.6691668747864269
NUDT2	NUDT2	0.769788136909962	1720.0	0.0704399160706011	-0.0704399160706011	2.7285943320100895e-09	5550.0	31.254928466824378	0.04	0.4584901574716118	0.3477119167061178	25	-1.1160107628091058
NMB	NMB	0.742238236004723	1719.0	0.0704193465925307	0.0704193465925307	0.000180586531413103	6522.0	36.7297510420187	0.20833333333333334	0.8838352262772879	1.4260162945208779	24	-0.5704113500035805
ITSN2	ITSN2	0.43909673732003296	1718.0	0.0703983581598742	-0.0703983581598742	1.14542288361191e-05	5820.0	32.77571251548947	0.08	0.4714010992994569	0.41433401912731405	25	-0.9678248046930585
TMEM199	TMEM199	0.32609638677550395	1717.0	0.0703193203221239	0.0703193203221239	9.84681522986596e-05	4501.0	25.346400811084827	0.04	0.3559706754882365	0.3308060202116376	25	-0.8635010783158159
PRPF38A	PRPF38A	0.595164864683684	1716.0	0.0702108529360503	-0.0702108529360503	0.000986179184994616	1885.0	10.611693139574179	0.12	0.43374625437706826	0.5571984208247126	25	-0.6524343714092856
RPL22	RPL22	0.637698664796843	1715.0	0.0701703970483276	0.0701703970483276	4.69990825948051e-05	5461.0	30.753632984116255	0.08	0.46399270933973824	0.44356847781114334	25	-0.8878500885247465
SPOPL	SPOPL	0.6827264991311189	1714.0	0.0701447020167716	0.0701447020167716	6.54023837539072e-05	8407.0	47.34707671510645	0.04	0.4812599519476252	0.33768371420169513	25	-1.2174565507334434
NFATC3	NFATC3	0.7212820334597411	1713.0	0.0701352455648041	-0.0701352455648041	0.00310688843044978	1253.0	7.051931958995156	0.0	0.2760321392942945	0.2402024129930386	25	-0.8571807883356174
ANKS6	ANKS6	0.683791735307813	1712.0	0.0700879032120983	0.0700879032120983	0.028574798408510002	1328.0	7.474371972513237	0.16	0.6714781484869701	1.2363327919503726	25	-0.4864307160583766
LRTOMT	LRTOMT	0.599928527215958	1711.0	0.0700297178678887	0.0700297178678887	8.24051742082115e-06	3954.0	22.265404979159626	0.16	0.49760412069531745	0.5689220796146611	25	-0.7515517821298672
HSF5	HSF5	0.92764654014614	1710.0	0.0700276976882572	0.0700276976882572	6.23670801562546e-06	17007.0	95.78686493184634	0.7083333333333334	2.069573069025235	1.3631390716329979	24	-1.4668682109900828
MAPK8	MAPK8	0.592653907100667	1709.0	0.0699382347257698	-0.0699382347257698	0.000973673362981403	1764.0	9.930156584431677	0.0	0.2981201033271454	0.22546391296510368	25	-1.0120549475103477
TXNL4A	TXNL4A	0.600690167181234	1708.0	0.0699055407473057	-0.0699055407473057	0.00654847351251493	736.0	4.139912132477188	0.08	0.2924651232622961	0.36432838388194677	25	-0.6108763202679985
RPN1	RPN1	0.48456087086266	1707.0	0.0698968620269895	0.0698968620269895	0.00020858841676603502	3868.0	21.781007096992226	0.08	0.4506448348765067	0.5232778620410791	25	-0.7276210221551991
IKBKG	IKBKG	0.6756596401006579	1706.0	0.069781801739977	-0.069781801739977	1.6992173379545401e-06	9639.0	54.28635800383012	0.12	0.6350158162099049	0.611177932188978	25	-0.9248272633887507
SF3B4	SF3B4	0.584337670847862	1705.0	0.0697375190665657	0.0697375190665657	0.000594148575612665	1615.0	9.09090909090909	0.12	0.37886426015277513	0.4429222374630712	25	-0.6979255384800656
TNK2	TNK2	0.679087880040359	1704.0	0.0696296764137493	-0.0696296764137493	3.658530000323221e-08	10326.0	58.15590852765573	0.32	0.901965387708438	0.7742956781176594	25	-1.0749584878455305
FAM216A	FAM216A	0.7384801864213979	1703.0	0.0695545683572587	-0.0695545683572587	0.00088821142810796	6238.0	35.13011152416357	0.08	0.4345273509960609	0.3323345245459983	25	-1.098209050466216
ZNF385A	ZNF385A	0.7967351053642521	1702.0	0.0695447419226348	-0.0695447419226348	1.6202248091415706e-05	9755.0	54.93973189140475	0.2916666666666667	0.9045225804848993	1.1313604623295317	24	-0.7380298908828761
ARFGAP2	ARFGAP2	0.563145014113775	1701.0	0.0693729308580166	-0.0693729308580166	0.0138403291773226	743.0	4.179339867072209	0.08	0.3314832491018273	0.36760204245161054	25	-0.7130273719257523
PMVK	PMVK	0.513913752245465	1700.0	0.0693557749827065	-0.0693557749827065	0.0184515590258264	537.0	3.0190379632758813	0.12	0.5140005963553997	0.8373704271265641	25	-0.5310013429761206
OSCP1	OSCP1	0.8443199679644549	1699.0	0.0693411132631394	0.0693411132631394	1.4125973893468398e-09	12187.0	68.6380533964177	0.2	0.7779095367080608	0.5871554053419755	25	-1.2067817429565033
TCEAL9	TCEAL9	0.779153708950818	1698.0	0.0693297432626339	0.0693297432626339	1.4755394261017498e-05	8534.0	48.0624084713304	0.12	0.684884570789712	0.8513101642418295	25	-0.7230676354901585
KCNH4	KCNH4	0.898383022006554	1697.0	0.0693247900253248	0.0693247900253248	7.021477302727976e-08	14901.0	83.92474935225864	0.5416666666666666	1.4091519834688169	1.3055943845065856	24	-1.0262200951100473
CAPSL	CAPSL	0.913273410097918	1696.0	0.0693174100493391	-0.0693174100493391	1.636121561088003e-06	14861.0	83.69944801171566	0.5833333333333334	1.7023776477842503	1.4772784910913934	24	-1.105451847828928
LRRC1	LRRC1	0.778130712096007	1695.0	0.0692877625388175	-0.0692877625388175	0.0001109326918577	8590.0	48.37783034809057	0.16	0.8566340884730286	1.3127810350290225	25	-0.5997544944094997
TLK2	TLK2	0.521861479287308	1694.0	0.0692704714959128	0.0692704714959128	0.0124929338163292	1327.0	7.468739438999662	0.08	0.39164078559724913	0.40750563233243225	25	-0.7910818612645707
FOXP1.AS1	FOXP1.AS1	0.9392808370198491	1693.0	0.0692241028663939	0.0692241028663939	0.04827389607038695	9512.0	53.57102624760617	0.2916666666666667	0.9235582542183417	1.0105065422391388	24	-0.8454513807093864
DHX34	DHX34	0.669846570119851	1692.0	0.0691811879407141	0.0691811879407141	4.23509404075646e-05	6978.0	39.29818632420862	0.12	0.5096414840078921	0.4423829731234984	25	-0.9956538176803119
ROPN1	ROPN1	0.9318327758989692	1691.0	0.0690839109058345	0.0690839109058345	0.000313707145699472	13795.0	77.69516728624535	0.5	1.3845923317088407	1.4522895919949883	24	-0.9058168756796722
PRKCA	PRKCA	0.8237272486551541	1690.0	0.0690038370081579	-0.0690038370081579	0.0610827717680446	988.0	5.559310577897938	0.16	0.6250182768959013	1.0734136295292505	25	-0.517987124992614
CENPC	CENPC	0.523657074768469	1689.0	0.0689339744506993	-0.0689339744506993	3.03931048210412e-05	8219.0	46.28816041455446	0.12	0.5250229011175511	0.5352854487404317	25	-0.8520480572376188
TMEM229B	TMEM229B	0.885430211038292	1688.0	0.0689141115514681	0.0689141115514681	0.0006681554042135736	7981.0	44.94761743832375	0.25	0.8672238482002229	1.1970858632603	24	-0.6668775909478487
SNRNP70	SNRNP70	0.696001614162665	1687.0	0.0688553384189317	-0.0688553384189317	4.74990468409541e-10	11846.0	66.71735946828883	0.32	0.90571903742927	0.7115177863024893	25	-1.1761669421634955
ZSCAN16.AS1	ZSCAN16.AS1	0.7060696484493871	1686.0	0.0688519431630855	0.0688519431630855	0.10424283700518301	334.0	1.875633660020277	0.04	0.25899166784396416	0.2617253897350126	25	-0.7264855919152061
CBFA2T2	CBFA2T2	0.5284847308086931	1685.0	0.0688444716277322	0.0688444716277322	0.0469383468488542	249.0	1.3968683113664524	0.12	0.4047652565746904	0.5576025178844742	25	-0.6024377117618311
TSPYL4	TSPYL4	0.650008283384727	1684.0	0.0688248217388304	-0.0688248217388304	0.000361123760533182	2259.0	12.718260673651008	0.08	0.5541394649605358	0.9708087819806124	25	-0.4999075536086337
ATP2C2	ATP2C2	0.890001290824645	1683.0	0.0687885544669167	0.0687885544669167	0.000664795298569273	12487.0	70.32781345049003	0.375	0.8095156984999282	0.5019207666256834	24	-1.4757850108748785
IZUMO4	IZUMO4	0.8146825389115809	1682.0	0.0687861147301456	-0.0687861147301456	1.6119958113213414e-05	13651.0	76.88408246029063	0.4583333333333333	1.3331725472613365	1.6359380270913884	24	-0.7728816199591639
DLD	DLD	0.616071772131214	1681.0	0.0687690097045087	0.0687690097045087	3.16077483776711e-08	10433.0	58.758589613608194	0.16	0.6230459862876406	0.4008312928487935	25	-1.3828186233758528
FSTL4	FSTL4	0.9032469768750779	1680.0	0.0687520446758662	-0.0687520446758662	0.00011808513757712934	13017.0	73.31305621268446	0.4166666666666667	1.1940756698407557	1.3381561256356003	24	-0.8409509201554347
MTO1	MTO1	0.6840240776077929	1679.0	0.0684328973210714	0.0684328973210714	7.70262090766243e-06	4114.0	23.16661034133153	0.08	0.43108994925731997	0.604705043170191	25	-0.599725529052981
NEURL2	NEURL2	0.7488803577940171	1678.0	0.068293444332705	0.068293444332705	2.866034600527735e-08	10972.0	61.7945251774248	0.16666666666666666	0.8160003103438922	0.9468794318703012	24	-0.7896537202569676
PA2G4	PA2G4	0.43113682439439	1677.0	0.068283057255018	0.068283057255018	6.69053382896345e-05	2478.0	13.951785513123802	0.04	0.3031072632655121	0.26960013124770804	25	-0.871009242182965
SAP130	SAP130	0.615877191686671	1676.0	0.0682756200808728	-0.0682756200808728	1.31131124180352e-06	2575.0	14.49814126394052	0.08	0.4454585006515968	0.5545457018739901	25	-0.6801655468541196
XPO7	XPO7	0.43902479950691	1675.0	0.0682359667827111	-0.0682359667827111	0.0138144570042424	2951.0	16.6159738650445	0.04	0.31809960636073337	0.2980771655088478	25	-0.8382515284304983
CARMIL3	CARMIL3	0.764804755645928	1674.0	0.0682353432622793	0.0682353432622793	4.224936757830834e-08	12745.0	71.78100709699223	0.4166666666666667	1.2848992836636077	1.7316836384156102	24	-0.7025901922330947
PIK3R3	PIK3R3	0.8730325119522511	1673.0	0.0682183439502399	0.0682183439502399	4.99137818509649e-07	9729.0	54.793286020051816	0.2	0.7460200977807935	1.032501805450715	25	-0.6564654417574358
PRKAG2.AS1	PRKAG2.AS1	0.740047090401269	1672.0	0.0682076234509912	0.0682076234509912	0.045148966318774006	5964.0	33.586797341444175	0.08333333333333333	0.5698368520844546	0.9921372458624377	24	-0.5056046738749445
DNM1L	DNM1L	0.496971601247686	1671.0	0.0679096518881961	0.0679096518881961	0.000981253604700303	4691.0	26.416582178663962	0.04	0.3636940385846441	0.30945272195362455	25	-0.9558306187423845
WSB1	WSB1	0.802865006324873	1670.0	0.0679024254995136	0.0679024254995136	3.16913071218611e-06	8256.0	46.496564154556715	0.08	0.5675074232735657	0.5419116262054077	25	-0.9219307606895307
SLC25A29	SLC25A29	0.7099291380180891	1669.0	0.0678791296845426	0.0678791296845426	0.000141530621146401	10567.0	59.513349104427164	0.16	0.8055238026377445	1.0745033955053016	25	-0.686498224239034
SCARB2	SCARB2	0.524913383179599	1668.0	0.0678742386767862	-0.0678742386767862	1.14463709093624e-06	6349.0	35.75532274417032	0.12	0.5770608575425298	0.5907320622641122	25	-0.8619586634830221
EVI2A	EVI2A	0.783014082000853	1667.0	0.0678454468321691	-0.0678454468321691	0.16521127869743452	9806.0	55.22699110059705	0.375	1.4648633840040521	2.486654804010471	24	-0.5618061400877902
ILDR2	ILDR2	0.88162547342616	1666.0	0.0678059663140179	-0.0678059663140179	0.0002562877425530805	13486.0	75.95471443055085	0.375	1.498974761927929	1.817969371869231	24	-0.78723482241199
TRPC4AP	TRPC4AP	0.38770384903891897	1665.0	0.0677012928864994	-0.0677012928864994	0.00583760632143142	1110.0	6.246479666554016	0.08	0.35058711016450766	0.5028705438414395	25	-0.562542031428282
ZFP3	ZFP3	0.7438319190685029	1664.0	0.0676855443781621	-0.0676855443781621	0.00581492116223487	4027.0	22.676579925650557	0.08	0.4865659712422814	0.603889262327584	25	-0.6936378124188184
ZNF593	ZNF593	0.799990905488515	1663.0	0.06766202173977401	0.06766202173977401	0.00488782552634891	763.0	4.291990537343698	0.0	0.30215794884739083	0.241113340404867	25	-0.972554760818549
FGFR1OP2	FGFR1OP2	0.6968097184602231	1662.0	0.0676082749723801	-0.0676082749723801	2.44263811700518e-05	8026.0	45.2010814464346	0.08	0.5258970404853629	0.38422058165866174	25	-1.192775159348758
DUS2	DUS2	0.75015734622123	1661.0	0.0675402894077231	0.0675402894077231	9.38279995957406e-05	2887.0	16.255491720175737	0.04	0.3289313196861658	0.3415619746218485	25	-0.7652814121590525
TANGO6	TANGO6	0.7764594494770609	1660.0	0.0674936618046777	0.0674936618046777	0.00716137783699432	1204.0	6.775937816830011	0.04	0.29670290706092195	0.2522551467172471	25	-0.9086405103685159
TUBE1	TUBE1	0.7000903751483462	1659.0	0.0673294789329512	-0.0673294789329512	2.73991175663853e-05	8139.0	45.83755773346851	0.04	0.5627938036233684	0.4672930449646782	25	-1.0602861096035965
RNF103	RNF103	0.624440673346244	1658.0	0.0673238038159818	0.0673238038159818	0.000646979515549913	4681.0	26.36025684352822	0.04	0.4152453355550222	0.42824189024985393	25	-0.8124416122300615
PROSER1	PROSER1	0.70887704401491	1657.0	0.0673068304955884	-0.0673068304955884	0.0118040881421511	1379.0	7.761631181705531	0.04	0.29960626646973265	0.3793059472166865	25	-0.6124328861140643
STX8	STX8	0.6985362969977571	1656.0	0.0672024712841295	-0.0672024712841295	2.989297362084759e-08	6276.0	35.34414779767939	0.12	0.5631613120040632	0.6613842170243408	25	-0.7498800666144124
SLC35A3	SLC35A3	0.8164489467736529	1655.0	0.0671915417125843	0.0671915417125843	2.0544020959017003e-09	12947.0	72.91877886673426	0.44	0.9051028025114778	0.642926868937648	25	-1.303276159827371
MYL5	MYL5	0.7709435893370999	1654.0	0.0671024875292935	-0.0671024875292935	0.00415156038722992	1856.0	10.448349667680521	0.04	0.3265869163897834	0.269750384813024	25	-0.9619427569690034
CIAO1	CIAO1	0.18806057402201198	1653.0	0.0670422838598907	0.0670422838598907	6.65828161355297e-05	519.0	2.917652360031542	0.04	0.29704310258269506	0.4263551231404294	25	-0.5394583206334513
FEZF2	FEZF2	0.9424380421100551	1652.0	0.0669215955163337	0.0669215955163337	8.884496413323395e-05	16306.0	91.83845893883068	0.625	1.846574613497401	1.5306419573475278	24	-1.1626840682356927
SLC35F6	SLC35F6	0.7248808442856101	1651.0	0.0669194789384009	-0.0669194789384009	9.639775408587621e-05	2538.0	14.289737523938266	0.04	0.31177122726753487	0.28555540382289624	25	-0.8574579400395204
PPIF	PPIF	0.8320735115438059	1650.0	0.0668833504617056	0.0668833504617056	0.0109078625896637	2880.0	16.216063985580714	0.08	0.42070572170805415	0.4584000503254953	25	-0.7718637268802883
PRPF18	PRPF18	0.519802178447297	1649.0	0.0668078732991803	0.0668078732991803	0.000145017955420303	6768.0	38.115354286358	0.0	0.4503852472149577	0.2458205339356498	25	-1.5603959839099089
M6PR	M6PR	0.380677155044854	1648.0	0.0667335639763525	0.0667335639763525	0.0045392925904049605	3143.0	17.697420299650783	0.04	0.35552626112199626	0.36299211595264147	25	-0.795589447962891
IDH3G	IDH3G	0.725816696777524	1647.0	0.0666917056294836	0.0666917056294836	0.0193990693980848	338.0	1.8981637940745746	0.04	0.26124704939428667	0.26569392349925575	25	-0.7322536443530974
PLCG1.AS1	PLCG1.AS1	0.685036285313274	1646.0	0.0665899413915406	-0.0665899413915406	0.0022833235422903	2492.0	14.030640982313844	0.08	0.3641008593168241	0.40661910568748605	25	-0.7316697955504838
LAMC2	LAMC2	0.8775367085240029	1645.0	0.0665289917116554	-0.0665289917116554	0.004504290385026325	13320.0	75.01971386729751	0.4583333333333333	1.4154533981818744	1.579167123838523	24	-0.8541999045619396
TSEN54	TSEN54	0.653169732406108	1644.0	0.0664632875768711	0.0664632875768711	0.000548944372555194	3757.0	21.15579587698547	0.16	0.5213207344957683	0.5942783329914416	25	-0.7653946335705424
CCDC25	CCDC25	0.69109336257782	1643.0	0.0664532027122291	0.0664532027122291	0.0011282100142565	2652.0	14.931846344485749	0.04	0.3416550849567816	0.3054508141980828	25	-0.9009695487866205
PLA2G15	PLA2G15	0.825811265336144	1642.0	0.0664154669663499	0.0664154669663499	0.00284100305877624	1347.0	7.58139010927115	0.12	0.45582569440310294	0.6519956197057954	25	-0.5972589625870023
HMGN3.AS1	HMGN3.AS1	0.705848671689222	1641.0	0.0663978479677868	-0.0663978479677868	1.8872987397728802e-06	5966.0	33.59806240847133	0.16	0.6964499393522093	1.0091954316563225	25	-0.6243112796798551
GADD45GIP1	GADD45GIP1	0.7292098718983391	1640.0	0.0663817157537665	-0.0663817157537665	0.00223374651101712	2658.0	14.965641545567195	0.08	0.4249993355875141	0.5486369280211776	25	-0.653651990082419
ZNF428	ZNF428	0.7080994814897349	1639.0	0.0663645447610563	0.0663645447610563	6.374596913190169e-08	10148.0	57.153317562239494	0.32	1.0638483096668847	1.1542784592479378	25	-0.8641621585451157
ARHGEF11	ARHGEF11	0.57762352848414	1638.0	0.06632127892273901	-0.06632127892273901	0.00065663275742012	2534.0	14.26720738988397	0.08	0.4345914731255778	0.5442979742759502	25	-0.6765966650761993
TRMT44	TRMT44	0.636066970236039	1637.0	0.0663204267967353	0.0663204267967353	0.00844299056978858	642.0	3.610453982201194	0.08	0.3032432407038954	0.3416019053583829	25	-0.6935640878776674
CERS5	CERS5	0.5703437617957829	1636.0	0.0662205364184165	0.0662205364184165	0.15373415195165802	485.0	2.726146220570012	0.08	0.336971046462884	0.6188833028248502	25	-0.4374823311739797
BARHL1	BARHL1	0.9456791216907041	1635.0	0.0661698421751157	-0.0661698421751157	0.0009247499999271061	17091.0	96.25999774698658	0.6666666666666666	2.6654380266654845	1.9386811546265468	24	-1.3407404194791754
TATDN3	TATDN3	0.403267453914375	1634.0	0.0660755484724217	0.0660755484724217	1.4630323813506202e-08	9825.0	55.334009237354955	0.08	0.5896980709575174	0.364013973999061	25	-1.4384681904723977
MGAT4B	MGAT4B	0.663040892999265	1633.0	0.0660628286194671	0.0660628286194671	0.000544840889579948	2819.0	15.872479441252674	0.2	0.6945909371464184	1.0465636212518397	25	-0.6005636884025664
HNRNPD	HNRNPD	0.6384479183358249	1632.0	0.0660269825564613	0.0660269825564613	0.000156848897507826	4011.0	22.58645938943337	0.16	0.5159779403244795	0.6187950265475081	25	-0.7271405529525101
RBM19	RBM19	0.665005741963206	1631.0	0.0660126245180604	0.0660126245180604	0.00315188044772474	708.0	3.9822011940971045	0.04	0.3120535603788486	0.3465890620341371	25	-0.7098923849955616
ALG14	ALG14	0.649210137603582	1630.0	0.0658588671639547	-0.0658588671639547	1.5794798420983e-08	8162.0	45.96710600428072	0.12	0.5614786295927886	0.40722020259500913	25	-1.2170804868483904
PRR14L	PRR14L	0.5928921113676079	1629.0	0.0657829880104074	0.0657829880104074	0.000650421040960855	6109.0	34.40351470091247	0.12	0.47490909707386775	0.4292383873856245	25	-0.9531442692144507
TAPBP	TAPBP	0.755303549820597	1628.0	0.0657557733044821	-0.0657557733044821	0.000493133896184099	5735.0	32.296947166835636	0.2	0.5761518512624836	0.5821517924386697	25	-0.8767405418781258
ATP6V1A	ATP6V1A	0.7561969391297031	1627.0	0.0657458791545248	0.0657458791545248	1.3791270105558e-08	11328.0	63.79970710825729	0.16	0.658410582741098	0.5369625246937864	25	-1.1037356916566052
ZNF529	ZNF529	0.716510783019936	1626.0	0.0657323794226268	-0.0657323794226268	0.0242150416248574	1498.0	8.431902669820884	0.04	0.3726091818645839	0.4998134386879048	25	-0.6139826957185484
RRAGB	RRAGB	0.706799611771405	1625.0	0.0657086303779617	-0.0657086303779617	0.000367751957377454	3061.0	17.235552551537683	0.08	0.5185514215592157	0.8502849583474555	25	-0.5325776808534427
AHCYL1	AHCYL1	0.6150528124098079	1624.0	0.0656846028579427	-0.0656846028579427	7.257621709431191e-08	5870.0	33.05733919116818	0.04	0.4149013358383515	0.3372406660113561	25	-1.035511930131965
UBE3A	UBE3A	0.660980429652491	1623.0	0.0655999867093839	0.0655999867093839	0.0019541724102064	4450.0	25.05914160189253	0.08	0.4995776769966113	0.5526606055093446	25	-0.7852517186153765
NT5DC3	NT5DC3	0.7654375351104058	1622.0	0.0655692385418766	0.0655692385418766	0.000822327782807799	7771.0	43.76478540047313	0.16666666666666666	0.5301366668892477	0.5346838753550632	24	-0.8688637338069518
MTA2	MTA2	0.576370776680595	1621.0	0.0655253694101983	-0.0655253694101983	0.00046100208946379695	6664.0	37.52957080094626	0.24	0.635723983287007	0.6519591685086535	25	-0.8745925226899243
RCHY1	RCHY1	0.6355189008907951	1620.0	0.0655030791890665	-0.0655030791890665	2.67137317126688e-06	9413.0	53.0134054297623	0.08	0.5267570711375343	0.4205287789851055	25	-1.0968428678333209
FAM89B	FAM89B	0.602039771026097	1619.0	0.0654673632073637	0.0654673632073637	0.041542379614007995	2182.0	12.284555593105779	0.12	0.39253728388410863	0.4479069222154495	25	-0.7302184995466977
HLA.DPA1	HLA.DPA1	0.800502764922567	1618.0	0.0654503007718193	-0.0654503007718193	0.026072743824190878	9424.0	53.075363298411624	0.2916666666666667	1.191360892376301	1.6456255676546787	24	-0.6841839442304686
NDUFA4	NDUFA4	0.545333119686808	1617.0	0.0654124107674663	-0.0654124107674663	9.639999787899971e-09	9963.0	56.111298862228224	0.2	0.6255870033689617	0.5235610540874817	25	-1.069931745740385
CDR2L	CDR2L	0.8823637256745408	1616.0	0.0654053251596204	-0.0654053251596204	0.00518050816099202	5063.0	28.511884645713643	0.16	0.6036968169986126	0.6833222856118165	25	-0.7877563825640924
RPS8	RPS8	0.637910056304771	1615.0	0.0653663074159737	0.0653663074159737	0.00720780123286304	2491.0	14.02500844880027	0.08	0.34790149214322563	0.37248875271416176	25	-0.7585066197799054
ATG13	ATG13	0.448015052912945	1614.0	0.0653610185999493	-0.0653610185999493	2.5550942267045498e-05	1816.0	10.223048327137546	0.08	0.35740622901051694	0.4922272454937362	25	-0.5933137856227912
ADCY6	ADCY6	0.8052807864398509	1613.0	0.0653575709990938	0.0653575709990938	0.0164776642351605	4117.0	23.183507941872254	0.12	0.6679955711046367	1.2025236041294576	25	-0.5011444249710262
TSSK4	TSSK4	0.74754567910226	1612.0	0.0653503890036004	0.0653503890036004	3.32160430119517e-06	7294.0	41.07806691449814	0.16	0.7852955208485639	0.9926339152994211	25	-0.7252876621969914
IKZF4	IKZF4	0.7491107860187879	1611.0	0.0653261703969941	-0.0653261703969941	9.15701381513529e-05	4228.0	23.808719161879015	0.16	0.6236041837648062	0.836311360642127	25	-0.6675480444737251
RAB29	RAB29	0.629213402920729	1610.0	0.0653203749743124	0.0653203749743124	0.0004890572944852231	4229.0	23.81435169539259	0.04	0.43661791053840354	0.544025458731983	25	-0.6825002940662246
PTPRJ	PTPRJ	0.7363158285794	1609.0	0.0653107104505425	0.0653107104505425	0.0250297990750273	2829.0	15.928804776388418	0.12	0.4455100764028199	0.5046812816131425	25	-0.7533454871498776
CPQ	CPQ	0.722792845535837	1608.0	0.0652973700211409	0.0652973700211409	0.000959543820343475	5044.0	28.404866508955728	0.125	0.5524204113613547	0.7141417611854738	24	-0.6821097264100486
SLC9A5	SLC9A5	0.7849687338108849	1607.0	0.0652594567023619	0.0652594567023619	0.000250937455109317	7827.0	44.08020727723329	0.12	0.6322746490612245	0.8093458012519084	25	-0.700584585083156
SLU7	SLU7	0.643881660828047	1606.0	0.0651317058750246	0.0651317058750246	3.65993418617967e-08	8721.0	49.115692238368815	0.12	0.5874802859850462	0.40612900139547564	25	-1.2861641949114957
DYRK1B	DYRK1B	0.790765660849532	1605.0	0.0651014498167728	-0.0651014498167728	1.19030780955373e-07	11252.0	63.37163456122563	0.2	0.8903557730395238	1.0611361956738898	25	-0.7777082023845784
GAS2L2	GAS2L2	0.90785056090561	1604.0	0.0650482445482125	0.0650482445482125	0.0313391241830552	13763.0	77.51492621381097	0.4166666666666667	1.0566600240639656	0.9207541512870958	24	-1.076956077938511
UAP1L1	UAP1L1	0.8451641042221729	1603.0	0.0650452715651347	-0.0650452715651347	0.000647685396138093	5564.0	31.33378393601442	0.08	0.6050116486975071	0.7796690127732049	25	-0.6925584681270913
LLGL1	LLGL1	0.82863575354151	1602.0	0.0649863736493159	0.0649863736493159	2.14165853653905e-12	10600.0	59.699222710375125	0.36	1.105642441528463	1.306180877073204	25	-0.7967166616395228
NDUFA13	NDUFA13	0.730160138623183	1601.0	0.064934843222416	-0.064934843222416	7.21178077268755e-05	5079.0	28.60200518193083	0.08	0.40778919018787474	0.444614097572131	25	-0.771127926077145
MTSS1	MTSS1	0.8477420664246509	1600.0	0.06493388799992	-0.06493388799992	0.028032533551770055	1287.0	7.243438098456686	0.16666666666666666	0.5773026981402889	0.8928397564377035	24	-0.5738642420949572
MIER1	MIER1	0.7173840330478392	1599.0	0.0648551573307519	0.0648551573307519	0.000600198877636045	8277.0	46.61484735834178	0.12	0.5703608850786803	0.5694183602002518	25	-0.8877580406261457
ZNF441	ZNF441	0.763888441935813	1598.0	0.0646462690590353	0.0646462690590353	3.00874624718263e-05	8860.0	49.898614396755654	0.2	0.7862288135729281	0.7868126557203872	25	-0.9170957524230833
MANBAL	MANBAL	0.5786223032475301	1597.0	0.0646286279122417	-0.0646286279122417	0.00436353084654424	1829.0	10.296271262814013	0.08	0.3302812953713343	0.33274493939492855	25	-0.7983672657566538
PINX1	PINX1	0.74350501333231	1596.0	0.0645347348283669	-0.0645347348283669	0.009766025511478291	886.0	4.984792159513349	0.08	0.4247074287690399	0.7129342343569235	25	-0.5051976417790537
RTN2	RTN2	0.8051570260343249	1595.0	0.0645326575616084	-0.0645326575616084	5.2945629173761246e-08	8679.0	48.87912583079869	0.125	0.6946999262911463	0.7530728385045602	24	-0.8367945788363763
IL21R	IL21R	0.9035134567938728	1594.0	0.0645299707987057	-0.0645299707987057	5.381961378857325e-05	14549.0	81.94209755548044	0.5416666666666666	1.4441121727452906	1.492860979262743	24	-0.9241196743101281
RPL31	RPL31	0.6665360478846011	1593.0	0.0644536706452213	-0.0644536706452213	3.1662409386862497e-08	6633.0	37.35496226202545	0.04	0.46236027770075544	0.41063566743288255	25	-0.969001571497856
SEMA4C	SEMA4C	0.8063866220182049	1592.0	0.0644338711732784	0.0644338711732784	1.77802000205578e-07	11028.0	62.10994705418497	0.28	0.6875893934958895	0.5624339727703459	25	-1.1079620942048947
NCOA4	NCOA4	0.553169453879838	1591.0	0.0644137810616686	-0.0644137810616686	0.0042939134927038	1046.0	5.885997521685254	0.16	0.4326797200281767	0.48220256276115114	25	-0.7637162624308175
C16orf95	C16orf95	0.8003337147203392	1590.0	0.0644043443649415	0.0644043443649415	7.618646663106095e-05	14289.0	80.4776388419511	0.5416666666666666	1.432818572686874	1.4091376703569487	24	-0.9711004517928326
ZC3H13	ZC3H13	0.657261358029819	1589.0	0.0643944120208651	-0.0643944120208651	0.0012425130056309302	3948.0	22.23160977807818	0.12	0.44696813588554013	0.49435379139552	25	-0.7738864969250078
NSRP1	NSRP1	0.5913398314546229	1588.0	0.0643900230454148	-0.0643900230454148	0.00043946526162094897	12062.0	67.9339867072209	0.4166666666666667	1.176394483892182	1.7204149768084294	24	-0.6463582774137815
NFKBIE	NFKBIE	0.8571847573444781	1587.0	0.0643817657733583	0.0643817657733583	0.00121116134350481	7813.0	44.00135180804325	0.12	0.5311423985656876	0.63145602047235	25	-0.739181538633802
DLG1	DLG1	0.5926569249345539	1586.0	0.0643647818769841	0.0643647818769841	4.0511566095370794e-09	9693.0	54.59051481356314	0.04	0.5870730979336459	0.3614311670757464	25	-1.446218156241949
ZNF568	ZNF568	0.849787701233772	1585.0	0.0643599230403246	-0.0643599230403246	0.00018028944158864999	6815.0	38.380083361496	0.16666666666666666	0.7030880215432921	0.9406808395873953	24	-0.6790061747012182
HSD17B1	HSD17B1	0.6420417799065661	1584.0	0.0642321277340845	-0.0642321277340845	2.7005541131679797e-06	10989.0	61.890278247155564	0.24	0.7706478437623896	0.6972374811534011	25	-1.013163714118927
ZNF618	ZNF618	0.6763124616910421	1583.0	0.0640991851547496	-0.0640991851547496	2.3962574376508297e-09	8457.0	47.62870339078517	0.2	1.102588247804152	1.931746479382336	25	-0.5375907624179819
FAM160A2	FAM160A2	0.590091088646389	1582.0	0.06400010067348001	-0.06400010067348001	0.00024400568475666098	3231.0	18.19308324884533	0.12	0.40777461669236376	0.39150666502659504	25	-0.8780808776155348
FLYWCH2	FLYWCH2	0.735676406203035	1581.0	0.0639580161198658	0.0639580161198658	7.14609557112318e-05	4401.0	24.783147459727385	0.12	0.5845285564329594	0.7422270145207761	25	-0.7013629659507926
DPP8	DPP8	0.6420989593276359	1580.0	0.0639574689854084	0.0639574689854084	0.0023702289029378103	5164.0	29.080770530584658	0.08	0.4294030368626033	0.5100058703128485	25	-0.716551689205112
DNASE2	DNASE2	0.7654375351104058	1579.0	0.0639419835570414	0.0639419835570414	0.0338766270534334	1974.0	11.112988622282302	0.0	0.3002340373287344	0.25949196096038146	25	-0.9105948904820579
BAD	BAD	0.7344872232028431	1578.0	0.0639413079301072	-0.0639413079301072	0.045552494105668	219.0	1.2278923059592204	0.08	0.3678289810508749	0.7395041767651028	25	-0.4109343566524507
KCNMA1	KCNMA1	0.918872916662318	1577.0	0.0639377997826849	-0.0639377997826849	0.00447629287123233	10374.0	58.42627013630731	0.16666666666666666	1.0569750762564492	1.6516525993646356	24	-0.6012385878578642
C1orf43	C1orf43	0.472657297694695	1576.0	0.063932747901909	0.063932747901909	1.49293532786753e-08	7462.0	42.02433254477864	0.12	0.5339435799115926	0.4597012093382108	25	-1.0224267904065656
EMC3	EMC3	0.650988628970428	1575.0	0.0639259472694781	0.0639259472694781	9.83179276415863e-11	7368.0	41.494874394502645	0.12	0.572555286033944	0.6223666442227698	25	-0.8172503193831308
METTL4	METTL4	0.7453364313863861	1574.0	0.0638230512880236	0.0638230512880236	0.00138631343162835	3352.0	18.874619803987834	0.08	0.568390847453605	0.7261090003543983	25	-0.6948926344657795
MEIG1	MEIG1	0.945313676390462	1573.0	0.0637777221051318	0.0637777221051318	0.024863046956162198	10903.0	61.405880364988164	0.2916666666666667	0.8145345946218024	0.7547209278154396	24	-0.9947476541955143
NAGLU	NAGLU	0.658137465043485	1572.0	0.0637245917622097	0.0637245917622097	0.000239040246437279	6039.0	34.00923735496226	0.16	0.6018572382406026	0.7531147621592265	25	-0.714542687937139
ANAPC5	ANAPC5	0.47956721677418895	1571.0	0.0637211035716681	0.0637211035716681	0.000184881728145245	2328.0	13.10690548608764	0.08	0.408226114776766	0.5100728922180675	25	-0.6754034893071995
PTRHD1	PTRHD1	0.7421859623373058	1570.0	0.0636866865800819	0.0636866865800819	0.00153698317827449	2087.0	11.74946490931621	0.08	0.40956274840602747	0.5384492199933228	25	-0.6423559529536224
MRPL47	MRPL47	0.603143946547433	1569.0	0.0636760447492628	-0.0636760447492628	2.27734159617436e-11	10853.0	61.12425368930945	0.16	0.7297365676635558	0.54909435223069	25	-1.2130165247710691
LEMD3	LEMD3	0.7353435225711299	1568.0	0.0636720181295966	-0.0636720181295966	0.000653590790553049	6133.0	34.53869550523825	0.08	0.4054696280755822	0.31894206179564394	25	-1.0716605016649885
CTCF	CTCF	0.477916483267677	1567.0	0.0636463416063016	0.0636463416063016	0.003044001066597	1451.0	8.167173594682888	0.12	0.42298442614991544	0.5703848691058996	25	-0.629992315726906
TMEM168	TMEM168	0.703852717451798	1566.0	0.0636010889482229	0.0636010889482229	3.75481943758514e-08	8557.0	48.191956742142615	0.12	0.7946072411463538	1.3296355478106985	25	-0.549779338708087
MBNL1	MBNL1	0.8469736964733441	1565.0	0.0635822460132752	-0.0635822460132752	0.00756957851155276	3042.0	17.128534414779768	0.12	0.46988059059843656	0.6143488046647221	25	-0.661347985867567
UBE2E1	UBE2E1	0.731531632831482	1564.0	0.0635686554388184	-0.0635686554388184	0.00032757299892906803	3955.0	22.2710375126732	0.08	0.3754683307838359	0.35550152057799816	25	-0.8773511709258237
LDHAL6A	LDHAL6A	0.9053758318274491	1563.0	0.0634799409497301	-0.0634799409497301	0.00414604020594499	10222.0	57.570125042243994	0.20833333333333334	0.7778420019569153	0.8176016133706632	24	-0.8737287810161477
AIG1	AIG1	0.5572832209683121	1562.0	0.0633736376027008	0.0633736376027008	1.8782325576591896e-13	10829.0	60.98907288498366	0.28	1.1923868717946404	1.690382039697103	25	-0.6679041824144356
NHLH2	NHLH2	0.95167911403413	1561.0	0.0632652426032977	-0.0632652426032977	0.006849616485432495	14331.0	80.71420524952123	0.5416666666666666	1.1318867868041778	1.1367271907156482	24	-0.9400861991592802
SUV39H1	SUV39H1	0.651511909313588	1560.0	0.0632544488822689	0.0632544488822689	0.00011004044146562299	3520.0	19.820885434268334	0.08	0.3936759101235808	0.3783327658937802	25	-0.8733620004091326
SNRPD3	SNRPD3	0.5846635963941179	1559.0	0.0632320619162896	-0.0632320619162896	3.5589567287272903e-06	5216.0	29.373662273290527	0.12	0.5315993870184547	0.6391969860738111	25	-0.7327433253073575
CLASP1	CLASP1	0.34041695416951395	1558.0	0.0632255928196388	-0.0632255928196388	0.0139212008097214	1527.0	8.595246141714542	0.0	0.2966722285339461	0.24744285141061947	25	-0.9434365728630967
URB2	URB2	0.7818565595222879	1557.0	0.0631008449658148	0.0631008449658148	0.0273617035572099	2477.0	13.946152979610227	0.08	0.4591410456599062	0.699031345842027	25	-0.5665557103409092
HSD17B10	HSD17B10	0.7051429580719879	1556.0	0.063087024760376	0.063087024760376	0.00366140389455396	2025.0	11.400247831474596	0.08	0.40568224235449146	0.6367151702188686	25	-0.5380666797625532
ELOF1	ELOF1	0.7500121302952959	1555.0	0.0630761593236079	0.0630761593236079	0.00530853454671225	2347.0	13.213923622845554	0.04	0.31582177288464164	0.3730795158188045	25	-0.6774577612665983
NENF	NENF	0.65177962421331	1554.0	0.0629684279504481	0.0629684279504481	7.61374397082068e-05	5291.0	29.79610228680861	0.08	0.6351520333235423	0.9550106730277202	25	-0.5991384405779159
ABCD1	ABCD1	0.642168157075765	1553.0	0.0629180663970274	0.0629180663970274	1.7719191357298602e-07	10488.0	59.06837895685479	0.28	0.9052856998776398	0.9204521186461446	25	-0.9151672492422709
AKAP8L	AKAP8L	0.7219427986989609	1552.0	0.0628984326042641	0.0628984326042641	8.796633722617041e-05	5402.0	30.421313506815366	0.12	0.5018237395626063	0.6465328166289808	25	-0.6788909946549918
IGF2.AS	IGF2.AS	0.95544378378197	1551.0	0.0627126997438209	0.0627126997438209	0.0007925293142954	15987.0	90.04168074800045	0.5416666666666666	1.9399187607604553	1.6606113609408109	24	-1.1304306986994916
ST6GAL1	ST6GAL1	0.8436474269838871	1550.0	0.06261744030685	-0.06261744030685	0.0048092716011504	3568.0	20.091247042919907	0.2	0.6766057808803548	1.0366670100214788	25	-0.5922715149976496
PCED1B.AS1	PCED1B.AS1	0.856418696802022	1549.0	0.0625618612397251	-0.0625618612397251	0.046791215286289156	11802.0	66.46952799369156	0.20833333333333334	1.1940826415939776	1.7867484017602706	24	-0.6332848985562263
KCTD19	KCTD19	0.9127515687696109	1548.0	0.0625613776815375	-0.0625613776815375	4.64752770534468e-06	11840.0	66.68356426720739	0.28	0.9739118433957045	1.066035562090595	25	-0.8548968703510452
CPEB4	CPEB4	0.732099130718796	1547.0	0.0625032386412202	0.0625032386412202	9.86989651518194e-08	9253.0	52.1122000675904	0.16	0.5884967935458597	0.4921282818485568	25	-1.0688139135773222
PPM1E	PPM1E	0.87551731119722	1546.0	0.0624891867300404	-0.0624891867300404	0.00208374782675683	8271.0	46.58105215726033	0.24	0.8915247544989168	1.1554200556163272	25	-0.7175187618901508
RB1	RB1	0.6543369108677409	1545.0	0.0624679287536649	-0.0624679287536649	0.073519825495861	877.0	4.93409935789118	0.16	0.5723748155785369	0.8881285229684819	25	-0.5741363706241058
LTBR	LTBR	0.673840816465254	1544.0	0.0623519321944941	-0.0623519321944941	0.0596423438693907	558.0	3.1373211670609438	0.12	0.5367289448906001	0.850198740670246	25	-0.557960145085766
ZNF408	ZNF408	0.651054340357496	1543.0	0.0623417377292443	0.0623417377292443	5.26721868027487e-07	6056.0	34.10499042469302	0.08	0.48416658945534485	0.5110503634870567	25	-0.8254075955407947
THAP9.AS1	THAP9.AS1	0.6777079931765709	1542.0	0.0623247442897936	0.0623247442897936	4.33480059420333e-06	8886.0	50.04506026810859	0.08	0.47362167667783067	0.31446348197582924	25	-1.3079322591093447
RSRC2	RSRC2	0.626563947212111	1541.0	0.062292692883542	0.062292692883542	0.0054504768002621605	5613.0	31.609778078179566	0.08	0.4628064887988501	0.5701890211503264	25	-0.7024228476151515
SUCLG2.AS1	SUCLG2.AS1	0.8407481464955542	1540.0	0.0622701570129311	-0.0622701570129311	0.0148588100945232	4956.0	27.90920355976118	0.08	0.5565956991531216	0.6031727988625265	25	-0.8195421661460828
AK7	AK7	0.907427577400229	1539.0	0.0621852215907807	0.0621852215907807	0.0679268929802393	4064.0	22.88498366565281	0.12	0.6799794154693896	0.9152382870766084	25	-0.675009123418476
NKIRAS2	NKIRAS2	0.408157961627895	1538.0	0.0621499408594684	-0.0621499408594684	0.000987522534461013	845.0	4.753858285456799	0.08	0.3169368536755708	0.4917806440201371	25	-0.5180905672360492
PRRC2A	PRRC2A	0.554339954030132	1537.0	0.0621084141036952	-0.0621084141036952	1.01530240769242e-08	11229.0	63.242086290413425	0.36	0.9863025752805388	0.9389185208657379	25	-0.9843177449782143
TMEM128	TMEM128	0.738135092871567	1536.0	0.0619973776482306	0.0619973776482306	1.1108639846117599e-07	7984.0	44.96451503886448	0.12	0.555665815314763	0.413123725736775	25	-1.194965108300454
C2CD2L	C2CD2L	0.577641114423019	1535.0	0.0619040246895526	0.0619040246895526	0.0332182145274244	2732.0	15.3824490255717	0.08	0.3691175801017787	0.38269715121929365	25	-0.8027589294391851
PCYOX1L	PCYOX1L	0.737927749802307	1534.0	0.0618494342901688	0.0618494342901688	0.0145426162898117	909.0	5.11434043032556	0.08	0.4431502552113739	0.7374716659399178	25	-0.5170379263794928
WDR20	WDR20	0.6668526472531779	1533.0	0.0618085498782669	0.0618085498782669	1.0750843031561901e-05	5666.0	31.90830235439901	0.12	0.480057187436393	0.4862740900475925	25	-0.860108827754305
GPR137B	GPR137B	0.791149760424617	1532.0	0.0617746798141176	-0.0617746798141176	0.0058864893834666	2413.0	13.585670834741466	0.16	0.5118540893171276	0.6982952516623684	25	-0.6445402692221472
IPO9	IPO9	0.5112271924030629	1531.0	0.0617658737640166	0.0617658737640166	0.000720673650748646	1670.0	9.400698434155682	0.04	0.2914207176070401	0.27446509145901854	25	-0.8367360767892559
UPF1	UPF1	0.6921729544956989	1530.0	0.0617198239854785	-0.0617198239854785	3.10620402968357e-08	10078.0	56.759040216289286	0.16	0.6517901304442572	0.5147742970681176	25	-1.1462699474692255
TMEM101	TMEM101	0.6907678801716329	1529.0	0.0616868668598234	0.0616868668598234	0.000541021348166697	1900.0	10.696181142277796	0.04	0.3194166460234596	0.3153302995446096	25	-0.817332744540698
CEP120	CEP120	0.7005775528267599	1528.0	0.0615304770377621	0.0615304770377621	0.0324863810661555	1190.0	6.697082347639968	0.08	0.38076095325697545	0.5893009624707751	25	-0.5417104273523815
COQ8A	COQ8A	0.7509198680542549	1527.0	0.0615156267876069	-0.0615156267876069	4.2907970651870294e-10	8408.0	47.35270924862002	0.08	0.6433656494791066	0.7171187158937278	25	-0.8113719664481968
SAV1	SAV1	0.7344872232028431	1526.0	0.0614457842448774	-0.0614457842448774	0.00062825283824991	2322.0	13.073110285006194	0.08	0.4037463224003187	0.5472606014067235	25	-0.6254799583152231
VTI1A	VTI1A	0.557459332195679	1525.0	0.0613741712402475	0.0613741712402475	0.000924057731655082	5792.0	32.61800157710938	0.12	0.4284495263181005	0.38590381632171716	25	-0.9512094453396973
FOXN2	FOXN2	0.809601591972888	1524.0	0.0612291503327748	-0.0612291503327748	0.00221757743021346	6427.0	36.19466035822913	0.08	0.4702856643505958	0.3875761674739502	25	-1.055422258504361
ADPGK	ADPGK	0.5732270813570369	1523.0	0.0611948161581216	-0.0611948161581216	0.0500700586265629	809.0	4.55108707896812	0.12	0.35777615916585126	0.5045535824162904	25	-0.5878094088390204
AAMP	AAMP	0.541613903299056	1522.0	0.0611299114630094	-0.0611299114630094	0.0010913736612945901	1231.0	6.928016221696519	0.08	0.3943759430498856	0.5868305855059244	25	-0.5678743402571199
YTHDC1	YTHDC1	0.41883956274214795	1521.0	0.0608369069159612	-0.0608369069159612	0.00114527728231186	5521.0	31.09158499493072	0.04	0.4367600317169638	0.514093886298084	25	-0.7312343811516042
UBE2R2	UBE2R2	0.620632715131256	1520.0	0.0608095226637662	0.0608095226637662	0.000872570941643777	1662.0	9.355638166047086	0.08	0.3429015662922158	0.33543923465592557	25	-0.8409631745010494
TMEM150A	TMEM150A	0.6910658588416531	1519.0	0.0607999495401065	0.0607999495401065	0.00128604075219383	2955.0	16.638503999098795	0.12	0.4794590066508812	0.9768967438959202	25	-0.4285601930058016
IPO8	IPO8	0.420141602019273	1518.0	0.0607856606788434	0.0607856606788434	0.002654622753732	3217.0	18.11422777965529	0.04	0.3863359293814469	0.5419066549411945	25	-0.600749715350757
RNASEH2C	RNASEH2C	0.7253857850746441	1517.0	0.0607543505759624	-0.0607543505759624	0.00136159497040169	654.0	3.6780443843640866	0.04	0.3035955387572012	0.46234176253838866	25	-0.5252417321073726
TTC31	TTC31	0.573151479696315	1516.0	0.0607454175854195	0.0607454175854195	0.0460080798518314	496.0	2.7881040892193307	0.04	0.2756689953609657	0.31816619510629635	25	-0.6755072697265723
ORMDL1	ORMDL1	0.6445283951255141	1515.0	0.0606951252190898	-0.0606951252190898	1.91601286267054e-05	8444.0	47.5554804551087	0.04	0.5023325075971158	0.3642384485091466	25	-1.2124952326852878
ST20	ST20	0.737073984589058	1514.0	0.0606852839432172	-0.0606852839432172	0.000500782989448839	3671.0	20.67139799481807	0.04	0.412614623212572	0.5940659587884894	25	-0.5924078531398486
ELAVL1	ELAVL1	0.49507744610215604	1513.0	0.0606422297619192	-0.0606422297619192	0.0006632708059806941	3356.0	18.897149938042133	0.12	0.394250718132856	0.42964944250284287	25	-0.7764667083647605
DAXX	DAXX	0.624192227268787	1512.0	0.0606401853774628	-0.0606401853774628	0.000413740684930165	3908.0	22.006308437535203	0.08	0.46398431789515626	0.8249666533331829	25	-0.48892174112496295
CSPG5	CSPG5	0.9074504382497801	1511.0	0.0605928635778151	0.0605928635778151	1.673641675732999e-05	14237.0	80.18474709924523	0.5	1.2000559364192247	0.9763443601622773	24	-1.1670708812739192
B3GLCT	B3GLCT	0.8557181153404599	1510.0	0.0605682959516547	0.0605682959516547	0.0552125495615156	1321.0	7.434944237918216	0.08	0.5000539181303291	0.9405779841668985	25	-0.4672505943969564
TBC1D23	TBC1D23	0.700302335007115	1509.0	0.0605269244035839	0.0605269244035839	5.99520413300649e-08	10125.0	57.02376929142728	0.12	0.7012272544404621	0.6329350595177499	25	-1.0122686686451607
PARD6G.AS1	PARD6G.AS1	0.8640860183795358	1508.0	0.0605083167739805	-0.0605083167739805	0.12462039804285899	1576.0	8.871240283879688	0.041666666666666664	0.3582262737262276	0.6053606853618032	24	-0.491802596619421
EPC2	EPC2	0.58618433862496	1507.0	0.0604692766662985	-0.0604692766662985	0.0306622554688569	1083.0	6.094401261687507	0.08	0.3144444190864149	0.3323671921537535	25	-0.7641402292878149
HEMK1	HEMK1	0.740903758563755	1506.0	0.0604116301494926	0.0604116301494926	0.00348765374362191	71.0	0.3942773459502084	0.12	0.46959419885742504	0.8674042585616201	25	-0.47173225709827926
HPD	HPD	0.917067757088962	1505.0	0.0603663333128407	-0.0603663333128407	2.4167967033577287e-05	17261.0	97.21752844429423	0.7083333333333334	2.8380026150351174	2.3915552411830414	24	-1.1614351338789277
SERTAD2	SERTAD2	0.6816553381964859	1504.0	0.0603463753032087	0.0603463753032087	0.000589969829668019	3391.0	19.094288611017237	0.08	0.4595448154024887	0.6956251877320764	25	-0.5738700195730022
TBX19	TBX19	0.783019077967619	1503.0	0.0603295992351835	0.0603295992351835	0.00024355362343006054	8983.0	50.59141601892531	0.2916666666666667	1.3648147382326001	1.8925018746205955	24	-0.6892913325430321
GPHN	GPHN	0.699942553834277	1502.0	0.0602693256672586	-0.0602693256672586	0.00034502688112962403	1168.0	6.573166610341332	0.08	0.3236455657493382	0.34748406497510914	25	-0.7579519944344661
ASCC2	ASCC2	0.633191260661376	1501.0	0.0602665955667997	-0.0602665955667997	0.0135971475586971	983.0	5.531147910330066	0.08	0.32308424926564966	0.3251441943489664	25	-0.8083110763367238
SPDYA	SPDYA	0.7242475345522371	1500.0	0.0602399717377196	-0.0602399717377196	2.04001850916298e-06	7467.0	42.05249521234651	0.08	0.5137557735003124	0.5408774270977302	25	-0.8384816578426887
TSPEAR	TSPEAR	0.912339578831145	1499.0	0.060174673802776996	-0.060174673802776996	0.0009325533991877825	13808.0	77.76839022192182	0.375	1.1983222034705194	0.9508798466389842	24	-1.1969414786638728
REXO4	REXO4	0.61533605098223	1498.0	0.0601698545840936	0.0601698545840936	2.71077208336847e-05	3238.0	18.232510983440353	0.08	0.4378737415580231	0.5956068082319604	25	-0.6341497137937884
CA11	CA11	0.7984618831806929	1497.0	0.0601693337070316	0.0601693337070316	7.378932686803475e-08	12619.0	71.07130787428184	0.4583333333333333	1.3670711463530436	1.7066206859920554	24	-0.7657834124319853
BCKDHA	BCKDHA	0.654430361373522	1496.0	0.0601654885508686	0.0601654885508686	0.00145140674360804	5499.0	30.967669257632082	0.08	0.361643762958925	0.281393187548245	25	-1.0713773031778453
BTBD7	BTBD7	0.7474414381430949	1495.0	0.0600561903175683	0.0600561903175683	0.0001703287536323	5471.0	30.809958319252	0.04	0.40851627518491734	0.34919338691746565	25	-0.997900011633697
WHAMM	WHAMM	0.525950708666799	1494.0	0.0600423810567061	-0.0600423810567061	0.0644451977356731	51.0	0.2816266756787203	0.08	0.3211795392541774	0.5133405666330519	25	-0.508701581700903
GRAMD1A	GRAMD1A	0.7828222227641379	1493.0	0.0599643578807517	0.0599643578807517	9.470385023445309e-11	12375.0	69.69696969696969	0.24	0.8737187792173593	0.8038829867434001	25	-1.01227969089531
NMT1	NMT1	0.757396964448697	1492.0	0.0598740538177588	0.0598740538177588	0.0108774418138833	403.0	2.264278472456911	0.04	0.2936052971673143	0.34941061526615513	25	-0.6689300013725009
NDUFA8	NDUFA8	0.649017614045107	1491.0	0.0598599746422679	0.0598599746422679	2.24901685163973e-08	4468.0	25.16052720513687	0.12	0.47218106178974373	0.4199203255789096	25	-0.9819031421711789
NT5DC2	NT5DC2	0.7901825175631491	1490.0	0.05984902179694001	-0.05984902179694001	1.02468718412136e-05	2822.0	15.889377041793397	0.2	0.6693375899560964	1.117551718936469	25	-0.5453783997927033
ZNF557	ZNF557	0.732371190230418	1489.0	0.0597395319562632	-0.0597395319562632	0.00133759196828216	2689.0	15.140250084488002	0.08	0.45388620012709374	0.34314457569854084	25	-1.1486314984535733
SUPT4H1	SUPT4H1	0.554413745294651	1488.0	0.0596990609870249	0.0596990609870249	0.0136514042444619	758.0	4.263827869775826	0.08	0.3266527639821371	0.44334200810756375	25	-0.602139427604938
HAUS6	HAUS6	0.612480859617266	1487.0	0.059643411818228	0.059643411818228	0.0037527405621573602	5094.0	28.68649318463445	0.08	0.47993205153110374	0.6338573755668355	25	-0.663064998394989
SIAH1	SIAH1	0.67576455361342	1486.0	0.0595870885640286	0.0595870885640286	1.5207325614136401e-05	4479.0	25.22248507378619	0.16	0.5753616179651061	0.8187844942275263	25	-0.629927084644757
LINC01545	LINC01545	0.94627690207344	1485.0	0.0595722103541707	0.0595722103541707	0.2880188270811425	4434.0	24.969021065675342	0.125	0.5697565738488094	0.6884472823755092	24	-0.7410652588157968
CARD10	CARD10	0.8649699210026559	1484.0	0.0594740435876393	-0.0594740435876393	0.0330582754706739	6205.0	34.94423791821561	0.08	0.612462927693934	0.934183538354245	25	-0.5919488637966127
ACCS	ACCS	0.860511283754984	1483.0	0.0594622264160713	-0.0594622264160713	3.1085083483009146e-05	10714.0	60.3413315309226	0.125	1.028285422055112	1.951787612734521	24	-0.4963773667369916
PATL2	PATL2	0.870453142155669	1482.0	0.0594584779813047	-0.0594584779813047	0.000123638140878403	12128.0	68.30573391911682	0.375	1.1000264252790204	1.2580782775473662	24	-0.827109064569743
ZC3H12D	ZC3H12D	0.9165745422902108	1481.0	0.0594304921256145	0.0594304921256145	3.778016370172565e-06	14100.0	79.41309000788554	0.5	1.3495413607096536	1.4869174899216668	24	-0.867641195512472
HNRNPL	HNRNPL	0.472301387218635	1480.0	0.059417631773168	0.059417631773168	2.96912954433666e-06	6313.0	35.552551537681644	0.08	0.4636695685325593	0.5032663522706202	25	-0.8032564365479651
SLC35C2	SLC35C2	0.6009065298527779	1479.0	0.0594011682745499	-0.0594011682745499	0.0004884165251766969	621.0	3.4921707784161313	0.04	0.2838929981669216	0.34620659778626534	25	-0.6484331359593682
DDX59	DDX59	0.534369054262933	1478.0	0.0593947012283955	-0.0593947012283955	0.000117558746156869	4765.0	26.83338965866847	0.08	0.4745584165223233	0.6169544545067918	25	-0.6729244148594723
PITHD1	PITHD1	0.71090409840896	1477.0	0.0593807908357559	0.0593807908357559	0.0127966475263991	151.0	0.8448800270361608	0.08	0.30842033680518616	0.45827180126781053	25	-0.543431966096237
ADCY10	ADCY10	0.9126507561068101	1476.0	0.0593718585262598	0.0593718585262598	0.0001941386151038315	9890.0	55.700123915737294	0.25	0.7625119834540154	0.720355668827761	24	-0.9761013279342683
USP40	USP40	0.616032282229944	1475.0	0.0593610154332545	-0.0593610154332545	1.75172167402515e-12	10215.0	57.53069730764898	0.16	0.6191831340178452	0.5944437119716446	25	-0.9417579954337117
ABI2	ABI2	0.7655706241220971	1474.0	0.0593073199861878	-0.0593073199861878	0.00830160793245439	1191.0	6.702714881153543	0.08	0.405691903740648	0.5328194257764094	25	-0.6500975133361896
GNRHR2	GNRHR2	0.5873262434043249	1473.0	0.0592979803977528	0.0592979803977528	0.0136644725580596	218.0	1.2222597724456459	0.08	0.3327534997788735	0.43249884633680374	25	-0.6322687833672744
VAV1	VAV1	0.8438778573008001	1472.0	0.0592842596244491	-0.0592842596244491	0.007406382730623214	8224.0	46.31632308212234	0.08333333333333333	0.7154533295828877	1.439811455218443	24	-0.45573263608941567
ARF3	ARF3	0.606623164566554	1471.0	0.0592746881566747	0.0592746881566747	8.928077621201049e-05	1907.0	10.735608876872817	0.04	0.4057629018266652	0.42090006555320314	25	-0.8232077921265927
SPRED2	SPRED2	0.7345821330378229	1470.0	0.0592558604494594	-0.0592558604494594	0.006790736470376321	1819.0	10.239945927678269	0.12	0.5205303000002087	0.8836290279665087	25	-0.5220227323363041
ELOA.AS1	ELOA.AS1	0.81550324324388	1469.0	0.0591822167312004	0.0591822167312004	6.16035697168532e-07	6115.0	34.43730990199391	0.08	0.5212082107847853	0.4026787806706809	25	-1.1473810298224763
ECH1	ECH1	0.7262267872923911	1468.0	0.0591502017431239	-0.0591502017431239	0.000128101009663152	5737.0	32.30821223386279	0.08	0.49582156631880375	0.625132694412053	25	-0.6985258785518745
PSMA5	PSMA5	0.610467240675907	1467.0	0.0591398145614975	0.0591398145614975	3.16784654484202e-11	9684.0	54.53982201194097	0.16	0.777292694994149	0.7495311919946207	25	-0.9581360830648467
KCTD21	KCTD21	0.6754734427758909	1466.0	0.0591092126841751	-0.0591092126841751	0.00012008204358361899	4006.0	22.558296721865496	0.08	0.44451561910255316	0.5077370637376153	25	-0.7590669146374267
UCKL1	UCKL1	0.815792269495012	1465.0	0.0590334452453987	-0.0590334452453987	0.0024553655985567603	1257.0	7.074462093049454	0.08	0.316488303371958	0.3276662109118547	25	-0.7857229386273736
PFKL	PFKL	0.7236471896360309	1464.0	0.0588813946924713	0.0588813946924713	3.1431382778153597e-06	7829.0	44.091472344260445	0.2	0.7635735001931114	0.9932267113556139	25	-0.7094977384758764
SH3BP5L	SH3BP5L	0.573448897807579	1463.0	0.0588436502996343	-0.0588436502996343	5.03589510693541e-06	4761.0	26.810859524614173	0.16	0.580779813417293	0.675940551489604	25	-0.7721628210756728
CAPS2	CAPS2	0.859113586908622	1462.0	0.05879321459320901	0.05879321459320901	2.12882620003289e-06	11702.0	65.90627464233411	0.24	0.8376258815723304	1.012575905871773	25	-0.7691597859111499
UNK	UNK	0.61533605098223	1461.0	0.0587440671160147	-0.0587440671160147	0.0105045580203202	217.0	1.2166272389320716	0.04	0.2985926420367732	0.4316488101849486	25	-0.555656749796184
GOLGA6C	GOLGA6C	0.95544378378197	1460.0	0.0586969808959907	-0.0586969808959907	0.00031858814815052404	17109.0	96.36138335023092	0.6521739130434783	2.5018469348060575	1.8953281480424897	23	-1.2890379728878991
RPS6KA5	RPS6KA5	0.7694238504398679	1459.0	0.058683337819478	-0.058683337819478	0.00012200229217061102	5101.0	28.72592091922947	0.12	0.5028968132835694	0.5202728709304022	25	-0.853808645970154
MEX3D	MEX3D	0.7654375351104058	1458.0	0.0586593708244603	-0.0586593708244603	0.00033491762243949904	7422.0	41.79903120423566	0.12	0.6082976145039127	0.5935309046788293	25	-0.9260482299179889
CLN5	CLN5	0.6204953905451539	1457.0	0.0585690007575878	0.0585690007575878	6.88687171551435e-07	8115.0	45.70237692914272	0.04	0.4918223186753691	0.33020096762419954	25	-1.3120897889398835
FAM161B	FAM161B	0.665773715249843	1456.0	0.058557410933792006	-0.058557410933792006	1.33869848538527e-05	4497.0	25.323870677030527	0.12	0.4987203431326511	0.48761234862798775	25	-0.9026902896068183
CHD7	CHD7	0.762478461820321	1455.0	0.058505682294587996	0.058505682294587996	0.048202012451786	2101.0	11.828320378506252	0.04	0.32296229411382243	0.2965801748901053	25	-0.8916867485064572
PWP2	PWP2	0.692059082601297	1454.0	0.0583986930484772	-0.0583986930484772	4.16480688887687e-06	5936.0	33.4290864030641	0.04	0.37578336748055496	0.27308355704139947	25	-1.162225502958284
RRAGC	RRAGC	0.60438010944498	1453.0	0.0583851833793216	0.0583851833793216	4.4595716769231e-05	4323.0	24.34380984566858	0.08	0.37194130178925094	0.3031103867395559	25	-1.0344618070754164
LRFN3	LRFN3	0.755303549820597	1452.0	0.05838059965773099	-0.05838059965773099	1.87222519894651e-07	11900.0	67.02151627802185	0.36	1.2511889244395913	1.5148195027468558	25	-0.7874260415969787
GAS5.AS1	GAS5.AS1	0.8929927816149742	1451.0	0.0582620105611677	0.0582620105611677	2.8616326278007097e-06	8409.0	47.3583417821336	0.16	0.6736923941548355	0.5952287017263517	25	-1.033939361137534
SLC15A4	SLC15A4	0.555656982092221	1450.0	0.0582477084328961	-0.0582477084328961	1.47133971231233e-05	1318.0	7.4180466373774925	0.12	0.44155520347526933	0.594539213804709	25	-0.6447135632810925
TMEM107	TMEM107	0.7739839350206071	1449.0	0.05817989689297	-0.05817989689297	0.00911902165107963	14345.0	80.79306071871127	0.5	2.2416756026137805	2.6487723271137833	24	-0.824342539133985
NEPRO	NEPRO	0.643650012599772	1448.0	0.0581572343719409	0.0581572343719409	0.0003100257625691	4260.0	23.988960234313396	0.08	0.39755057437534674	0.33940811109239316	25	-0.9999564798585991
EYA3	EYA3	0.405549714626475	1447.0	0.0580739366004717	0.0580739366004717	0.004558717155864389	1741.0	9.800608313619465	0.08	0.3824525536654852	0.39662232112273355	25	-0.8178526517286845
ST13	ST13	0.762478461820321	1446.0	0.0580393524969229	-0.0580393524969229	0.00032075248655151603	1702.0	9.580939506590063	0.08	0.3902925788997761	0.38908295591181	25	-0.8539392984311606
SCART1	SCART1	0.8860496536199259	1445.0	0.05803901999084201	0.05803901999084201	0.0001245510207807284	7654.0	43.10577897938492	0.25	1.0190031301172813	1.646263513114041	24	-0.5837243566849742
C1orf100	C1orf100	0.94408343913975	1444.0	0.058031898955667995	0.058031898955667995	0.05845708349796905	3721.0	20.95302467049679	0.125	0.5255566749134434	0.5412221946994775	24	-0.8638314920129544
TDRD3	TDRD3	0.737645582471941	1443.0	0.058006213693713	0.058006213693713	0.000337885202673761	4171.0	23.487664751605273	0.04	0.4148280863016472	0.3569385613328026	25	-0.9996730845654986
BBIP1	BBIP1	0.77478982541753	1442.0	0.0579517886240792	0.0579517886240792	7.7277027111893e-07	7208.0	40.59366903233074	0.12	0.5813984233664258	0.5251848598047835	25	-0.9966902605244884
SRRM1	SRRM1	0.6690300325145351	1441.0	0.0579207665255597	0.0579207665255597	1.8390219556921802e-05	3853.0	21.69651909428861	0.12	0.4603901372049562	0.441205024747709	25	-0.9122048664553118
SLF2	SLF2	0.724273733222803	1440.0	0.0577922962606913	0.0577922962606913	0.0158923851046804	2156.0	12.138109721752844	0.04	0.30746386719098967	0.3191365285906718	25	-0.7823346704711763
ETFRF1	ETFRF1	0.8162967974684749	1439.0	0.0577892560313696	0.0577892560313696	6.333590218985949e-08	12021.0	67.70305283316435	0.24	0.6852439143363053	0.3689927491855764	25	-1.7004525419261607
KMT2E.AS1	KMT2E.AS1	0.820883298715087	1438.0	0.0577864529600901	-0.0577864529600901	0.000278841331988048	7276.0	40.9766813112538	0.2	0.6397851174373697	0.6508331923075733	25	-0.894236297957951
NRBP1	NRBP1	0.564661904780848	1437.0	0.0577336443464191	0.0577336443464191	0.00244550194518202	796.0	4.477864143291653	0.12	0.3408471529691573	0.46667475008016407	25	-0.6066612958470664
LRRK1	LRRK1	0.8188143240998059	1436.0	0.0577007971476212	0.0577007971476212	9.80563283749491e-08	6403.0	36.059479553903344	0.08	0.5130008167665369	0.5767139677693527	25	-0.7894728497385821
ADRM1	ADRM1	0.7358414647458761	1435.0	0.0576839108788113	-0.0576839108788113	0.000214778206138213	1135.0	6.387293004393376	0.04	0.29227662050612996	0.2509091515326587	25	-0.9349707182632744
HNRNPK	HNRNPK	0.567694171719399	1434.0	0.0576094052160374	0.0576094052160374	0.0132747989783109	1570.0	8.837445082798242	0.04	0.29128118437408507	0.3594152196774957	25	-0.6501443633013706
TGFB3	TGFB3	0.8881856504902249	1433.0	0.057556451605772004	-0.057556451605772004	0.0415515285632523	3319.0	18.68874619803988	0.041666666666666664	0.4063405609389059	0.5623247822343276	24	-0.6202538468023473
RASL10B	RASL10B	0.914354933009592	1432.0	0.05751360825221799	-0.05751360825221799	5.325161326348001e-10	13983.0	78.75408358679734	0.52	1.4349239666101152	1.6447084211770615	25	-0.8374799694721158
FAM221A	FAM221A	0.794774922785963	1431.0	0.0574564863447797	0.0574564863447797	3.71939378525998e-05	10777.0	60.696181142277794	0.25	0.7562955139846429	0.7149905937417206	24	-0.9774100998765141
APBB3	APBB3	0.86000483474558	1430.0	0.05745341701731	-0.05745341701731	1.064226659869401e-05	9661.0	54.410273741128755	0.25	0.803121831616762	0.9758152551722235	24	-0.7641491672190015
XPO6	XPO6	0.739460674278254	1429.0	0.0574070173812388	0.0574070173812388	0.000856856226138571	2761.0	15.545792497465358	0.04	0.4056354289805492	0.5031084782496236	25	-0.6921537335463716
ADGRF5	ADGRF5	0.875482459579809	1428.0	0.0573990090271677	0.0573990090271677	0.0001297897701541045	10187.0	57.372986369268894	0.4166666666666667	1.6260797039705697	2.3919330987669634	24	-0.6558213086110367
TCHP	TCHP	0.5395163509776429	1427.0	0.0573917458448767	0.0573917458448767	0.0389067480736328	127.0	0.7096992227103751	0.12	0.34399241201838876	0.501379673979385	25	-0.5716240227666192
ZNF22	ZNF22	0.6860648102784139	1426.0	0.0573879898797236	-0.0573879898797236	0.0008592238079420281	5300.0	29.846795088430778	0.12	0.7491425789581629	1.2852077606537942	25	-0.5382433955476109
ZNF784	ZNF784	0.826721303021162	1425.0	0.0573650918445917	-0.0573650918445917	2.4950115986461398e-06	9194.0	51.77988059028951	0.16	0.7189388825921	0.6560186037284487	25	-1.00846803274707
HECTD4	HECTD4	0.672750924555251	1424.0	0.0573411657242855	0.0573411657242855	0.006583110672816929	4976.0	28.02185423003267	0.12	0.46478448063060007	0.5414505995300923	25	-0.7525032112992794
GHITM	GHITM	0.500468525897653	1423.0	0.0573072412371979	0.0573072412371979	7.87703082247334e-12	9352.0	52.66982088543426	0.12	0.6056567815242884	0.4908305787733497	25	-1.1171869969012287
ZNF473	ZNF473	0.7924620145598992	1422.0	0.0573065994173934	-0.0573065994173934	7.293589804560079e-05	3460.0	19.48293342345387	0.12	0.5414186973366302	0.8485482632809127	25	-0.5705180469610731
FBXW8	FBXW8	0.646341553999672	1421.0	0.0572312338400821	-0.0572312338400821	0.0282756386668744	265.0	1.486988847583643	0.04	0.3332993513380436	0.5536880204800005	25	-0.4985986824469019
KLHL14	KLHL14	0.938563255594755	1420.0	0.0571945403017544	-0.0571945403017544	1.410632452051828e-08	14640.0	82.45465810521571	0.5416666666666666	1.6741379703390653	1.827549678262899	24	-0.8847603155577303
MAF	MAF	0.86511938474386	1419.0	0.0570886959619249	-0.0570886959619249	1.81805903135484e-05	10071.0	56.71961248169426	0.20833333333333334	1.099803485635314	1.7814657461650674	24	-0.5853128480960268
MSL1	MSL1	0.545630106888366	1418.0	0.0570337157609103	-0.0570337157609103	0.000789207769296039	215.0	1.2053621719049228	0.12	0.3650621446010725	0.5027109353697043	25	-0.6127346893968628
JMJD4	JMJD4	0.728693167342217	1417.0	0.0569936443825116	0.0569936443825116	0.0638174495345264	234.0	1.3123803086628363	0.0	0.21652861885304606	0.16893346609296098	25	-0.9443657207787667
GOLGA2	GOLGA2	0.6087643965867521	1416.0	0.0569245717794605	0.0569245717794605	0.000380274980811234	2144.0	12.07051931958995	0.12	0.45408999095997854	0.6446941944197171	25	-0.6160524208504821
UNC93B1	UNC93B1	0.806246429073587	1415.0	0.0569168901211542	0.0569168901211542	0.000957798900576942	7882.0	44.389996620479884	0.28	0.8717710037932663	1.421559397859949	25	-0.5732114429399249
FAAP100	FAAP100	0.6921729544956989	1414.0	0.0568799383402546	-0.0568799383402546	5.69057069086919e-07	9715.0	54.71443055086177	0.12	0.7639379528175385	0.8346126980216543	25	-0.8471690116305168
SAP30	SAP30	0.805393242776828	1413.0	0.0568750153002106	0.0568750153002106	0.0235378537012168	424.0	2.3825616762419735	0.04	0.3285596157313047	0.4175621990391099	25	-0.650644625055362
MRPL57	MRPL57	0.566356476332603	1412.0	0.0568723332849602	-0.0568723332849602	0.00123316974019489	2198.0	12.37467612932297	0.08	0.40012506325879776	0.4167937819408976	25	-0.8235553044371272
FAM21EP	FAM21EP	0.8374137743344201	1411.0	0.0568569115416356	-0.0568569115416356	0.19019705560955	84.0	0.4675002816266757	0.08	0.4144462071099	0.6982585337633944	25	-0.5121158973037827
DIAPH3	DIAPH3	0.884817109966403	1410.0	0.0568561178230781	0.0568561178230781	0.0147691020628318	3266.0	18.390221921820434	0.16	0.5269468731781219	0.5745824062515188	25	-0.8181433163292254
TIMM10B	TIMM10B	0.648153179246011	1409.0	0.0568456651281991	0.0568456651281991	6.5842005021751096e-06	3535.0	19.90537343697195	0.08	0.4662235003511832	0.6564247707665358	25	-0.6236477559262972
ACSL1	ACSL1	0.807596444137591	1408.0	0.0568426742763819	-0.0568426742763819	0.000152100925465593	7736.0	43.56764672749802	0.12	0.5531790572255635	0.47736318331431465	25	-1.0397458377563529
USP10	USP10	0.7620377316500291	1407.0	0.05680848315607401	0.05680848315607401	0.00221585190981113	1666.0	9.378168300101384	0.12	0.41179835224664624	0.5316342499604396	25	-0.6677332566834963
KIAA1191	KIAA1191	0.649370401517559	1406.0	0.0567747491597375	-0.0567747491597375	4.5761101623946194e-06	3625.0	20.412301453193646	0.04	0.3940794032275939	0.5122760252749178	25	-0.658443177946574
HSBP1L1	HSBP1L1	0.823991950022818	1405.0	0.0567625358236364	-0.0567625358236364	1.13767801137088e-06	7720.0	43.47752619128084	0.08	0.521699146149588	0.2863090530711777	25	-1.6238976914584895
SWI5	SWI5	0.758824792205254	1404.0	0.0567438553592667	0.0567438553592667	0.000279316179758447	4636.0	26.10679283541737	0.08	0.5258352449559403	0.861763481484194	25	-0.5443389046711158
FLII	FLII	0.808229140923716	1403.0	0.0567259444259086	-0.0567259444259086	8.8792801511218e-06	5242.0	29.520108144643462	0.12	0.5000257771413701	0.5695577733073208	25	-0.7783228558909803
AP2A2	AP2A2	0.637675297242829	1402.0	0.0567139694987657	-0.0567139694987657	1.3562040914555498e-07	10910.0	61.44530809958319	0.2	0.6622110966875155	0.5189921033174406	25	-1.1666788826233807
C19orf54	C19orf54	0.747673913817195	1401.0	0.0566791438939171	-0.0566791438939171	0.000339699703984591	1511.0	8.505125605497351	0.04	0.3781587865642372	0.47608103255942824	25	-0.6752624462731361
ZNF442	ZNF442	0.8212754768065691	1400.0	0.0566764598138046	-0.0566764598138046	9.3507751770529e-06	5844.0	32.91089331981525	0.2916666666666667	0.8381312170336019	1.1837923525620966	24	-0.6601282357741921
PTGES2	PTGES2	0.76332606782908	1399.0	0.0566192019626245	0.0566192019626245	0.000249785912988073	4895.0	27.565619015433143	0.08	0.47438652598843495	0.45303195317309053	25	-0.9221586272220262
BLOC1S6	BLOC1S6	0.742506690262255	1398.0	0.0565064270002908	-0.0565064270002908	0.00212574196480818	5457.0	30.73110285006196	0.08	0.45236303932955346	0.4969524382777249	25	-0.7965684074338635
CLN6	CLN6	0.732371190230418	1397.0	0.0564912203698285	0.0564912203698285	4.1263078875626395e-07	7959.0	44.823701701025115	0.08	0.5119289640841347	0.4488695488785564	25	-1.014632747648308
SFMBT2	SFMBT2	0.890967146513035	1396.0	0.0564540629183186	-0.0564540629183186	0.219839622608946	957.0	5.384702038977132	0.08	0.41865650422588074	0.5555446797920316	25	-0.6519771577025142
APAF1	APAF1	0.678341666062973	1395.0	0.0564189522432888	-0.0564189522432888	0.0619977636251955	1323.0	7.446209304945365	0.08	0.3546909277020856	0.3766300038780654	25	-0.7919495855018573
PPP3CA	PPP3CA	0.8028633894722921	1394.0	0.0563917324363387	-0.0563917324363387	3.6589016923775395e-05	4521.0	25.459051481356315	0.08	0.5305488868180701	0.46866873519037805	25	-1.0117106578255617
BLOC1S3	BLOC1S3	0.706574930677104	1393.0	0.0563534605328006	0.0563534605328006	0.000286348837612819	7329.0	41.275205587473245	0.08	0.4833494943169925	0.3862854834968789	25	-1.1053898011356202
GRAMD4	GRAMD4	0.806484588099855	1392.0	0.0562483699135743	0.0562483699135743	1.08307605320917e-05	6998.0	39.410836994480114	0.12	0.6390146451073453	0.822830409894369	25	-0.7082459133572662
PSMD2	PSMD2	0.670358906364042	1391.0	0.0561086876833498	-0.0561086876833498	4.8238242836759e-05	1541.0	8.674101610904584	0.08	0.37098512496531955	0.4792794677285008	25	-0.6569787743553808
ITFG2	ITFG2	0.545147095810407	1390.0	0.0560612107474873	-0.0560612107474873	0.0007974154645367651	2550.0	14.35732792610116	0.0	0.27997728172977926	0.18700852433083157	25	-1.1973575631566842
DHX35	DHX35	0.587926205124754	1389.0	0.0560145297219862	-0.0560145297219862	0.0164406839067603	317.0	1.779880590289512	0.08	0.32508861473538325	0.50136866970151	25	-0.5366790971872861
KEAP1	KEAP1	0.780935248090807	1388.0	0.0559494618937499	-0.0559494618937499	3.87629866066261e-05	4742.0	26.703841387856258	0.04	0.3592214219585494	0.2832881202215459	25	-1.0705424563078225
RNF44	RNF44	0.675959656290147	1387.0	0.0559249115663282	-0.0559249115663282	1.5029235511963e-08	10471.0	58.972625887124025	0.16	0.6881566953736653	0.5364978629633529	25	-1.1784423153434325
ERCC3	ERCC3	0.541182019496616	1386.0	0.0559023387981655	-0.0559023387981655	0.0005604740356229549	1466.0	8.251661597386503	0.04	0.36548565136025873	0.6323742359716603	25	-0.48955712448722716
COPS8	COPS8	0.6451551841205561	1385.0	0.0558772718127604	0.0558772718127604	9.194071450019301e-07	6088.0	34.285231497127405	0.04	0.43181029006843524	0.27858708394036075	25	-1.34942730631458
NSUN3	NSUN3	0.722386466111754	1384.0	0.0558536605203798	0.0558536605203798	0.00582143085700339	4635.0	26.101160301903796	0.08	0.4689084391748926	0.3869137545543361	25	-1.0675629227249548
BMP4	BMP4	0.847437609931885	1383.0	0.0558218658300464	-0.0558218658300464	0.00484504996646107	9656.0	54.382111073560885	0.125	0.7368996278743754	0.8398061958069047	24	-0.8109939715197434
DCAF8	DCAF8	0.5926569249345539	1382.0	0.0557142652715892	0.0557142652715892	0.00224018208765475	348.0	1.9544891292103186	0.08	0.37872873917881383	0.5200378638220654	25	-0.6211364525136699
RPL11	RPL11	0.822071579580292	1381.0	0.0557020772012056	0.0557020772012056	0.0047882211427829	5405.0	30.43821110735609	0.04	0.3980885120247485	0.3305628692982152	25	-1.0357679782681857
CNOT4	CNOT4	0.641155920511449	1380.0	0.0556266468432488	-0.0556266468432488	0.00038723604005483196	3236.0	18.221245916413203	0.2	0.48752234760011903	0.49458754823987067	25	-0.8732441855721862
CBY1	CBY1	0.655642792657114	1379.0	0.0555150542863508	0.0555150542863508	9.540363675596989e-06	8258.0	46.50782922158386	0.04	0.44722124491960846	0.32889747725568796	25	-1.1909674525376235
CCNH	CCNH	0.8390607895711429	1378.0	0.0555096809760536	0.0555096809760536	0.000198689380475935	8350.0	47.02602230483271	0.12	0.59593887468498	0.6532173738701784	25	-0.8273343841223859
DHRS2	DHRS2	0.9156645200997441	1377.0	0.0554941917653264	-0.0554941917653264	1.2660250042682359e-05	14091.0	79.36239720626337	0.5	2.136352325357017	2.790759805215364	24	-0.7456242309721491
ALKBH2	ALKBH2	0.780823528242919	1376.0	0.0554454796102244	0.0554454796102244	4.49856961004998e-06	4585.0	25.819533626225077	0.12	0.5184125084527555	0.6672142745355363	25	-0.6938805815640163
VWA8	VWA8	0.738115787453038	1375.0	0.0554035262120119	-0.0554035262120119	0.0121212926759774	1113.0	6.263377267094739	0.12	0.347324140570959	0.43781093611536026	25	-0.6667732353812833
UBE3B	UBE3B	0.584215911209912	1374.0	0.0552298821241325	0.0552298821241325	4.59055128505148e-05	2180.0	12.273290526078629	0.04	0.3677277898551328	0.6219133107575964	25	-0.5024782430694796
RPF2	RPF2	0.755858426231078	1373.0	0.0551860470440051	0.0551860470440051	1.95896346891197e-06	9165.0	51.61653711839585	0.16	0.6831051571470106	0.7358663914799887	25	-0.8533058682570385
GHDC	GHDC	0.737881173213246	1372.0	0.0550995127144069	0.0550995127144069	2.92885708625036e-05	7596.0	42.77909203559761	0.16	0.7201428391330772	1.0018533793476638	25	-0.6638130290599005
ACVR2A	ACVR2A	0.812117330917397	1371.0	0.0550859665658367	0.0550859665658367	0.0005255197113614111	5750.0	32.38143516953925	0.08	0.40761002621421194	0.3307988114202709	25	-1.0656751096983326
RNF115	RNF115	0.598425100771765	1370.0	0.055017343745492005	0.055017343745492005	0.00312134248055718	1054.0	5.931057789793849	0.08	0.3109888272569111	0.3249786266074035	25	-0.7876563643080757
SPRTN	SPRTN	0.621878031113644	1369.0	0.0550040339783682	0.0550040339783682	0.0067541799293563895	590.0	3.3175622394953246	0.16	0.481263749232755	0.6395677413936728	25	-0.6664809490321235
DCUN1D2	DCUN1D2	0.5927661872629489	1368.0	0.054955261326413	-0.054955261326413	0.000740744677229206	2412.0	13.58003830122789	0.08	0.39151953548524154	0.5134776008150279	25	-0.6554604789471049
TTC39B	TTC39B	0.763839881868552	1367.0	0.0548770851555255	0.0548770851555255	1.59902353882862e-06	10516.0	59.22608989523487	0.2	0.8193476110169349	1.0904597691325804	25	-0.701053397384405
NAGA	NAGA	0.7920627351476608	1366.0	0.0547774945163207	-0.0547774945163207	0.0053288282021564	1224.0	6.888588487101498	0.08	0.4156304089470259	0.7142040403485598	25	-0.505251852474252
AKIRIN1	AKIRIN1	0.8302141940926581	1365.0	0.0547602170637884	-0.0547602170637884	0.0466889414725204	1120.0	6.3028050016897605	0.12	0.3611515937401208	0.383883664386301	25	-0.7981360112474378
ZP2	ZP2	0.9598842023682129	1364.0	0.0547157563333985	0.0547157563333985	0.001321695411869017	16968.0	95.56719612481693	0.5909090909090909	2.4791897397897	2.1540392293864477	22	-1.1255477385836117
HSD17B7P2	HSD17B7P2	0.8474435122505759	1363.0	0.0546999861514148	0.0546999861514148	0.000529506416958002	3092.0	17.410161090458487	0.08	0.5705511251774401	0.9604589601207038	25	-0.5370881635184045
SLC22A13	SLC22A13	0.947383744757082	1362.0	0.0546941576556956	-0.0546941576556956	0.0017873351877952543	11694.0	65.86121437422553	0.25	0.8859198147639132	0.8313580027466935	24	-0.9998408078853651
CELSR1	CELSR1	0.8360332807828009	1361.0	0.0546819367671524	-0.0546819367671524	0.0008536314612195401	8082.0	45.51650332319477	0.16	0.5939652272785452	0.593472910828915	25	-0.9086906591206758
LANCL2	LANCL2	0.704845994209256	1360.0	0.0546796438048993	0.0546796438048993	7.810930188337771e-07	1614.0	9.085276557395515	0.08	0.4283994472178023	0.598703482672473	25	-0.6242151820208307
DDX17	DDX17	0.675879560997413	1359.0	0.05453799229787001	0.05453799229787001	0.000374528049544138	4840.0	27.25582967218655	0.04	0.3795357360031671	0.3960382356386162	25	-0.8206221381156154
DDX56	DDX56	0.6211315208184189	1358.0	0.0544977550645286	0.0544977550645286	2.14767830960429e-05	307.0	1.723555255153768	0.08	0.3846461966573402	0.5251183644851005	25	-0.6287124273715609
APOL6	APOL6	0.8424615312565731	1357.0	0.0544463782660198	-0.0544463782660198	9.65708158792327e-07	12153.0	68.44654725695618	0.2916666666666667	1.0110783650192647	1.1841625669713232	24	-0.8078552839243833
MGAT4A	MGAT4A	0.851788305770767	1356.0	0.0544421678918192	0.0544421678918192	8.803054041438198e-06	9439.0	53.15985130111524	0.16	0.699523848504721	0.5771494596990273	25	-1.1177029966367809
MUC15	MUC15	0.9270839632280881	1355.0	0.0544167311306687	0.0544167311306687	2.3359317328592498e-05	14832.0	83.536104539822	0.5652173913043478	1.9534986715022418	1.8449597506752988	23	-1.0293351601174303
UTP14C	UTP14C	0.7899668938840569	1354.0	0.0543978832682902	0.0543978832682902	1.26733520581614e-05	7333.0	41.29773572152754	0.08	0.5452385512203698	0.5587197071765989	25	-0.8785096742559247
GPSM2	GPSM2	0.780000109081857	1353.0	0.0543606998931686	0.0543606998931686	1.14289936115364e-06	9106.0	51.28421764109496	0.08	0.6043304110509008	0.5496391056449887	25	-1.0006014956165745
GLOD4	GLOD4	0.654392828026781	1352.0	0.0543294159901925	0.0543294159901925	3.9329147107306204e-05	3572.0	20.113777176974203	0.04	0.373227478194842	0.4531882530371729	25	-0.7036768055382312
MKKS	MKKS	0.629202510907762	1351.0	0.0543272093506155	-0.0543272093506155	6.305424786869101e-09	7047.0	39.68683113664526	0.0	0.42080290471582704	0.22236339565361019	25	-1.6480936274965614
THAP3	THAP3	0.805375920739465	1350.0	0.05431887099213201	0.05431887099213201	0.00202345010202821	445.0	2.500844880027036	0.12	0.3326022716101196	0.37801229366740713	25	-0.7361755299493893
SOCS5	SOCS5	0.660216497039632	1349.0	0.0542969476430622	0.0542969476430622	0.00829277889959462	108.0	0.6026810859524614	0.08	0.425334610696781	0.6829704102111459	25	-0.5432704806918495
AGBL5	AGBL5	0.4394870458048621	1348.0	0.0542883595512519	0.0542883595512519	0.000325644790620362	1445.0	8.133378393601442	0.08	0.45827900209948036	0.7937215474617111	25	-0.5089828338920293
ALAD	ALAD	0.7674559498050859	1347.0	0.0542835204786412	0.0542835204786412	0.013099854093164	295.0	1.655964852990875	0.04	0.36711720003049547	0.49732222519869973	25	-0.6290361936405817
PPP3R1	PPP3R1	0.617677319885143	1346.0	0.0542109368591355	-0.0542109368591355	0.00269784988279408	5475.0	30.832488453306297	0.12	0.47571998427840084	0.47894913817713	25	-0.8800705833264877
PSMD8	PSMD8	0.640579706642843	1345.0	0.0542011397716088	0.0542011397716088	0.00018176118638273798	2895.0	16.30055198828433	0.04	0.4025779093111129	0.5347478471376506	25	-0.6514785826708112
SARDH	SARDH	0.907548899579687	1344.0	0.0541472162377384	-0.0541472162377384	8.34088456209746e-09	13979.0	78.73155345274304	0.5	1.3814722663693833	1.1683424705004943	24	-1.1360753234991499
EIF4G1	EIF4G1	0.678693661754186	1343.0	0.0541269064376951	-0.0541269064376951	0.000248430101495372	3210.0	18.074800045060268	0.04	0.3638920850351589	0.3271268491832649	25	-0.9469267942110291
SLC1A5	SLC1A5	0.7212820334597411	1342.0	0.0541112132970561	0.0541112132970561	0.000272588503634696	3662.0	20.6207051931959	0.12	0.6126214434480655	1.0683662387928303	25	-0.5227703851649991
ST7.OT4	ST7.OT4	0.875482459579809	1341.0	0.0540635065142159	-0.0540635065142159	0.00640672863978764	11379.0	64.08696631744958	0.24	0.6901772429346091	0.5622393674852365	25	-1.1313930919949262
SFT2D3	SFT2D3	0.711545182059138	1340.0	0.0539554436453764	0.0539554436453764	0.00030429222532897597	1378.0	7.755998648191957	0.16	0.4350776822811083	0.5684994771343029	25	-0.6704003327441851
SLAMF6	SLAMF6	0.919769461525989	1339.0	0.0539400327125042	0.0539400327125042	9.175517253210775e-05	14632.0	82.40959783710713	0.5416666666666666	1.8864374866711124	2.394474842234157	24	-0.765302446130026
KPNA1	KPNA1	0.665387048467269	1338.0	0.0538431148295631	0.0538431148295631	0.000127521544552075	3057.0	17.213022417483383	0.08	0.40159497603857397	0.444816409119896	25	-0.7817873938083019
AEBP2	AEBP2	0.696001614162665	1337.0	0.0538428305721094	0.0538428305721094	0.000123643648760103	3977.0	22.394953249971838	0.08	0.4958396043254464	0.5982214030135823	25	-0.7388514879720905
ALDH16A1	ALDH16A1	0.8112203789250358	1336.0	0.0537815328005425	-0.0537815328005425	9.79532903950643e-05	6818.0	38.39698096203672	0.16	0.6142585451783014	0.6524611224315051	25	-0.8590197838747048
RTTN	RTTN	0.7733790851317071	1335.0	0.0537652732863382	-0.0537652732863382	0.00920227725399505	3176.0	17.883293905598737	0.16	0.6041115396431824	0.985000000651213	25	-0.5587271735969481
TFG	TFG	0.68038538839433	1334.0	0.0535173726082181	0.0535173726082181	1.09067075336866e-08	7522.0	42.3622845555931	0.08	0.5407983564626075	0.5727390424502706	25	-0.8507905830371233
MAPKAPK5.AS1	MAPKAPK5.AS1	0.687588600784816	1333.0	0.053493868029090993	0.053493868029090993	7.24805344789965e-05	2507.0	14.11512898501746	0.08	0.3628939717689197	0.42067112574864507	25	-0.7354916579767781
SP110	SP110	0.734551979301828	1332.0	0.0534576643410849	-0.0534576643410849	0.02852415194941055	4870.0	27.42480567759378	0.25	0.8857369352563307	1.7639376205339878	24	-0.47183033074791736
VPS36	VPS36	0.7225886950762571	1331.0	0.053445211843537	-0.053445211843537	0.00164714588749632	1551.0	8.730426946040328	0.04	0.4139990764411079	0.4716668048643685	25	-0.7644249306483439
TOX4	TOX4	0.633348630439275	1330.0	0.0533954820595762	0.0533954820595762	3.8136023717575202e-06	7823.0	44.057677143179	0.12	0.4980295035959293	0.48943952417178765	25	-0.9084554875063414
TEX264	TEX264	0.616071772131214	1329.0	0.053382707523997	-0.053382707523997	0.00404301748699284	2232.0	12.566182268784498	0.12	0.44589666117130844	0.5555831119458478	25	-0.7064900735959906
KCP	KCP	0.775995792019079	1328.0	0.0533104823550744	0.0533104823550744	0.00239818309886463	2573.0	14.48687619691337	0.12	0.41550581435825523	0.534015888737579	25	-0.678248231264084
ZNF506	ZNF506	0.644631982814442	1327.0	0.0532951167331324	0.0532951167331324	0.00252160864026632	717.0	4.032893995719275	0.08	0.36543460376943704	0.5720247666520061	25	-0.5456747770961394
ATG16L1	ATG16L1	0.779997832885433	1326.0	0.0532688834188276	0.0532688834188276	0.00015444693025923502	5060.0	28.49498704517292	0.08	0.429521094737183	0.4526834358607847	25	-0.831159661503642
ANGEL1	ANGEL1	0.696269716278437	1325.0	0.0532631944244026	-0.0532631944244026	0.00441832637177896	70.0	0.388644812436634	0.12	0.4333269645610312	0.6645762962182478	25	-0.5718888445154763
KRT7	KRT7	0.8435006760399459	1324.0	0.0532598045033271	0.0532598045033271	0.20648613408124802	6925.0	38.99966204798918	0.2916666666666667	0.9356353109721169	1.6250226177949003	24	-0.5429927539507992
ZNF384	ZNF384	0.552661795975079	1323.0	0.053259405163635996	0.053259405163635996	0.000552561688623587	2631.0	14.813563140700687	0.16	0.4110883316157875	0.42916613865673503	25	-0.83377716511404
HCG27	HCG27	0.885430211038292	1322.0	0.0531592772785827	-0.0531592772785827	1.254439146148185e-05	9038.0	50.9012053621719	0.16666666666666666	0.7541087938432782	0.9149250195359716	24	-0.7661278264312856
CCDC126	CCDC126	0.7985716266276601	1321.0	0.0531296041066314	0.0531296041066314	7.87024579240489e-10	10500.0	59.13596935901768	0.2	0.713345671659066	0.5646783141951031	25	-1.1691896978432967
SLMAP	SLMAP	0.6471125509583371	1320.0	0.0531123710994406	-0.0531123710994406	0.000230431890894967	3087.0	17.381998422890618	0.12	0.4395294222291045	0.49271230540445043	25	-0.7842650708966311
CDIPT	CDIPT	0.737073984589058	1319.0	0.0530819411398972	-0.0530819411398972	1.27863905561532e-07	9281.0	52.26991100597048	0.12	0.6515616149092321	0.6313564936356867	25	-0.9479266940345707
SUCLA2	SUCLA2	0.67322917583175	1318.0	0.0530473503133126	0.0530473503133126	7.097973918292391e-06	7237.0	40.7570125042244	0.08	0.4432817908464047	0.2993596612939415	25	-1.3035638764633708
XRCC6	XRCC6	0.7065191289350329	1317.0	0.0530428907957624	-0.0530428907957624	0.00041789916374157	2168.0	12.205700123915737	0.08	0.29300787615442686	0.2920081445999748	25	-0.8217749737336784
CDC16	CDC16	0.606459112013376	1316.0	0.05301250651723599	-0.05301250651723599	1.26726642849348e-05	4449.0	25.053509068378958	0.0	0.3295188664488626	0.22067107685135515	25	-1.2530249268592744
CLIC1	CLIC1	0.680412207505277	1315.0	0.0530073939990988	0.0530073939990988	3.64231618771743e-06	5522.0	31.097217528444293	0.12	0.6309150846082829	0.834811714535227	25	-0.6922611177430931
MRPL16	MRPL16	0.5477123159160909	1314.0	0.0529736348974274	0.0529736348974274	0.00174992980357827	603.0	3.390785175171792	0.08	0.39360207301992456	0.568798060498268	25	-0.5988565393913371
MRPL10	MRPL10	0.757465780967723	1313.0	0.0529293717100421	0.0529293717100421	0.0010202024590816401	587.0	3.3006646389546015	0.08	0.3543183720332788	0.4789602466411038	25	-0.6292568171092383
SNHG22	SNHG22	0.910790665377548	1312.0	0.0528157571019238	-0.0528157571019238	6.157712852127734e-05	10576.0	59.56404190604933	0.375	1.0436691411016543	1.395501896970237	24	-0.7100337062607829
RBM26	RBM26	0.7248247415276049	1311.0	0.0526755005285014	0.0526755005285014	0.003965453521839171	4232.0	23.83124929593331	0.08	0.4256231575148633	0.4142722911739972	25	-0.9002476509579573
DHX36	DHX36	0.767303192020153	1310.0	0.0526446357422892	0.0526446357422892	0.000429931196502434	6696.0	37.709811873380644	0.08	0.5783556834253393	0.745191737402465	25	-0.7054708490401884
DMTF1	DMTF1	0.711705455274356	1309.0	0.0526265828228009	-0.0526265828228009	0.0021691285792169103	2770.0	15.596485299087528	0.04	0.39367486345149283	0.4331614728867933	25	-0.7873467562934084
PPP1CA	PPP1CA	0.615068454175741	1308.0	0.0526229973515731	0.0526229973515731	0.00132398481506881	285.0	1.599639517855131	0.0	0.25115290951672165	0.2155427892086721	25	-0.9210696070790242
RACK1	RACK1	0.7960425550516831	1307.0	0.0525763587559757	0.0525763587559757	8.86443575945944e-06	3668.0	20.654500394277346	0.12	0.4785766919798655	0.49323354138045744	25	-0.8636888968086072
SCAPER	SCAPER	0.6775544691423578	1306.0	0.0525460381350082	-0.0525460381350082	5.14211589341185e-06	4581.0	25.797003492170777	0.12	0.6240992530510323	1.0723057254305304	25	-0.5330133014878249
RTCA	RTCA	0.7168668954015529	1305.0	0.0525433153787817	-0.0525433153787817	1.40137845548811e-06	7355.0	41.421651458826176	0.04	0.502920383178044	0.37377347485411566	25	-1.2049465735230278
ACSF3	ACSF3	0.788956677139525	1304.0	0.052484462186364995	-0.052484462186364995	0.000755378848874062	2094.0	11.78889264391123	0.08	0.47498910277677503	0.736237674836221	25	-0.5738698996684704
ZNF597	ZNF597	0.820334466134496	1303.0	0.0524162493719382	-0.0524162493719382	0.00853790603044827	2133.0	12.008561450940633	0.08	0.3906687164183746	0.4909546598022198	25	-0.6889688493489415
SHQ1	SHQ1	0.577663501413307	1302.0	0.0524032145433863	0.0524032145433863	0.00480601301419933	2208.0	12.431001464458712	0.04	0.3928817055657654	0.5602466535827159	25	-0.607729629164327
MOK	MOK	0.8481016858392321	1301.0	0.0523439859064775	0.0523439859064775	0.029670742343457998	5061.0	28.500619578686493	0.08	0.564051665837548	0.8431818847125799	25	-0.6068769849170789
IRF2BPL	IRF2BPL	0.7873380354291959	1300.0	0.0523008807851541	-0.0523008807851541	2.61418414741634e-07	10561.0	59.47955390334572	0.12	0.6864126935068896	0.5201625468172585	25	-1.2190647262124186
NCK1	NCK1	0.6842171686720179	1299.0	0.0521757908075796	-0.0521757908075796	1.4702482392748803e-07	8319.0	46.8514137659119	0.08	0.5276855043740168	0.3636292218994583	25	-1.3076773947994569
OXNAD1	OXNAD1	0.8393232524818329	1298.0	0.0521007841853194	-0.0521007841853194	3.06541245599645e-06	6804.0	38.318125492846676	0.08	0.5156161022732632	0.5530944316556308	25	-0.8380401095351092
SLAMF1	SLAMF1	0.9182355636974259	1297.0	0.05208969788828299	0.05208969788828299	0.0007529703331249339	15072.0	84.88791258307987	0.6666666666666666	2.0763465860733037	2.1699537894484946	24	-0.9328571410267205
ITGB7	ITGB7	0.8950598713341391	1296.0	0.0520884150276927	-0.0520884150276927	1.0554838834138746e-07	16075.0	90.537343697195	0.6666666666666666	2.3772273346278125	2.6308199847674145	24	-0.88380768470013
VEGFB	VEGFB	0.7047796253207441	1295.0	0.052000484610604004	0.052000484610604004	1.728552636199215e-07	11906.0	67.0553114791033	0.375	1.379858817582817	2.1462595342387605	24	-0.6186848849308341
MICB	MICB	0.857641776621705	1294.0	0.0519914749266215	0.0519914749266215	0.0314569657638204	150.0	0.8392474935225864	0.08	0.4065056911713644	0.720421047545375	25	-0.4920930856374157
VPS26A	VPS26A	0.6837486839862719	1293.0	0.0519257040637866	-0.0519257040637866	5.405951564758271e-07	10301.0	58.01509518981638	0.16	0.6776640007800281	0.6280814292358211	25	-0.9962693809902475
CCL11	CCL11	0.9516801953472741	1292.0	0.051831615031049	-0.051831615031049	1.3445354334143599e-05	16679.0	93.93939393939394	0.6086956521739131	2.134276625197742	1.6893325654126714	23	-1.232702815776236
ADAM10	ADAM10	0.723856425133104	1291.0	0.0518155727185505	0.0518155727185505	7.05375862082006e-05	8151.0	45.9051481356314	0.04	0.4799340319080601	0.3502754666277865	25	-1.222233641742433
ZFYVE26	ZFYVE26	0.823403280239753	1290.0	0.0517856342759625	-0.0517856342759625	0.00575722712267402	2015.0	11.343922496338852	0.12	0.4594014517387533	0.689187438088322	25	-0.5914440614202741
SETD7	SETD7	0.7387523306359309	1289.0	0.0517661290356208	0.0517661290356208	0.00045538389737054404	4493.0	25.30134054297623	0.16	0.5791543457179414	0.7376794742189319	25	-0.7149286853083836
DTWD1	DTWD1	0.783200559401765	1288.0	0.0517546207038765	0.0517546207038765	3.9053934577666904e-05	7905.0	44.5195448912921	0.08	0.5007934142216446	0.384891414022854	25	-1.1666635761615227
IMPDH2	IMPDH2	0.708275307025998	1287.0	0.0517287426387718	0.0517287426387718	0.000310424808429699	3192.0	17.97341444181593	0.04	0.3691681149363337	0.5618178368886018	25	-0.5650218833484711
LYRM2	LYRM2	0.634663259287501	1286.0	0.0516114162197079	0.0516114162197079	1.26485855139146e-05	6281.0	35.37231046524727	0.12	0.4984717796087561	0.43108060007517696	25	-1.0366051344252545
CNOT9	CNOT9	0.5765997680353101	1285.0	0.0515961557008638	-0.0515961557008638	0.000560814468400867	2717.0	15.297961022868085	0.08	0.5667224370279079	0.8691622989121713	25	-0.592669840801617
SMNDC1	SMNDC1	0.690360014004509	1284.0	0.051587145487144	-0.051587145487144	0.0002869173650386	5686.0	32.02095302467049	0.04	0.3845216972387858	0.29560298386868633	25	-1.1262895502419523
MMADHC	MMADHC	0.5724010129705269	1283.0	0.0515311812786109	0.0515311812786109	1.24873201724336e-09	11926.0	67.16796214937479	0.2	0.695859156608094	0.47006991246608953	25	-1.370706693285681
YLPM1	YLPM1	0.758015083990233	1282.0	0.0514191753517858	0.0514191753517858	0.00102645090628529	3438.0	19.359017686155234	0.12	0.4042379108932743	0.4032059186245235	25	-0.8750336223859926
ANP32A	ANP32A	0.614290782967042	1281.0	0.0513967722562735	-0.0513967722562735	0.000818485301621494	3222.0	18.14239044722316	0.12	0.5086133805799207	0.8045387332681656	25	-0.5682965771782794
PSAP	PSAP	0.860808404276781	1280.0	0.051386682125127994	-0.051386682125127994	0.041542379614007995	367.0	2.0615072659682325	0.12	0.3336126658757434	0.37019511041991093	25	-0.7623709114647342
CEP104	CEP104	0.786538402139159	1279.0	0.0513226273022306	0.0513226273022306	0.013360869523466	288.0	1.6165371183958543	0.12	0.41424123968304544	0.6622456834864094	25	-0.548012046632332
TP53I13	TP53I13	0.69879119209948	1278.0	0.0512786188415517	-0.0512786188415517	6.56021094532355e-07	10955.0	61.69877210769403	0.28	0.8731224019065351	0.8680409371764765	25	-0.9467799822186255
RAPGEF6	RAPGEF6	0.783751986099533	1277.0	0.05124364238958701	0.05124364238958701	0.0294781544700818	1994.0	11.22563929255379	0.08	0.37240397229811895	0.39773874906695383	25	-0.8074655302304202
MEX3C	MEX3C	0.789005067567033	1276.0	0.0510809900598094	-0.0510809900598094	0.0011954085212282901	4774.0	26.88408246029064	0.16	0.5228607456333788	0.7154792972681435	25	-0.65938980676999
UPRT	UPRT	0.74350501333231	1275.0	0.0509558532185864	0.0509558532185864	1.09359698993824e-05	4569.0	25.729413090007885	0.12	0.5398938878381467	0.6666053412699686	25	-0.7334745228534633
NKAIN2	NKAIN2	0.95544378378197	1274.0	0.0509022423433273	0.0509022423433273	3.5792477784884504e-05	14577.0	82.09980849386054	0.5416666666666666	1.8058852401880159	1.8360653611358648	24	-0.9558390648789239
SLAMF8	SLAMF8	0.92546935426059	1273.0	0.0508877207750371	0.0508877207750371	0.009996974678723836	11536.0	64.97127407908077	0.2916666666666667	1.2697092077160546	1.803941915386046	24	-0.6756434209691213
IPO5	IPO5	0.655603000939756	1272.0	0.0508200486258254	-0.0508200486258254	0.010214112452191	822.0	4.624310014644587	0.04	0.3884423993699347	0.7657981490143047	25	-0.4408764256987029
KCTD17	KCTD17	0.8007715181524899	1271.0	0.0507206168950447	-0.0507206168950447	2.22391904461722e-11	12088.0	68.08043257857383	0.4	1.1687331346621634	1.023344840023058	25	-1.092508091155204
RBM14	RBM14	0.6598719391132281	1270.0	0.0507077743347425	-0.0507077743347425	3.70354092047419e-11	11317.0	63.73774923960797	0.2	0.7370215209636265	0.5131068089706332	25	-1.337565073450748
CCDC146	CCDC146	0.896318195673467	1269.0	0.0506559358166213	0.0506559358166213	3.44306391160296e-10	13294.0	74.87326799594457	0.4166666666666667	0.8940668656842731	0.4757923431299911	24	-1.7726450247586765
SPECC1	SPECC1	0.808228238774698	1268.0	0.0506063457373631	0.0506063457373631	0.000203989152543488	4540.0	25.566069618114227	0.12	0.496480346914626	0.5737637111581759	25	-0.7771038713432048
THOP1	THOP1	0.801148165361519	1267.0	0.0505911878916451	-0.0505911878916451	1.46142196599036e-07	7881.0	44.384364086966315	0.24	0.7601680866878404	0.8418827917664744	25	-0.8428452342009876
CHTF8	CHTF8	0.70652149207222	1266.0	0.0505460703178965	-0.0505460703178965	6.53262464614496e-07	7278.0	40.987946378280945	0.2	0.6065450157961363	0.6547826790975386	25	-0.8491350843986152
TMEM14C	TMEM14C	0.674539903895251	1265.0	0.0504492748864024	0.0504492748864024	1.53543712035789e-09	5842.0	32.8996282527881	0.12	0.47985653099360875	0.5191007421732824	25	-0.8272137202297908
PSMC3IP	PSMC3IP	0.6756250957593161	1264.0	0.0503753374547312	-0.0503753374547312	0.000341084819933077	2720.0	15.314858623408808	0.04	0.3823219173460602	0.3927893379514196	25	-0.8451007902164195
CSAD	CSAD	0.8146825389115809	1263.0	0.0502320367298908	0.0502320367298908	0.00370368085371861	1720.0	9.682325109834403	0.08	0.38567373018739715	0.4366764155924821	25	-0.7681699342575655
WDR54	WDR54	0.8101840792019659	1262.0	0.0502120353982663	0.0502120353982663	0.0231312332000735	7018.0	39.5234876647516	0.12	0.6802293636591803	1.0897123921668797	25	-0.578150099778284
SIMC1	SIMC1	0.57762352848414	1261.0	0.0501880007688402	0.0501880007688402	0.0019430197271278103	1729.0	9.733017911456573	0.0	0.4196606021221896	0.5502129220168098	25	-0.671508404417411
TGIF2	TGIF2	0.803354029990775	1260.0	0.0501865699245036	0.0501865699245036	0.0508083818569499	321.0	1.8024107243438097	0.0	0.2991020653959792	0.28908222964943286	25	-0.8610542950818283
MED21	MED21	0.74350501333231	1259.0	0.0501379496908915	0.0501379496908915	4.1217242112353e-05	7512.0	42.30595922045736	0.12	0.589091840594453	0.6642222211000437	25	-0.8114059930289286
C5orf24	C5orf24	0.8335334090686058	1258.0	0.0501149376233643	0.0501149376233643	0.00035388656685347	16037.0	90.32330742367917	0.5652173913043478	2.1842051485610923	2.285608015153974	23	-0.9337078785112508
KANSL1	KANSL1	0.7010691409194111	1257.0	0.0501086128968443	-0.0501086128968443	0.000488954750174149	4054.0	22.82865833051707	0.08	0.3763017218471129	0.39037327618151907	25	-0.8355928257716918
PAOX	PAOX	0.810197476421522	1256.0	0.0501047902758946	0.0501047902758946	3.21935395182477e-07	9332.0	52.55717021516278	0.32	0.9069387579670796	1.07784914305984	25	-0.7949479509338119
BTC	BTC	0.8948105553000251	1255.0	0.0500795222991763	0.0500795222991763	2.6042686394799845e-09	15177.0	85.47932860200518	0.7083333333333334	1.5102197979020195	1.0251232925312768	24	-1.4243557689508786
ANKRD52	ANKRD52	0.616032282229944	1254.0	0.0500211548929173	0.0500211548929173	4.00335041720329e-05	4576.0	25.768840824602908	0.24	0.5660386793527731	0.6168705005588694	25	-0.8365086740123847
ZNF235	ZNF235	0.764654681621358	1253.0	0.0499381941274953	0.0499381941274953	0.00015158221502779436	15064.0	84.84285231497127	0.5833333333333334	1.591513201308078	1.5600257054657567	24	-0.9881728241909543
ZNF649.AS1	ZNF649.AS1	0.8822221841543589	1252.0	0.0499278864302157	-0.0499278864302157	0.0076540592534523	6727.0	37.88442041230145	0.16	0.822924192586301	1.1814182899032222	25	-0.6542951914341927
B3GALT6	B3GALT6	0.761616943481187	1251.0	0.0498552070445623	-0.0498552070445623	0.000534015553630472	7921.0	44.60966542750929	0.16	0.6532543529523319	0.7779985304708337	25	-0.7755787733205628
SHISA6	SHISA6	0.9350899138202851	1250.0	0.0498356636606325	-0.0498356636606325	0.000542184429475154	13104.0	73.80308662836543	0.43478260869565216	1.352879702804918	1.5699561508485307	23	-0.8299875371933257
CLEC2B	CLEC2B	0.897900002439297	1249.0	0.0495711634934665	-0.0495711634934665	0.0047086677948659245	8977.0	50.55762081784386	0.25	1.1403276193898355	1.55498474177526	24	-0.7014579799999185
TP53RK	TP53RK	0.645314093458155	1248.0	0.0495408007457627	-0.0495408007457627	0.0610308983241964	125.0	0.6984341556832263	0.04	0.2784618881884875	0.35739503847801213	25	-0.6405267639349409
CHAMP1	CHAMP1	0.7474414381430949	1247.0	0.0493329558676577	0.0493329558676577	0.00270194639628387	3453.0	19.44350568885885	0.2	0.5018813344020547	0.5260513176087173	25	-0.8602742040292873
SHROOM2	SHROOM2	0.890163344468722	1246.0	0.0492843033932945	-0.0492843033932945	0.05985017302120266	3982.0	22.42311591753971	0.08333333333333333	0.5772160707607351	0.671387598884262	24	-0.786329339780446
TCF20	TCF20	0.8521262087236311	1245.0	0.0491464447498223	0.0491464447498223	0.0005780138328049	4700.0	26.467274980286135	0.12	0.462501890229891	0.5735753295361853	25	-0.7206646175216839
CACNG2	CACNG2	0.9706589572457058	1244.0	0.0491361806206826	0.0491361806206826	0.000201816162665443	15303.0	86.18902782471555	0.6086956521739131	1.735780001328743	1.4126675112713503	23	-1.1939425287625827
CAPG	CAPG	0.8948105553000251	1243.0	0.0491067943797223	0.0491067943797223	0.0130830445409331	2948.0	16.599076264503775	0.08	0.5413395272015984	0.8548126261314497	25	-0.5758369937158397
SEC16A	SEC16A	0.7080994814897349	1242.0	0.0490876028138381	-0.0490876028138381	4.18955928644895e-05	3407.0	19.184409147234426	0.12	0.549451791758748	0.7682031278940273	25	-0.6513435975151803
DRAP1	DRAP1	0.830943793718366	1241.0	0.0490558801840488	0.0490558801840488	1.2720798299533198e-05	4778.0	26.906612594344935	0.08	0.5181696754345129	0.4779997206903783	25	-0.9814101869618662
EPG5	EPG5	0.781019789210445	1240.0	0.0490042066542404	-0.0490042066542404	0.00673541686970171	2075.0	11.681874507153317	0.08	0.37355656896059886	0.4615456235225521	25	-0.7031858732173639
IGFLR1	IGFLR1	0.888052523851479	1239.0	0.0489710672636936	0.0489710672636936	0.0054103247104076106	8889.0	50.061957868649316	0.16666666666666666	0.8455998746436818	1.0724257502191619	24	-0.7428288692407735
PPP2R5D	PPP2R5D	0.735676406203035	1238.0	0.0489179578630458	0.0489179578630458	0.0226828058275449	385.0	2.1628928692125715	0.04	0.2735115661554976	0.39854184607997584	25	-0.5635383348111012
MMAB	MMAB	0.823991950022818	1237.0	0.0488865308927178	-0.0488865308927178	0.00367773657743135	401.0	2.253013405429762	0.16	0.5487429289832699	0.8105616742918945	25	-0.6166790436116116
NIPSNAP3B	NIPSNAP3B	0.8546660825718531	1236.0	0.048881570567822	0.048881570567822	0.006473109709672805	1302.0	7.327926101160302	0.08333333333333333	0.5804198419655322	1.1740814085326317	24	-0.45272692978081247
MCAT	MCAT	0.8440398875801529	1235.0	0.0487924093441267	-0.0487924093441267	0.0360305556576981	812.0	4.567984679508843	0.04	0.361052911367233	0.762341267622583	25	-0.40960723928394105
FRG1HP	FRG1HP	0.8199394124182969	1234.0	0.0487598954089278	-0.0487598954089278	0.000106225034126811	5173.0	29.131463332206827	0.08	0.44712707328222995	0.3363678553169002	25	-1.1843199984076687
LINC00623	LINC00623	0.848491175019751	1233.0	0.0487471677408732	0.0487471677408732	0.001160387835345995	4276.0	24.079080770530584	0.08333333333333333	0.4639325423883565	0.5042638301818099	24	-0.8233495043612196
NIT1	NIT1	0.5830580966048879	1232.0	0.048700947338722	-0.048700947338722	0.000106322566964786	890.0	5.007322293567647	0.04	0.35699684221758704	0.4336330146814599	25	-0.7109603845669694
DTX3	DTX3	0.791036516178633	1231.0	0.0485585678263099	0.0485585678263099	5.273536938570063e-10	12275.0	69.13371634561226	0.3333333333333333	1.2679177012089418	1.9593421614222244	24	-0.6223308809409469
CKS2	CKS2	0.8254402984389729	1230.0	0.0485407253435755	0.0485407253435755	7.468113259041029e-06	7697.0	43.34797792046862	0.16	0.676710414662558	0.9049396797879308	25	-0.6941564209740386
STX4	STX4	0.8320287234313509	1229.0	0.0485341460067157	0.0485341460067157	2.240003073863706e-05	17556.0	98.87912583079869	0.875	3.796116398378594	2.8258368243767826	24	-1.3261849445954403
LYN	LYN	0.784707886691563	1228.0	0.0485264152800759	0.0485264152800759	0.0465342080524678	2931.0	16.50332319477301	0.12	0.4945797680812815	0.6889396769141874	25	-0.6474490695602148
COQ4	COQ4	0.757465780967723	1227.0	0.0485247477397872	-0.0485247477397872	0.00011130005938060301	787.0	4.427171341669483	0.04	0.317643641515528	0.336202187964847	25	-0.8004674074395958
SLC25A36	SLC25A36	0.8664051313495781	1226.0	0.0485127217889821	0.0485127217889821	0.000113607035050291	7080.0	39.872704742593214	0.08	0.48369546402882413	0.43603505602580067	25	-0.9980453090315101
CTSZ	CTSZ	0.878182629661137	1225.0	0.0484594019077703	0.0484594019077703	0.00332839860294707	5654.0	31.840711952236116	0.32	1.0005521539258517	1.5197187823763194	25	-0.6264927189551047
NDUFB8	NDUFB8	0.622245679888791	1224.0	0.0483981970682183	-0.0483981970682183	5.5407435698126706e-05	3016.0	16.982088543426833	0.16	0.43330830236175744	0.5587106310886897	25	-0.688925686886453
CCDC61	CCDC61	0.8010024856031221	1223.0	0.0483815485831993	-0.0483815485831993	2.4109767107666996e-07	10144.0	57.130787428185194	0.28	0.9028143586349574	0.9982566757468332	25	-0.855924964801788
CBR1	CBR1	0.7590058524922791	1222.0	0.0483390109134147	0.0483390109134147	0.000205538264923098	1803.0	10.149825391461079	0.12	0.6069509775346085	1.15864822922379	25	-0.4821238686011051
RAP1GDS1	RAP1GDS1	0.6756596401006579	1221.0	0.0483051524497988	0.0483051524497988	1.59844154091622e-06	9605.0	54.094851864368586	0.16	0.7017131349368355	0.6638564810639302	25	-0.9842609074778509
NT5C1B	NT5C1B	0.9107611550430029	1220.0	0.048098242373964005	-0.048098242373964005	0.0030535461180257	12241.0	68.94221020615072	0.25	1.0229572769316602	1.2438500838502373	24	-0.7837431915750642
CCDC93	CCDC93	0.715118339349618	1219.0	0.0480947451276926	-0.0480947451276926	0.012743878603641	1220.0	6.866058353047201	0.08	0.3644416483234545	0.4030929792714753	25	-0.7847988416159151
HELQ	HELQ	0.675879647230132	1218.0	0.0480813523432161	0.0480813523432161	0.138790802235745	1685.0	9.485186436859298	0.04	0.6053336071853406	1.557885285876131	25	-0.35769787409522535
CASP7	CASP7	0.8345609445573651	1217.0	0.0480704560133662	-0.0480704560133662	8.6690819893503e-12	10687.0	60.189253126056094	0.2	0.7584536443940638	0.6678339287628993	25	-1.0637123359344993
UBTF	UBTF	0.675959656290147	1216.0	0.0480059386030695	0.0480059386030695	2.4652572323238298e-05	7953.0	44.78990649994367	0.08	0.4703719550132908	0.33255357264085816	25	-1.270069099111307
TM4SF18	TM4SF18	0.941739525091182	1215.0	0.0479828511200898	-0.0479828511200898	0.012491606173371025	5080.0	28.607637715444408	0.2916666666666667	1.077272672146537	1.9281424912991454	24	-0.5338245620700635
BACE1	BACE1	0.761639776502865	1214.0	0.0479599144484045	-0.0479599144484045	0.0154878512137701	1230.0	6.922383688182944	0.0	0.2671389715923453	0.22818606255760138	25	-0.960527802124694
EPB41L4A	EPB41L4A	0.884353855677208	1213.0	0.0479270328415728	-0.0479270328415728	0.00273310829996416	6348.0	35.74969021065675	0.12	0.5862781790018127	0.9660848402202914	25	-0.5572503818996708
HMGB2	HMGB2	0.7039138916089229	1212.0	0.0478521724422599	0.0478521724422599	0.0904770481257667	2291.0	12.898501746085389	0.04	0.3713975183789265	0.7431583126755426	25	-0.4353653056396936
PIK3CA	PIK3CA	0.80047126486162	1211.0	0.0478458653520271	-0.0478458653520271	0.00118598974142864	5128.0	28.877999324095978	0.04	0.4145796622172238	0.31906938610387825	25	-1.1493857224704112
PLXNB2	PLXNB2	0.844213648675598	1210.0	0.0478340077251942	0.0478340077251942	0.000239195188904675	8994.0	50.653373887574624	0.24	0.808058595344892	0.8926222683502371	25	-0.8516755794416384
FAM210A	FAM210A	0.74899878350357	1209.0	0.0477571464011303	0.0477571464011303	0.000157910613050849	3512.0	19.775825166159738	0.12	0.5471993856419468	0.7921763951580755	25	-0.6304684692620195
SZT2	SZT2	0.721233796609217	1208.0	0.0477474396924184	0.0477474396924184	3.3238359354559804e-05	6327.0	35.63140700687169	0.12	0.530678230318523	0.5072734941129954	25	-0.9520126642345945
SFXN5	SFXN5	0.718409483085549	1207.0	0.0477352743467988	0.0477352743467988	2.26922236374202e-06	6369.0	35.86797341444181	0.12	0.6737470476600678	1.0374568713873351	25	-0.6034099253457517
DNAJC17	DNAJC17	0.7343334081927791	1206.0	0.0476891880270662	-0.0476891880270662	0.0033163619991889	773.0	4.348315872479441	0.04	0.2842275614653938	0.2818462957352556	25	-0.8392459898089747
TXNL1	TXNL1	0.7811997236925659	1205.0	0.04761135332540099	-0.04761135332540099	1.66165276687211e-06	6578.0	37.04517291877886	0.08	0.48810430190228393	0.42246008369406424	25	-1.0426853697635436
ZNF271P	ZNF271P	0.8106677018720959	1204.0	0.0475845515455175	-0.0475845515455175	0.000299752550867528	7054.0	39.72625887124028	0.0	0.4048060000307936	0.25388462132333933	25	-1.4070227909957975
MRM3	MRM3	0.815185414580004	1203.0	0.04745545283691299	-0.04745545283691299	0.0015503572489464	1713.0	9.642897375239382	0.12	0.44703210225287987	0.5785195503062325	25	-0.6906882389790556
LINC00595	LINC00595	0.9515107815868961	1202.0	0.0473408428363763	0.0473408428363763	0.0002046703128725435	14752.0	83.08550185873605	0.4583333333333333	1.6014821431868782	1.647742993440918	24	-0.9431939972052611
SMIM10L1	SMIM10L1	0.7535026253650892	1201.0	0.0473105802466426	-0.0473105802466426	0.00012637697915455	6139.0	34.5724907063197	0.04	0.38926305523386134	0.2650722928478987	25	-1.2900347724514336
KCNH1	KCNH1	0.93015845631305	1200.0	0.0472906912554607	-0.0472906912554607	0.0004884818930178425	6843.0	38.53779429987608	0.2916666666666667	1.0073112992048883	1.2845981184562494	24	-0.747331476012997
ANKRD13D	ANKRD13D	0.8054045596235171	1199.0	0.047276855901943	-0.047276855901943	0.000986213824462309	4204.0	23.673538357553227	0.16	0.5332649138357296	0.6722533504722182	25	-0.7229239654847518
RNF20	RNF20	0.678341666062973	1198.0	0.0471146226351872	-0.0471146226351872	7.15486938846229e-05	3308.0	18.62678832939056	0.12	0.4642928590337187	0.7536870190642927	25	-0.5535165471158849
USF2	USF2	0.807702762454828	1197.0	0.0470411228991503	-0.0470411228991503	4.0597394559441105e-06	6627.0	37.321167060944006	0.4	0.6947571675576469	0.5656978340284414	25	-1.14498590183029
ERN1	ERN1	0.864247914035908	1196.0	0.0470311778321813	-0.0470311778321813	0.000226598923372654	4014.0	22.603356989974092	0.08	0.5187420177940271	0.660703611165961	25	-0.7139522654180825
TOMM5	TOMM5	0.701250382062181	1195.0	0.047027393548544	0.047027393548544	1.06243412618937e-08	9420.0	53.052833164357324	0.12	0.6662791432994191	0.5793957741013305	25	-1.0687888614848167
ATP13A2	ATP13A2	0.886559408641136	1194.0	0.046992610419566	0.046992610419566	0.00045786940663088203	9405.0	52.96834516165371	0.2	0.6385777398371113	0.7265098045143242	25	-0.8142837519075509
TNPO3	TNPO3	0.7563892366190559	1193.0	0.0469183477863397	-0.0469183477863397	0.00372883728920158	1150.0	6.471781007096992	0.12	0.4522263875418588	0.7786017505052505	25	-0.5205588601521978
ALKBH3	ALKBH3	0.7481872117974709	1192.0	0.0468456323799638	0.0468456323799638	3.55594327523766e-07	5620.0	31.649205812774586	0.12	0.7429980435627209	1.2499506052360456	25	-0.5569439370376503
GKAP1	GKAP1	0.8411506943476629	1191.0	0.04683536043746401	-0.04683536043746401	0.09943616434766026	5409.0	30.460741241410386	0.16666666666666666	0.7913609668405748	1.3592780352307567	24	-0.5477360680493281
SART3	SART3	0.7058835617915942	1190.0	0.0468115174671769	0.0468115174671769	0.0209482240292281	270.0	1.515151515151515	0.04	0.28448399377367656	0.3451990105049614	25	-0.6885085677355489
FRS2	FRS2	0.856901041398896	1189.0	0.0467718831063296	0.0467718831063296	4.4508938772975e-05	5191.0	29.232848935451166	0.08	0.45903714556059716	0.49532007079338014	25	-0.8323209309768543
SLIT1	SLIT1	0.9036534551980341	1188.0	0.0467439088996366	-0.0467439088996366	2.034525278151489e-09	15731.0	88.5997521685254	0.7083333333333334	1.9388561301451388	2.004233739259274	24	-0.9440576636259952
HMGN4	HMGN4	0.6830692685065171	1187.0	0.04673529728772701	-0.04673529728772701	0.000820498645365937	2150.0	12.104314520671396	0.08	0.41406905979021114	0.4839887787972198	25	-0.7589716509861245
PTPN4	PTPN4	0.8145693997670009	1186.0	0.0465775568076263	-0.0465775568076263	0.004249798159072371	2468.0	13.895460177988058	0.08	0.5282139279028858	0.8245899869806909	25	-0.5840919471491688
SNW1	SNW1	0.729879922356523	1185.0	0.0465760255371456	0.0465760255371456	6.31135214743964e-05	7429.0	41.838458938830684	0.08	0.48621691806166467	0.48558869683133443	25	-0.9053771131687298
IFI35	IFI35	0.834707103122643	1184.0	0.0465365907806025	-0.0465365907806025	8.54747602097767e-07	9141.0	51.48135631407006	0.16	0.712570094506937	0.8653198696961325	25	-0.7696963019700682
KIAA1549	KIAA1549	0.9154540202777339	1183.0	0.0465250427353696	0.0465250427353696	0.0354396256237451	3745.0	21.088205474822576	0.04	0.4284459386381808	0.5012073918268652	25	-0.76200172250201
ACADM	ACADM	0.8410748342061719	1182.0	0.0465215042331416	0.0465215042331416	1.23575001891683e-06	8749.0	49.2734031767489	0.2	0.7220437766294024	0.829112941211602	25	-0.8147530195453282
SPTLC1	SPTLC1	0.7242475345522371	1181.0	0.0464941753237079	0.0464941753237079	0.00106232311763461	2044.0	11.50726596823251	0.04	0.41744528702450784	0.38060126926230786	25	-0.9746449674741964
CIITA	CIITA	0.884991711964273	1180.0	0.0464516370255822	-0.0464516370255822	0.000193801305989215	6131.0	34.527430438211105	0.08	0.6791360076607248	0.9767974522188956	25	-0.647712961574516
SUN1	SUN1	0.679385275174474	1179.0	0.0463620830234113	0.0463620830234113	8.997231441337809e-05	1018.0	5.728286583305171	0.04	0.3249861066256025	0.37664444561753785	25	-0.7397534381407522
CUTC	CUTC	0.631544135302118	1178.0	0.046326825825532006	0.046326825825532006	0.000431868200805873	3845.0	21.651458826180015	0.04	0.39823860567349345	0.49076993936018093	25	-0.7170605850609972
GCNT2	GCNT2	0.7480892875029258	1177.0	0.0463066910386026	0.0463066910386026	3.02904496792734e-06	10002.0	56.330967669257625	0.2	0.8546609219712706	0.9030858952403429	25	-0.89510226567932
JAKMIP2.AS1	JAKMIP2.AS1	0.9447023776745309	1176.0	0.0462975837021528	0.0462975837021528	2.3087834581815903e-09	15646.0	88.12098681987158	0.625	1.8484343900618583	1.6340594922941256	24	-1.102858748324768
IPO13	IPO13	0.8260703122027859	1175.0	0.0462652943225611	0.0462652943225611	0.0006257771967864191	3035.0	17.08910668018475	0.04	0.32041116826946714	0.29550164905574766	25	-0.9277304367773164
ALG2	ALG2	0.808728047426548	1174.0	0.046258180790699	0.046258180790699	1.34740959137821e-07	5081.0	28.61327024895798	0.08	0.44491580139455245	0.45086518952770366	25	-0.8842058111016746
PRSS54	PRSS54	0.9307019730607191	1173.0	0.0461706229274475	-0.0461706229274475	0.021812122548500002	3964.0	22.32173031429537	0.08	0.42945039299886184	0.3856979977508336	25	-0.9937302560720539
UBALD2	UBALD2	0.85597834148158	1172.0	0.0460500843312576	0.0460500843312576	0.00989587736877187	1605.0	9.034583755773346	0.16	0.49987015944365076	0.42922877846845753	25	-1.0572918170391101
STRAP	STRAP	0.673840816465254	1171.0	0.046008146475245	0.046008146475245	3.16409202013968e-06	5224.0	29.41872254139912	0.12	0.5353088316677755	0.5805440578432212	25	-0.8428312693619348
ARNTL	ARNTL	0.9126507561068101	1170.0	0.0459650311854056	0.0459650311854056	0.0108193369565043	423.0	2.376929142728399	0.08	0.3547768829084421	0.5867397898082557	25	-0.526318236954673
KIZ	KIZ	0.730026990431641	1169.0	0.04593785973734	0.04593785973734	0.000915414182576594	999.0	5.621268446547257	0.04	0.3477666819306631	0.5027104383303205	25	-0.6004029341340188
SAMD1	SAMD1	0.7353435225711299	1168.0	0.0459196930502832	0.0459196930502832	5.4366997193764506e-08	6543.0	36.84803424580376	0.08	0.5799269446622087	0.5939354039269878	25	-0.8990998820430155
TEX22	TEX22	0.765430766958366	1167.0	0.0458949043838399	-0.0458949043838399	1.32006566821492e-06	9986.0	56.24084713304044	0.36	0.9727798860284913	1.1542044203397488	25	-0.8030509720035691
AKT2	AKT2	0.6856510418789681	1166.0	0.045793532032064	0.045793532032064	1.30689629183598e-07	8734.0	49.188915174045285	0.28	0.6956812475718124	0.5816183793323814	25	-1.1173782305258835
PHTF1	PHTF1	0.7846120167709809	1165.0	0.0457870227545194	0.0457870227545194	0.0197552249146851	975.0	5.486087642221471	0.08	0.453606896549909	0.8311604602598996	25	-0.49066322725201145
TMEM185A	TMEM185A	0.757591318289739	1164.0	0.0457217157388507	0.0457217157388507	0.0037492569949784896	188.0	1.0532837670384136	0.08	0.3352128144112417	0.46921058232508833	25	-0.6169747861138811
NSMCE4A	NSMCE4A	0.6856510418789681	1163.0	0.0457148674173862	-0.0457148674173862	0.00020025387427028102	2494.0	14.041906049340993	0.08	0.3883284428515742	0.4567963345692084	25	-0.750035736948934
ATG2B	ATG2B	0.638437358221287	1162.0	0.0457094811371829	0.0457094811371829	0.019069792534376	2121.0	11.940971048777739	0.12	0.3847771890747919	0.4602943160772148	25	-0.7366324025620382
NCAM2	NCAM2	0.9251853250930971	1161.0	0.0456678549347816	-0.0456678549347816	0.014275867584385626	9677.0	54.50039427734595	0.3333333333333333	1.1307998038877822	1.5532135394062108	24	-0.6986366790028392
BBS10	BBS10	0.8253967233980679	1160.0	0.0456542067855069	0.0456542067855069	0.000201909291653706	3473.0	19.556156359130338	0.08	0.47833471185408405	0.5720159276708771	25	-0.7564133866522859
RANGAP1	RANGAP1	0.870492421030213	1159.0	0.0456028742939993	-0.0456028742939993	2.7509019032087605e-07	7663.0	43.15647178100709	0.08	0.4586990347666155	0.2849856573982573	25	-1.4495331598225978
RELL2	RELL2	0.8878760965450729	1158.0	0.0455386662143741	-0.0455386662143741	2.72553974911975e-07	5959.0	33.558634673876305	0.32	0.7681800058535769	0.8430873110903684	25	-0.8571370131340345
PPP4R2	PPP4R2	0.831763720797337	1157.0	0.0454797721782594	0.0454797721782594	0.0037311614291777604	4237.0	23.859411963501184	0.08	0.4407602188797765	0.540774894740596	25	-0.7309519183414181
LRRC28	LRRC28	0.82156057771888	1156.0	0.0454014626411051	-0.0454014626411051	0.000324652352177777	2002.0	11.270699560662385	0.04	0.34354970838519294	0.3930405893697833	25	-0.7585685901350555
ADAMTS13	ADAMTS13	0.8175112126502231	1155.0	0.0452770929118806	-0.0452770929118806	9.199850129889016e-06	10025.0	56.46051594006984	0.16666666666666666	0.758392211087644	0.7553366401016562	24	-0.944102378086398
CAPRIN2	CAPRIN2	0.729632570283995	1154.0	0.0452616579184338	-0.0452616579184338	0.00394545398724648	1457.0	8.200968795764334	0.08	0.4058174669212486	0.5473428021519029	25	-0.6587385594279734
CFAP69	CFAP69	0.8826287254337389	1153.0	0.0451966242808107	-0.0451966242808107	8.228034521032929e-09	13010.0	73.27362847808944	0.36	1.1989191893135953	1.1758255973098974	25	-0.9812021167699692
NUP50	NUP50	0.808228238774698	1152.0	0.0451131524833105	-0.0451131524833105	0.000289065639208329	4214.0	23.729863692688973	0.08	0.5166570132771271	0.6555922456989631	25	-0.7192639386560737
CIR1	CIR1	0.738611630402935	1151.0	0.0451073951949174	-0.0451073951949174	5.02872629592473e-06	6117.0	34.44857496902106	0.04	0.46329988694544816	0.39561993587206995	25	-1.0570561638374059
IL1RAP	IL1RAP	0.864410470608284	1150.0	0.0450800131011309	0.0450800131011309	0.004609000000976425	8209.0	46.231835079418715	0.08333333333333333	0.5145181080038783	0.36108952103817793	24	-1.3000601445122353
FOCAD	FOCAD	0.7575502233764531	1149.0	0.0450301944369314	-0.0450301944369314	0.00281403015093624	2299.0	12.943562014193983	0.08	0.3566331070851318	0.40369833029876095	25	-0.7718706996325587
CYCS	CYCS	0.783199931812064	1148.0	0.0449068921447681	-0.0449068921447681	5.493169761184689e-07	9452.0	53.2330742367917	0.2	0.7562083634895082	0.6794219879482053	25	-1.0469214773175182
CHST2	CHST2	0.841456204763755	1147.0	0.044889885001662	-0.044889885001662	7.8976093226811e-05	11186.0	62.999887349329725	0.32	0.8164705058965501	0.8014666542582878	25	-0.9627108212118226
NSFL1C	NSFL1C	0.642814638506192	1146.0	0.0448849043124065	-0.0448849043124065	0.000370952124025586	1712.0	9.637264841725807	0.08	0.30290163784558516	0.370043759953205	25	-0.6972600580153195
REEP4	REEP4	0.7278687160711039	1145.0	0.0448700788286872	0.0448700788286872	1.0213676946842e-05	6212.0	34.98366565281063	0.08	0.5215882645089285	0.5297759959904068	25	-0.8998485950444491
ADAT2	ADAT2	0.7626650395572031	1144.0	0.0448595893454831	-0.0448595893454831	3.5504545875208504e-05	8700.0	48.997409034583754	0.04	0.571405867403828	0.6528552642887557	25	-0.8065283484111653
TOP2B	TOP2B	0.716155372457007	1143.0	0.0448057197245013	0.0448057197245013	0.0146370004533089	630.0	3.542863580038301	0.08	0.3904783719404905	0.6462107999962952	25	-0.5349224312220888
AQP4.AS1	AQP4.AS1	0.947409008849563	1142.0	0.0447839596678134	0.0447839596678134	0.00036738085257341003	13941.0	78.51751717922721	0.5	1.5473098110827455	1.371319483866141	24	-1.0956789202607131
IQCE	IQCE	0.82366498897083	1141.0	0.0447749133064321	-0.0447749133064321	0.0111131662124357	3331.0	18.756336600202772	0.08	0.40123819568701974	0.447950428609083	25	-0.7957650213382556
SMG5	SMG5	0.7919286681850449	1140.0	0.0446971747484868	0.0446971747484868	0.00230630199186006	1636.0	9.209192294694153	0.04	0.3107688362576355	0.3546045355145679	25	-0.7503334979149413
FPR3	FPR3	0.913481950815213	1139.0	0.0446425559793592	0.0446425559793592	0.0026757713854438196	13386.0	75.39146107919342	0.5	1.724223827436873	2.3766548485403978	24	-0.7066997012582682
MDGA2	MDGA2	0.9773391414065591	1138.0	0.0445819475107015	0.0445819475107015	0.0005262137374653665	9515.0	53.58792384814689	0.375	1.4795957181323427	1.9068341356444751	24	-0.7525634997805579
DICER1	DICER1	0.8186093964684891	1137.0	0.0445500962697466	0.0445500962697466	0.0123215508136458	1585.0	8.921933085501857	0.04	0.3566069556256689	0.30602265370090714	25	-1.0197181665541426
ZNF451	ZNF451	0.730757356555752	1136.0	0.0444162871635673	0.0444162871635673	9.59085121338218e-06	7598.0	42.79035710262475	0.04	0.49262502175195044	0.4404835979371476	25	-1.0175378531400796
DTNBP1	DTNBP1	0.69376917122903	1135.0	0.0444005927112216	-0.0444005927112216	0.0353279043541148	7.0	0.03379520108144643	0.04	0.26179940276458497	0.45600497960582337	25	-0.47674657027053896
CBLB	CBLB	0.8386246914859691	1134.0	0.0443622923706576	0.0443622923706576	0.00293839288940441	5194.0	29.24974653599189	0.12	0.49894026970264876	0.5468796946271056	25	-0.8312211658213949
RAVER1	RAVER1	0.815996207368847	1133.0	0.0442827082148377	-0.0442827082148377	4.8436865661897605e-11	11515.0	64.8529908752957	0.12	0.7246303626227756	0.41835374614463505	25	-1.6262497005888532
TIAM1	TIAM1	0.795352061045929	1132.0	0.0442473464955145	-0.0442473464955145	0.000261109353970343	4766.0	26.839022192182043	0.08333333333333333	0.48471115512889923	0.5004686037718726	24	-0.8801027783036721
KIAA0100	KIAA0100	0.8593620032183521	1131.0	0.0442447361047591	0.0442447361047591	0.0030050277693474898	2909.0	16.37940745747437	0.12	0.5459899115798592	0.7844461236847582	25	-0.639617126435995
CHCHD7	CHCHD7	0.8669098549708101	1130.0	0.0442360206776286	-0.0442360206776286	2.57625779093133e-08	9723.0	54.75949081897037	0.12	0.5396535638539609	0.3247221746447066	25	-1.5256658825914533
PNKP	PNKP	0.799720554190119	1129.0	0.0442197240304671	-0.0442197240304671	2.88442448759965e-05	6259.0	35.24839472794863	0.12	0.6071993941849706	0.7785040898087512	25	-0.7231557001746852
ZNF114	ZNF114	0.9056467753343042	1128.0	0.0441871695454605	0.0441871695454605	0.00228788968786403	9609.0	54.117381998422886	0.25	0.7560218168198597	0.7083669344109276	24	-1.0048953624103802
PDE3A	PDE3A	0.898193045153213	1127.0	0.0441438373176197	-0.0441438373176197	2.88225121603429e-05	12050.0	67.866396305058	0.375	1.3052323405049242	1.6951967548034146	24	-0.743918662900902
RHBDF2	RHBDF2	0.8915746610748659	1126.0	0.0440671271308252	-0.0440671271308252	0.00464163474411919	4404.0	24.800045060268108	0.08	0.5177419766239992	0.5553331385369497	25	-0.8529562106469855
CFDP1	CFDP1	0.8696919200026949	1125.0	0.0440315982155705	0.0440315982155705	0.0006045396960092929	3450.0	19.426608088318126	0.08	0.4501143647269909	0.7625101716564094	25	-0.5325604583467815
PIAS2	PIAS2	0.807262650746332	1124.0	0.0440260391328113	0.0440260391328113	0.0001819141680489	8709.0	49.04810183620592	0.08	0.4827614561831099	0.36103656030862785	25	-1.2152104946802362
TNRC18	TNRC18	0.826475884134527	1123.0	0.0440119580448269	-0.0440119580448269	5.54076469333898e-09	12744.0	71.77537456347865	0.44	1.1041314810619276	1.154829734773024	25	-0.9179877267582324
LIFR.AS1	LIFR.AS1	0.9237373249375941	1122.0	0.0439595465367665	-0.0439595465367665	0.23702067036000452	1559.0	8.775487214148923	0.08333333333333333	0.4703849200500612	0.670475580644022	24	-0.6360043315875784
MEF2C	MEF2C	0.8451641042221729	1121.0	0.043917536885439	0.043917536885439	5.497293221739048e-06	11222.0	63.2026585558184	0.3333333333333333	1.31206904225654	1.6869183749558163	24	-0.7517562937236465
SLC25A33	SLC25A33	0.8911815152171421	1120.0	0.0439045865846268	0.0439045865846268	0.0004968685005948389	1854.0	10.437084600653373	0.12	0.41154845488901315	0.528416576126475	25	-0.6957462822218352
UBE2N	UBE2N	0.791036516178633	1119.0	0.0438436309962407	0.0438436309962407	0.00163740611945032	4512.0	25.408358679734146	0.12	0.5117325730896161	0.7389809248808346	25	-0.6331542890215001
PGLS	PGLS	0.827636211882372	1118.0	0.0438422720507002	0.0438422720507002	0.00851787703192448	2966.0	16.700461867748114	0.08	0.49433746818376795	0.873317486087186	25	-0.515843554388757
C9orf43	C9orf43	0.83290625277573	1117.0	0.0437480529703059	0.0437480529703059	0.0023202601288045102	1277.0	7.1871127633209415	0.12	0.512593017863949	0.9764807896962971	25	-0.48013741779749924
BCAT2	BCAT2	0.897102276314836	1116.0	0.0437407784972446	0.0437407784972446	0.0001726639742769	2445.0	13.765911907175846	0.12	0.38703078303504596	0.38535610827807465	25	-0.8908383626556706
ATP6V1F	ATP6V1F	0.8220999304684641	1115.0	0.043732139713276996	-0.043732139713276996	0.00205654806605946	3652.0	20.564379858060157	0.16	0.45656690338976125	0.6272944185504168	25	-0.6581196189031674
NBEAL1	NBEAL1	0.724015069158821	1114.0	0.043689750043208006	0.043689750043208006	3.4499779040587394e-09	8445.0	47.56111298862228	0.08	0.5157344345856795	0.4001726564558521	25	-1.1796025463687534
ZBTB14	ZBTB14	0.783878389771397	1113.0	0.0435773993355089	0.0435773993355089	0.000475176532022809	4334.0	24.4057677143179	0.08	0.4131096026356452	0.3998281700465964	25	-0.9242275331852446
B4GALT1	B4GALT1	0.85275136521336	1112.0	0.0435734170630136	0.0435734170630136	4.12763295306175e-06	8152.0	45.91078066914498	0.08	0.5235589244775125	0.46324377591588867	25	-1.0361402189711235
HECTD2	HECTD2	0.85759373779661	1111.0	0.0435248637059455	0.0435248637059455	0.000171267217443087	5352.0	30.139686831136647	0.08	0.5775424990856578	0.6957295876348022	25	-0.7675649345245689
GLMN	GLMN	0.815801148862104	1110.0	0.0432611253315978	0.0432611253315978	7.0682516362777294e-06	10084.0	56.79283541737073	0.08	0.6163148635053425	0.6549242893649826	25	-0.8749923425948671
ZNF326	ZNF326	0.8586779854567391	1109.0	0.0432551453627959	-0.0432551453627959	0.00477378983197129	5066.0	28.528782246254366	0.04	0.39788958896228294	0.3227593588152519	25	-1.0987580496542022
CHD3	CHD3	0.792964042649277	1108.0	0.0432521409257674	-0.0432521409257674	1.32735323408102e-05	8313.0	46.817618564830454	0.24	0.8636243452680251	1.2883618700968649	25	-0.6367560414377821
RPL28	RPL28	0.8668372841056071	1107.0	0.0432076220717672	0.0432076220717672	0.0626431379315801	452.0	2.5402726146220567	0.12	0.4250280579022986	0.6509402487663465	25	-0.5865675636959806
SLC7A6	SLC7A6	0.8608742896402081	1106.0	0.0431869411482509	0.0431869411482509	0.000172114899470048	1333.0	7.502534640081109	0.08	0.43137561010999176	0.630139176936137	25	-0.6160363982591782
MTA1	MTA1	0.693947438621928	1105.0	0.0431745038732473	-0.0431745038732473	2.3015203493616898e-09	10287.0	57.93623972062633	0.4	1.1711637304746578	1.6501444895327442	25	-0.6835699744819391
C9orf85	C9orf85	0.83688014234227	1104.0	0.0431738340890739	0.0431738340890739	9.12587210382651e-05	10669.0	60.087867522811756	0.3333333333333333	1.7371880807134807	2.3836769130107984	24	-0.710672758282797
SLC35A5	SLC35A5	0.7751120759743759	1103.0	0.0430730148574228	-0.0430730148574228	3.99740509602629e-06	4442.0	25.014081333783935	0.12	0.5162440116307645	0.578649243658124	25	-0.8177164352311835
THOC5	THOC5	0.7493146852350869	1102.0	0.0429957226624687	0.0429957226624687	0.000187316393819549	1145.0	6.44361833952912	0.12	0.40093801872786244	0.5545300362918693	25	-0.6454876609731484
SLAIN2	SLAIN2	0.7558565748694581	1101.0	0.0429282981004394	-0.0429282981004394	2.3494526762317497e-05	8195.0	46.15297961022868	0.12	0.4982592653443419	0.48383087289513005	25	-0.9410953139871153
ZNF749	ZNF749	0.8369964903641851	1100.0	0.0428945716234075	0.0428945716234075	0.009108572743335359	1602.0	9.017686155232623	0.08	0.3450272539382844	0.35858115903373644	25	-0.842578241224468
EPHA1.AS1	EPHA1.AS1	0.9324077689944079	1099.0	0.0428880044683483	0.0428880044683483	0.0189698042189144	6337.0	35.68773234200743	0.20833333333333334	0.6631225551245501	0.8440299949547388	24	-0.7348489441888401
UBR4	UBR4	0.8322598532722301	1098.0	0.0428466263537464	0.0428466263537464	0.0025718440328842897	2038.0	11.473470767151063	0.08	0.32862485827974663	0.3021207416601694	25	-0.9459073559651475
HNRNPUL1	HNRNPUL1	0.759248392219965	1097.0	0.0427840956469973	0.0427840956469973	1.9719783925395302e-06	9292.0	52.3318688746198	0.2	0.5970766045304291	0.4268447261890521	25	-1.2985811347190743
ZNF501	ZNF501	0.8959202881553309	1096.0	0.0427763195512985	-0.0427763195512985	0.026811851887674997	3646.0	20.53058465697871	0.12	0.7182071771439814	1.270379147588581	25	-0.531676593460132
RIOK3	RIOK3	0.775009675297315	1095.0	0.0426988004824341	0.0426988004824341	3.77969507450684e-07	7656.0	43.11704404641207	0.16	0.6735223168919987	0.649923232148202	25	-0.9706123511302914
NOLC1	NOLC1	0.845627630860037	1094.0	0.0426719580196033	-0.0426719580196033	0.000460174027222028	1477.0	8.313619466035822	0.08	0.4019832013026769	0.48916918172382423	25	-0.7345336883588346
RAB33A	RAB33A	0.9297983075799	1093.0	0.0426386000341173	0.0426386000341173	0.0006279725566557636	12657.0	71.28534414779767	0.4583333333333333	1.3473087045872925	1.7886870637038514	24	-0.7294009841227242
IFIT5	IFIT5	0.830906149877141	1092.0	0.0426092419639045	-0.0426092419639045	2.94009722086972e-07	9214.0	51.89253126056099	0.16	0.7344638923104797	0.7241043576933378	25	-0.955462624959895
CABP1	CABP1	0.9383289044018209	1091.0	0.0424530663583559	0.0424530663583559	2.45760388116378e-08	17693.0	99.65078292215838	0.782608695652174	4.25538862346168	2.704320353378419	23	-1.557853732765144
DNAJC5	DNAJC5	0.7548489027672242	1090.0	0.0424486263639244	-0.0424486263639244	0.143685695424551	1462.0	8.229131463332205	0.04	0.297997632995394	0.35264750975716364	25	-0.7246584749951674
OBSL1	OBSL1	0.807264411044067	1089.0	0.0424441282079426	-0.0424441282079426	3.91535358784798e-05	11043.0	62.19443505688859	0.16	0.6992270294535662	0.5995733901149785	25	-1.0954170282968598
TMEM39B	TMEM39B	0.8341281182246829	1088.0	0.0424195954256487	-0.0424195954256487	0.014195992262722999	157.0	0.8786752281176072	0.08	0.3403616691776966	0.40046543282985875	25	-0.7439894915440335
RASL11A	RASL11A	0.923927876969215	1087.0	0.0424082934195941	0.0424082934195941	0.004568060481008905	6040.0	34.014869888475836	0.16666666666666666	0.7182312003393748	1.1894422972711072	24	-0.5681846933393035
TUBA4A	TUBA4A	0.87974837530883	1086.0	0.0423881666228676	0.0423881666228676	0.00661558227703795	6342.0	35.715895009575306	0.12	0.7109515925522168	1.2454372815377424	25	-0.5368101917616225
GMPPB	GMPPB	0.8354558215153051	1085.0	0.0423122545948805	-0.0423122545948805	0.00213790634552142	1129.0	6.35349780331193	0.08	0.3791367370031373	0.5388860000886396	25	-0.6250384726136021
LARP7	LARP7	0.807264411044067	1084.0	0.0422731421390622	0.0422731421390622	0.00027135712730460497	6610.0	37.225413991213244	0.04	0.4116465685032064	0.24094870848326236	25	-1.5329960832299
DNAL1	DNAL1	0.859852005023022	1083.0	0.0422526118619478	-0.0422526118619478	4.04959631896065e-08	9750.0	54.91156922383688	0.12	0.6030754152349914	0.42826139176091593	25	-1.3095338831900407
SEC22A	SEC22A	0.800502764922567	1082.0	0.0421438087944174	-0.0421438087944174	1.059820477523249e-08	15396.0	86.71285344147798	0.7916666666666666	1.5923063501678019	1.0422505938436466	24	-1.487322291327888
FITM2	FITM2	0.8356100780434692	1081.0	0.0420122544546814	-0.0420122544546814	0.105903296931806	339.0	1.9037963275881489	0.12	0.4887711128259552	1.0010497535466516	25	-0.4462903634793749
SPG11	SPG11	0.619604917823347	1080.0	0.0419506556814288	0.0419506556814288	0.00065286841516664	3495.0	19.680072096428976	0.08	0.4408990153541427	0.47946053483894185	25	-0.8320775761173478
TMUB2	TMUB2	0.656261602689682	1079.0	0.0419125101521941	-0.0419125101521941	0.0212955603353696	207.0	1.1603019037963274	0.08	0.3290443551170762	0.47619419887365283	25	-0.602972160610184
BRD9	BRD9	0.7762260959161771	1078.0	0.0418207467990794	0.0418207467990794	1.72246602201219e-07	2810.0	15.821786639630504	0.12	0.4555219577816236	0.5888806609118814	25	-0.7025213060009953
ZFYVE27	ZFYVE27	0.7007887646436051	1077.0	0.0417763819157577	-0.0417763819157577	0.00506922882950452	683.0	3.8413878562577444	0.04	0.29955383285348686	0.37982479463385393	25	-0.678674627300788
AP3M2	AP3M2	0.7728062143384871	1076.0	0.0416875112088038	-0.0416875112088038	0.00012373879747933	5832.0	32.84330291765236	0.04	0.4592361577621489	0.5534384115280002	25	-0.7544627150120027
SLC35F1	SLC35F1	0.9462479517289929	1075.0	0.0415567878774501	0.0415567878774501	0.00025199281383033687	15491.0	87.24794412526754	0.625	1.7569758462896152	1.83640634079717	24	-0.9341173684183179
ZNF513	ZNF513	0.6901715171205001	1074.0	0.0415296022418616	0.0415296022418616	0.0172442868602455	2260.0	12.723893207164581	0.12	0.4027449424445437	0.5036449259497104	25	-0.7172023812640373
PCNX3	PCNX3	0.765430766958366	1073.0	0.0415087090891533	0.0415087090891533	1.10839088010932e-05	9592.0	54.021628928692124	0.28	0.8344921986716713	0.7726043805818311	25	-1.0263771595306512
GPX4	GPX4	0.7838283873216879	1072.0	0.0414433435290611	-0.0414433435290611	0.00110637457809175	5150.0	29.001915061394616	0.04	0.40195673898725554	0.4215710750959208	25	-0.8551663450253701
CBLL1	CBLL1	0.7236716254487879	1071.0	0.0413111456808616	-0.0413111456808616	0.0181833622045262	739.0	4.156809733017911	0.04	0.37532855965390943	0.7504611371520212	25	-0.445082892953837
FNTA	FNTA	0.7817493720284558	1070.0	0.0413016220708485	-0.0413016220708485	0.000538703578503334	5519.0	31.08031992790357	0.04	0.33631184987652474	0.2669117237948146	25	-1.1052726482425406
RPUSD3	RPUSD3	0.780592069820254	1069.0	0.041278924409530994	0.041278924409530994	0.0115365336795262	1777.0	10.003379520108144	0.08	0.479606163101082	0.8294559255470848	25	-0.5284515128425217
DCK	DCK	0.8481016858392321	1068.0	0.0412373072488996	-0.0412373072488996	0.0009183745874186539	4695.0	26.43911231271826	0.04	0.48581433860119316	0.7511384977899275	25	-0.5918709168287489
NEK4	NEK4	0.6578830168826589	1067.0	0.0411860188103899	-0.0411860188103899	0.00021383986360063	6673.0	37.58026360256843	0.12	0.5308330161181423	0.587800775250916	25	-0.8330152288396276
VPS16	VPS16	0.783200559401765	1066.0	0.0411701013104843	-0.0411701013104843	0.025767785675749	24.0	0.12954827081221132	0.08	0.2939909549712649	0.3802176888877433	25	-0.664937116419705
BAHCC1	BAHCC1	0.8540657195386779	1065.0	0.0411465074558942	0.0411465074558942	1.1718342894543302e-11	13219.0	74.45082798242649	0.4	1.1959226893243686	1.2920285714301871	25	-0.8937698495244701
SOCS7	SOCS7	0.856646438964365	1064.0	0.0411430973342911	-0.0411430973342911	0.000700358217319667	2031.0	11.434043032556042	0.08	0.3771524489229604	0.5570236262388587	25	-0.6032228001843933
USP38	USP38	0.8141621687762449	1063.0	0.0410106875574553	0.0410106875574553	1.09455535019707e-06	7250.0	40.83023543990086	0.16	0.5114598791956416	0.44582826342984416	25	-1.0552251398754502
ADAM22	ADAM22	0.9053758318274491	1062.0	0.0409911077534529	0.0409911077534529	0.0154982769367947	5756.0	32.415230370620705	0.16	0.7098651761326805	1.0947614656013747	25	-0.6109769930674364
POFUT2	POFUT2	0.835690531946432	1061.0	0.0409721614655197	-0.0409721614655197	3.17366373203233e-06	5926.0	33.37276106792835	0.08	0.5645933606575049	0.514667062298215	25	-1.017397921005059
DDX1	DDX1	0.7735973090153109	1060.0	0.0409531302305837	0.0409531302305837	0.00146474420714211	3206.0	18.052269911005972	0.12	0.5040384258381972	0.716391519024371	25	-0.6464137043920808
ADAP1	ADAP1	0.901906971108547	1059.0	0.0408884599272161	-0.0408884599272161	0.000630705608652231	11087.0	62.442266531485856	0.2	0.8153700327196282	0.9878414359346426	25	-0.7840140579440658
KANSL2	KANSL2	0.7036318664141099	1058.0	0.0408736474529487	-0.0408736474529487	6.28402400143404e-05	4314.0	24.29311704404641	0.12	0.4583480553438898	0.522469530250658	25	-0.7990406783925852
PTPN13	PTPN13	0.9127379286238109	1057.0	0.0408428319221276	-0.0408428319221276	0.00140897331374198	4752.0	26.760166722992	0.12	0.9355205491045606	1.858539374133089	25	-0.4813875506940784
MTFR1L	MTFR1L	0.7969668960800509	1056.0	0.0408260327109288	0.0408260327109288	1.06220952367644e-05	2023.0	11.388982764447448	0.12	0.40139764591011073	0.47958285734220457	25	-0.7518442489738482
MUS81	MUS81	0.773615862689898	1055.0	0.0408236752900222	-0.0408236752900222	1.1446896299636698e-05	5018.0	28.258420637602793	0.16	0.5166759867583114	0.5633124446782986	25	-0.8447395685356164
CRP	CRP	0.976993917265818	1054.0	0.04082295528589	-0.04082295528589	0.0193828385873216	16705.0	94.08583981074686	0.5909090909090909	3.272201323596173	3.203999995473086	22	-1.0085450601984645
DHODH	DHODH	0.846037095766644	1053.0	0.0407471549063271	0.0407471549063271	0.0118816209166516	1082.0	6.088768728173933	0.04	0.43949021244349207	0.9464512071131027	25	-0.42130334299369165
WASHC3	WASHC3	0.8026975094932809	1052.0	0.040691043403621	-0.040691043403621	2.81819833449424e-09	9494.0	53.46964064436183	0.16	0.646774509590448	0.6803168423038016	25	-0.8908841123709459
RBM42	RBM42	0.8910050721084	1051.0	0.0406485778541434	0.0406485778541434	2.3782996743874503e-07	6826.0	38.442041230145314	0.12	0.6060877457953248	0.6577117302229971	25	-0.8597066799302321
BMP7	BMP7	0.9464893409572929	1050.0	0.0405865137911056	0.0405865137911056	0.0002615026561591004	13274.0	74.76061732567308	0.4166666666666667	1.1158617269344695	1.184732128915778	24	-0.907610409896974
ARPIN	ARPIN	0.8102797756409208	1049.0	0.0405437300752656	0.0405437300752656	0.00171209811375521	5715.0	32.18429649656415	0.12	0.6524752009351495	0.9449060767711281	25	-0.6476108958373266
EEF1B2	EEF1B2	0.843546718612747	1048.0	0.0404772252659017	0.0404772252659017	6.2802601375855695e-06	7023.0	39.551650332319475	0.12	0.5111682524166096	0.41698145251501556	25	-1.1288056682419423
GGA1	GGA1	0.7944396617011379	1047.0	0.0404592499178405	0.0404592499178405	6.240047341878221e-06	3945.0	22.214712177537457	0.12	0.4220490679971147	0.36600881918799705	25	-1.0425700094490733
INSL6	INSL6	0.9743655044163578	1046.0	0.0404253624604885	0.0404253624604885	0.0163052697327972	13270.0	74.73808719161879	0.375	1.1417896949066624	1.0934739671679432	24	-1.0072158693440745
WRNIP1	WRNIP1	0.689367521692549	1045.0	0.0404206638979025	0.0404206638979025	0.0014925446872425	1607.0	9.045848822800496	0.08	0.3586242912255798	0.5114064597750908	25	-0.6222127649064478
ATP10D	ATP10D	0.8029743946173079	1044.0	0.0404180983763361	-0.0404180983763361	0.00347123414016276	3250.0	18.300101385603245	0.08	0.44888138477736683	0.556245953182826	25	-0.7343213628140819
GABPA	GABPA	0.8394106309799421	1043.0	0.0404023029601574	0.0404023029601574	0.00956720790425909	2800.0	15.76546130449476	0.12	0.4719780199881774	0.6076160685226186	25	-0.7102769979032484
ZXDB	ZXDB	0.8457038136825781	1042.0	0.0403950175424272	-0.0403950175424272	0.000147525134964281	4931.0	27.76839022192182	0.12	0.705312369462357	1.283054969440379	25	-0.518229824720559
RPL18A	RPL18A	0.8640040571848729	1041.0	0.0403893619780127	-0.0403893619780127	0.0024047807151424396	8550.0	48.15252900754759	0.2	0.754069312378889	0.8387828326512621	25	-0.8508518803908337
RABGAP1	RABGAP1	0.7802044865586371	1040.0	0.0403807482998432	-0.0403807482998432	0.000569479979444393	2233.0	12.571814802298073	0.12	0.41246976393218465	0.4073313310138659	25	-0.9134799788324537
SLC16A4	SLC16A4	0.8915829289866729	1039.0	0.0403225276738398	0.0403225276738398	1.8869684486953088e-05	10652.0	59.992114453080994	0.041666666666666664	0.5764993597501412	0.32223936823547267	24	-1.6639085255545076
DNAJC8	DNAJC8	0.7713563070228701	1038.0	0.0402218370319539	-0.0402218370319539	0.0054930530737066895	2426.0	13.658893770417933	0.12	0.514914789386795	0.7531703467187372	25	-0.6302597472442841
NUPR1	NUPR1	0.9125643488111229	1037.0	0.0402206620650647	-0.0402206620650647	0.000244717091098513	8182.0	46.07975667455221	0.3333333333333333	0.9292028085641312	1.0783205468796175	24	-0.8244136208584287
EIF2AK4	EIF2AK4	0.6840240776077929	1036.0	0.0400656561128104	0.0400656561128104	0.0476698531890345	411.0	2.309338740565506	0.08	0.2873164248190889	0.29985246116750414	25	-0.8245747516748206
ALCAM	ALCAM	0.914620102624747	1035.0	0.0399805996681215	-0.0399805996681215	9.68734911870408e-10	13240.0	74.56911118621156	0.36	1.1717109116936637	1.2002718871769793	25	-0.9428949591474263
CREB1	CREB1	0.8254402984389729	1034.0	0.0399584063922477	0.0399584063922477	1.0664113098103199e-05	5327.0	29.998873493297285	0.08	0.43557181025218694	0.3999827059777132	25	-0.9890762724175945
RABEP1	RABEP1	0.772396189529188	1033.0	0.0399238152054552	0.0399238152054552	0.0030064933288283897	1472.0	8.28545679846795	0.08	0.4099137238980852	0.5126191358018025	25	-0.721763747882564
CAPN15	CAPN15	0.8336252786327231	1032.0	0.0398784041446165	0.0398784041446165	7.76323793953623e-10	12098.0	68.13675791370959	0.4	1.1197170333545559	0.9350562646702051	25	-1.1548381311479679
CHST9	CHST9	0.96002764020049	1031.0	0.0398732346987953	-0.0398732346987953	0.000247620281760225	12458.0	70.16446997859637	0.43478260869565216	1.4568666580655243	1.8569864012627542	23	-0.7630607431498534
SWT1	SWT1	0.8320735115438059	1030.0	0.039867167789345	0.039867167789345	0.000150398467963146	4628.0	26.061732567308777	0.04	0.4224653514625835	0.28983792547912357	25	-1.3200418235149018
PCDH1	PCDH1	0.919203986501349	1029.0	0.0398507537902088	-0.0398507537902088	0.003213486742228725	9072.0	51.09271150163343	0.16666666666666666	0.7173282467974332	0.7147782861491488	24	-0.9478148764942462
PSMA7	PSMA7	0.8356100780434692	1028.0	0.0398445646935889	0.0398445646935889	4.49753146951147e-05	4317.0	24.310014644587135	0.04	0.43207974527895376	0.49853958338422677	25	-0.7867683804017371
ANK3	ANK3	0.8621388046639671	1027.0	0.0398234520407668	-0.0398234520407668	0.00018448912846947	10961.0	61.73256730877548	0.16	0.6463768087925427	0.48662738410434175	25	-1.2464431237632938
TEPSIN	TEPSIN	0.8080237826200749	1026.0	0.0398107648993364	-0.0398107648993364	1.2885766337474e-06	8169.0	46.006533738875746	0.08	0.5776630191296752	0.42148933262929095	25	-1.2760756028513576
PCOLCE	PCOLCE	0.925846354548609	1025.0	0.0397577244157347	-0.0397577244157347	2.272294539119815e-07	13479.0	75.91528669595584	0.5	1.272141364215408	1.307296009872168	24	-0.9426967041077254
ESYT2	ESYT2	0.795131511383307	1024.0	0.0397565940412034	-0.0397565940412034	0.0013640061335231301	2048.0	11.529796102286808	0.04	0.3530724493654615	0.37830790615077836	25	-0.8282032974467707
GLIPR1	GLIPR1	0.808057457493039	1023.0	0.0396987226568211	-0.0396987226568211	0.0249402724157118	6353.0	35.77785287822462	0.08	0.4928743927118788	0.48470326861573454	25	-0.9349548463935128
PEX19	PEX19	0.776822437537698	1022.0	0.0396813945771301	-0.0396813945771301	0.000505859535440132	3293.0	18.542300326686945	0.08	0.4093517752479932	0.4804532776349959	25	-0.7694200411963983
VCPKMT	VCPKMT	0.8390607895711429	1021.0	0.0395787801873594	-0.0395787801873594	0.0010531006079747699	5537.0	31.18170553114791	0.04	0.4242515410070379	0.4311036297982025	25	-0.892297661700835
UFM1	UFM1	0.8227686173013941	1020.0	0.039472846809546	-0.039472846809546	5.9242808932706e-08	11368.0	64.02500844880026	0.12	0.6512024352904394	0.38404423124244774	25	-1.5928623286485653
PPIEL	PPIEL	0.891830208624652	1019.0	0.0394424985657609	0.0394424985657609	0.00017100176750213563	16231.0	91.4160189253126	0.5416666666666666	2.147450769086238	1.8308893354929725	24	-1.1513575559458318
EIF1AX	EIF1AX	0.861780622941608	1018.0	0.0394216436848954	0.0394216436848954	9.391662803997891e-07	8539.0	48.09057113889827	0.08	0.5610427447763818	0.5188661044541266	25	-1.0053096485079869
JADE2	JADE2	0.8468117451906441	1017.0	0.0393577747615675	-0.0393577747615675	9.5066451739489e-08	10201.0	57.45184183845893	0.12	0.8160023378213185	1.1266943084278909	25	-0.6893125821709577
SF3B1	SF3B1	0.5890814525310389	1016.0	0.0393354636409819	-0.0393354636409819	0.0007614597804403281	6380.0	35.92993128309113	0.12	0.46020066142306004	0.46115143047910184	25	-0.9126399051713462
DOCK10	DOCK10	0.914620102624747	1015.0	0.0392559008369216	-0.0392559008369216	0.043942203579483655	6191.0	34.86538244902557	0.125	0.9025683370442678	1.6049150303871926	24	-0.5379178460301841
SMIM4	SMIM4	0.7982526156445942	1014.0	0.0392374032713684	0.0392374032713684	5.7656791411025904e-05	4240.0	23.876309564041907	0.08	0.38878113454327307	0.36786765275978034	25	-0.9501888210327607
ABT1	ABT1	0.7905031277726209	1013.0	0.0392337106270996	-0.0392337106270996	0.000820279587129291	2767.0	15.579587698546804	0.08	0.4779076630247786	0.6186092331436733	25	-0.7091293322092981
MAFB	MAFB	0.92209518711447	1012.0	0.0392133733148967	-0.0392133733148967	0.01545120959879951	7803.0	43.94502647290751	0.125	0.8302693099324411	1.387970622401477	24	-0.5699370893375636
PTEN	PTEN	0.815686231622428	1011.0	0.0392100641303929	-0.0392100641303929	0.00219380635110348	5305.0	29.874957755998647	0.16	0.48012007542663865	0.4074080117513875	25	-1.082232058718821
RPS21	RPS21	0.7353435225711299	1010.0	0.0391833475558476	-0.0391833475558476	0.00021646963460213002	4137.0	23.296158612143742	0.04	0.4081009172280043	0.3620060678110486	25	-1.0190922265554831
CEMP1	CEMP1	0.8870514617557329	1009.0	0.0391134473546198	-0.0391134473546198	2.6278249911696e-06	7407.0	41.714543201532045	0.16	0.5457090039981197	0.47547464452334304	25	-1.0654523064029107
SUMO2	SUMO2	0.639097966236282	1008.0	0.039036778009728997	0.039036778009728997	1.5181761077374802e-08	9095.0	51.22225977244564	0.12	0.5699718119599094	0.47346322093973287	25	-1.121386013672566
UHRF1BP1L	UHRF1BP1L	0.8385322787228959	1007.0	0.0390182816563591	0.0390182816563591	0.012570222394651	4110.0	23.144080207277234	0.04	0.3528453367971376	0.34329219780823433	25	-0.9141689125020099
ATRNL1	ATRNL1	0.95544378378197	1006.0	0.038976670968589	-0.038976670968589	0.0001094203078999472	13316.0	74.9971837332432	0.4583333333333333	1.3530026867783256	1.2309510971614919	24	-1.0674883988810042
GCGR	GCGR	0.960595763304637	1005.0	0.0389552059341318	-0.0389552059341318	0.000301640183649075	17031.0	95.92204573617212	0.75	2.187452949781655	1.4720851372699302	24	-1.4594928577514483
ANXA7	ANXA7	0.57762352848414	1004.0	0.0387746898271154	0.0387746898271154	1.4436554891446e-05	7044.0	39.66993353610454	0.12	0.47112491130354095	0.3684886611695606	25	-1.1733067175097662
TPRKB	TPRKB	0.8331165600901229	1003.0	0.0387629891700114	0.0387629891700114	3.53463276105553e-05	8266.0	46.55288948969246	0.04	0.5010081561706545	0.39928170396562357	25	-1.1576918311299342
RNF114	RNF114	0.764843563468306	1002.0	0.0387087017719137	0.0387087017719137	5.11774352922096e-06	6230.0	35.08505125605497	0.12	0.5377053187307324	0.6223744251504163	25	-0.8017627280205488
CPNE1	CPNE1	0.796853307498823	1001.0	0.0386581952085634	-0.0386581952085634	0.004455643064916161	1076.0	6.0549735270924865	0.08	0.3209378266446386	0.40822898643057914	25	-0.6914737581577342
CSNK1G1	CSNK1G1	0.7946975881050341	1000.0	0.038603175063467	0.038603175063467	4.72759280103864e-05	7896.0	44.46885208966993	0.12	0.5124534148631057	0.4288941224965865	25	-1.1048186835514633
SLTM	SLTM	0.6362960379937621	999.0	0.0386000166148043	0.0386000166148043	1.19734028643137e-05	4369.0	24.602906387293004	0.08	0.40284476977328204	0.36521715658249243	25	-0.9973374651040112
NUP98	NUP98	0.8062827739796742	998.0	0.038569855464502	-0.038569855464502	0.00251532584649056	2097.0	11.805790244451954	0.12	0.43023337825177643	0.5562598464213168	25	-0.7041017346605755
C6orf89	C6orf89	0.7677966417825809	997.0	0.0385376743345729	0.0385376743345729	0.0162074736932578	226.0	1.267320040554241	0.04	0.3365804181140045	0.49239326990043436	25	-0.6052941053392101
KIAA2013	KIAA2013	0.8577895541272421	996.0	0.0384876957729445	-0.0384876957729445	0.00164046715903863	3324.0	18.71690886560775	0.12	0.4490946013029378	0.4532016672944258	25	-0.9060136693258005
NSUN6	NSUN6	0.813016751249373	995.0	0.0384785086634721	-0.0384785086634721	0.000447146469168756	2148.0	12.093049453644248	0.0	0.377752321558024	0.4675411988417883	25	-0.7256554368577883
LRRC40	LRRC40	0.843149160141289	994.0	0.0384573789023349	0.0384573789023349	0.000145970717697848	8078.0	45.49397318914047	0.08	0.5801657833801008	0.6356392686050013	25	-0.8522261465479002
EXOSC2	EXOSC2	0.7472293710118431	993.0	0.0383792097309935	0.0383792097309935	0.00010652744194564301	4021.0	22.64278472456911	0.08	0.4876979909206278	0.5744815211811324	25	-0.7821292149934365
PSD4	PSD4	0.881181808427644	992.0	0.0383519647990815	0.0383519647990815	0.008613779284486554	5599.0	31.530922608989524	0.20833333333333334	0.6244583661932317	0.8054675662458374	24	-0.7276598412595352
TRPA1	TRPA1	0.9532286049362869	991.0	0.0383160934303594	-0.0383160934303594	0.00017926339911049051	13456.0	75.78573842514362	0.5	1.4019828573546835	1.6722531678037291	24	-0.8154666949833379
ZNF566	ZNF566	0.8746861574258441	990.0	0.0382972517273159	0.0382972517273159	0.00022735761821993903	6218.0	35.017460853892075	0.0	0.3711721776735474	0.2079354443248199	25	-1.6008570690153299
SCN1B	SCN1B	0.8915746610748659	989.0	0.0381813686813364	-0.0381813686813364	2.2646049643174401e-10	14481.0	81.5590852765574	0.56	1.4100170464940018	1.1233331547645093	25	-1.2212188984133128
BIN1	BIN1	0.8431565361483109	988.0	0.0381642502053259	-0.0381642502053259	8.388360258662021e-13	12848.0	72.36115804889039	0.375	1.3186948798400966	1.9530388089987163	24	-0.655660616540064
FBXO15	FBXO15	0.9382819878834822	987.0	0.0381517494258449	-0.0381517494258449	0.0007992017081636685	10837.0	61.034133153092256	0.20833333333333334	0.8086538714140571	0.8617333864544295	24	-0.8941305212258457
HAUS1	HAUS1	0.7821656025720191	986.0	0.0381122041782383	-0.0381122041782383	0.00021157022103633402	6432.0	36.222823025797	0.08	0.5435687096616943	0.6133036701152351	25	-0.8241537269595738
SORCS1	SORCS1	0.95544378378197	985.0	0.0381117127698609	0.0381117127698609	4.364311995970164e-06	12870.0	72.48507378618902	0.375	1.5000591509685244	1.7376146199637936	24	-0.8413530948704413
EIF5A2	EIF5A2	0.914620102624747	984.0	0.038109681396702996	0.038109681396702996	0.00032625817217200496	8553.0	48.169426608088315	0.16	0.710823818947198	0.9829700445775329	25	-0.6843689095730464
CMTM6	CMTM6	0.8192508287717299	983.0	0.0380613096076994	-0.0380613096076994	1.1726437146502198e-05	8878.0	49.99999999999999	0.12	0.5779213506454375	0.5121341219424985	25	-1.0541380039081882
XRN1	XRN1	0.887974949030064	982.0	0.0380431015442475	0.0380431015442475	1.5518343590134303e-05	9255.0	52.12346513461755	0.08	0.6015200264694287	0.5565708916323963	25	-1.0124081826710878
COX6A2	COX6A2	0.985948272619389	981.0	0.0379103771921517	0.0379103771921517	6.738199124903865e-09	17738.0	99.90424693026922	0.8636363636363636	4.91616928912769	2.9053908969829854	22	-1.6790370331927513
EIF2D	EIF2D	0.763839881868552	980.0	0.037894712415607004	0.037894712415607004	1.58277632687195e-05	2403.0	13.529345499605721	0.08	0.3528104929837309	0.456727511313543	25	-0.6895047326193025
EVC2	EVC2	0.8962759392986309	979.0	0.037879745172632005	-0.037879745172632005	2.5903919480200066e-07	10712.0	60.330066463895456	0.20833333333333334	1.0701632315870868	1.3405621864533583	24	-0.770037747480781
CTBP1	CTBP1	0.7873380354291959	978.0	0.0378701582779067	-0.0378701582779067	0.000799346486357178	1118.0	6.2915399346626115	0.08	0.3918079861166968	0.6222486148227302	25	-0.568804525084595
MID1	MID1	0.8775367085240029	977.0	0.037733139249752995	-0.037733139249752995	0.0666010723607765	5609.0	31.587247944125266	0.08	0.5434321800180306	0.8730918716010766	25	-0.5792048434043102
ACYP1	ACYP1	0.7983731996803349	976.0	0.0377215711008632	-0.0377215711008632	9.33331356516367e-07	5969.0	33.61496000901205	0.12	0.4796654133343171	0.3912768855846933	25	-1.1294913104132074
SIX5	SIX5	0.8840468055812879	975.0	0.037668782594584	0.037668782594584	7.58743584663259e-08	11274.0	63.49555029852427	0.4	1.0519566243083904	0.9724602076798053	25	-1.0430121805536883
POP7	POP7	0.7422716453615821	974.0	0.0376431046927221	-0.0376431046927221	8.83578031272759e-05	1254.0	7.057564492508731	0.12	0.4399260626894578	0.6470575805455893	25	-0.6217112202866656
ZNF350	ZNF350	0.7708616689422559	973.0	0.0376392835664326	-0.0376392835664326	1.35776864858604e-05	6137.0	34.56122563929255	0.08	0.5657057714125214	0.5046601702441746	25	-1.0463803545078447
MPV17L2	MPV17L2	0.779997832885433	972.0	0.0376048735853421	-0.0376048735853421	0.00273347143042599	1655.0	9.316210431452067	0.08	0.39663694734039107	0.6249930295421786	25	-0.5744577247814235
TLE3	TLE3	0.823286783922897	971.0	0.0376017166960825	-0.0376017166960825	5.21307390572194e-08	8153.0	45.91641320265855	0.12	0.6934889241920617	0.98846059410259	25	-0.6635441123390966
BAG5	BAG5	0.7971895100216779	970.0	0.037459764520352996	-0.037459764520352996	1.22133749485344e-06	9778.0	55.06928016221696	0.12	0.5868671360375454	0.4634992848803465	25	-1.185346751201619
PPP5C	PPP5C	0.8585522868943142	969.0	0.0374419515048432	-0.0374419515048432	0.00137196175482479	4531.0	25.515376816492058	0.08	0.42127412953247967	0.4379423400159252	25	-0.8764445520697518
GNB1L	GNB1L	0.8263890968342379	968.0	0.0374400893708795	0.0374400893708795	4.53459330626489e-06	9409.0	52.99087529570801	0.12	0.7156474048600792	0.9358142947724943	25	-0.7247242527472596
LAMTOR3	LAMTOR3	0.8189888813307651	967.0	0.0373597540980355	0.0373597540980355	2.52110521944873e-10	10460.0	58.9106680184747	0.16	0.7180205947339933	0.5827503843853821	25	-1.1680144001171966
TRMT2A	TRMT2A	0.8194021813991709	966.0	0.0373340769669065	-0.0373340769669065	0.0020010823256788	3839.0	21.61766362509857	0.04	0.4273220211848661	0.3758065112312895	25	-1.0377359959522952
MADD	MADD	0.6414170698491349	965.0	0.037316222730235	-0.037316222730235	4.17386865367503e-05	4025.0	22.665314858623407	0.12	0.5019868609432284	0.5784420279801178	25	-0.8033141019085236
ASL	ASL	0.906045183848729	964.0	0.0372588169442863	-0.0372588169442863	0.00239874412485376	3425.0	19.285794750478765	0.08	0.4129415058168003	0.3980568713120566	25	-0.9437914929949737
BTRC	BTRC	0.796768271945766	963.0	0.0372040663232811	0.0372040663232811	0.00236038236811357	406.0	2.281176072997634	0.04	0.3396009042878606	0.47975850369022666	25	-0.6303105325670952
LIPA	LIPA	0.9303159422596279	962.0	0.0371711581322807	0.0371711581322807	0.00699215951609265	6178.0	34.7921595133491	0.12	0.5885737943373202	0.8377568263280248	25	-0.6581893681748849
PSMB7	PSMB7	0.7373395056231341	961.0	0.0371587046909232	-0.0371587046909232	6.1596302370325e-07	3542.0	19.944801171566972	0.12	0.4278223772582556	0.5084154876279975	25	-0.7683945160482151
PEX16	PEX16	0.8276630049931191	960.0	0.0370624956082584	-0.0370624956082584	0.00423613255085465	1656.0	9.32184296496564	0.08	0.35418737748231094	0.4166276299144027	25	-0.761171029245484
MALT1	MALT1	0.878190244547859	959.0	0.0370397396872208	0.0370397396872208	0.000223878331261546	4094.0	23.053959671060042	0.08	0.42149146380829117	0.37945092932420244	25	-1.013179028987422
ATP6V0B	ATP6V0B	0.8639311595541379	958.0	0.037011100815138004	-0.037011100815138004	0.00105129802123303	2827.0	15.91753970936127	0.08	0.430835697838702	0.48029777112919014	25	-0.8199592434036787
ARL10	ARL10	0.8740831003551859	957.0	0.0369508478159588	0.0369508478159588	0.00279595569570348	9040.0	50.91247042919905	0.16	0.8646771647642737	1.6351226177817106	25	-0.5062166640880119
SLC26A11	SLC26A11	0.851826295393002	956.0	0.0369507326347512	-0.0369507326347512	0.00013264739270641798	6922.0	38.98276444744846	0.16	0.6833690330011177	0.8154806496338108	25	-0.7926838002307458
SAE1	SAE1	0.8093263844764659	955.0	0.0369088044733989	-0.0369088044733989	0.0310243234695407	57.0	0.3154218767601667	0.04	0.3096660658845743	0.6666255309666647	25	-0.40916113881155103
FXYD4	FXYD4	0.9755251956173879	954.0	0.0368611693107596	0.0368611693107596	0.004047437834807309	15409.0	86.78607637715444	0.5	1.8106727431890157	1.5845658132188338	24	-1.1194306724786613
PIGF	PIGF	0.7899668938840569	953.0	0.0368491059677535	0.0368491059677535	3.0436063397758e-07	8951.0	50.41117494649093	0.08	0.5344573696772238	0.37903872469181765	25	-1.312816425588328
PPIA	PPIA	0.7118340724997191	952.0	0.0368112681366824	-0.0368112681366824	1.4212428356563598e-07	9189.0	51.75171792272164	0.2	0.7958982055726483	1.00066696248815	25	-0.7585809923698317
NGLY1	NGLY1	0.77756265527594	951.0	0.0367899999918934	0.0367899999918934	1.65285530485493e-05	6829.0	38.45893883068604	0.08	0.4806096839028919	0.4020256840332839	25	-1.1039585318490606
ARSB	ARSB	0.843910120769048	950.0	0.0367880206961539	0.0367880206961539	0.0545443318546144	2490.0	14.019375915286695	0.08	0.3885330671515217	0.6031717656115915	25	-0.5831590046306506
NID2	NID2	0.955406750590399	949.0	0.0367750201008293	0.0367750201008293	0.001023038408910976	7473.0	42.08629041342795	0.25	0.8206602858740263	1.196499984213341	24	-0.6551485801218588
FAIM2	FAIM2	0.95544378378197	948.0	0.0367035098778581	0.0367035098778581	9.395876533237811e-07	16334.0	91.99616987721076	0.625	2.010880661150345	1.9264681456316397	24	-1.0247650114272742
PRELID1	PRELID1	0.795460556368558	947.0	0.0366166066908283	0.0366166066908283	0.0193434912536837	121.0	0.6759040216289287	0.04	0.2727374613139064	0.41198657757019236	25	-0.573127542202146
SMIM19	SMIM19	0.8345593701985051	946.0	0.0365924132243924	-0.0365924132243924	1.3732569940390101e-09	7561.0	42.58195336262251	0.08	0.5527517950582977	0.6738949121650405	25	-0.7659345285389172
PDHB	PDHB	0.753801629646703	945.0	0.0365811818178128	-0.0365811818178128	1.36254213537156e-05	2878.0	16.204798918553568	0.04	0.4226232360169202	0.4301151561084149	25	-0.897531855635893
ELP2	ELP2	0.771511883685994	944.0	0.0365677941250031	-0.0365677941250031	4.352999133720379e-06	6617.0	37.26484172580827	0.04	0.4219055699441593	0.299083360188522	25	-1.288395902654916
ZSCAN25	ZSCAN25	0.764843563468306	943.0	0.0365442817450463	-0.0365442817450463	0.003994193835268139	261.0	1.4644587135293454	0.12	0.39306619543675814	0.543326306680808	25	-0.6561837873629051
POM121	POM121	0.7605569642098691	942.0	0.0365266044429081	0.0365266044429081	3.3391175255512e-05	4507.0	25.380196012166273	0.08	0.40196625058388463	0.3868598529503358	25	-0.9446305770784926
FGFBP3	FGFBP3	0.906247906264115	941.0	0.0365153493723638	0.0365153493723638	1.5996643786535953e-07	13975.0	78.70902331868874	0.5	1.3443661225531394	1.4274482984035912	24	-0.9162158619989464
ALOX12.AS1	ALOX12.AS1	0.8434685259334351	940.0	0.0364814551513838	-0.0364814551513838	0.00509106307318509	4302.0	24.22552664188352	0.04	0.37270759651824475	0.3638688791951708	25	-0.9240310468720164
EMILIN1	EMILIN1	0.9324077689944079	939.0	0.0364133782473321	-0.0364133782473321	1.9383184272041835e-09	14328.0	80.69730764898051	0.5833333333333334	2.084301183908633	2.5216207469209646	24	-0.8121315658438656
SIAH3	SIAH3	0.958042940665725	938.0	0.0363464866327031	-0.0363464866327031	0.021526145561771296	13296.0	74.88453306297171	0.375	1.5412871651199531	1.6530923353559581	24	-0.9103790794379271
PTPRO	PTPRO	0.8917980334120491	937.0	0.0362977529457013	-0.0362977529457013	1.0515571570281624e-05	12017.0	67.68052269911006	0.2916666666666667	1.234708372753475	1.7735475620178969	24	-0.6757138322494451
RAB3IL1	RAB3IL1	0.9167296435015491	936.0	0.0362918121745172	0.0362918121745172	8.815791425980397e-11	17255.0	97.18373324321279	0.8333333333333334	2.789323201814286	2.0290598489507325	24	-1.3568014719050385
KCNS3	KCNS3	0.918928578448377	935.0	0.0361888837748381	-0.0361888837748381	0.00037641875644215897	11005.0	61.980398783372756	0.16	0.7704277013117955	0.7026289361474851	25	-1.0449880153851752
SHC4	SHC4	0.936312953980658	934.0	0.0361141518898229	-0.0361141518898229	0.000170398746921661	14217.0	80.07209642897375	0.5217391304347826	2.2558338793768304	2.793172702045186	23	-0.7946947662282783
THAP1	THAP1	0.8615248713004849	933.0	0.0360341396548589	0.0360341396548589	0.00174900580530445	4235.0	23.848146896474034	0.08	0.4936501458642987	0.6988751144300034	25	-0.6547893847710796
ARRDC1.AS1	ARRDC1.AS1	0.880377235327059	932.0	0.036002780163160004	0.036002780163160004	0.0014272392800469302	2370.0	13.343471893657766	0.08	0.39381047203248754	0.4391059399119664	25	-0.8148550482853003
SEC61B	SEC61B	0.809221614831658	931.0	0.0359235819402718	0.0359235819402718	1.72634621231343e-08	5946.0	33.485411738199836	0.12	0.528315165509599	0.5638358297387538	25	-0.8732889213469648
NFE2L1	NFE2L1	0.810866812649239	930.0	0.0358691079462027	-0.0358691079462027	3.91568111579911e-05	5632.0	31.716796214937478	0.16	0.5174566480819771	0.5183897362525203	25	-0.9290067037538363
DCAF7	DCAF7	0.804230988460454	929.0	0.0358689999339788	-0.0358689999339788	0.00525975903780783	1631.0	9.18102962712628	0.04	0.33127800166657	0.282936324712353	25	-1.0440829823915982
FIZ1	FIZ1	0.8866170460851129	928.0	0.0358555378311815	0.0358555378311815	9.920353868487989e-06	17467.0	98.37783034809057	0.8260869565217391	3.49978182058775	2.5119460733297387	23	-1.3789811491314865
EIF2B5	EIF2B5	0.762478461820321	927.0	0.0358436149561681	0.0358436149561681	0.00258266854784763	1376.0	7.744733581164808	0.08	0.35092286118134536	0.5286724709799906	25	-0.595981942545865
MAPKAPK3	MAPKAPK3	0.924524360129647	926.0	0.0358419923645468	0.0358419923645468	0.0127803936637192	252.0	1.4137659119071757	0.12	0.5431915554788221	1.2375225043745777	25	-0.40997198945540064
MFSD5	MFSD5	0.796534713979088	925.0	0.0358111572575817	0.0358111572575817	5.6034944347735e-07	2736.0	15.404979159625999	0.16	0.45505384890047684	0.54451416901033	25	-0.7699389942503804
EIF4B	EIF4B	0.7093728121572141	924.0	0.0356945595886465	0.0356945595886465	0.00308690482039723	1280.0	7.2040103638616655	0.08	0.3890354499274256	0.4024309767749302	25	-0.8780161337739019
FAM207A	FAM207A	0.848585011629813	923.0	0.0356765164935864	0.0356765164935864	6.398688375952911e-07	12852.0	72.38368818294468	0.36	0.9716689125212089	0.7805034298445626	25	-1.1992162497146561
SMYD2	SMYD2	0.628932310938435	922.0	0.0356479043397939	-0.0356479043397939	1.8297251045745897e-07	2855.0	16.075250647741356	0.12	0.5065053428268772	0.6333167280267505	25	-0.7434786065957109
SLC22A7	SLC22A7	0.9784562258745021	921.0	0.0356165383263581	0.0356165383263581	6.61704255283996e-06	17195.0	96.84578123239832	0.6521739130434783	2.868158320324495	2.2226956394648996	23	-1.2743723124773187
BTBD8	BTBD8	0.88416965100238	920.0	0.0355931440284553	0.0355931440284553	5.833388133971799e-06	9051.0	50.97442829784837	0.24	0.68818588307563	0.5450287279757996	25	-1.197354754988532
TM2D1	TM2D1	0.823991950022818	919.0	0.0355809356488179	0.0355809356488179	1.2207744727429799e-09	8615.0	48.51864368592993	0.12	0.6310158071994598	0.534716188874219	25	-1.1135531033841688
ANXA2	ANXA2	0.8320735115438059	918.0	0.0355321687073973	-0.0355321687073973	4.63422211001709e-10	11828.0	66.6159738650445	0.2	0.9354594614734654	1.2906163388358316	25	-0.6972849062005717
DCANP1	DCANP1	0.95544378378197	917.0	0.0353831455611662	-0.0353831455611662	6.00207375301761e-07	16080.0	90.56550636476287	0.625	1.8918804324726313	1.8803988619102108	24	-0.9872890930307918
SURF6	SURF6	0.7986165816330971	916.0	0.0353600479064536	0.0353600479064536	5.77173649533444e-06	5223.0	29.413090007885547	0.12	0.4573499156604662	0.42249413876194314	25	-0.9988064425949003
ARL6IP5	ARL6IP5	0.833852152169016	915.0	0.0353510992012925	-0.0353510992012925	1.56165829422436e-07	8461.0	47.65123352483947	0.08	0.5942662810923744	0.5051846912018466	25	-1.106358113428594
ATP6V0A1	ATP6V0A1	0.85275136521336	914.0	0.0352985918451938	-0.0352985918451938	0.0130063578012811	205.0	1.1490368367691786	0.04	0.254817900285269	0.2682547578431043	25	-0.8183240073917598
AP1AR	AP1AR	0.849787701233772	913.0	0.0352746752589439	0.0352746752589439	8.39497161965818e-06	9136.0	51.45319364650219	0.12	0.5342342607437147	0.439615709921528	25	-1.1349903432109736
LVRN	LVRN	0.9617406784145741	912.0	0.035256642763222	-0.035256642763222	2.12938212755761e-05	13780.0	77.61067928354173	0.375	1.3150450927005646	1.306867773726994	24	-0.9792792168159253
ANKRD12	ANKRD12	0.8867226688655869	911.0	0.0352410469979876	0.0352410469979876	4.67709155714702e-05	7690.0	43.3085501858736	0.0	0.4334143348194352	0.2677955957591253	25	-1.4868552512700524
CYP46A1	CYP46A1	0.922950441706578	910.0	0.0352326176255594	-0.0352326176255594	4.6407158902159e-07	12819.0	72.19781457699673	0.4166666666666667	1.2528600289816132	1.3439796920995892	24	-0.9059864658028087
MTMR12	MTMR12	0.85759373779661	909.0	0.0351883602890976	0.0351883602890976	0.0007577002605080951	2844.0	16.013292779092037	0.16	0.44627626547541654	0.46885574135025104	25	-0.8767897434772425
RIBC1	RIBC1	0.9348341060807991	908.0	0.0350735427648976	0.0350735427648976	0.000169015668289777	7482.0	42.13698321505012	0.12	0.6866347022620769	0.7820655229245491	25	-0.8331286067446801
WDR74	WDR74	0.828763871826473	907.0	0.0350403661472022	-0.0350403661472022	0.004494498296155518	14306.0	80.57339191168187	0.5	1.9933460095940376	2.7071422669149503	24	-0.7233848281193266
ARMCX2	ARMCX2	0.9145592543378499	906.0	0.0350242910014852	0.0350242910014852	0.0010854350022017698	4735.0	26.66441365326124	0.16	0.6592343680569793	1.122068590131164	25	-0.556302959146666
TBCEL	TBCEL	0.840794511597162	905.0	0.0349812037828171	0.0349812037828171	0.000252117637028056	7172.0	40.39089782584206	0.08	0.5014264968107682	0.361246794229875	25	-1.2912095013115448
SAMM50	SAMM50	0.8627565435977399	904.0	0.0349149919865003	0.0349149919865003	1.5214037730238501e-05	1637.0	9.214824828207727	0.08	0.3659702276324523	0.4717995509957215	25	-0.7016862032769382
PNPLA8	PNPLA8	0.835049293474033	903.0	0.0349012826329244	-0.0349012826329244	1.40569315041927e-05	8733.0	49.18328264053171	0.08	0.6224112831485951	0.6464246739753811	25	-0.9088607291281179
ELMOD3	ELMOD3	0.799990905488515	902.0	0.0348439258752503	0.0348439258752503	0.000659910600533453	361.0	2.027712064886786	0.04	0.2950159884834238	0.31545598283079485	25	-0.824749178232341
AP2S1	AP2S1	0.870492421030213	901.0	0.0348416354324686	0.0348416354324686	0.0152723523831521	489.0	2.7486763546243096	0.04	0.3550929304417717	0.616130873099937	25	-0.5197780357897405
SARM1	SARM1	0.859852005023022	900.0	0.0348124027419236	0.0348124027419236	8.250688502839909e-06	8345.0	46.99785963726484	0.08	0.5812215335536393	0.7680190623586456	25	-0.7114525636038918
CRB3	CRB3	0.8992325063189359	899.0	0.0347409809549225	-0.0347409809549225	0.084468599007034	9724.0	54.76512335248394	0.20833333333333334	0.7719718613124892	0.8423423651937672	24	-0.8752152459860887
ADAMDEC1	ADAMDEC1	0.982663334846394	898.0	0.0346853953189778	0.0346853953189778	9.324189058861095e-06	16744.0	94.30550861777627	0.625	2.8257224567420476	2.7198457698514935	24	-1.0261747531278083
UBE2Q2	UBE2Q2	0.8661704167037819	897.0	0.0346517319762541	-0.0346517319762541	0.0158475360376428	2050.0	11.541061169313956	0.08	0.4450488958690659	0.7018364783370379	25	-0.5847475538251087
MED4	MED4	0.7954860170721891	896.0	0.0346433535120223	0.0346433535120223	0.000409929472333951	5839.0	32.882730652247375	0.12	0.4778623269685714	0.5188111216009651	25	-0.8542973637281499
PPIL2	PPIL2	0.7823339950867579	895.0	0.0345834093127879	-0.0345834093127879	6.59894620869052e-05	2010.0	11.31575982877098	0.12	0.4216947870770802	0.4675845068182653	25	-0.8278960746549067
SIGMAR1	SIGMAR1	0.8410748342061719	894.0	0.0345744546071928	0.0345744546071928	0.106349746115429	33.0	0.18024107243438098	0.08	0.316472551896988	0.47604864095490346	25	-0.5921623822396327
KRT2	KRT2	0.9778393371519971	893.0	0.0345248196765479	0.0345248196765479	9.064574984551029e-07	17744.0	99.93804213135067	0.8695652173913043	4.948008866177812	2.455308953687727	23	-2.001167323208554
SHROOM3	SHROOM3	0.914620102624747	892.0	0.0344901595505028	0.0344901595505028	0.0197264480905807	10351.0	58.296721865495094	0.28	0.9062763402183964	1.3397363047151682	25	-0.6507147545376385
NOG	NOG	0.943253132058885	891.0	0.0344569949019713	0.0344569949019713	0.00011135424794337501	10376.0	58.437535203334456	0.3333333333333333	1.059330641096355	1.479225718567487	24	-0.692844664157741
ZNF578	ZNF578	0.952655602006634	890.0	0.0344534367006158	-0.0344534367006158	0.0055903548766019	4555.0	25.650557620817843	0.16	0.6775863735699535	1.039581492505705	25	-0.6186460046717389
ZNF519	ZNF519	0.869255598805131	889.0	0.0343490729098681	0.0343490729098681	0.000769188271159507	4921.0	27.712064886786077	0.04	0.48300540335571845	0.7027788236265836	25	-0.6384033146170047
TMEM80	TMEM80	0.9075640805855151	888.0	0.0342976168263614	0.0342976168263614	0.000696720288156862	3895.0	21.933085501858738	0.08	0.3428735562006281	0.41192346280301734	25	-0.7491098887023786
CNBD2	CNBD2	0.8962759392986309	887.0	0.0342803377403074	-0.0342803377403074	0.0453609464139532	1402.0	7.8911794525177426	0.08	0.47749187751208555	0.9939975531693437	25	-0.44588795853531626
IFFO2	IFFO2	0.914620102624747	886.0	0.0342212024496356	0.0342212024496356	6.98359176985755e-07	9211.0	51.87563366002027	0.12	0.6458165256727685	0.6237775173223287	25	-0.9804702898695518
MAK16	MAK16	0.834178937646213	885.0	0.0341671029817292	-0.0341671029817292	0.00139289399843343	4928.0	27.751492621381097	0.04	0.4551415427847665	0.3581782824028513	25	-1.1753209518425176
ZNF527	ZNF527	0.88305394178988	884.0	0.0341641040123837	0.0341641040123837	0.00039100406590362996	4048.0	22.79486312943562	0.12	0.522262666717687	0.6470931100093732	25	-0.7542941736749957
METTL14	METTL14	0.8009434969611171	883.0	0.034157581126557	-0.034157581126557	1.36351968277106e-05	6347.0	35.744057677143175	0.08	0.47170236160581325	0.5088465276648361	25	-0.8598757320546276
TIGD3	TIGD3	0.953777842705462	882.0	0.0340697143167236	-0.0340697143167236	0.00038850135147999303	8189.0	46.11918440914723	0.08	0.6994768184889805	0.7623548165423555	25	-0.8728312456792718
PSMG2	PSMG2	0.846367031766478	881.0	0.0340137255426181	0.0340137255426181	1.53472219182363e-07	8217.0	46.276895347527315	0.12	0.6016482809927792	0.48514029974377126	25	-1.1700420594825034
MLXIP	MLXIP	0.835090025626566	880.0	0.0339674075275613	-0.0339674075275613	0.00318897930105297	2769.0	15.590852765573954	0.12	0.47830674346230106	0.5753439541800018	25	-0.7723020859201103
PBX2	PBX2	0.8014485447063449	879.0	0.0339436356695002	-0.0339436356695002	1.0536028340965199e-07	8801.0	49.56629491945477	0.32	0.8675138012480562	0.9274733870363522	25	-0.8987537294651069
SMARCAL1	SMARCAL1	0.7228108904262149	878.0	0.03393693486261	-0.03393693486261	0.00149732079449392	1650.0	9.288047763884194	0.08	0.3564242148726342	0.4648137332969438	25	-0.693798949791367
SUGP2	SUGP2	0.82522387348923	877.0	0.0338903567863747	-0.0338903567863747	2.07266319278725e-06	3694.0	20.80094626563028	0.08	0.48213142389628233	0.6101173892521506	25	-0.7346800386386916
APH1A	APH1A	0.7493146852350869	876.0	0.0338884348159607	0.0338884348159607	0.000372575451897535	462.0	2.596597949757801	0.08	0.4437818447236104	0.5812771701261912	25	-0.7051600010691366
ANAPC10	ANAPC10	0.795352061045929	875.0	0.0338239423448866	0.0338239423448866	1.04680333334959e-05	5788.0	32.59547144305508	0.12	0.45799887520526317	0.41335475342697947	25	-1.0261764969283425
RAD18	RAD18	0.849035868780871	874.0	0.0337356863153264	0.0337356863153264	0.0041896593313650605	3959.0	22.2935676467275	0.04	0.4095295033186717	0.4881369258565573	25	-0.7698532872593521
PPP1R7	PPP1R7	0.7733790851317071	873.0	0.0336619194342885	0.0336619194342885	2.7967630202947e-05	4138.0	23.301791145657315	0.04	0.3804767816747832	0.30828482899556414	25	-1.1249819310618265
DYNC1I1	DYNC1I1	0.932112602129292	872.0	0.0336060744501046	0.0336060744501046	6.856688307328471e-05	11269.0	63.4673876309564	0.28	0.987929313476492	1.1275743178901834	25	-0.8463506341755213
CEBPZ	CEBPZ	0.8093263844764659	871.0	0.03355682562658	0.03355682562658	0.0054737363450486605	5623.0	31.66610341331531	0.08	0.42852820707272143	0.3129615008117459	25	-1.2620446298400343
DUSP11	DUSP11	0.7828222227641379	870.0	0.0334138661704996	0.0334138661704996	1.70543732984966e-07	8786.0	49.481806916751154	0.2	0.6296761574412671	0.5293141590450693	25	-1.1264809019023387
TBC1D12	TBC1D12	0.870492421030213	869.0	0.0333812972256677	0.0333812972256677	0.000522894254514614	5527.0	31.125380196012166	0.08	0.5456898754632575	0.7084854176293803	25	-0.7231039136299998
METAP1D	METAP1D	0.9048114130632131	868.0	0.0333197712561091	0.0333197712561091	0.00173155516817989	907.0	5.103075363298411	0.12	0.43527150319693264	0.596428960188077	25	-0.6739306082891627
CEP170	CEP170	0.88565289174652	867.0	0.0333045596545434	-0.0333045596545434	0.0196754658895603	3320.0	18.694378731553453	0.04	0.37328424023215573	0.30200238232823673	25	-1.1257516512174373
AP4B1	AP4B1	0.853290099820191	866.0	0.0332936255682914	-0.0332936255682914	0.0144830360703247	1714.0	9.648529908752955	0.04	0.3928509545148077	0.7440294633544715	25	-0.4832568421759066
WDR91	WDR91	0.880753924695777	865.0	0.0332669872735624	-0.0332669872735624	0.00458742129884365	174.0	0.9744282978483721	0.12	0.3945771285460914	0.6161700486976709	25	-0.5863805649693449
B3GNT8	B3GNT8	0.940560265816555	864.0	0.0332594014797252	0.0332594014797252	0.0001173783073053595	11786.0	66.37940745747437	0.20833333333333334	0.977501064249919	1.2615969510225467	24	-0.7484495440519805
MAP4K3	MAP4K3	0.8385322787228959	863.0	0.0331528039796368	0.0331528039796368	1.8353365617473998e-06	8603.0	48.45105328376703	0.08	0.5597339097767879	0.5363698149125489	25	-0.9817500745880084
ATP8A2	ATP8A2	0.951922596220987	862.0	0.0330791035293556	0.0330791035293556	0.00190382313574883	10621.0	59.817505914160186	0.2916666666666667	0.960122436797649	1.1913785029265354	24	-0.7781266247385514
KIAA0232	KIAA0232	0.867046728183947	861.0	0.0330199105924147	0.0330199105924147	0.000157725737131193	7251.0	40.83586797341444	0.12	0.5089462600638563	0.5667031017711047	25	-0.8398160306235125
TXNDC16	TXNDC16	0.892471639255573	860.0	0.0330078545538608	0.0330078545538608	2.71047759792476e-05	9652.0	54.359580939506586	0.2	0.6240481865248384	0.5144278959216984	25	-1.148927452528625
HAND2.AS1	HAND2.AS1	0.9809345372984749	859.0	0.032966191497968	0.032966191497968	1.0353565744775401e-06	12422.0	69.9616987721077	0.4782608695652174	1.9000820136573342	2.2242049360105747	23	-0.8394531420779516
GALNT5	GALNT5	0.941739525091182	858.0	0.0329476672504597	-0.0329476672504597	1.0885743214371206e-07	13705.0	77.18823927002366	0.5	1.6058739886524682	1.4642013108917964	24	-1.0742555068769823
TMCC1	TMCC1	0.7998469450957769	857.0	0.0328932754446527	-0.0328932754446527	1.23584308504583e-06	3807.0	21.437422552664188	0.08	0.40007431105846214	0.4187156711496764	25	-0.8769221238021323
RARG	RARG	0.8939308789698192	856.0	0.0328419197562699	-0.0328419197562699	0.0028798120118244197	5616.0	31.62667567872029	0.04	0.469708389145671	0.5298674228207365	25	-0.8244825980501933
RFXANK	RFXANK	0.8555113866650079	855.0	0.0328153665531489	-0.0328153665531489	0.000428514746553719	3234.0	18.209980849386053	0.04	0.3655850046316603	0.4028430675625804	25	-0.8260527854977093
BIRC2	BIRC2	0.853200786741729	854.0	0.0327690943696324	0.0327690943696324	1.94621151623546e-06	10196.0	57.42367917089106	0.12	0.6201662655004929	0.4474167212894604	25	-1.3128636977133414
ATL1	ATL1	0.89734402691186	853.0	0.0327414508029613	-0.0327414508029613	0.0050151369146410295	1957.0	11.017235552551536	0.12	0.6411458625204396	1.1138480854449202	25	-0.5462184831735422
B3GALT4	B3GALT4	0.8716685126038921	852.0	0.0327359098107938	-0.0327359098107938	0.00156961387448519	4990.0	28.100709699222712	0.12	0.5663720705457134	0.8221813913061272	25	-0.6490491835228462
ZNF510	ZNF510	0.851443276778585	851.0	0.0326530650441048	-0.0326530650441048	0.23010238586903603	437.0	2.4557846119184408	0.08	0.360393135343996	0.6588044850758904	25	-0.49747698706413246
FBXW9	FBXW9	0.898440958914812	850.0	0.0326071740150606	0.0326071740150606	0.0558310186536322	1268.0	7.136419961698772	0.04	0.28005344394060994	0.2578555694223445	25	-0.959631279168744
PRAG1	PRAG1	0.8992325063189359	849.0	0.032571452640356005	-0.032571452640356005	2.36862740318662e-09	12528.0	70.55874732454657	0.4	0.9905502031386614	0.9311601630861512	25	-1.028801261560921
SLC35E3	SLC35E3	0.697858553688083	848.0	0.0325436809874223	-0.0325436809874223	0.00137113462543806	9821.0	55.31147910330066	0.2	0.7433685636044877	1.0473804984750177	25	-0.6786691977290239
SLC12A9	SLC12A9	0.8014485447063449	847.0	0.032536148569151	0.032536148569151	2.49926601721601e-05	8619.0	48.54117381998422	0.24	0.7235968623321972	0.7486667462027359	25	-0.923055174105342
NIP7	NIP7	0.870492421030213	846.0	0.0325310866352897	0.0325310866352897	0.000127287545600393	6398.0	36.03131688633547	0.08	0.5686015785273929	0.7876646142869875	25	-0.6805821693251598
CPNE9	CPNE9	0.944362953467749	845.0	0.0325247505000559	-0.0325247505000559	1.4844940894887712e-07	14866.0	83.72761067928353	0.5833333333333334	1.570128287422216	1.2613939720731346	24	-1.218971686058613
GAS8.AS1	GAS8.AS1	0.952655602006634	844.0	0.0324855026042003	0.0324855026042003	0.01033300777042482	11017.0	62.04798918553565	0.25	0.8153584944477408	0.7704832382189521	24	-1.0160804972905424
CAPZB	CAPZB	0.859555745073563	843.0	0.0324785607760308	0.0324785607760308	0.00473382136432515	584.0	3.2837670384138784	0.04	0.29578816930189833	0.3361353951245158	25	-0.7833438916134638
CNEP1R1	CNEP1R1	0.866250514653817	842.0	0.0324740840856299	0.0324740840856299	1.13460949176244e-06	8341.0	46.97532950321054	0.16	0.5842896635453638	0.511879500549725	25	-1.0780185158169455
ALDH1A3	ALDH1A3	0.9254139906392249	841.0	0.0323809225925827	-0.0323809225925827	3.03227860775031e-08	14761.0	83.13619466035823	0.5833333333333334	1.3755367270778918	1.117859347585443	24	-1.2015427588332133
BAG6	BAG6	0.8099784621548142	840.0	0.0323436974676678	-0.0323436974676678	1.87480496278027e-06	7573.0	42.6495437647854	0.12	0.5919711829781465	0.5807425120947363	25	-0.9636413278785194
SH3GLB2	SH3GLB2	0.8643411486874871	839.0	0.0323410160349609	-0.0323410160349609	0.000395603610314935	6385.0	35.958093950659006	0.24	0.6960983892291698	0.8732925003342533	25	-0.7600630635670813
TIFAB	TIFAB	0.9605117984945358	838.0	0.0322062023755974	-0.0322062023755974	4.642776374848445e-07	15505.0	87.32679959445758	0.5833333333333334	1.9233962006196952	2.0949523353347566	24	-0.902736528342971
YPEL3	YPEL3	0.884368501470725	837.0	0.0321941885067847	-0.0321941885067847	0.0002871915461188306	7159.0	40.31767489016559	0.16666666666666666	0.5853766172323227	0.5825323890493008	24	-0.9496166035133905
ATP8A1	ATP8A1	0.943253132058885	836.0	0.0321655356252336	-0.0321655356252336	0.0265998222222776	2783.0	15.669708234763995	0.16	0.8591742019932296	1.3200018139177814	25	-0.6265208559929355
SLC23A3	SLC23A3	0.9096867410996919	835.0	0.0321122268206294	0.0321122268206294	0.0208968205392881	2516.0	14.16582178663963	0.125	0.5478512131185972	1.0535925797424368	24	-0.4895051428931345
C17orf50	C17orf50	0.9672347725714971	834.0	0.0320837412234777	0.0320837412234777	9.195518643267642e-06	17747.0	99.9549397318914	0.7777777777777778	7.963069567153503	6.34111503551407	18	-1.2507241678335308
DDX49	DDX49	0.8470371327483991	833.0	0.0320491272478274	-0.0320491272478274	0.0212002870864798	342.0	1.9206939281288722	0.04	0.23942730870446322	0.33298355485320474	25	-0.6227880579509644
NEURL4	NEURL4	0.8874013999214999	832.0	0.0319972411155923	-0.0319972411155923	3.41535156533979e-09	11533.0	64.95437647854004	0.28	0.8913642324384153	0.8661608346173377	25	-0.9921563720928156
XPNPEP1	XPNPEP1	0.791149760424617	831.0	0.0319970175556299	0.0319970175556299	3.0397481619912704e-08	7166.0	40.357102624760614	0.08	0.49382969249606773	0.43041069049600045	25	-1.073004656107001
TFCP2L1	TFCP2L1	0.9554041770471241	830.0	0.0319685232110883	0.0319685232110883	0.0889446319085041	5701.0	32.10544102737411	0.16666666666666666	0.5984816770377658	0.6549943981257118	24	-0.8649129755121168
AP1G1	AP1G1	0.8609442965358549	829.0	0.0319540071110964	-0.0319540071110964	0.0323027447542822	2287.0	12.87597161203109	0.12	0.4406498223008121	0.5848815995028901	25	-0.6987667513169837
RSPH9	RSPH9	0.9194963010625459	828.0	0.0319100266684899	0.0319100266684899	2.3727770574136895e-07	5581.0	31.429537005745185	0.2	0.5818344217691077	0.7480765568554664	25	-0.7351178031994754
IFT172	IFT172	0.8790745599657079	827.0	0.0318913654994683	-0.0318913654994683	0.000487548433562483	3518.0	19.809620367241184	0.0	0.36217994592334835	0.26821353790023594	25	-1.2314388863799015
TMEM39A	TMEM39A	0.8106677018720959	826.0	0.0318170786175452	-0.0318170786175452	3.11702736639272e-05	6492.0	36.56077503661147	0.04	0.45470483219322383	0.39196054116145884	25	-1.0789038925259573
ADCY2	ADCY2	0.945130532186227	825.0	0.0317991543996439	0.0317991543996439	0.0003263485868842135	13788.0	77.65573955165033	0.5	1.3318634921638062	1.5737970786552207	24	-0.8260685925755068
PJA2	PJA2	0.8354558215153051	824.0	0.0317575881289585	-0.0317575881289585	0.000465479837121029	4745.0	26.72073898839698	0.08	0.39940622795351965	0.34161497326411594	25	-1.0762076272936596
RNF217	RNF217	0.8649891633249008	823.0	0.0317130234943565	-0.0317130234943565	2.5254291406657396e-05	8384.0	47.21752844429424	0.04	0.679343834170547	0.9492816979841521	25	-0.6822324838364286
EIF4ENIF1	EIF4ENIF1	0.8345609445573651	822.0	0.0316570890068514	-0.0316570890068514	0.0009205327210473131	757.0	4.258195336262251	0.04	0.30558221371303373	0.318226094361123	25	-0.860787752984619
ZBTB5	ZBTB5	0.8385322787228959	821.0	0.0315684050226165	0.0315684050226165	0.00569772137070195	1657.0	9.327475498479215	0.08	0.3032147710453408	0.32973616901325464	25	-0.8238294477540459
P2RY10	P2RY10	0.95544378378197	820.0	0.0315366831111266	0.0315366831111266	0.004022497759888799	14367.0	80.9169764560099	0.5	1.8989023332211508	2.046846060249729	24	-0.9123136743767594
ANAPC13	ANAPC13	0.8466122346391921	819.0	0.0314792450954261	-0.0314792450954261	5.88298508468055e-12	8547.0	48.13563140700687	0.16	0.6787446489389443	0.570048243497145	25	-1.1354572375710863
ACTG1	ACTG1	0.807790945177824	818.0	0.0314738262291659	-0.0314738262291659	0.0030512369755483	1550.0	8.724794412526753	0.0	0.30256841093947445	0.2508489945800837	25	-1.0807082769620646
NDUFS2	NDUFS2	0.802876254707087	817.0	0.0313259647763418	-0.0313259647763418	4.20479966914124e-08	6756.0	38.047763884195106	0.08	0.4234858547321105	0.3534965258917911	25	-1.1093740991271095
NSMAF	NSMAF	0.8180760605141959	816.0	0.0312658533407859	0.0312658533407859	0.0039872140179865794	2705.0	15.230370620705193	0.04	0.3636226932293599	0.4425108640310096	25	-0.7510704638096379
EFCAB2	EFCAB2	0.921790650296537	815.0	0.0312060932206462	0.0312060932206462	0.000133187086025677	6682.0	37.6309564041906	0.12	0.4918892939263027	0.5338984275473374	25	-0.8628667494339279
CPNE8	CPNE8	0.8356100780434692	814.0	0.0311434039380348	0.0311434039380348	0.006144434426325229	6428.0	36.200292891742706	0.16	0.711869251891693	0.7846709702433815	25	-0.8675303073115058
LIG4	LIG4	0.8917980334120491	813.0	0.0311416313202051	-0.0311416313202051	1.06422517566765e-05	8961.0	50.46750028162667	0.16	0.6330679656534848	0.5325443227039389	25	-1.1302840133137853
PAF1	PAF1	0.9066779607824691	812.0	0.0310543306282806	-0.0310543306282806	0.000420947316649112	3064.0	17.252450152078406	0.08	0.468833703892722	0.786536912678223	25	-0.5565910082640197
MRPL4	MRPL4	0.884283751923033	811.0	0.0310119451245601	0.0310119451245601	1.39456573097468e-06	7186.0	40.4697532950321	0.12	0.5734359950808154	0.6291799657096014	25	-0.8621127173757018
TRNP1	TRNP1	0.953959464592558	810.0	0.030955055640932996	-0.030955055640932996	0.00564408455477355	9081.0	51.1434043032556	0.375	0.9737315268255218	1.0372950953707945	24	-0.9088797155139167
NHLRC2	NHLRC2	0.8746861574258441	809.0	0.0308934373484917	0.0308934373484917	0.000593988003513025	5586.0	31.457699673313055	0.08	0.5252418593893491	0.5039243105011796	25	-0.9809973675395846
NRSN2.AS1	NRSN2.AS1	0.879779085058053	808.0	0.0308840222354324	0.0308840222354324	0.0008112893771214679	5020.0	28.269685704629943	0.04	0.4854548523518162	0.5523687191345943	25	-0.8229481764075414
NT5C	NT5C	0.8427245209117671	807.0	0.0308772191804885	-0.0308772191804885	0.0030645444295635603	4634.0	26.095527768390223	0.12	0.5473932318248917	0.7656950943189021	25	-0.6745714011709222
PLEKHA3	PLEKHA3	0.7921116430351841	806.0	0.0307477100256656	0.0307477100256656	5.34166159668496e-08	9997.0	56.302805001689755	0.24	0.5923293052772738	0.39431516620025137	25	-1.424194764465162
FMNL2	FMNL2	0.877380016018283	805.0	0.0307236986360005	0.0307236986360005	0.10778352753438	534.0	3.002140362735158	0.0	0.25829934405746685	0.2943111607099386	25	-0.7732484383959732
GADD45G	GADD45G	0.9178318005844559	804.0	0.0306741826255555	0.0306741826255555	0.0039557549762748445	11226.0	63.2251886898727	0.25	0.9506904096745347	1.4450545333572782	24	-0.63666540314677
ZSCAN30	ZSCAN30	0.877253604251052	803.0	0.030635282422165	0.030635282422165	0.0342941250191302	638.0	3.5879238481468962	0.12	0.36956332826533106	0.5369497933448887	25	-0.6312099381430787
KPTN	KPTN	0.8980801190719029	802.0	0.0306331977389364	-0.0306331977389364	0.0295953732849418	69.0	0.38301227892305956	0.08	0.4329189732110463	0.7612492580017796	25	-0.528454735743295
BHLHB9	BHLHB9	0.9221482780187729	801.0	0.0305393604886015	0.0305393604886015	0.0642890526572992	1643.0	9.248620029289173	0.04	0.5536161637765955	0.9597523564150663	25	-0.5450122625818048
FKBP7	FKBP7	0.908124748515081	800.0	0.0304906674239459	0.0304906674239459	0.000291771033493377	8630.0	48.603131688633546	0.08	0.6564444571302773	0.9442463232034127	25	-0.6629136638655317
FAM229B	FAM229B	0.908540930004817	799.0	0.0304749967465582	-0.0304749967465582	0.00047710699114406904	10107.0	56.92238368818294	0.12	0.808133827411032	1.0028726756529918	25	-0.7754312681399198
UBE2D4	UBE2D4	0.8644107726989629	798.0	0.0302627736870746	0.0302627736870746	3.7721275223904e-05	9028.0	50.844880027036155	0.16	0.6089897962601144	0.6581288587202094	25	-0.8793521434365092
MSH4	MSH4	0.9603609942679109	797.0	0.0302562072997325	0.0302562072997325	0.000597349671698166	8999.0	50.6815365551425	0.20833333333333334	0.9422009759697186	1.2035875609447746	24	-0.7576887617167969
PHF11	PHF11	0.8615248621972209	796.0	0.0302290572808796	0.0302290572808796	2.39256924711195e-05	3893.0	21.921820434831588	0.08	0.4803150513892024	0.6232442387514289	25	-0.7221663131776377
YWHAQ	YWHAQ	0.7450576108805209	795.0	0.0301941300671033	0.0301941300671033	0.00157825922823915	269.0	1.5095189816379406	0.08	0.3880530210091321	0.6391263423763345	25	-0.5599188567497848
MID2	MID2	0.896969381791628	794.0	0.030143342077642004	-0.030143342077642004	0.060488006110680996	2679.0	15.083924749352258	0.12	0.7031825043472172	1.5073436407810479	25	-0.44650678455831877
NUB1	NUB1	0.774132243169222	793.0	0.0301168198712057	0.0301168198712057	5.506274646617e-06	4649.0	26.18001577109384	0.04	0.44849777047735145	0.4389546985526693	25	-0.9531301338968242
TPT1.AS1	TPT1.AS1	0.848595422837497	792.0	0.0299817633414634	0.0299817633414634	3.23582559389358e-05	3557.0	20.029289174270588	0.12	0.4297145035625445	0.5486665490898165	25	-0.7285531455930713
SOS2	SOS2	0.8306437518854229	791.0	0.0299798163582067	0.0299798163582067	1.8839960860165e-06	7027.0	39.57418046637377	0.12	0.5232996675414026	0.4744472056489975	25	-1.0397781782872606
TCAIM	TCAIM	0.849818616981751	790.0	0.0299165841371081	-0.0299165841371081	1.9198030320437805e-09	8992.0	50.64210882054748	0.12	0.560282700655271	0.4077029756045861	25	-1.3008639824903867
ZFAND4	ZFAND4	0.903761447859755	789.0	0.029880364978159	-0.029880364978159	0.000651428397033967	2735.0	15.399346626112424	0.08	0.5910803604051726	1.2179034697156093	25	-0.4607918520488808
USP31	USP31	0.9015587010222241	788.0	0.0298801854276953	0.0298801854276953	0.00442584883660077	3019.0	16.998986143967556	0.04	0.3454834796369328	0.2871743689168507	25	-1.0989953434897881
ZNF775	ZNF775	0.8970692399085402	787.0	0.0298115005730381	0.0298115005730381	3.9188876551512803e-10	12749.0	71.80353723104652	0.36	1.0586731488872343	0.8922506050782214	25	-1.1531083783619271
ARNT2	ARNT2	0.9595164173783091	786.0	0.0297305201785246	-0.0297305201785246	0.0001426211954216235	7484.0	42.148248282077276	0.125	0.8320792337408472	1.3374113339074083	24	-0.5999266592261965
DYNC1H1	DYNC1H1	0.900241523158794	785.0	0.0297264806418007	-0.0297264806418007	0.0244779177822269	847.0	4.765123352483948	0.08	0.3543673149803102	0.43805708479706634	25	-0.7410925324696029
POLR3GL	POLR3GL	0.847221040845144	784.0	0.0297215498752701	0.0297215498752701	0.000585458735371369	1111.0	6.25211220006759	0.16	0.44077738791325755	0.5605328750032808	25	-0.7333304724287252
LYRM9	LYRM9	0.8972052124202741	783.0	0.0297199863417232	-0.0297199863417232	0.0688239751000729	211.0	1.182832037850625	0.08333333333333333	0.4695162101949952	0.8500111180040403	24	-0.5174005545786068
SMURF1	SMURF1	0.885519701286762	782.0	0.0297161669549964	-0.0297161669549964	0.000636002123057998	1305.0	7.344823701701025	0.04	0.31836612526518343	0.3025138988500665	25	-0.9541708972956948
PWP1	PWP1	0.705208425849044	781.0	0.0297064169530634	0.0297064169530634	2.23198037246615e-05	4630.0	26.072997634335923	0.08	0.527390318320944	0.7584748621810344	25	-0.6561640025046634
PAX8	PAX8	0.964520265210654	780.0	0.0296643954370206	-0.0296643954370206	0.0009932945613502315	10375.0	58.43190266982088	0.2916666666666667	1.127415245364239	1.1701281371452867	24	-0.9381458449545156
RPL9	RPL9	0.9526568177170579	779.0	0.0296535692304272	0.0296535692304272	1.47690622889489e-06	6157.0	34.67387630956404	0.12	0.5486421319192063	0.5613561076962456	25	-0.9245264379836554
PCED1A	PCED1A	0.8356100780434692	778.0	0.0296320097210093	-0.0296320097210093	5.17357875913516e-07	7142.0	40.22192182043483	0.16	0.6154438049929478	0.7366974269651897	25	-0.7951864277376106
AP3D1	AP3D1	0.8624976655266601	777.0	0.0295929948857441	0.0295929948857441	0.0137071823840141	3371.0	18.98163794074575	0.04	0.37629528001795537	0.4313628480979688	25	-0.8037370085554286
HSPBP1	HSPBP1	0.9237373249375941	776.0	0.0295432470935717	0.0295432470935717	1.5931701812746e-06	7639.0	43.02129097668131	0.04	0.5720906133589817	0.672345236390341	25	-0.8069475871922818
ZNF502	ZNF502	0.8946886901903031	775.0	0.0295285444286971	-0.0295285444286971	0.0007753131201635336	4673.0	26.315196575419623	0.125	0.7794097194530639	1.5672147479255043	24	-0.47848016745437844
RPRD1A	RPRD1A	0.862330220227925	774.0	0.0294918726054301	-0.0294918726054301	0.00184702794232805	2138.0	12.036724118508504	0.04	0.3282053267260622	0.27207444465860814	25	-1.0979107372449104
MAP4K4	MAP4K4	0.870492421030213	773.0	0.0294677323704537	0.0294677323704537	0.0207079299370644	810.0	4.556719612481694	0.08	0.4987284809632845	1.0452614223283534	25	-0.4489410386423115
PSMB8	PSMB8	0.883248674398364	772.0	0.0294188659744792	0.0294188659744792	0.000431021412644676	8831.0	49.735270924862	0.2	0.7297722405777222	0.6868621959062452	25	-1.0196417546014416
C12orf43	C12orf43	0.886491235516381	771.0	0.0293311419112303	-0.0293311419112303	1.11292990207306e-06	4239.0	23.87067703052833	0.16	0.5707114705672605	0.7105292628044382	25	-0.7619395245161583
FOXK2	FOXK2	0.8360845092937399	770.0	0.0292746006136188	-0.0292746006136188	0.0246319078929431	4660.0	26.241973639743158	0.12	0.4095061904369036	0.4505429460133601	25	-0.8439408344704384
EWSAT1	EWSAT1	0.960595763304637	769.0	0.029241135140638	0.029241135140638	0.049060399219779	9497.0	53.486538244902555	0.16666666666666666	0.8800762882747203	1.1194947144754022	24	-0.7600171239153958
PFDN1	PFDN1	0.8696258808219058	768.0	0.0292042040962788	-0.0292042040962788	2.2941480415910302e-06	4934.0	27.785287822462543	0.08	0.5017281703959219	0.719092390604714	25	-0.6571116208061645
PYROXD1	PYROXD1	0.8904447189800692	767.0	0.0291743578780548	0.0291743578780548	9.74398928099178e-06	10023.0	56.44925087304269	0.08	0.5960821026204048	0.2892024630838956	25	-1.9602452160924166
TANK	TANK	0.84642727839959	766.0	0.0291479209709005	-0.0291479209709005	1.1235037078232801e-05	7758.0	43.69156246479666	0.12	0.5106458430715636	0.29564812427501214	25	-1.6286182206682065
ZNF710	ZNF710	0.8022575856850809	765.0	0.0291078080887433	0.0291078080887433	1.0253081593579698e-07	7640.0	43.026923510194884	0.16	0.6751567516607351	0.8337809891569776	25	-0.7748424969789746
AVIL	AVIL	0.919022870056959	764.0	0.029031648780752997	0.029031648780752997	0.00148148890110785	2061.0	11.603019037963275	0.041666666666666664	0.3314188867576215	0.2840416654655714	24	-1.0645876106986873
PPP1R13L	PPP1R13L	0.9221482780187729	763.0	0.0289598678635674	0.0289598678635674	0.00846055903704317	6954.0	39.16300551988284	0.08	0.49449571071791965	0.4489656865085296	25	-1.0369074003732528
ABI1	ABI1	0.8424670486254799	762.0	0.0289549106406146	-0.0289549106406146	3.27949138541706e-09	7231.0	40.72321730314295	0.04	0.4973325584790284	0.3254134008898098	25	-1.4393311601725154
TRABD2A	TRABD2A	0.8941031505334001	761.0	0.0289008555719146	-0.0289008555719146	0.00121770837059442	6615.0	37.253576658781114	0.2	0.6739451823224719	0.8772966981882616	25	-0.7352635979169448
IFT43	IFT43	0.8576234058099741	760.0	0.0288759247146973	-0.0288759247146973	2.44379502091573e-09	7296.0	41.089331981525284	0.2	0.5808200154471289	0.5091626729592178	25	-1.0840230834765856
CGGBP1	CGGBP1	0.85075416082243	759.0	0.0288466386553844	-0.0288466386553844	0.000991915937185983	2913.0	16.40193759152867	0.04	0.35700793076611326	0.28113581903057233	25	-1.167269589632201
TERF1	TERF1	0.8407481464955542	758.0	0.0288415516484235	-0.0288415516484235	0.009302897265259541	2001.0	11.265067027148811	0.16	0.48107932958862365	0.6829449151819593	25	-0.6621877810155581
L3HYPDH	L3HYPDH	0.8664051313495781	757.0	0.0288194157375857	0.0288194157375857	0.000215262169008853	2583.0	14.543201532049114	0.0	0.3193428790518171	0.28277833536782593	25	-1.0273893964908272
MAP4K5	MAP4K5	0.880561226009893	756.0	0.0287819785491998	0.0287819785491998	0.00028428129981394	2892.0	16.283654387743606	0.04	0.3457548997902737	0.29538828804281714	25	-1.0730720684332888
HBS1L	HBS1L	0.840445481011376	755.0	0.0287484974377213	0.0287484974377213	8.066651469550559e-05	8763.0	49.35225864593894	0.04	0.4642431104839451	0.30567524633979837	25	-1.4246970216296615
CDKN2AIP	CDKN2AIP	0.764843563468306	754.0	0.0287431712978044	0.0287431712978044	0.000381295338921151	3041.0	17.122901881266195	0.04	0.4096408717420142	0.5244145779242683	25	-0.7263293517733139
WDR35	WDR35	0.8948379457326741	753.0	0.0286384443509431	-0.0286384443509431	0.0129813283973046	5098.0	28.709023318688747	0.08	0.5854787604010153	0.9498350203807641	25	-0.5862495108117297
EXOSC10	EXOSC10	0.881008065193679	752.0	0.028538840566596998	-0.028538840566596998	0.00525528795848267	1374.0	7.733468514137659	0.08	0.3113757384912961	0.42711371532504383	25	-0.6622051406367351
GYG1	GYG1	0.781592014319725	751.0	0.0284529177159107	-0.0284529177159107	2.30437251924904e-06	4808.0	27.07558859975217	0.12	0.43635137019305104	0.41576584504602954	25	-0.9810773475920848
OGFOD3	OGFOD3	0.833643523585595	750.0	0.0284290470514464	-0.0284290470514464	0.0013601878999623	2311.0	13.011152416356877	0.08	0.45730712926741773	0.6237983068089122	25	-0.687526845672169
EID2B	EID2B	0.896489721219881	749.0	0.0283741145248379	0.0283741145248379	2.05799801454257e-06	11518.0	64.86988847583643	0.28	0.7676406079004019	0.8133712147103668	25	-0.9088918811059834
N4BP2L2	N4BP2L2	0.85266753664016	748.0	0.028362839809591003	-0.028362839809591003	3.52974940539789e-05	6807.0	38.3350230933874	0.08	0.5225850962831945	0.5053323360830999	25	-0.9780143109471043
RBM48	RBM48	0.8596235899623901	747.0	0.0283212016751386	0.0283212016751386	1.64676476638041e-06	8027.0	45.20671397994818	0.16	0.6809632339303646	0.69248457180241	25	-0.942464365027684
SLC16A2	SLC16A2	0.9270839632280881	746.0	0.028270803864997997	-0.028270803864997997	0.0007299823172075799	5909.0	33.27700799819758	0.16666666666666666	0.8937321751411416	1.534094991654431	24	-0.564151096238698
LDB1	LDB1	0.843105586277394	745.0	0.0282535724968618	-0.0282535724968618	2.95790263507571e-11	11324.0	63.777176974202995	0.24	0.7582943132201369	0.49430329279351126	25	-1.4769085121758232
CCDC114	CCDC114	0.95544378378197	744.0	0.0282444533899928	-0.0282444533899928	0.0575776557623507	6242.0	35.15264165821786	0.08	0.5622360504141183	0.6563498379909875	25	-0.8135777082822375
YWHAB	YWHAB	0.6735010074047629	743.0	0.0282384674522965	-0.0282384674522965	3.10210088974733e-06	5292.0	29.80173482032218	0.08	0.49751568103072386	0.5731827521408421	25	-0.8187217982845317
EPS15L1	EPS15L1	0.887759239785955	742.0	0.0281727687265842	0.0281727687265842	0.0089501014618343	448.0	2.517742480567759	0.04	0.2613348754083558	0.2701633281165771	25	-0.8630412880506149
PXMP4	PXMP4	0.952655602006634	741.0	0.0281308790699774	-0.0281308790699774	0.00024999525078291297	9476.0	53.36825504111749	0.12	0.6581190104026164	0.5862714487987292	25	-1.0745673060209318
CEACAM4	CEACAM4	0.9703637602776949	740.0	0.0281050698512372	0.0281050698512372	3.8777321235206395e-05	16472.0	92.77345950208404	0.6666666666666666	1.9299848542614073	1.7866932353392546	24	-1.0644691247454374
CAMSAP2	CAMSAP2	0.90013923814785	739.0	0.0280034297159745	-0.0280034297159745	0.000806903001834724	4777.0	26.900980060831362	0.08	0.5236335418105107	0.48833643009888733	25	-1.0149357728526867
RIC8B	RIC8B	0.792036938301446	738.0	0.027971110910386	-0.027971110910386	0.00187919833060638	1309.0	7.367353835755323	0.12	0.6005493687178202	1.5049891682522882	25	-0.380453407829079
DDX27	DDX27	0.906645528082977	737.0	0.0279411536681875	-0.0279411536681875	0.00083267685443978	2796.0	15.742931170440462	0.04	0.3032540138434859	0.2376547021880104	25	-1.1584574495710853
PAPOLG	PAPOLG	0.87374767268309	736.0	0.0279305669920222	0.0279305669920222	0.0007972859320974259	3981.0	22.417483384026134	0.08	0.4797606638779595	0.671161462581459	25	-0.673206258220016
AKAP11	AKAP11	0.9056143456164899	735.0	0.0278854970191693	-0.0278854970191693	0.0025603564417723697	5650.0	31.818181818181817	0.08	0.43144358692575935	0.4521357126514359	25	-0.8925596421924412
RARRES1	RARRES1	0.9598842023682129	734.0	0.0278647822448203	-0.0278647822448203	0.00012890219602430285	14964.0	84.27959896361382	0.5833333333333334	1.7150090601458752	1.5878559339022131	24	-1.0625298189079642
NTMT1	NTMT1	0.914620102624747	733.0	0.0278351540345749	0.0278351540345749	0.000586112381689391	2866.0	16.13720851639067	0.04	0.39357909474704583	0.4094758994542113	25	-0.8932001644052056
RNF10	RNF10	0.807945712937976	732.0	0.0278286379389306	0.0278286379389306	0.00119540425788976	767.0	4.314520671397995	0.04	0.29985920747808836	0.31750912577991963	25	-0.8567645697456735
HNRNPA2B1	HNRNPA2B1	0.823742720004328	731.0	0.0277965212341225	0.0277965212341225	5.05460945464891e-06	7218.0	40.64999436746648	0.08	0.4552313430364675	0.33948818383088153	25	-1.2590565508909575
DMAP1	DMAP1	0.905200575463717	730.0	0.0277677892186831	0.0277677892186831	0.0224094922662896	92.0	0.5125605497352709	0.04	0.3002363702884262	0.4548418196810033	25	-0.599040302100706
GBF1	GBF1	0.7740207334986771	729.0	0.0277654908840368	0.0277654908840368	0.000602203520650562	2149.0	12.098681987157823	0.08	0.36831395528945926	0.385147346312063	25	-0.8842030658300198
TMEM30A	TMEM30A	0.8792407885772621	728.0	0.0277445364993708	0.0277445364993708	1.7068320284432998e-05	9330.0	52.545905148135624	0.08	0.50314667990371	0.5122956982140163	25	-0.9279838676407067
HSD17B14	HSD17B14	0.9324077689944079	727.0	0.0276864788249032	0.0276864788249032	0.00013419807178407646	8487.0	47.7976793961924	0.16666666666666666	0.7131986697993286	0.6540851600671934	24	-1.0480473076380505
PIGH	PIGH	0.8451641042221729	726.0	0.0276731217361849	-0.0276731217361849	2.29044290408387e-11	6589.0	37.10713078742818	0.16	0.6661220653105278	0.6537980780536148	25	-0.9765231269492762
TOR1A	TOR1A	0.8237272486551541	725.0	0.0276670420647545	0.0276670420647545	0.00323355479290789	835.0	4.697532950321055	0.12	0.3795384497025151	0.6338711160409535	25	-0.5551150679265636
ANKRD27	ANKRD27	0.9221482780187729	724.0	0.0275974985527358	-0.0275974985527358	0.00898671318079476	1868.0	10.515940069843415	0.08	0.35698351678631257	0.4153236378658096	25	-0.7930827629416095
MIGA2	MIGA2	0.8941967107634279	723.0	0.0275743183717165	-0.0275743183717165	6.84549241681772e-07	8453.0	47.60617325673088	0.12	0.5847617888408881	0.5036890141394039	25	-1.106213268163441
DRAM2	DRAM2	0.8938011918715542	722.0	0.0275065438798651	-0.0275065438798651	2.03859576227231e-08	10625.0	59.84003604821448	0.16	0.6840977422199032	0.5017183148899038	25	-1.3086849310735633
NT5DC4	NT5DC4	0.9716191553848872	721.0	0.0274999955734188	0.0274999955734188	0.0132460598748694	4775.0	26.889714993804212	0.16	0.6027687742441032	0.7216217009351427	25	-0.797188856606168
HES5	HES5	0.9681839544003891	720.0	0.0274792664092748	0.0274792664092748	0.006544642574559405	15558.0	87.62532387067702	0.5416666666666666	1.5149488211131248	1.2278100268957344	24	-1.2114818433798031
ETFB	ETFB	0.882572050066259	719.0	0.0274637155217583	-0.0274637155217583	0.000673087578394846	3267.0	18.39585445533401	0.12	0.5743590388971678	0.899841375484491	25	-0.6077685893038105
C16orf71	C16orf71	0.948117733921651	718.0	0.0274476889195497	0.0274476889195497	0.00911556197982887	7554.0	42.542525628027484	0.08	0.7908474061084371	1.216195420547677	25	-0.6276949446538067
ZNF655	ZNF655	0.856418696802022	717.0	0.0274199856787228	-0.0274199856787228	3.9380308377130105e-05	2618.0	14.74034020502422	0.04	0.4628406441213667	0.6342063519116472	25	-0.6865599140251175
LINC01578	LINC01578	0.9066779607824691	716.0	0.0273548448181342	-0.0273548448181342	6.956060561012099e-05	5917.0	33.32206826630618	0.12	0.5478272011815719	0.5743059619812594	25	-0.9062631956107424
KIF1B	KIF1B	0.8992325063189359	715.0	0.027314061336613	-0.027314061336613	0.0379806862968745	457.0	2.568435282189929	0.04	0.25852057006910284	0.3088607287106759	25	-0.7485785250123905
DAGLA	DAGLA	0.9238089580362672	714.0	0.027309338413009	-0.027309338413009	1.1673754632151505e-09	10865.0	61.19184409147234	0.3333333333333333	0.9310635767147487	0.8799079189692828	24	-1.0271009259246018
DGCR8	DGCR8	0.8180281350246892	713.0	0.0272782867490992	-0.0272782867490992	3.21302538443031e-05	4355.0	24.52405091810296	0.08	0.539427433020498	0.9974400501357027	25	-0.51346358731206
DBT	DBT	0.909926287478884	712.0	0.0272505935183184	0.0272505935183184	3.97732519970742e-06	8207.0	46.22057001239157	0.04	0.5174450098364995	0.32860758660483996	25	-1.4917318902550294
RARS2	RARS2	0.8733724474306179	711.0	0.0272268823821636	-0.0272268823821636	3.7419202059579896e-07	7526.0	42.3848146896474	0.08	0.5098930003528004	0.3853701639535817	25	-1.2524740187950163
AKT1	AKT1	0.8296548279250509	710.0	0.027216623948924	-0.027216623948924	0.0037143679925976795	4786.0	26.95167286245353	0.04	0.45681281904562354	0.5263359961796309	25	-0.8162014344732078
BBS4	BBS4	0.862790401565176	709.0	0.0272160709669293	0.0272160709669293	0.00511252912576255	712.0	4.0047313281514025	0.04	0.3684211881526645	0.6434869524435948	25	-0.5302440335270725
SYNJ1	SYNJ1	0.853279233916112	708.0	0.0270550340470464	0.0270550340470464	0.0246060838266427	1222.0	6.877323420074349	0.08	0.3661256193464568	0.5926513046820494	25	-0.5721249284709123
POLR2J4.1	POLR2J4.1	0.87551731119722	707.0	0.0269941292055115	0.0269941292055115	0.012236254812498001	1255.0	7.063197026022305	0.04	0.28721522172396496	0.33035499862256973	25	-0.7877013927546344
BAZ2B	BAZ2B	0.8833344623249391	706.0	0.0269575348745346	0.0269575348745346	0.000144259175385713	5687.0	32.02658555818407	0.2	0.6009164964096596	0.6613200395360238	25	-0.8678989403342585
RPS7	RPS7	0.836839078507515	705.0	0.026882785557158	0.026882785557158	6.379277828193071e-07	6479.0	36.487552100935	0.08	0.45774282448003417	0.39759321566493994	25	-1.083670500268221
RABGAP1L	RABGAP1L	0.88937306692763	704.0	0.0268644831239281	-0.0268644831239281	3.9593632172847204e-05	6791.0	38.244902557170214	0.2	0.5574010722876364	0.5094033432082111	25	-1.0414862725917746
ZNF579	ZNF579	0.914620102624747	703.0	0.0268269923188536	-0.0268269923188536	1.7043597076991901e-09	12195.0	68.6831136645263	0.32	1.193259679920493	1.2392967613390384	25	-0.9412053060974108
NFAT5	NFAT5	0.9056467753343042	702.0	0.026809482298701	0.026809482298701	0.00595624711335544	1723.0	9.699222710375127	0.08	0.4146419728128708	0.5230505406917824	25	-0.7414818652155979
ALS2	ALS2	0.866250514653817	701.0	0.0267913608642209	-0.0267913608642209	0.00110009713008745	2428.0	13.670158837445081	0.08	0.3521863726769995	0.30204008453186826	25	-1.0773239330703674
CLEC4G	CLEC4G	0.97501064426376	700.0	0.0267597191258597	-0.0267597191258597	2.0949635637599202e-08	17525.0	98.70451729187788	0.75	2.9512636523670683	1.7380245099805156	24	-1.6826597763422764
TTC33	TTC33	0.909286481213313	699.0	0.0267393723274261	0.0267393723274261	3.21009111292206e-05	7990.0	44.99831023994592	0.04	0.5443239446831462	0.5787499155041121	25	-0.8943147264304742
GPS1	GPS1	0.8810577519782171	698.0	0.0267213369985197	-0.0267213369985197	0.0113539496684018	2217.0	12.481694266080883	0.04	0.2802932711643663	0.24103072501167394	25	-1.0520315787689112
MTRR	MTRR	0.9053758318274491	697.0	0.0266843867353538	-0.0266843867353538	1.9379858240436e-06	6084.0	34.262701363073106	0.04	0.4287950781370138	0.29688475141745435	25	-1.3544336294869042
MTERF4	MTERF4	0.76037211658905	696.0	0.0265793349389783	0.0265793349389783	0.000996453993564276	1278.0	7.1927452968345165	0.04	0.32416249172109013	0.4671811091643048	25	-0.6369760055461781
CCDC113	CCDC113	0.95544378378197	695.0	0.0265743238578409	0.0265743238578409	0.0017368046437236302	7879.0	44.37309901993916	0.12	0.5860050157439152	0.46961375357201024	25	-1.1912570439662211
TRAM2.AS1	TRAM2.AS1	0.8976338376204359	694.0	0.0265509896766392	0.0265509896766392	4.6021319405248595e-06	6695.0	37.70417933986707	0.08	0.5068535944512325	0.5951337301044466	25	-0.8070498788403401
TRANK1	TRANK1	0.860270439051202	693.0	0.0264890818129863	0.0264890818129863	0.000615469086528095	4966.0	27.965528894896924	0.08	0.7250051971538513	1.2915136648380392	25	-0.5408507353489455
CHCHD5	CHCHD5	0.8775367085240029	692.0	0.0264441588135785	-0.0264441588135785	0.0327550051186676	2565.0	14.441815928804775	0.04	0.36821606007050794	0.39948970503155157	25	-0.8555211735179419
B4GALNT1	B4GALNT1	0.9598842023682129	691.0	0.0264296386814939	0.0264296386814939	0.002687585192073935	11441.0	64.4361833952912	0.25	0.8981875978940249	1.1203049442713107	24	-0.7781434543070376
C7orf61	C7orf61	0.9580309534020391	690.0	0.0263948936937889	0.0263948936937889	1.2512765645699349e-05	10660.0	60.03717472118959	0.3333333333333333	1.1059200046537143	1.405131363632188	24	-0.7682734432526022
TYW3	TYW3	0.9092324637154341	689.0	0.0263780752543385	-0.0263780752543385	0.0185179796117598	1365.0	7.68277571251549	0.04	0.3052651028743599	0.33238129190649984	25	-0.8390575354598279
NUP54	NUP54	0.8390607895711429	688.0	0.0263502465672888	0.0263502465672888	0.00016866445721278798	5872.0	33.068604258195336	0.08	0.4171570101991713	0.3426213363983051	25	-1.1406375555594725
SYNE2	SYNE2	0.9439205515385991	687.0	0.0263065016149803	0.0263065016149803	0.0135472522298269	4167.0	23.465134617550977	0.12	0.44888494843130355	0.41992788444103957	25	-1.0063119465829515
UBXN8	UBXN8	0.878182629661137	686.0	0.0262862144483074	-0.0262862144483074	0.00206421067508284	3672.0	20.677030528331645	0.04	0.44861579908509674	0.6684312833860064	25	-0.6318219914804645
RAB27A	RAB27A	0.935577121260554	685.0	0.0262285421300501	-0.0262285421300501	1.7175750363663556e-05	7075.0	39.844542075025345	0.08333333333333333	0.5795317150687673	0.6511902796512127	24	-0.8496797176319566
SACS.AS1	SACS.AS1	0.9905035158506371	684.0	0.0262283229823412	0.0262283229823412	1.744535360495565e-05	15371.0	86.57204010363861	0.6666666666666666	1.74641378695689	1.256913087451295	24	-1.3685794834570895
STRADB	STRADB	0.870492421030213	683.0	0.026220359418186002	0.026220359418186002	0.0120667438532838	969.0	5.452292441140025	0.08	0.2913086115136174	0.35125853627807746	25	-0.7546813093976215
TMEM26.AS1	TMEM26.AS1	0.9678938100697779	682.0	0.0261399118300017	-0.0261399118300017	0.00012824637961508453	15068.0	84.86538244902556	0.5416666666666666	1.4310108859543142	1.042528234843879	24	-1.3475615596489772
C1S	C1S	0.930513060962159	681.0	0.0261168120941747	-0.0261168120941747	9.022112773122734e-05	11980.0	67.4721189591078	0.16666666666666666	1.6245904051880817	4.56767908851996	24	-0.3499531298315994
ZBED4	ZBED4	0.9316930812104229	680.0	0.0259660068426338	0.0259660068426338	0.00385547966406646	2056.0	11.574856370395404	0.08	0.3348965813371845	0.37755480107248407	25	-0.8182403550875289
NAT2	NAT2	0.9737066643792869	679.0	0.0259232510657857	0.0259232510657857	3.840478129241775e-06	15782.0	88.8870113777177	0.5833333333333334	1.6943317563925075	1.46709150685365	24	-1.1372218416728619
ARMC3	ARMC3	0.964232171738832	678.0	0.0259216935930145	0.0259216935930145	1.2497793776574042e-06	15286.0	86.09327475498479	0.6666666666666666	1.612583221934415	1.1456806777160171	24	-1.3849072950278825
NEDD1	NEDD1	0.89399980877605	677.0	0.0259211421780646	0.0259211421780646	0.00014788425506653501	8425.0	47.44846231835079	0.04	0.5036918288074852	0.3865756144641446	25	-1.235904875406295
RFT1	RFT1	0.813494535839732	676.0	0.0259056229096125	-0.0259056229096125	0.0043944051954462205	1728.0	9.727385377942998	0.0	0.23632205001419077	0.21447378337386216	25	-0.9810822739942472
TADA2A	TADA2A	0.8495494824046651	675.0	0.0258458397685191	-0.0258458397685191	0.0010294588683564	1999.0	11.253801960121661	0.04	0.31602925855593667	0.2535182873033275	25	-1.1446251940011778
HSPA1L	HSPA1L	0.921003651094697	674.0	0.0258324834147979	-0.0258324834147979	1.54904367636254e-05	12905.0	72.68221245916412	0.24	1.0901545298225115	1.2822258046320667	25	-0.8300582023562688
SLC34A2	SLC34A2	0.9540957808994269	673.0	0.0258208236484049	-0.0258208236484049	0.0187056623741386	14823.0	83.48541173819984	0.5217391304347826	1.7047695765339872	1.9241389339556687	23	-0.8725714776915711
RREB1	RREB1	0.8336418255061229	672.0	0.0258041992862058	-0.0258041992862058	1.8615156292216898e-05	1422.0	8.00383012278923	0.08	0.46515061114541134	0.5953645937074449	25	-0.7379451457187176
NRM	NRM	0.870492421030213	671.0	0.0257438374506186	-0.0257438374506186	0.000314047657288935	5881.0	33.119297059817505	0.08	0.46994291284202944	0.5039522410075866	25	-0.881430896116848
NFU1	NFU1	0.87227574764873	670.0	0.0256290776408617	0.0256290776408617	5.1761139890823603e-05	7275.0	40.97104877774022	0.12	0.532448898725679	0.4348567110838337	25	-1.1654869481526988
SLC7A6OS	SLC7A6OS	0.910323930482784	669.0	0.0256198312763943	0.0256198312763943	0.0008913588499759199	476.0	2.6754534189478427	0.08	0.4125098881093171	0.6021105781285881	25	-0.6425564852811765
ZNF24	ZNF24	0.896349393089713	668.0	0.025569185221012	0.025569185221012	0.00015695875255299899	7273.0	40.959783710713076	0.08	0.4670256675940211	0.3849056978467787	25	-1.1469211415746354
OIP5.AS1	OIP5.AS1	0.878182629661137	667.0	0.025437218560488	-0.025437218560488	0.0164962151560815	1616.0	9.096541624422665	0.04	0.2707315957893875	0.3010608056987775	25	-0.8147668928858365
ZNF133	ZNF133	0.8953407149341228	666.0	0.0254346689849457	-0.0254346689849457	0.0023266654051735	525.0	2.9514475611129884	0.08	0.3495301052964569	0.44641046412002283	25	-0.7260032242980179
RAD9B	RAD9B	0.9297306341595281	665.0	0.0254198944028483	0.0254198944028483	0.0034254171835043	9427.0	53.09226089895235	0.12	0.7216447244466753	1.0400277998465424	25	-0.6694290577103381
MGST2	MGST2	0.9067091194894951	664.0	0.0254107459268518	0.0254107459268518	2.07468353770604e-07	7229.0	40.7119522361158	0.16	0.6337795901409315	0.6069002152153666	25	-1.002419885447218
CPXM2	CPXM2	0.954349703618026	663.0	0.0253560134950503	-0.0253560134950503	9.079107092470925e-05	12984.0	73.12718260673651	0.4166666666666667	1.2085065784087854	1.3571732665794183	24	-0.871775619258781
FTL	FTL	0.946619523124115	662.0	0.0253448363084596	-0.0253448363084596	0.0016830275264418	7761.0	43.708460065337384	0.12	0.5792083531872209	0.6853416982209208	25	-0.8081567462136567
CLEC7A	CLEC7A	0.946659784740697	661.0	0.0253310112841399	0.0253310112841399	0.000759786576445368	13869.0	78.11197476624986	0.4583333333333333	1.3854981278206033	1.4106804821360621	24	-0.9641921992688869
HUNK	HUNK	0.9561621471959649	660.0	0.0253191011096274	0.0253191011096274	0.058549736201340755	4666.0	26.275768840824604	0.041666666666666664	0.510755259542796	0.6218800707243443	24	-0.7805944928702241
CTF1	CTF1	0.941443007169166	659.0	0.0252630771973332	-0.0252630771973332	0.030472279220611	2688.0	15.134617550974427	0.125	0.6537700913028193	1.185863179417213	24	-0.5299996028330712
TMEM44.AS1	TMEM44.AS1	0.9126507561068101	658.0	0.0252504041525967	-0.0252504041525967	1.7388790900409197e-05	7565.0	42.6044834966768	0.12	0.5227296526076011	0.3810610156992152	25	-1.3055107396440735
UBE3C	UBE3C	0.8090373549088721	657.0	0.0252443545138446	-0.0252443545138446	0.0023105662473895897	6660.0	37.50704066689197	0.2	0.8430970706088946	1.4558192379406238	25	-0.5617817753610469
LINC01521	LINC01521	0.93746120299797	656.0	0.0251886739249025	0.0251886739249025	0.00013259060460528286	7396.0	41.65258533288273	0.16666666666666666	0.7250754435161536	1.1417764405395803	24	-0.6129805667215369
HSPA4L	HSPA4L	0.9194963010625459	655.0	0.0251396303003996	0.0251396303003996	1.35614468296997e-05	7730.0	43.533851526416576	0.04	0.44570491750426383	0.23725218661429523	25	-1.7726508370925327
RASGEF1C	RASGEF1C	0.962778417759034	654.0	0.0249763943880748	0.0249763943880748	0.002731895860920657	13806.0	77.75712515489467	0.5	1.3034853075567934	1.3564658494114754	24	-0.9425293778854958
SPATA33	SPATA33	0.907427577400229	653.0	0.0249639975911822	0.0249639975911822	0.0462491153095664	212.0	1.1884645713641995	0.08	0.41375182953984585	0.6877493046312985	25	-0.5653045802163222
NOP56	NOP56	0.916846518335168	652.0	0.0249024538147567	0.0249024538147567	0.0149717601444483	1814.0	10.211783260110396	0.12	0.48914218179731933	0.682876974921798	25	-0.6798292299073734
ASXL2	ASXL2	0.914620102624747	651.0	0.0247527133904465	0.0247527133904465	0.00315103059057723	4158.0	23.414441815928804	0.12	0.4427262004643856	0.42430783735674904	25	-0.9850713332983191
ZC2HC1C	ZC2HC1C	0.9409602044021559	650.0	0.0247216427273016	0.0247216427273016	0.000411046123526534	8269.0	46.569787090233184	0.16	0.6452656888819375	0.6372276855693841	25	-0.973818401503003
MRPS11	MRPS11	0.8017760973003009	649.0	0.0246656928949134	0.0246656928949134	0.00011347510579293799	267.0	1.4982539146107918	0.08	0.3847406233217518	0.5073231072802266	25	-0.7097546420804884
PES1	PES1	0.8754916592067091	648.0	0.0246221513846005	0.0246221513846005	0.00127872897570464	3927.0	22.11332657429312	0.0	0.3924618101106235	0.2556644939464597	25	-1.4387592623755359
ZNF347	ZNF347	0.8951152958491041	647.0	0.0244833900821538	0.0244833900821538	0.0011692151458025156	8548.0	48.14126394052044	0.125	0.6624490608251407	0.8288690496482264	24	-0.7696820999815842
BSG	BSG	0.8959202881553309	646.0	0.0244408964359366	0.0244408964359366	0.000145049359029927	5804.0	32.685591979272274	0.08	0.41680913234185013	0.37119120188845156	25	-1.0570515516254773
NUMA1	NUMA1	0.870492421030213	645.0	0.0243268968025685	0.0243268968025685	0.000109396188487188	6445.0	36.29604596147347	0.12	0.5252783564699008	0.5116166807917983	25	-0.979153883122106
COG4	COG4	0.883335463594884	644.0	0.0243074013454629	-0.0243074013454629	0.000185844103260678	1078.0	6.0662385941196355	0.04	0.28793212096977383	0.3899017612825495	25	-0.6761311330247376
PHYKPL	PHYKPL	0.8997445094473109	643.0	0.024287748331128997	0.024287748331128997	1.24173697623661e-05	4181.0	23.543990086741015	0.08	0.45254317659882526	0.4895412026648905	25	-0.8748097727758645
GPN2	GPN2	0.8775367085240029	642.0	0.024228984265915	-0.024228984265915	0.00276794884399941	659.0	3.7062070519319588	0.0	0.23667615885943305	0.18362276951617934	25	-1.1569762026424448
SNAPC5	SNAPC5	0.847221040845144	641.0	0.0241986104221083	-0.0241986104221083	1.74703730650866e-05	4361.0	24.557846119184408	0.04	0.37094791871758837	0.28732656249509875	25	-1.206812573415989
FAM86B3P	FAM86B3P	0.9126507561068101	640.0	0.0241854750533914	0.0241854750533914	0.04210246301345419	513.0	2.8838571589500956	0.08333333333333333	0.42230169138691	0.7682756860923395	24	-0.5181944756815703
CA1	CA1	0.977473259924183	639.0	0.0241854575892598	0.0241854575892598	0.0017616272343432074	17292.0	97.39213698321504	0.6666666666666666	3.379940943877683	3.2875564980680028	24	-1.0207445828719595
EMC7	EMC7	0.8375290389697829	638.0	0.0240940747659743	0.0240940747659743	6.31015215853562e-05	3974.0	22.378055649431115	0.12	0.4481698542845775	0.4537060352882273	25	-0.9346928331010612
PPP1R8	PPP1R8	0.8227686173013941	637.0	0.0240743281567693	0.0240743281567693	0.018897222292172	714.0	4.015996395178552	0.12	0.37613971780108374	0.4783133142727429	25	-0.7360560100226698
SV2A	SV2A	0.9454216700336721	636.0	0.023912403170267004	0.023912403170267004	2.0176854706538418e-07	14085.0	79.32860200518192	0.5	1.6450368833222502	1.9138835993812564	24	-0.847033999704099
C1orf56	C1orf56	0.840268509302812	635.0	0.023906201454212996	-0.023906201454212996	0.007151965527916459	4707.0	26.506702714881154	0.08	0.45287502513852734	0.3981844384434057	25	-1.0773118742692505
WFDC11	WFDC11	0.9930946500749059	634.0	0.0238565654083474	0.0238565654083474	0.0120210424754502	13938.0	78.50061957868648	0.43478260869565216	1.4774553380659412	1.4233912208565322	23	-1.021222241193032
AMZ2P1	AMZ2P1	0.853279233916112	633.0	0.0238247817406006	0.0238247817406006	7.31438162024631e-05	6209.0	34.966768052269906	0.08	0.5376044059349503	0.7254641622691934	25	-0.7082081388931583
TULP3	TULP3	0.870453142155669	632.0	0.023818354742607004	0.023818354742607004	0.00807099755116732	1258.0	7.080094626563028	0.04	0.2911429687182695	0.3407349345873458	25	-0.7845529965966407
MLF1	MLF1	0.95544378378197	631.0	0.023815912814042006	-0.023815912814042006	0.0025161298532562397	10417.0	58.66846907739101	0.16	0.8072854692213892	0.6946482342178107	25	-1.127865180985526
TRIM39	TRIM39	0.891830208624652	630.0	0.0237731365697246	-0.0237731365697246	0.00043598654292627595	1189.0	6.691449814126394	0.04	0.3116968197012074	0.3437463280859877	25	-0.8376051163503891
NCEH1	NCEH1	0.9340072586725491	629.0	0.0236919088073665	0.0236919088073665	2.0911746363435299e-10	10956.0	61.70440464120761	0.16	0.8331038614156607	0.7739498120633428	25	-1.0458196901042067
KLHL2	KLHL2	0.8980636132783579	628.0	0.0236759585197897	-0.0236759585197897	6.29640028992009e-06	5843.0	32.905260786301675	0.0	0.36512456050701564	0.23953449051581685	25	-1.4254673773782884
HMG20A	HMG20A	0.823991950022818	627.0	0.0236546205348124	0.0236546205348124	0.0036553480512125204	610.0	3.430212909766813	0.08	0.3557758544833686	0.566933605611934	25	-0.5858203335645854
SPTBN4	SPTBN4	0.958656157321217	626.0	0.0236440349275058	0.0236440349275058	2.10326378563542e-06	13681.0	77.05305846569786	0.5	1.448046279727345	1.283797021645051	24	-1.1095229392062442
HAPLN4	HAPLN4	0.9657342428011272	625.0	0.0235916633374691	0.0235916633374691	9.647437911784915e-10	16052.0	90.40779542638278	0.6666666666666666	1.9602946066940492	1.8870082348187522	24	-1.0263351837161436
FBXO8	FBXO8	0.8730325119522511	624.0	0.0235183935869743	-0.0235183935869743	1.2721928873819001e-09	7693.0	43.32544778641432	0.08	0.5925955737612433	0.4911352150795919	25	-1.1586975698373534
CHST1	CHST1	0.976053904601057	623.0	0.0235094900816031	0.0235094900816031	1.1791910128441175e-06	15628.0	88.01960121662724	0.625	1.6354954657612424	1.5512366032897422	24	-1.0391618997779348
CREBBP	CREBBP	0.914620102624747	622.0	0.023477146179729	0.023477146179729	4.88348218332644e-10	10370.0	58.40374000225301	0.2	0.6337691188145341	0.4586559437059695	25	-1.330609536428563
DEPDC5	DEPDC5	0.8730325119522511	621.0	0.02344710297507	-0.02344710297507	0.000192323765065416	992.0	5.581840711952236	0.12	0.39485210480438077	0.659728831734619	25	-0.5629661520973381
TNIP1	TNIP1	0.914620102624747	620.0	0.023344888409867003	-0.023344888409867003	0.0263348857041864	3336.0	18.784499267770645	0.04	0.4508075269330349	0.6511458255626613	25	-0.6564775841936686
CDH12	CDH12	0.98223275885812	619.0	0.0232943377394942	-0.0232943377394942	2.2089375610558303e-08	14356.0	80.85501858736059	0.5	1.4588814349419117	1.1760201389076714	24	-1.2207164228801735
UBALD1	UBALD1	0.9170939675570129	618.0	0.0232806468481146	0.0232806468481146	4.1127085977109097e-10	13593.0	76.55739551650332	0.48	1.3596956119316213	1.176657490051239	25	-1.1357722841039417
SLC25A35	SLC25A35	0.880596785000801	617.0	0.0232678100645865	-0.0232678100645865	3.6114242517272296e-05	4717.0	26.563028050016896	0.04	0.37249107548759186	0.2612652132548924	25	-1.3366619347149764
PTOV1	PTOV1	0.909659693089494	616.0	0.0232675091390805	-0.0232675091390805	6.80604505049615e-07	5467.0	30.7874281851977	0.16	0.4909405342641114	0.48044521445967464	25	-0.9734159297454804
KHDC3L	KHDC3L	0.993219359809867	615.0	0.0232064358196647	-0.0232064358196647	1.2634544806751688e-05	17648.0	99.39731891404753	0.7727272727272727	3.5158240596004773	2.395217581647267	22	-1.4581629871716408
CLYBL	CLYBL	0.893724251502244	614.0	0.0231738241842448	-0.0231738241842448	0.0493161740266546	374.0	2.100935000563253	0.12	0.4717624481460544	0.9068870689109935	25	-0.4946466206652202
IER3IP1	IER3IP1	0.90700004760102	613.0	0.0230734171761448	-0.0230734171761448	6.80143017837676e-09	10438.0	58.78675228117607	0.16	0.6564099625879869	0.4760759434554462	25	-1.330326713874618
SEC16B	SEC16B	0.918660267043463	612.0	0.0230672087260509	0.0230672087260509	0.0009717689729622231	9979.0	56.20141939844542	0.2916666666666667	1.077197777390567	1.504740579166982	24	-0.7005397363896961
SNRNP27	SNRNP27	0.868908292372655	611.0	0.0230498748179722	0.0230498748179722	8.70507649682118e-07	5376.0	30.27486763546243	0.08	0.5316873412567444	0.5733728569265365	25	-0.8870972183183439
ZC3H14	ZC3H14	0.852264811005194	610.0	0.0228689068256875	-0.0228689068256875	9.87179085039857e-06	5752.0	32.392700236566405	0.04	0.4225852973990857	0.3295142323649977	25	-1.213047423489249
BCAS4	BCAS4	0.913481950815213	609.0	0.0227948783073907	-0.0227948783073907	0.0018855063594807	1351.0	7.603920243325448	0.16	0.7272605550441031	1.2936292502079696	25	-0.5445653587559646
BUD13	BUD13	0.855291037022562	608.0	0.0227727936747236	-0.0227727936747236	0.00012042685233833899	3784.0	21.307874281851976	0.0	0.30411159779732616	0.2210440518855879	25	-1.272772561499294
SHTN1	SHTN1	0.884283751923033	607.0	0.0227574386271813	0.0227574386271813	6.70725073054e-07	11678.0	65.77109383800833	0.12	0.7431899412654599	0.5574319866901704	25	-1.2924132806155355
GCLC	GCLC	0.932785244997908	606.0	0.022706214149935004	0.022706214149935004	7.3192361328187e-09	11599.0	65.32612369043595	0.24	0.7666799468225607	0.6121928763591614	25	-1.2152603556859276
OSER1	OSER1	0.879651879473447	605.0	0.022691188778479	-0.022691188778479	4.40145728190789e-06	5949.0	33.50230933874056	0.16	0.5839479422434901	0.7538202533034661	25	-0.7445498459419416
DTL	DTL	0.970692256495264	604.0	0.0226605472145245	-0.0226605472145245	0.00276054507411548	4544.0	25.588599752168527	0.2	0.8814785666593501	1.5238248720926117	25	-0.5635936485702868
DYNC1I2	DYNC1I2	0.862595974708389	603.0	0.0226244599464868	-0.0226244599464868	5.41960605919178e-07	7209.0	40.599301565844314	0.04	0.4200973465559322	0.33352151773837263	25	-1.1917458558737992
RALGAPA1	RALGAPA1	0.9053758318274491	602.0	0.0225960193533212	0.0225960193533212	2.13207213373741e-06	7417.0	41.77086853666779	0.08	0.5488447275176825	0.42028711270891245	25	-1.2521171652694405
DYNC2H1	DYNC2H1	0.911162445659381	601.0	0.0225803138409917	0.0225803138409917	0.00351697468030193	7593.0	42.762194435056884	0.08	0.5253472984398775	0.3906985674137779	25	-1.286841126464688
CLCN5	CLCN5	0.914620102624747	600.0	0.0225546945307306	0.0225546945307306	0.0437902748286828	501.0	2.816266756787203	0.08	0.5398848308041146	1.1568196673803601	25	-0.44720032936930254
AKT1S1	AKT1S1	0.903690092617981	599.0	0.0225019008836482	0.0225019008836482	0.000291096467800832	5136.0	28.923059592204574	0.08	0.4664768776066927	0.4371015432770975	25	-1.0157250267167088
TGFBR1	TGFBR1	0.9127515687696109	598.0	0.0224614436846157	0.0224614436846157	0.0119062241137551	3060.0	17.229920018024107	0.08	0.44589622959826847	0.47902906305270043	25	-0.8839438325834282
GIT2	GIT2	0.835612496677674	597.0	0.0224526496696702	0.0224526496696702	0.16927456466725402	144.0	0.80545229244114	0.04	0.2865522300868851	0.4378370654503549	25	-0.6031914638052963
TEKT2	TEKT2	0.9741202770368579	596.0	0.0224207417191086	0.0224207417191086	0.012039005665876401	12108.0	68.19308324884533	0.20833333333333334	0.8931768866071509	0.8745293984890173	24	-0.9956853896421386
APC	APC	0.9109256493721422	595.0	0.0224014076777315	-0.0224014076777315	0.00989073448059717	2804.0	15.787991438549058	0.08	0.4249625787020217	0.49462951178287784	25	-0.8138640364851463
LRRC66	LRRC66	0.955406750590399	594.0	0.022268479747143997	0.022268479747143997	0.0002544892317601135	12719.0	71.63456122563929	0.375	1.2228709946577496	1.1671485607214032	24	-1.0286629785744883
FAM102A	FAM102A	0.9357699290844871	593.0	0.0222631662829382	-0.0222631662829382	0.0247057500378367	2836.0	15.968232510983439	0.16	0.5913024412144691	1.0435657548944912	25	-0.5452835839645419
CCNK	CCNK	0.886516437325265	592.0	0.0221983567295594	0.0221983567295594	0.0150835736541036	3000.0	16.891968007209645	0.04	0.35016402741440833	0.35830786719645275	25	-0.9153180845594779
DDX50	DDX50	0.8095268232733901	591.0	0.0221766410715568	-0.0221766410715568	0.0393202823949823	644.0	3.621719049228343	0.04	0.32427118258751647	0.4404717395721095	25	-0.6858431866921256
ELMO2	ELMO2	0.8302156234956629	590.0	0.0221753182865943	0.0221753182865943	0.00437888625501759	1682.0	9.468288836318575	0.12	0.3131683563135978	0.3436898676310833	25	-0.8466733105421526
MRPS5	MRPS5	0.8639311595541379	589.0	0.0221740011518847	-0.0221740011518847	4.378801452578109e-06	402.0	2.2586459389433364	0.08	0.3512279260733934	0.44713702815524786	25	-0.7359129398857565
ALMS1	ALMS1	0.88937306692763	588.0	0.0221391817753917	0.0221391817753917	0.0746957346155246	3374.0	18.998535541286472	0.04	0.3911583955530658	0.46271977935700215	25	-0.7975004100547963
CYP3A43	CYP3A43	0.9762633062184051	587.0	0.0220719926195284	-0.0220719926195284	0.007856697173500286	13928.0	78.44429424355074	0.5	1.6206938572912375	1.6519270521729001	24	-0.9677315124592973
SLC25A1	SLC25A1	0.85275136521336	586.0	0.0220127598623769	0.0220127598623769	0.00235596786170175	1799.0	10.12729525740678	0.08	0.4081260809617572	0.5500039606641047	25	-0.7020191647950427
RBFA	RBFA	0.892425172679722	585.0	0.0219930200796639	0.0219930200796639	0.00591886731723041	1059.0	5.959220457361721	0.08	0.3247918411565029	0.42478917846367464	25	-0.7128214098390279
INTS9	INTS9	0.888665526729638	584.0	0.0219877019845361	0.0219877019845361	0.032816435782887995	1413.0	7.953137321167061	0.0	0.24873046579818156	0.20852228161000422	25	-1.0873790659825924
NPTN	NPTN	0.870492421030213	583.0	0.0219179942812218	-0.0219179942812218	0.000470170612794935	3052.0	17.184859749915514	0.16	0.6721854458496905	1.3517120101552205	25	-0.48106952271127407
DDX54	DDX54	0.8990551117664101	582.0	0.0219058173876686	0.0219058173876686	8.028542482319079e-07	10147.0	57.14768502872592	0.16	0.5399711423108223	0.40376798660882135	25	-1.283076772069763
ARF6	ARF6	0.9221482780187729	581.0	0.0218767413413233	0.0218767413413233	0.000313162931483386	6144.0	34.60065337388757	0.16	0.5046608119799505	0.4778024682913996	25	-1.0104260707673647
ACTN3	ACTN3	0.9713398020765699	580.0	0.0218342961319554	0.0218342961319554	0.0003739126376095768	16857.0	94.94198490481018	0.6666666666666666	2.5507843575835727	2.090066688104584	24	-1.209985344412643
MVB12A	MVB12A	0.9074504382497801	579.0	0.0217954012942818	-0.0217954012942818	0.00318541027598014	1992.0	11.21437422552664	0.08	0.42221631917959873	0.4450598480280174	25	-0.8997012866011441
GPANK1	GPANK1	0.8980801190719029	578.0	0.0217454457747778	-0.0217454457747778	0.00019980474845080802	4415.0	24.862002928917427	0.12	0.4679937968675081	0.5997211720153506	25	-0.7440930417599265
COQ3	COQ3	0.9228280748252399	577.0	0.0217429629583622	-0.0217429629583622	4.51185136904775e-05	5901.0	33.23194773008899	0.08	0.5072642116366853	0.6356654522162589	25	-0.763799962677765
C3orf38	C3orf38	0.8939308789698192	576.0	0.0216860303507123	0.0216860303507123	1.54841706500422e-05	7479.0	42.1200856145094	0.08	0.48102100450231844	0.3900763780954706	25	-1.1775513718474504
LY86	LY86	0.95544378378197	575.0	0.0216764145460712	-0.0216764145460712	0.011656618728460515	11684.0	65.80488903908977	0.2916666666666667	1.555361112656992	2.284123832527553	24	-0.6714542689280487
DYNLT3	DYNLT3	0.941412206667269	574.0	0.0216541772425785	-0.0216541772425785	9.18099257810119e-08	10742.0	60.49904246930269	0.16	0.7943948798046402	0.6566839451120153	25	-1.176731528635514
RPLP2	RPLP2	0.914620102624747	573.0	0.0215681398118506	-0.0215681398118506	0.0293838237234703	2033.0	11.445308099583192	0.12	0.41018490085381937	0.5031501760512417	25	-0.7723673359152146
KRR1	KRR1	0.8941031505334001	572.0	0.0214683772225149	-0.0214683772225149	0.000137437252985768	9459.0	53.272501971386724	0.12	0.5694283848797277	0.42442344668893595	25	-1.29106912431918
SET	SET	0.8928913938109592	571.0	0.0214542741112422	0.0214542741112422	4.01214183098656e-05	5385.0	30.3255604370846	0.12	0.4593807345050231	0.4993818024583474	25	-0.87693716158251
SHF	SHF	0.952655602006634	570.0	0.0214359220713619	-0.0214359220713619	1.969073723190905e-09	12006.0	67.61856483046074	0.4166666666666667	1.1669039225283575	1.1907808775067004	24	-0.9619469224727707
NPFFR2	NPFFR2	0.976225719166686	569.0	0.0214345340429083	0.0214345340429083	9.532837326840572e-05	14478.0	81.54218767601667	0.5	1.4779848071649664	1.5716867073637562	24	-0.9267433937678201
SLC31A1	SLC31A1	0.914620102624747	568.0	0.0212559857508777	-0.0212559857508777	1.23260681265589e-06	10341.0	58.24039653035935	0.12	0.605952104123525	0.539473710545429	25	-1.083826898221781
WEE2.AS1	WEE2.AS1	0.96082388446835	567.0	0.0211790691073647	-0.0211790691073647	0.005062001084693724	9113.0	51.32364537568998	0.16666666666666666	0.7343408275351028	1.0010209160971215	24	-0.7124344226575036
HIRIP3	HIRIP3	0.914620102624747	566.0	0.0211735083042402	0.0211735083042402	0.0380376442363163	628.0	3.531598513011152	0.12	0.4081597135638981	0.6053648046841157	25	-0.6392611566864883
WDR59	WDR59	0.8971057782478741	565.0	0.0211652153081959	-0.0211652153081959	0.0099943801627687	279.0	1.5658443167736846	0.04	0.2642040977537651	0.3322509515146018	25	-0.731491907961889
TBCC	TBCC	0.8989141765766842	564.0	0.0210817718706217	-0.0210817718706217	0.0006615700387046991	1844.0	10.380759265517629	0.12	0.40430866580378166	0.4797562044267763	25	-0.7987950763264192
EID2	EID2	0.926740161580513	563.0	0.0210086460926975	0.0210086460926975	0.000483558751076758	2155.0	12.13247718823927	0.16	0.5130174842647466	0.6780451453188218	25	-0.7256284357595436
MAP3K7CL	MAP3K7CL	0.9233376319572991	562.0	0.0210060887724919	0.0210060887724919	3.3977422664939666e-05	16283.0	91.70891066801848	0.6666666666666666	2.439974522868669	2.4267220115626897	24	-0.9968049173207443
RAB28	RAB28	0.914620102624747	561.0	0.0209990791317746	-0.0209990791317746	0.0018715685938119101	2329.0	13.112538019601216	0.0	0.32568265620663794	0.24545231622837302	25	-1.2413147358176915
SLC24A1	SLC24A1	0.870492421030213	560.0	0.020978823155941004	0.020978823155941004	0.000149310149791197	1022.0	5.750816717359468	0.08	0.33190261847649505	0.39699743280242145	25	-0.7831884280100503
NDUFB2.AS1	NDUFB2.AS1	0.8995145487232851	559.0	0.0209690122219351	0.0209690122219351	0.00430253023907238	2451.0	13.799707108257293	0.12	0.43054281541886047	0.40870930458952603	25	-1.0021151918923588
WIPI1	WIPI1	0.9317844875952791	558.0	0.0209451599118055	0.0209451599118055	8.0929816653281e-08	9173.0	51.66159738650445	0.04	0.507153167773052	0.43079055515453124	25	-1.1286412899345857
RPL36AL	RPL36AL	0.928434285347097	557.0	0.0208232598304235	0.0208232598304235	1.7241759733442403e-06	7824.0	44.06330967669257	0.16	0.5481774839820985	0.48303008360847527	25	-1.091762691491338
SUGT1	SUGT1	0.9221482780187729	556.0	0.0208224668859929	0.0208224668859929	0.000123918536744144	6145.0	34.606285907401144	0.08	0.4695868357469856	0.4191054150163248	25	-1.070767288567514
ZNF670	ZNF670	0.943253132058885	555.0	0.0207866396875431	0.0207866396875431	0.000770004236749525	8176.0	46.04596147347076	0.04	0.5631413395196198	0.597467822024947	25	-0.9077554971812873
TAMM41	TAMM41	0.918872916662318	554.0	0.0207733888252627	0.0207733888252627	1.67970621009538e-05	5645.0	31.790019150613947	0.04	0.4579737285176352	0.4656102980658422	25	-0.9389833977223325
TRAM2	TRAM2	0.9450115186026071	553.0	0.020770461268839	-0.020770461268839	6.80562879631712e-05	7969.0	44.88002703616086	0.08	0.5709778853057162	0.7427749694663898	25	-0.7407457798855914
UBXN7	UBXN7	0.9143243908194691	552.0	0.0206585697946122	0.0206585697946122	0.0132322562165988	2910.0	16.38503999098795	0.08	0.38258814281885484	0.47640609272264073	25	-0.7597081115311317
AMDHD2	AMDHD2	0.9385059155087728	551.0	0.0206068674078058	0.0206068674078058	7.099976821261871e-07	9516.0	53.59355638166047	0.12	0.5781592799047085	0.403656600940968	25	-1.3812542918837116
CACNA2D4	CACNA2D4	0.931248182721157	550.0	0.0206056065457489	0.0206056065457489	1.2001891826690094e-06	13663.0	76.95167286245352	0.5	1.8440111191487079	2.458523918205107	24	-0.7416667778177124
KLC2	KLC2	0.8881597569004079	549.0	0.0205803231528252	0.0205803231528252	0.000121529682079698	5877.0	33.096766925763205	0.24	0.7705970935973189	1.0725355152598768	25	-0.6992931793617703
TXN2	TXN2	0.885285551763749	548.0	0.0205197267802541	-0.0205197267802541	0.0024696013659658103	243.0	1.363073110285006	0.08	0.38619530577298206	0.5979338713020912	25	-0.6115652525193367
ASPSCR1	ASPSCR1	0.9389093839383471	547.0	0.0204202698641367	-0.0204202698641367	2.7216976349677997e-06	8979.0	50.56888588487101	0.16	0.7054533783705196	0.7282363399293406	25	-0.9406741615954656
LINC00485	LINC00485	0.996069615890854	546.0	0.0203390030126773	0.0203390030126773	0.0125183224250707	12490.0	70.34471105103074	0.391304347826087	1.4705082646927103	1.5036315928139918	23	-0.9644445279086574
PATE2	PATE2	0.996104145185639	545.0	0.0203388737832951	0.0203388737832951	0.000147228739106781	16951.0	95.47144305508617	0.6521739130434783	2.61720103872097	2.326490270570469	23	-1.11621449605328
CLSTN2.AS1	CLSTN2.AS1	0.996258725862292	544.0	0.0203376003082704	0.0203376003082704	0.123005513410317	12788.0	72.02320603807593	0.20833333333333334	1.173646133972078	1.3437037621807149	24	-0.8583056519779982
POU3F4	POU3F4	0.996258725862292	543.0	0.0203375497024776	0.0203375497024776	3.74607712785062e-05	16773.0	94.46885208966992	0.6956521739130435	2.393487770448225	2.048625458934477	23	-1.1584109776611196
DIRC1	DIRC1	0.996258725862292	542.0	0.0203363723996556	0.0203363723996556	0.145964206242728	10845.0	61.07919342120085	0.34782608695652173	1.2219695440985021	1.3057259986713465	23	-0.9202797316753892
LINC01563	LINC01563	0.996258725862292	541.0	0.0203352727222749	0.0203352727222749	0.000915807102231915	14768.0	83.17562239495325	0.6086956521739131	1.7330551494561846	1.4855592293188422	23	-1.1529125483062865
USP29	USP29	0.996258725862292	540.0	0.0203352499344501	0.0203352499344501	0.0016058533778229999	14614.0	82.30821223386279	0.4782608695652174	1.493212790507286	1.4432221439108261	23	-1.0205480471506971
MYL1	MYL1	0.996258725862292	539.0	0.0203352440930574	0.0203352440930574	1.151321147278251e-06	17515.0	98.64819195674214	0.7272727272727273	4.252069898477187	3.53018823812455	22	-1.1987277643393555
BANF2	BANF2	0.996258725862292	538.0	0.0203351988537239	0.0203351988537239	0.0181336053598518	13553.0	76.33209417596034	0.43478260869565216	1.6005158161225825	1.4199334114492257	23	-1.1128554371124206
TEX28	TEX28	0.996258725862292	537.0	0.0203351863315285	0.0203351863315285	0.0006048687452388365	14923.0	84.04866508955728	0.5	1.4926650851692875	1.0493728512237213	22	-1.4030569755266762
LINC01364	LINC01364	0.996258725862292	536.0	0.020332028293367	0.020332028293367	0.03422881086133755	12797.0	72.07389883969809	0.4090909090909091	1.199681015445639	1.2199424924563118	22	-0.9667250665051381
VSTM2A	VSTM2A	0.996258725862292	535.0	0.0203319466309041	0.0203319466309041	5.99721262859512e-06	16948.0	95.45454545454545	0.782608695652174	2.7506166390471947	2.3461700089570723	23	-1.163719884745252
PROKR2	PROKR2	0.996258725862292	534.0	0.0203295560832436	0.0203295560832436	0.01627295944178895	14793.0	83.3164357327926	0.4166666666666667	1.760536738656534	1.739647894796543	24	-1.000321494814221
CLVS2	CLVS2	0.996258725862292	533.0	0.0203260003318669	0.0203260003318669	0.00292252309787057	15467.0	87.11276332094175	0.5652173913043478	2.105673663679081	2.314847259592898	23	-0.9008575640165368
GYPA	GYPA	0.996258725862292	532.0	0.0203229768130232	0.0203229768130232	9.517890037941886e-06	17453.0	98.29897487890052	0.6666666666666666	3.2317113156418533	2.534158130146044	24	-1.267240706342093
PRM1	PRM1	0.996258725862292	531.0	0.0203223118534333	0.0203223118534333	0.013660680157209639	17470.0	98.39472794863129	0.5454545454545454	3.448909206818566	3.138986269795688	22	-1.0922592838191338
MYF6	MYF6	0.996258725862292	530.0	0.0203221053345092	0.0203221053345092	4.8290814215543404e-05	17594.0	99.09316210431452	0.7083333333333334	3.4580789458898997	2.374142261378845	24	-1.4479995139629178
KRTAP13.1	KRTAP13.1	0.996258725862292	529.0	0.0203220718880585	0.0203220718880585	0.126316153930562	12541.0	70.63197026022304	0.3333333333333333	1.2692627347764291	1.3187568520665136	21	-0.9470590889679625
MYOG	MYOG	0.996258725862292	528.0	0.0203220515496136	0.0203220515496136	0.000528131757459968	17295.0	97.40903458375577	0.6666666666666666	3.136587596723708	2.7367238402759164	21	-1.138684692738275
NEUROG2	NEUROG2	0.996258725862292	527.0	0.0203217395808603	0.0203217395808603	1.6510375115785101e-06	17602.0	99.13822237242312	0.8695652173913043	3.2608335825889423	2.244680813089733	23	-1.4436403715446824
TAS2R39	TAS2R39	0.996258725862292	526.0	0.020321739054929	0.020321739054929	0.017002897498797905	15315.0	86.25661822687844	0.5	1.807916601456298	1.668511501341546	22	-1.071371016000834
PRPS1L1	PRPS1L1	0.996258725862292	525.0	0.0203217341583208	0.0203217341583208	0.006010734260175315	10062.0	56.668919680072094	0.25	0.8016347940928868	0.8385746400585089	24	-0.9317155833379989
PSG1	PSG1	0.996258725862292	524.0	0.0203216904253429	0.0203216904253429	7.092812410540351e-05	17462.0	98.3496676805227	0.6956521739130435	3.6546768261963023	3.0703979970284543	23	-1.1836755818914375
ADAM5	ADAM5	0.996258725862292	523.0	0.020321616749199	0.020321616749199	0.020941974281240575	15745.0	88.67860763771544	0.5454545454545454	1.8180360437425769	1.6970025923454803	22	-1.0593468949913039
RTP3	RTP3	0.996258725862292	522.0	0.0203214949366569	0.0203214949366569	0.0026797830990299993	14974.0	84.33592429874957	0.5	1.7607580471247088	1.6001707924452468	24	-1.0876567428958397
C9orf57	C9orf57	0.996258725862292	521.0	0.0203214861384075	0.0203214861384075	0.0104871783443608	14701.0	82.79824264954377	0.4782608695652174	1.3704187116317859	1.072207929845928	23	-1.2591748185329892
NOBOX	NOBOX	0.996258725862292	520.0	0.0203214471246222	0.0203214471246222	0.000740897471260274	16568.0	93.31418271938718	0.6363636363636364	2.292517320902879	1.9432056355713534	22	-1.1693028427792571
HTN3	HTN3	0.996258725862292	519.0	0.0203214369581546	0.0203214369581546	0.000715407385211195	17694.0	99.65641545567196	0.7142857142857143	4.201126669433963	2.791369240692382	21	-1.4977614467940417
FABP1	FABP1	0.996258725862292	518.0	0.0203213692801444	0.0203213692801444	7.222166391380009e-07	17571.0	98.96361383350231	0.8636363636363636	3.905850393356154	3.0846456287544544	22	-1.2596354627759763
GAGE1	GAGE1	0.996258725862292	517.0	0.0203211867598035	0.0203211867598035	0.00013534724765053798	15493.0	87.25920919229469	0.5652173913043478	2.6384546109606224	3.2209856343784655	23	-0.8128361071396161
KRT31	KRT31	0.996258725862292	515.5	0.0203164709935302	0.0203164709935302	0.000820009476408632	16175.0	91.10059704855243	0.625	2.0817603896890726	2.0266674242230613	24	-1.0171594480953445
TGM6	TGM6	0.996258725862292	515.5	0.0203164709935302	0.0203164709935302	0.0306151423607385	14567.0	82.04348315872478	0.43478260869565216	1.6466360615658509	1.5729382448150817	23	-1.0339373436517303
TXLNGY	TXLNGY	0.996258725862292	514.0	0.0203164709935301	0.0203164709935301	0.0114425808147243	6797.0	38.27869775825166	0.20833333333333334	1.1803234598012744	2.2502034294374607	24	-0.5155120526581635
KRTAP3.2	KRTAP3.2	0.996258725862292	513.0	0.0203132180837835	0.0203132180837835	0.009327415272940865	14780.0	83.24321279711614	0.5	1.9280364371583452	1.9523154434970638	22	-0.977159313792741
LINC01242	LINC01242	0.996258725862292	504.0	0.0203132180837834	0.0203132180837834	0.0061542297289487995	14424.0	81.23803086628365	0.45454545454545453	1.4248661245343845	1.173059352584106	22	-1.197341723039455
IL9	IL9	0.996258725862292	504.0	0.0203132180837834	0.0203132180837834	1.30738659750487e-07	17697.0	99.67331305621268	0.8235294117647058	3.79810972092876	1.9882566882512718	17	-1.9000547188741792
UCMA	UCMA	0.996258725862292	504.0	0.0203132180837834	0.0203132180837834	0.000369937066648085	16358.0	92.13135068153655	0.5416666666666666	2.137669201092804	1.550487078744214	24	-1.3656069837898495
SMR3A	SMR3A	0.996258725862292	504.0	0.0203132180837834	0.0203132180837834	0.0005291926873510099	17416.0	98.09057113889827	0.6666666666666666	2.5780554191334044	1.9037248303500245	21	-1.3435461681609453
LINC01723	LINC01723	0.996258725862292	504.0	0.0203132180837834	0.0203132180837834	0.02584113009104985	15316.0	86.26225076039202	0.5454545454545454	1.6210792142088388	1.2273960193049638	22	-1.3041968288535914
LINC01148	LINC01148	0.996258725862292	504.0	0.0203132180837834	0.0203132180837834	0.01711130165529842	15693.0	88.38571589500957	0.5	1.6956929738007613	1.3420015357794097	20	-1.248418657541959
CLRN1	CLRN1	0.996258725862292	504.0	0.0203132180837834	0.0203132180837834	0.00047957326126313185	15737.0	88.63354736960684	0.5833333333333334	1.8068013953973094	1.6728711170092856	24	-1.0679174020933315
C7orf33	C7orf33	0.996258725862292	504.0	0.0203132180837834	0.0203132180837834	0.0265654055192683	15367.0	86.5495099695843	0.43478260869565216	1.4304531817004906	1.3241039041009381	23	-1.0649768188503206
LINC01581	LINC01581	0.996258725862292	504.0	0.0203132180837834	0.0203132180837834	0.302381403350648	12126.0	68.29446885208966	0.2608695652173913	0.8980602417160624	0.9860705559830205	23	-0.8901462662144363
LINC00917	LINC00917	0.996258725862292	504.0	0.0203132180837834	0.0203132180837834	0.00106654069539218	17167.0	96.68807029401825	0.6086956521739131	2.6309303890867146	1.9708317205830224	23	-1.3246271326659205
LINC00841	LINC00841	0.996258725862292	504.0	0.0203132180837834	0.0203132180837834	0.010720272377720965	14484.0	81.57598287709811	0.5	1.2994855711119495	1.00895051116023	22	-1.2678246741331227
FAM47B	FAM47B	0.996258725862292	504.0	0.0203132180837834	0.0203132180837834	0.000174332934298716	16421.0	92.48620029289174	0.6666666666666666	2.1727436825987327	1.6254115339019544	21	-1.324237228308474
NPBWR2	NPBWR2	0.996258725862292	504.0	0.0203132180837834	0.0203132180837834	0.00431802884914968	16002.0	90.12616875070407	0.5833333333333334	2.0606332187386243	1.8225895387458362	24	-1.1194621483775387
KRT38	KRT38	0.996258725862292	504.0	0.0203132180837834	0.0203132180837834	0.00659227927023236	16615.0	93.57891179452517	0.5909090909090909	2.3282921970247616	1.883458031954157	22	-1.2253944286437672
KRT77	KRT77	0.996258725862292	504.0	0.0203132180837834	0.0203132180837834	4.2876977544736995e-07	17687.0	99.61698772107694	0.7916666666666666	3.439726205387883	2.00002298734678	24	-1.7096868430698766
KRTAP1.3	KRTAP1.3	0.996258725862292	504.0	0.0203132180837834	0.0203132180837834	0.022835350249658402	15942.0	89.78821673988959	0.5454545454545454	1.827854560889296	1.7673814876746061	22	-1.0227227994697092
FERD3L	FERD3L	0.996258725862292	504.0	0.0203132180837834	0.0203132180837834	1.4875946838155837e-05	17120.0	96.42334121888025	0.7	2.824878926818298	1.9285872720160553	20	-1.454207309894124
PSG3	PSG3	0.996258725862292	490.5	0.0203132180837833	0.0203132180837833	7.619896842903101e-05	17384.0	97.91033006646389	0.8260869565217391	3.8876477860358505	2.8249652682389526	23	-1.3689848195418397
TAS2R1	TAS2R1	0.996258725862292	490.5	0.0203132180837833	0.0203132180837833	0.005061436741725965	14627.0	82.38143516953926	0.45454545454545453	1.4924539679704965	1.4126006434803262	22	-1.0421492844996119
GSX1	GSX1	0.996258725862292	490.5	0.0203132180837833	0.0203132180837833	1.6827280577039002e-05	16841.0	94.85186436859298	0.6521739130434783	2.196290703879713	1.5341931511031546	23	-1.4183204274059646
CFHR2	CFHR2	0.996258725862292	490.5	0.0203132180837833	0.0203132180837833	2.9601247149373497e-05	17601.0	99.13258983890954	0.7142857142857143	3.6225559458769614	2.7164000893230185	21	-1.3261090448170798
CSN3	CSN3	0.996258725862292	490.5	0.0203132180837833	0.0203132180837833	0.00018823288219492525	17603.0	99.14385490593668	0.6818181818181818	3.521878958644068	2.510216631290828	22	-1.394925719522333
LINC01029	LINC01029	0.996258725862292	490.5	0.0203132180837833	0.0203132180837833	0.0010211003614108301	16414.0	92.44677255829671	0.5652173913043478	2.215477420963914	1.9910095414986193	23	-1.1025382636930234
APCS	APCS	0.996258725862292	490.5	0.0203132180837833	0.0203132180837833	6.534972741158199e-05	17469.0	98.38909541511771	0.6666666666666666	3.4497578279240666	2.8185360104342303	21	-1.2167467781658519
KRTAP2.1	KRTAP2.1	0.996258725862292	490.5	0.0203132180837833	0.0203132180837833	0.0232360168119879	15049.0	84.75836431226766	0.5909090909090909	1.6829871222599495	1.5413906828906365	22	-1.078684283375894
PLA2G2E	PLA2G2E	0.996258725862292	490.5	0.0203132180837833	0.0203132180837833	0.20435113053918105	13926.0	78.43302917652359	0.34782608695652173	1.1724807414255642	0.9062821183674931	23	-1.2713122106140713
LINC01654	LINC01654	0.996258725862292	490.5	0.0203132180837833	0.0203132180837833	0.03451446246472755	13334.0	75.09856933648754	0.36363636363636365	1.2654631501366653	1.1314068962895059	22	-1.100532386833067
METTL16	METTL16	0.9127515687696109	485.0	0.0202954497267409	0.0202954497267409	5.94048399104073e-05	4491.0	25.29007547594908	0.16	0.432354102234834	0.43140376633697597	25	-0.9551577539687678
GPR85	GPR85	0.941739525091182	484.0	0.0202686320087246	0.0202686320087246	0.03572601118728265	7259.0	40.88092824152303	0.20833333333333334	0.8407258851268882	1.5037339478881753	24	-0.5456133076402266
CCR6	CCR6	0.9770668022392529	483.0	0.0202218893588472	-0.0202218893588472	0.00029970299531505444	15034.0	84.67387630956404	0.625	1.9438981756885847	2.161017950866318	24	-0.8901713590849932
NUDT18	NUDT18	0.915978981909188	482.0	0.0202118528701815	0.0202118528701815	0.001849023935801705	4617.0	25.999774698659458	0.08333333333333333	0.5109404594038998	0.6490322734278288	24	-0.7560927655291496
SYN3	SYN3	0.9758505498543909	481.0	0.0201778556630264	0.0201778556630264	0.0005540983024895639	15091.0	84.99493071983778	0.5217391304347826	1.3327088015244948	0.8833523866135368	23	-1.4858520401957047
APLP1	APLP1	0.9692115695121659	480.0	0.0201274551414188	0.0201274551414188	5.4589674651235555e-05	14001.0	78.85546919004167	0.5416666666666666	1.5481444936095234	1.404078669133988	24	-1.0882702458620497
HSD17B4	HSD17B4	0.9260745220384209	479.0	0.0200909603271343	0.0200909603271343	9.628963699979471e-05	3689.0	20.772783598062407	0.08	0.4485514556553713	0.5504487557801059	25	-0.7783839836662272
TMEM52B	TMEM52B	0.9547538090633391	478.0	0.0200864868218012	-0.0200864868218012	0.005341341844617715	12677.0	71.39799481806917	0.375	1.2074797544443412	1.2919922407235749	24	-0.9190405562788406
ASPDH	ASPDH	0.960595763304637	477.0	0.0200490417301831	-0.0200490417301831	3.073639725241505e-07	15418.0	86.8367691787766	0.625	1.5894966947300222	1.5508628701724825	24	-1.0119835113631224
CDK14	CDK14	0.922950441706578	476.0	0.019954277649851002	0.019954277649851002	0.0281526627742321	967.0	5.441027374112876	0.12	0.6421803192381762	1.441966223732065	25	-0.431512216685557
LASP1	LASP1	0.8974552321843929	475.0	0.0199138627895915	0.0199138627895915	0.0216237527008059	3101.0	17.46085389208066	0.04	0.31187000066773624	0.26379841652045866	25	-1.106739538959675
OVGP1	OVGP1	0.95544378378197	474.0	0.0197850544254633	0.0197850544254633	0.0010848494123908	14398.0	81.09158499493071	0.5	1.8177693352416162	1.7820716399126104	24	-1.008929293608153
UQCR10	UQCR10	0.914620102624747	473.0	0.0197423310398804	-0.0197423310398804	0.0006001973103655	7194.0	40.5148135631407	0.12	0.5095007849240658	0.47307423732196213	25	-1.0352676498654236
PCYT2	PCYT2	0.925602355452342	472.0	0.0197155005737222	0.0197155005737222	0.000147864449593441	3936.0	22.164019375915288	0.04	0.4597886126971346	0.407229688032105	25	-1.0806508588556494
ACTG1P17	ACTG1P17	0.960595763304637	471.0	0.0196746031406186	0.0196746031406186	0.0018415629413352822	5419.0	30.51706657654613	0.125	0.6330857739396573	0.7717779975249258	24	-0.7948026152160778
RPS6KA2.AS1	RPS6KA2.AS1	0.99310237986262	470.0	0.0195275600643873	0.0195275600643873	0.0513364493779125	13055.0	73.52709248620029	0.30434782608695654	1.012397851230957	0.8172857039348944	23	-1.2148386866261185
ELAC2	ELAC2	0.914620102624747	469.0	0.0194503537765982	-0.0194503537765982	3.36053071875232e-05	5310.0	29.90312042356652	0.04	0.38201162827672114	0.26056479410274413	25	-1.3914438278148975
BEX4	BEX4	0.955406750590399	468.0	0.0193318177349726	0.0193318177349726	6.010490155166735e-05	2747.0	15.466937028275318	0.16666666666666666	0.7179910305008232	1.1312067344266008	24	-0.61762292559193
SCAMP2	SCAMP2	0.9066779607824691	467.0	0.0193263020303197	-0.0193263020303197	0.00252371101542293	2017.0	11.355187563366002	0.12	0.38902859065610285	0.5510464281629883	25	-0.67090950912839
NGDN	NGDN	0.9174117412557621	466.0	0.0192852404673633	-0.0192852404673633	1.59826326205904e-07	5436.0	30.612819646276897	0.08	0.5387964893014106	0.6024205315945707	25	-0.8623730792490296
TMBIM4	TMBIM4	0.9108256799259811	465.0	0.0192452679721529	-0.0192452679721529	3.74119070532722e-06	9722.0	54.75385828545679	0.16	0.6144176290525762	0.578329980936531	25	-1.0291224399548131
MIR155HG	MIR155HG	0.9757743703723051	464.0	0.0192257853888484	0.0192257853888484	6.514801246505571e-08	17659.0	99.45927678269685	0.6956521739130435	4.295078364681068	3.3594738510370834	23	-1.2727744786500559
MCUR1	MCUR1	0.9221482780187729	463.0	0.0191931665037699	0.0191931665037699	0.0006874853945017161	4414.0	24.856370395403854	0.12	0.5125525884517087	0.5496834181384267	25	-0.8975337542812619
PDE1B	PDE1B	0.964232171738832	462.0	0.0191695804797895	-0.0191695804797895	1.0059193636778225e-06	11469.0	64.59389433367129	0.4166666666666667	1.3738665458711743	1.9373000623303536	24	-0.6992705940255001
TCP1	TCP1	0.892083204666161	461.0	0.0190515665066118	0.0190515665066118	0.0004910805436132339	2678.0	15.078292215838683	0.08	0.49002259844293894	0.6502373388199827	25	-0.7243063475730588
IDO2	IDO2	0.9781127048310659	460.0	0.0190285973037996	0.0190285973037996	0.00010755437334870154	16110.0	90.7344823701701	0.6666666666666666	1.930514692955599	1.4761155830794719	24	-1.294943375412417
DIS3	DIS3	0.8980801190719029	459.0	0.0189774001759431	0.0189774001759431	0.00025386440171667595	4629.0	26.06736510082235	0.08	0.4947232689628061	0.5419408545553172	25	-0.8778557010196811
SCYL1	SCYL1	0.9053758318274491	458.0	0.0188891389544386	0.0188891389544386	0.00171958039067932	3090.0	17.39889602343134	0.08	0.37179523897363304	0.3505376081340064	25	-1.0067567411605165
CASP4	CASP4	0.917264403704729	457.0	0.0188882982121424	0.0188882982121424	5.648365659184515e-10	13418.0	75.5717021516278	0.4166666666666667	1.1850346739778495	1.0572491138079574	24	-1.1030005705708543
SLC25A32	SLC25A32	0.950194201497381	456.0	0.0188772971833842	-0.0188772971833842	1.1920063287163e-05	3617.0	20.367241185085053	0.08	0.5501616463697749	0.7646799786062091	25	-0.694779991696355
GM2A	GM2A	0.9628207484598531	455.0	0.0188646920708968	0.0188646920708968	0.000830023919730505	4971.0	27.993691562464797	0.08	0.5825439259754771	1.0295188052100752	25	-0.5475171808926409
C1orf116	C1orf116	0.9687052837725559	454.0	0.0188247860447556	-0.0188247860447556	0.0073102063928965205	13169.0	74.16920130674777	0.3333333333333333	1.2708119630642274	1.5812902196469376	24	-0.7917504082830595
POLR2C	POLR2C	0.796474913853644	453.0	0.0188108050248811	-0.0188108050248811	4.26170269463196e-05	1458.0	8.206601329277909	0.12	0.3619083843281527	0.40033768387080654	25	-0.8570204433065388
YTHDF3	YTHDF3	0.923813322313353	452.0	0.0187790051526327	0.0187790051526327	0.00712105230898053	3079.0	17.336938154782022	0.16	0.42338883560983803	0.4730677576399973	25	-0.8552893828057329
BEND4	BEND4	0.9792641523520841	451.0	0.018751129707478	-0.018751129707478	3.6131692768212403e-06	14069.0	79.23848146896474	0.52	1.7336121458076565	2.241096956539553	25	-0.765188231190172
WDFY1	WDFY1	0.9330577399611801	450.0	0.0187334231402358	-0.0187334231402358	0.0180276030814676	1827.0	10.285006195786863	0.08	0.3968111228040361	0.4815082777575325	25	-0.7851946002352724
RB1CC1	RB1CC1	0.925594697107883	449.0	0.0187007881253999	0.0187007881253999	9.796001167732521e-05	7326.0	41.25830798693252	0.12	0.586729713498382	0.6391648725271014	25	-0.8887048550198555
SLC27A4	SLC27A4	0.935539207197605	448.0	0.0186769546905214	-0.0186769546905214	0.000613636407866715	7777.0	43.798580601554576	0.08	0.4595137551212058	0.27957566236579506	25	-1.5768067817501807
GNRH1	GNRH1	0.957529399163506	447.0	0.0185595602452081	0.0185595602452081	0.013544944483865085	5365.0	30.212909766813112	0.08333333333333333	0.45661968788245927	0.4756793506194821	24	-0.9209147444949228
SERPINA10	SERPINA10	0.9876914430959399	446.0	0.0185542223450758	-0.0185542223450758	1.867745953935675e-05	16856.0	94.9363523712966	0.6666666666666666	2.1919580145181254	1.4953428142519942	24	-1.4534485145870966
DIP2A	DIP2A	0.8790745599657079	445.0	0.0185057352681293	-0.0185057352681293	0.000514312123239588	1063.0	5.981750591416019	0.08	0.3722547706934272	0.35450003887362774	25	-0.9978815137772169
SPATA7	SPATA7	0.8788939229719959	444.0	0.0184853976309714	-0.0184853976309714	0.00177846314939643	5511.0	31.035259659794974	0.04	0.4911774675899176	0.5078368531086138	25	-0.9307951304941018
RNASEH1.AS1	RNASEH1.AS1	0.957039930011985	443.0	0.0184240065302822	0.0184240065302822	6.824413532171291e-05	3300.0	18.581728061281964	0.08	0.43607433035832954	0.48922118067238296	25	-0.8537045008027473
INSR	INSR	0.9408070960823349	442.0	0.0183716307874223	-0.0183716307874223	0.00140427392020219	6270.0	35.310352596597944	0.12	0.5787360344264487	0.8913301251931839	25	-0.6286833439154488
TMEM175	TMEM175	0.9428060641792759	441.0	0.0183503996250886	-0.0183503996250886	0.000155512529076523	6193.0	34.876647516052714	0.16	0.6493525243741668	0.8351195369351244	25	-0.7555829996084705
RMND5B	RMND5B	0.8897251366818659	440.0	0.018318947455292	0.018318947455292	1.8388662272851103e-07	7495.0	42.21020615072659	0.08	0.5272751268053938	0.5855222208654045	25	-0.8692346100851003
KCMF1	KCMF1	0.875482459579809	439.0	0.0183105218693587	0.0183105218693587	0.0242766381731816	1880.0	10.583530472006307	0.04	0.35226522167889807	0.4219264903732192	25	-0.7914997219400385
MAPK15	MAPK15	0.960595763304637	438.0	0.0182523799193572	0.0182523799193572	0.005353903669412895	10356.0	58.32488453306297	0.2916666666666667	0.9729123198120854	1.2682967320981835	24	-0.7527102418007526
MKRN7P	MKRN7P	0.985677832736032	437.0	0.0181877258888718	0.0181877258888718	0.005838870027402221	14073.0	79.26101160301903	0.4583333333333333	1.2504875403494988	1.1905251169002542	24	-1.0350893038436189
LCMT2	LCMT2	0.9053758318274491	436.0	0.0181853971606286	-0.0181853971606286	0.000728609700674295	419.0	2.3543990086741013	0.12	0.434987906144077	0.7772612040497101	25	-0.5362450960009469
ABHD16A	ABHD16A	0.941068620397457	435.0	0.0181794520426525	0.0181794520426525	0.0006552054943735871	2096.0	11.800157710938379	0.04	0.30753886936104874	0.35679780692036733	25	-0.810989898777538
PITRM1	PITRM1	0.941789568071497	434.0	0.0181744445963886	-0.0181744445963886	6.25445350796454e-05	3500.0	19.708234763996845	0.12	0.4218160358124501	0.42066147971541745	25	-0.9595401782191463
KLHDC8B	KLHDC8B	0.95544378378197	433.0	0.0181504737252534	-0.0181504737252534	0.0015471857606087	4123.0	23.2173031429537	0.08	0.578341765391146	0.8719309991601165	25	-0.6424720444685351
PRADC1	PRADC1	0.907371716854098	432.0	0.0181332051794338	0.0181332051794338	0.00638120428560346	546.0	3.069730764898051	0.08	0.3928299338234565	0.6557222543817948	25	-0.5714259751596829
PSMC3	PSMC3	0.8908118915181659	431.0	0.0181293731998312	0.0181293731998312	0.00487783568676853	646.0	3.6329841162554914	0.04	0.3733243569170639	0.624119576092157	25	-0.5691136720005477
ACO1	ACO1	0.94604064709928	430.0	0.0181028819267004	0.0181028819267004	0.0288653738533914	11.0	0.05632533513574405	0.0	0.1646083568599822	0.13664961650628357	25	-1.0721250353933123
CERS4	CERS4	0.9486531368718191	429.0	0.0180991869117006	0.0180991869117006	0.000382965199348994	10472.0	58.9782584206376	0.2	0.7049368790860001	0.8220536614952298	25	-0.8355144248430368
CREG1	CREG1	0.9205800828895709	428.0	0.0179785445636802	0.0179785445636802	4.7465257480228e-05	6278.0	35.355412864706544	0.12	0.5013512358247867	0.4627442886966197	25	-1.0445784055435658
ABCB8	ABCB8	0.9339220993351031	427.0	0.0179237685732681	0.0179237685732681	0.000197671901507721	1775.0	9.992114453080996	0.12	0.39175908283667094	0.42586623972883925	25	-0.8778233149014912
INHBE	INHBE	0.9781861982583041	426.0	0.0179016241056978	-0.0179016241056978	9.665273569841895e-07	14122.0	79.53700574518417	0.5	1.8468226724110517	2.1525747849511143	24	-0.8496434414690449
CCDC170	CCDC170	0.970692256495264	425.0	0.0178851318766486	-0.0178851318766486	1.605822117683809e-06	13357.0	75.22811760729977	0.4166666666666667	1.3550398674312554	1.555503989453669	24	-0.8596279692116046
NR1D1	NR1D1	0.960595763304637	424.0	0.0178649806020184	0.0178649806020184	0.00347312055482025	5206.0	29.31733693815478	0.12	0.6981028546988038	0.9910007393477773	25	-0.6864151025199849
YIPF4	YIPF4	0.9200577679906021	423.0	0.0178592123552887	0.0178592123552887	3.09253239451706e-05	6656.0	37.48451053283767	0.04	0.45396094958929395	0.46884967320688214	25	-0.930152588677551
SERPINA12	SERPINA12	0.994969181468105	422.0	0.0178420572417885	0.0178420572417885	1.34098948762531e-08	17634.0	99.31846344485749	0.782608695652174	3.5736757882974186	2.287540002173827	23	-1.5544356503827501
KCNN3	KCNN3	0.960595763304637	421.0	0.017831648774698002	0.017831648774698002	1.2767971807428915e-05	12423.0	69.96733130562126	0.2916666666666667	1.1807252476657528	1.450561355750991	24	-0.8016852195052422
PDSS1	PDSS1	0.90700004760102	420.0	0.0177672955962974	0.0177672955962974	0.0347522054402968	2415.0	13.596935901768614	0.04	0.4207195316225738	0.5951876065131223	25	-0.6770171818377612
SLC9A1	SLC9A1	0.95544378378197	419.0	0.0176661379889356	0.0176661379889356	0.0010938903240941401	5473.0	30.821223386279147	0.12	0.5062386963701473	0.549306145695104	25	-0.8894358131802099
BLMH	BLMH	0.949143597432936	418.0	0.0176167033153715	0.0176167033153715	6.48034646645182e-05	3549.0	19.98422890616199	0.08	0.47640962457310465	0.7760267818829943	25	-0.5912075871202442
NIN	NIN	0.954340488088253	417.0	0.017487489820310002	0.017487489820310002	0.0614261241361348	713.0	4.0103638616649775	0.04	0.42524437875662163	0.7003209814472833	25	-0.5822428568306511
SLC6A1	SLC6A1	0.977473259924183	416.0	0.017433209069279	0.017433209069279	1.934642178667846e-05	15977.0	89.9853554128647	0.625	2.0659367568246525	1.8319325216447646	24	-1.1182199800220616
SMC5	SMC5	0.9385432954924581	415.0	0.0173611063594816	0.0173611063594816	0.000159261741694225	8766.0	49.36915624647966	0.08	0.5126660395594222	0.35404658992994587	25	-1.3989823579375391
TSPOAP1.AS1	TSPOAP1.AS1	0.914962287997289	414.0	0.0172900800268132	-0.0172900800268132	0.0585572668395952	238.0	1.334910442717134	0.0	0.37090590508152943	0.6264860222948189	25	-0.564443279611285
NAA60	NAA60	0.9318327758989692	413.0	0.0172679756877012	-0.0172679756877012	6.20192252304271e-08	7763.0	43.71972513236453	0.2	0.5183544722382863	0.4095604481149832	25	-1.2234738458189844
UMPS	UMPS	0.883335463594884	412.0	0.0172434675781991	0.0172434675781991	8.00754035043419e-06	4259.0	23.98332770079982	0.08	0.5035678658649906	0.5211654550186334	25	-0.9331478009596851
LRRC37A5P	LRRC37A5P	0.9869967733519329	411.0	0.0172417994814771	0.0172417994814771	0.02511666182648875	9128.0	51.4081333783936	0.20833333333333334	0.7952435977845718	0.9183663028487327	24	-0.8471584768406317
NKIRAS1	NKIRAS1	0.946619523124115	410.0	0.0172229271780172	0.0172229271780172	3.78853658093271e-05	3718.0	20.93612706995607	0.12	0.5549921569752475	0.7857693756735921	25	-0.6843855798480739
NAT8	NAT8	0.985067938650015	409.0	0.0171986844125313	0.0171986844125313	0.0019731549012654403	16558.0	93.25785738425144	0.5909090909090909	2.6010217263831166	2.278751368983221	22	-1.133876682265467
SENP5	SENP5	0.906045183848729	408.0	0.0171551661124613	0.0171551661124613	9.657719040920698e-06	7636.0	43.004393376140584	0.2	0.6400688444740074	0.6619504858581424	25	-0.9410276020177104
CDC25B	CDC25B	0.9683255835701691	407.0	0.017155102950391	-0.017155102950391	0.0003167205359826354	7169.0	40.37400022530134	0.16666666666666666	0.6723206721657125	0.9013394782233973	24	-0.7268799215437654
UBE2S	UBE2S	0.9557387097665401	406.0	0.0171347175045269	-0.0171347175045269	2.68840764978681e-08	9881.0	55.649431114115124	0.32	0.8743056250390225	1.1613388933003974	25	-0.7380885222043242
GALNT11	GALNT11	0.923813322313353	405.0	0.0170920713301017	0.0170920713301017	0.00809393246686914	360.0	2.0220795313732114	0.04	0.2459364044609482	0.32640936478480986	25	-0.7010961014605553
MCPH1	MCPH1	0.906247906264115	404.0	0.0170728621733339	0.0170728621733339	0.00681040421844951	806.0	4.534189478427397	0.08	0.33725287961103056	0.43112163769395284	25	-0.7426674735008033
TXNRD1	TXNRD1	0.9468970869354449	403.0	0.0170727464190419	0.0170727464190419	4.9678707375490804e-08	9175.0	51.67286245353159	0.08	0.5759804057711606	0.35740803055075054	25	-1.563780361876217
GCC1	GCC1	0.907775155776984	402.0	0.0168120851695758	-0.0168120851695758	0.00270898415286197	1293.0	7.277233299538132	0.08	0.3271122033713582	0.37513256310838733	25	-0.8271745743174186
ERLIN1	ERLIN1	0.914620102624747	401.0	0.0168101546698504	-0.0168101546698504	0.0017979858287400102	2857.0	16.086515714768503	0.08	0.37148306361772865	0.32321196295804794	25	-1.0973384329648523
USP46	USP46	0.914620102624747	400.0	0.0167952569743614	0.0167952569743614	0.0015479641423814699	3148.0	17.725582967218656	0.04	0.36510250842737313	0.36855252046342074	25	-0.9450681574909529
LOH12CR2	LOH12CR2	0.962778417759034	399.0	0.0167932365079924	-0.0167932365079924	0.016022282141523903	5089.0	28.658330517066577	0.041666666666666664	0.4319116815396	0.520500687189547	24	-0.7975367857303844
TET2	TET2	0.945321550205322	398.0	0.0167226737417126	0.0167226737417126	0.00180923475167598	7013.0	39.49532499718373	0.08	0.4369902949331599	0.32843297797659415	25	-1.2796145617916534
MFSD1	MFSD1	0.941739525091182	397.0	0.0167006634400706	-0.0167006634400706	0.000504167878167914	7175.0	40.40779542638278	0.16	0.6141823424036663	0.5348581126458908	25	-1.1170844469534402
CCDC177	CCDC177	0.984464265367481	396.0	0.0166668503977661	0.0166668503977661	0.001012167609117993	13657.0	76.91787766137207	0.4583333333333333	1.5313127443153551	1.676067342882966	24	-0.9036903560881274
SURF1	SURF1	0.9340072586725491	395.0	0.0166079735959147	0.0166079735959147	8.35684243885216e-05	4020.0	22.637152191055538	0.04	0.36786404132688166	0.36712968349375513	25	-0.9567629192722081
FAM98B	FAM98B	0.914620102624747	394.0	0.0165464555548054	0.0165464555548054	0.0110916001473673	774.0	4.353948405993016	0.08	0.372096242112025	0.4558193611222784	25	-0.7800234410443123
BBS2	BBS2	0.914620102624747	393.0	0.0164784529860127	0.0164784529860127	4.24278197417572e-07	3589.0	20.20953024670497	0.08	0.4159437907437351	0.3918644897941128	25	-1.0193966234797216
VSTM1	VSTM1	0.9887782238028822	392.0	0.0164394474192254	-0.0164394474192254	7.952725919956814e-07	15952.0	89.84454207502534	0.6666666666666666	2.0170355790466643	2.033213716533557	24	-0.9839576210602553
HNRNPDL	HNRNPDL	0.9036534551980341	391.0	0.0163800574111399	-0.0163800574111399	0.00258682342517919	2756.0	15.517629829897487	0.08	0.4822491226109971	0.6776020748137123	25	-0.6875260311561692
CRLF3	CRLF3	0.9399886312404859	390.0	0.0163671571582563	-0.0163671571582563	0.0408197584403655	609.0	3.4245803762532385	0.04	0.2555399374659004	0.3278222915830581	25	-0.7295805881676798
ASMTL.AS1	ASMTL.AS1	0.9628207484598531	389.0	0.0161482113578686	-0.0161482113578686	1.12771050017632e-06	8933.0	50.309789343246585	0.08	0.4996944593858798	0.31839064259826	25	-1.5187200354947046
POLR3D	POLR3D	0.9164503715352289	388.0	0.0161006039742711	-0.0161006039742711	0.0009007810012721679	5001.0	28.162667567872028	0.04	0.378754957856475	0.2895057353484108	25	-1.252667251810266
ZNF511	ZNF511	0.896349393089713	387.0	0.0159808695728866	-0.0159808695728866	0.00221040561044482	649.0	3.6498817167962145	0.04	0.2679821939900482	0.3374937159643732	25	-0.7466844936566569
RPP30	RPP30	0.924524360129647	386.0	0.015950630380538	-0.015950630380538	0.0009919566526265429	5496.0	30.95077165709136	0.08	0.4792149498831852	0.5983820138686479	25	-0.7741949269289691
PCNT	PCNT	0.914620102624747	385.0	0.0159496137590932	0.0159496137590932	0.0270973799315544	2316.0	13.039315083924748	0.08	0.3619131021669013	0.31452325782070933	25	-1.099961544354284
ELOVL5	ELOVL5	0.9357699290844871	384.0	0.0158933110052426	-0.0158933110052426	0.00185009782275639	2595.0	14.610791934212008	0.08	0.43834104345340097	0.5567149500762074	25	-0.7588223244055696
TRMU	TRMU	0.949222278045342	383.0	0.0158829076935885	-0.0158829076935885	5.14277015331988e-06	11192.0	63.03368255041117	0.24	0.8437039547022402	0.9374661760061533	25	-0.8830409759799357
NIPAL3	NIPAL3	0.9678938100697779	382.0	0.0158719332258484	0.0158719332258484	1.0478714158057e-05	6556.0	36.92125718148023	0.08	0.5590430323058054	0.684747928625218	25	-0.7932424128255376
CCDC27	CCDC27	0.960595763304637	381.0	0.0158117917760994	0.0158117917760994	2.4344247861270498e-08	14243.0	80.21854230032667	0.56	1.161105853351949	0.7232876947466435	25	-1.5834557533527907
LINC00663	LINC00663	0.9415859910197629	380.0	0.0157962467126682	0.0157962467126682	0.023846916870649	776.0	4.365213473020165	0.041666666666666664	0.28634084394188514	0.2849738010756831	24	-0.9493665600416578
PLAA	PLAA	0.9048114130632131	379.0	0.0157942328613772	-0.0157942328613772	0.005196669308278071	1154.0	6.49431114115129	0.08	0.4438078889666889	0.724101612313157	25	-0.5910961235647765
DEDD2	DEDD2	0.9412316805189771	378.0	0.0157905834725138	-0.0157905834725138	0.000954346205916808	4343.0	24.45646051594007	0.12	0.5159469684289415	0.6431808298000744	25	-0.7776294966874179
RLN2	RLN2	0.984027228552756	377.0	0.0157693072186217	-0.0157693072186217	3.119212578780391e-05	10960.0	61.72693477526191	0.3333333333333333	1.1698495612092912	1.4795879406552317	24	-0.7800011221229527
NDUFA3	NDUFA3	0.95544378378197	376.0	0.0157584839199071	0.0157584839199071	9.55382430060044e-05	4541.0	25.571702151627804	0.04	0.4186156272659239	0.4454459644600705	25	-0.9043906006294702
AEN	AEN	0.960595763304637	375.0	0.0156949333158883	-0.0156949333158883	5.61324804812595e-05	5918.0	33.32770079981975	0.12	0.5525043279013764	0.7105231103113936	25	-0.7555129267367899
POLR2J4	POLR2J4	0.905308288071411	374.0	0.015692070557652	-0.015692070557652	0.000401977231726685	1275.0	7.175847696293793	0.04	0.2866369389734869	0.2426376273050839	25	-1.1166646798567583
C6orf201	C6orf201	0.9404164772969091	373.0	0.0156467822256287	0.0156467822256287	1.19195412015471e-05	8073.0	45.4658105215726	0.16	0.5254879764558782	0.4465500041620374	25	-1.1417337128615186
SRA1	SRA1	0.9554041770471241	372.0	0.0156027029246754	-0.0156027029246754	0.000890671743754618	1905.0	10.724343809845667	0.08	0.3471969999343646	0.33317268801335553	25	-0.9952625438385181
NDUFB6	NDUFB6	0.9474756912446809	371.0	0.0155680200046632	-0.0155680200046632	5.86571566022755e-11	8832.0	49.74090345837557	0.16	0.6032115532671891	0.5233246266906844	25	-1.1229044139936069
ARPC5L	ARPC5L	0.9424148363047091	370.0	0.0155406200161368	-0.0155406200161368	0.000128247293166232	2791.0	15.714768502872591	0.08	0.441017606146229	0.4480079011648125	25	-0.9497086659049084
GOLGA1	GOLGA1	0.886560494422067	369.0	0.0154924041591469	0.0154924041591469	0.000254150954135004	5309.0	29.897487890052947	0.04	0.36013492160734545	0.32363308023776427	25	-1.0649174589785422
GZMK	GZMK	0.985292224714427	368.0	0.01545146506177	0.01545146506177	0.087540583778517	13461.0	75.81390109271149	0.4583333333333333	1.6784042175246088	2.3721701797116714	24	-0.7010259072833318
ZNF23	ZNF23	0.95544378378197	367.0	0.0154452761041878	0.0154452761041878	0.000108502541510796	6745.0	37.98580601554579	0.0	0.39416844120982547	0.3025608988376628	25	-1.2517254098615014
TIMMDC1	TIMMDC1	0.914620102624747	366.0	0.01537154807978	0.01537154807978	5.96914529450291e-08	7581.0	42.69460403289399	0.12	0.542226113987753	0.49072629797960765	25	-1.0736220334575723
TOR2A	TOR2A	0.9357699290844871	365.0	0.015241299979282	0.015241299979282	2.8032933552516e-06	6375.0	35.90176861552326	0.12	0.5608773651315689	0.5308928767295976	25	-1.0277705523447784
YIF1B	YIF1B	0.9200577679906021	364.0	0.0152318568114242	0.0152318568114242	0.00592117661275337	1542.0	8.679734144418159	0.04	0.38315250127150563	0.6728945689315943	25	-0.5467730926172535
HSD11B1L	HSD11B1L	0.93849899540549	363.0	0.0152300834616933	0.0152300834616933	0.000776751548367151	4814.0	27.109383800833616	0.12	0.6923302249109061	1.1224130200706446	25	-0.6032539977187686
PICALM	PICALM	0.914620102624747	362.0	0.0151797455702845	-0.0151797455702845	0.00109982160162374	2122.0	11.946603582291313	0.04	0.391947234597316	0.5303657789483989	25	-0.7103917786213135
ACAP3	ACAP3	0.9534925818591741	361.0	0.0151432850143658	-0.0151432850143658	5.61655538328899e-08	10205.0	57.47437197251323	0.36	1.0294940995910902	1.1955506226078443	25	-0.848438196923966
CLTA	CLTA	0.921179588433397	360.0	0.0151170821072897	0.0151170821072897	0.000102487119931731	17664.0	99.48743945026472	0.8260869565217391	3.7460599698351587	2.4751986019105803	23	-1.5073307187746439
LPIN2	LPIN2	0.95544378378197	359.0	0.0149851781183346	0.0149851781183346	0.0148309666753271	738.0	4.151177199504337	0.08	0.34901319771321454	0.4495534461772698	25	-0.7430218196195623
USP32	USP32	0.909659693089494	358.0	0.014893679473556999	0.014893679473556999	0.0491635561610344	588.0	3.306297172468176	0.04	0.3033980238529943	0.3566445384349498	25	-0.8089408733005428
ARIH1	ARIH1	0.9221482780187729	357.0	0.0148786622784282	0.0148786622784282	0.00259579673765157	1743.0	9.811873380646613	0.08	0.3399376604059296	0.3515068278328274	25	-0.9247587027871211
TMEM87A	TMEM87A	0.9392152887972081	356.0	0.0148724191718922	0.0148724191718922	1.73976749752793e-07	9092.0	51.205362171904916	0.16	0.6305741304770759	0.5193494295524362	25	-1.1855249592471522
ZNF609	ZNF609	0.9197412512998101	355.0	0.0148686123802404	-0.0148686123802404	1.38464171560576e-05	2959.0	16.66103413315309	0.08	0.45769521734130963	0.549653419980662	25	-0.8056469565433594
PHC1	PHC1	0.8777351311251241	354.0	0.0148654189189749	-0.0148654189189749	0.00649258214150623	568.0	3.193646502196688	0.12	0.4062367788285756	0.47811073444479263	25	-0.8185789017351425
NOP9	NOP9	0.943253132058885	353.0	0.0147886467408989	0.0147886467408989	6.80323394056365e-05	7947.0	44.75611129886222	0.08	0.4854152613868367	0.46762002095868277	25	-1.0064295657852527
TCF12	TCF12	0.934352306300733	352.0	0.0146755581860537	-0.0146755581860537	0.194291447271595	97.0	0.540723217303143	0.04	0.3051795257159871	0.6574142294088353	25	-0.4418887735228403
TCF7	TCF7	0.9716077440817091	351.0	0.0146337651693808	-0.0146337651693808	1.26639903086652e-05	13164.0	74.1410386391799	0.36	1.309696330445015	1.4160301678850349	25	-0.9145727221404637
ISL2	ISL2	0.9819816501430991	350.0	0.0146256170317349	0.0146256170317349	0.00029043991408693004	10784.0	60.73560887687281	0.3333333333333333	0.9252851768661401	0.9866327190365138	24	-0.9229975271078589
ZNF461	ZNF461	0.956938335393748	349.0	0.0144980288987682	-0.0144980288987682	8.58805189430455e-05	6536.0	36.80860651120874	0.08333333333333333	0.45960269781624935	0.3871491736980156	24	-1.1496980987092897
ATXN2	ATXN2	0.914620102624747	348.0	0.0144874383902347	-0.0144874383902347	6.87747236615656e-05	1842.0	10.36949419849048	0.08	0.3354738756896685	0.3476417299946323	25	-0.9233253939462043
ARHGDIB	ARHGDIB	0.95544378378197	347.0	0.0144740301494666	0.0144740301494666	0.0007765970590049265	10713.0	60.33569899740903	0.20833333333333334	1.3645938085599418	2.0715340997675513	24	-0.6517487588362525
SPSB1	SPSB1	0.9773917293955969	346.0	0.0144573708744864	0.0144573708744864	0.00705436257957457	5638.0	31.750591416018924	0.2	0.5554933300027011	0.7648108218844379	25	-0.707411484836396
SPATA18	SPATA18	0.9792641523520841	345.0	0.0143841036451885	-0.0143841036451885	0.008525878369383344	8168.0	46.00090120536217	0.125	0.7415470065448188	1.1009245259530798	24	-0.6605020469228979
CFAP44	CFAP44	0.9526568177170579	344.0	0.0143468926796041	0.0143468926796041	2.87154436286328e-07	9730.0	54.798918553565386	0.12	0.5902360763972627	0.4701707579595472	25	-1.2248511290172734
MAD2L2	MAD2L2	0.960595763304637	343.0	0.0143369227794825	-0.0143369227794825	1.4308792675122601e-06	5874.0	33.07986932522248	0.12	0.5778490373135325	0.7471690055199962	25	-0.7541963202045175
ACTR10	ACTR10	0.9201896333999731	342.0	0.0142200597004742	-0.0142200597004742	2.7592592887455104e-11	10648.0	59.969584319026694	0.16	0.6710125816140912	0.3959928387994541	25	-1.6585969683311412
PPCDC	PPCDC	0.9395704433036199	341.0	0.0142046865659259	-0.0142046865659259	0.00049090272179462	3038.0	17.10600428072547	0.12	0.4650717485807906	0.6266692481189794	25	-0.7194657522579808
PSMA3.AS1	PSMA3.AS1	0.9396643202834959	340.0	0.0141828203302545	-0.0141828203302545	0.000120730693868703	6475.0	36.4650219668807	0.08	0.48417602190812126	0.5094967223265263	25	-0.9224656037662544
SNX11	SNX11	0.9468970869354449	339.0	0.014167815351006	0.014167815351006	5.95656145373848e-05	5377.0	30.280500168976005	0.16	0.7258409804322576	1.2353356221532503	25	-0.5760970155145131
TWISTNB	TWISTNB	0.9448306430202951	338.0	0.0141493801266274	-0.0141493801266274	0.00017681397819488	7130.0	40.15433141827194	0.12	0.6080845805249969	0.8777701317227805	25	-0.6766409324416927
AKTIP	AKTIP	0.9580309534020391	337.0	0.0141276415142336	0.0141276415142336	6.3941898097934195e-06	6521.0	36.72411850850512	0.08	0.5010204445334437	0.41932470077980494	25	-1.1611355164953339
ALDH9A1	ALDH9A1	0.8972504814979421	336.0	0.0141247392229632	-0.0141247392229632	0.000310824616489689	4850.0	27.312155007322293	0.08	0.43705278246296353	0.3720485229185401	25	-1.1367550660390613
INO80D	INO80D	0.947954599466287	335.0	0.0140941174611685	-0.0140941174611685	0.000250117774531112	3456.0	19.460403289399572	0.12	0.42407746475058367	0.4490481193816212	25	-0.9130053764705625
LILRP2	LILRP2	0.9886744649053499	334.0	0.0140243265064291	0.0140243265064291	0.00334407851593806	14318.0	80.64098231384476	0.5652173913043478	1.522984521605881	1.4117179332680072	23	-1.0688822175732635
TSEN2	TSEN2	0.913638424580379	333.0	0.0140166974088924	-0.0140166974088924	0.00021568410272782	2435.0	13.709586572040102	0.08	0.4283371913247565	0.7072788243877255	25	-0.5857951342945006
ODF1	ODF1	0.996258725862292	332.0	0.0139993148425508	0.0139993148425508	0.00215263360027293	17171.0	96.71060042807254	0.5454545454545454	2.4812315900858573	2.097286475962874	22	-1.1763925927718524
INIP	INIP	0.914620102624747	331.0	0.0139331303539703	0.0139331303539703	3.0752097911213e-05	8130.0	45.78686493184634	0.12	0.4878321281165068	0.37897209555699474	25	-1.2504852027852416
ANP32B	ANP32B	0.9295354848023041	330.0	0.0139151040549826	-0.0139151040549826	0.00142671008430404	5069.0	28.54567984679509	0.12	0.5315837077111233	0.5604878144405988	25	-0.9236036722275678
ZCWPW2	ZCWPW2	0.9715708659319721	329.0	0.0138914158115207	0.0138914158115207	0.00010187348942188978	9891.0	55.70575644925087	0.125	0.7603272273719708	0.6969267138861619	24	-1.0710391733991922
VTI1B	VTI1B	0.90079734610826	328.0	0.0138493495750789	0.0138493495750789	0.00250779483281475	673.0	3.7850625211220006	0.0	0.20890983424933132	0.13686770461183623	25	-1.4251753927447959
COQ10A	COQ10A	0.9367734998555021	327.0	0.0138395198242332	-0.0138395198242332	0.006610445653841421	2293.0	12.909766813112537	0.0	0.3089628097836593	0.25768332660806653	25	-1.1452944738186548
R3HDML	R3HDML	0.9912988468948349	326.0	0.0138366774173377	-0.0138366774173377	0.07923832835037105	13156.0	74.0959783710713	0.25	1.0989066825983123	1.0654834977740189	24	-1.0183827412136137
UHRF2	UHRF2	0.9287868937927471	325.0	0.0137922784644604	-0.0137922784644604	0.17849362500438395	16.0	0.08448800270361609	0.0	0.1973118595463773	0.18302752511454976	25	-1.0026884260553661
CLCC1	CLCC1	0.8983212551063621	324.0	0.013749428113388999	0.013749428113388999	1.18977529942294e-06	6411.0	36.10453982201194	0.08	0.5584782908055519	0.6053255190538847	25	-0.8998940992006524
HLA.DQB2	HLA.DQB2	0.9809345372984749	323.0	0.0137033364045374	-0.0137033364045374	0.001636908638136115	10528.0	59.29368029739776	0.375	1.500162976303021	1.8993801660288956	24	-0.7826024860553745
GLRA2	GLRA2	0.996183643163871	322.0	0.013697413489032	-0.013697413489032	0.0012175991822316991	15834.0	89.17990312042356	0.625	1.8295076001039827	1.746499041663154	24	-1.039685761800243
CYB5B	CYB5B	0.929051237300624	321.0	0.013691848110191002	0.013691848110191002	0.00422499818629091	468.0	2.630393150839247	0.04	0.31015150381545037	0.44089816034748547	25	-0.672399393709446
WDR97	WDR97	0.960595763304637	320.0	0.0136878764987816	0.0136878764987816	0.00015587413966145	6711.0	37.79429987608426	0.24	0.8608558027557076	1.2534988048164741	25	-0.6758426278523342
MASTL	MASTL	0.95544378378197	319.0	0.0136674501524383	0.0136674501524383	0.000450306213617038	1749.0	9.845668581728061	0.08	0.491596379782317	0.770104971828305	25	-0.6206023167143414
MLF2	MLF2	0.9126507561068101	318.0	0.0136379232903856	0.0136379232903856	0.0423226394727265	239.0	1.3405429762307084	0.08	0.2982120862934263	0.4949549117800218	25	-0.5749496696166077
PPM1L	PPM1L	0.9713141745586992	317.0	0.013582278078005	-0.013582278078005	0.0115935931916869	7751.0	43.65213473020164	0.12	0.9749373860873228	1.7245538681569526	25	-0.5574514810817288
RFC1	RFC1	0.945099828234607	316.0	0.0134765484431513	0.0134765484431513	0.00207025193314642	3120.0	17.567872028838572	0.04	0.4153805819127572	0.5160003176963909	25	-0.7788833062426174
UBA3	UBA3	0.9375778786335319	315.0	0.0134172015569293	0.0134172015569293	3.75138540077642e-06	9682.0	54.52855694491382	0.08	0.5285332956105935	0.358868804734402	25	-1.435388329266737
ZNF830	ZNF830	0.95544378378197	314.0	0.0134126701241086	-0.0134126701241086	0.000405589654845358	2030.0	11.428410499042469	0.12	0.45930003663443125	0.645105926592317	25	-0.6911847312667877
RBM22	RBM22	0.9125643488111229	313.0	0.013348826615873	0.013348826615873	0.000392167179768747	1491.0	8.392474935225863	0.08	0.41460243827192	0.45097088158821164	25	-0.8897550330587369
CRYGS	CRYGS	0.95544378378197	312.0	0.0133163047299273	-0.0133163047299273	0.00201228763397734	4682.0	26.365889377041793	0.08	0.5141378986081947	0.5373925852044036	25	-0.9319473466269991
AKAP6	AKAP6	0.9692115695121659	311.0	0.0132482156124826	-0.0132482156124826	0.005223627516467871	10388.0	58.50512560549735	0.375	0.9130360256367208	0.9475315817567728	24	-0.9496124745055832
PITPNB	PITPNB	0.95544378378197	310.0	0.013233325895665001	-0.013233325895665001	2.48941717949277e-05	6647.0	37.4338177312155	0.12	0.529451309228207	0.5930872696243005	25	-0.8703912725348965
ZNF493	ZNF493	0.9679372159279509	309.0	0.0132092920176755	-0.0132092920176755	0.00334237275801019	4768.0	26.850287259209193	0.08	0.41225362532251725	0.4369404071286673	25	-0.913269468317527
VPS8	VPS8	0.9408877990226391	308.0	0.0131629294208179	-0.0131629294208179	0.00028538050316593997	4926.0	27.74022755435395	0.04	0.4013403842374313	0.43341912553017914	25	-0.8956168104990199
ATP6V0D1	ATP6V0D1	0.96957152383328	307.0	0.0130974865843019	-0.0130974865843019	0.0210419207753861	548.0	3.0809958319251995	0.04	0.3022652107658385	0.4120055345124294	25	-0.701853980004759
SEMA4D	SEMA4D	0.963780860006185	306.0	0.0130780366117047	-0.0130780366117047	0.00035806784694781	6796.0	38.27306522473808	0.12	0.8556148640339678	1.5715121381497061	25	-0.5361312884380668
EIF3K	EIF3K	0.9475799332815391	305.0	0.0129852945710399	0.0129852945710399	4.5948531693816e-05	3344.0	18.829559535879238	0.08	0.44792033818415966	0.6320797734634496	25	-0.688101505336763
OCEL1	OCEL1	0.944732422823725	304.0	0.0129264912564356	0.0129264912564356	0.0159351208166568	818.0	4.60177988059029	0.12	0.3653804855086444	0.48344155650677734	25	-0.729051918496518
RMDN2	RMDN2	0.958530169711679	303.0	0.0129149467205859	0.0129149467205859	1.87873056236948e-05	7894.0	44.457587022642784	0.12	0.6264131540239164	0.5202454794613012	25	-1.1792475504805726
LTV1	LTV1	0.9515335672929449	302.0	0.0128240394205118	0.0128240394205118	0.0013532786301950301	2608.0	14.684014869888475	0.12	0.47717871689089475	0.5512769361231056	25	-0.842325602692524
LINC00528	LINC00528	0.98196252169928	301.0	0.0127976937559228	-0.0127976937559228	0.0001477728353151815	13757.0	77.48113101272952	0.4583333333333333	1.2884362965125744	1.1975309111171004	24	-1.0652239461332063
ADIPOR1	ADIPOR1	0.918666490794711	300.0	0.0127773166569016	0.0127773166569016	0.000879645855418924	1824.0	10.26810859524614	0.12	0.4421179239215654	0.6216875256713009	25	-0.6906051505554337
C19orf47	C19orf47	0.95544378378197	299.0	0.0127267643465392	0.0127267643465392	1.40657910916066e-05	6721.0	37.850625211220006	0.12	0.6738135312647116	0.8674252544557612	25	-0.7621253399325462
CUL2	CUL2	0.9126507561068101	298.0	0.0126857477512338	0.0126857477512338	8.14291577912923e-06	6997.0	39.40520446096654	0.08	0.5892789714791701	0.7153391524033106	25	-0.8060417520707033
HMGCR	HMGCR	0.95544378378197	297.0	0.012663954849408998	0.012663954849408998	0.0114618400845411	1621.0	9.124704291990536	0.04	0.33162653374343465	0.37301210296440535	25	-0.8550998113979765
ZNF45	ZNF45	0.926514043589797	296.0	0.0126555546604031	-0.0126555546604031	0.00162817709218384	507.0	2.850061957868649	0.08	0.6434042783874431	1.1855548272621315	25	-0.5320283037298776
PCF11	PCF11	0.9408877990226391	295.0	0.0126518415858956	0.0126518415858956	0.000648963890026681	1947.0	10.960910217415792	0.08	0.40801626468482843	0.520410728350041	25	-0.7597161272067416
PIKFYVE	PIKFYVE	0.949222278045342	294.0	0.0125024249122175	0.0125024249122175	0.0741595576072612	1893.0	10.656753407682775	0.08	0.35415175621515843	0.4000343353066678	25	-0.8540500180841509
EDEM2	EDEM2	0.933519798056184	293.0	0.0124613102264351	-0.0124613102264351	0.000303815100495985	6279.0	35.361045398220114	0.08	0.42297664373574145	0.33615942778026636	25	-1.2211923854702758
TMEM14A	TMEM14A	0.949222278045342	292.0	0.0124441353769371	-0.0124441353769371	2.0026568469965803e-11	11169.0	62.904134279598956	0.2	0.8320037973765568	0.6455521079407289	25	-1.2695484251673566
ASAH1	ASAH1	0.9334632744510228	291.0	0.012388191590853	-0.012388191590853	5.4332084580432404e-08	8728.0	49.15511997296384	0.16	0.6121842787415134	0.4295471103283116	25	-1.3963452965431986
ADPRM	ADPRM	0.950194201497381	290.0	0.0122674071109954	-0.0122674071109954	0.00161349158010524	3402.0	19.156246479666553	0.08	0.46629859607502466	0.6224759718504156	25	-0.729395526086484
MYH7	MYH7	0.994049601849495	289.0	0.0122419995050728	-0.0122419995050728	9.25762909950552e-09	17741.0	99.92114453080995	0.8260869565217391	5.596114960260025	3.6295118911536592	23	-1.5384638839081168
CBLN2	CBLN2	0.992227323258473	288.0	0.0121978292006411	-0.0121978292006411	0.00354586104194584	14501.0	81.67173594682887	0.5416666666666666	1.841113435866573	2.213111031045235	24	-0.8264002939798957
CMPK2	CMPK2	0.9681839544003891	287.0	0.0120179083990783	0.0120179083990783	8.635255214456755e-05	11205.0	63.10690548608764	0.2916666666666667	1.0793341634786007	1.3120948440613895	24	-0.8134444395618594
UNC5A	UNC5A	0.982473217154644	286.0	0.0120162815585413	0.0120162815585413	0.0007998426859756075	11743.0	66.13720851639067	0.4166666666666667	1.3718818676434559	1.8587641741872074	24	-0.7315966193933939
CD1D	CD1D	0.976993917265818	285.0	0.0119672523490835	0.0119672523490835	0.000677725650202004	12026.0	67.73121550073222	0.3333333333333333	1.2229643255202864	1.701472510650271	24	-0.7117347271795667
BLCAP	BLCAP	0.9396643202834959	284.0	0.0119493901330922	0.0119493901330922	6.38548066341022e-05	3194.0	17.98467950884308	0.12	0.5653587329561645	0.992552215626385	25	-0.5575619439565946
IMMP2L	IMMP2L	0.960595763304637	283.0	0.0119464763886425	-0.0119464763886425	4.93451225288374e-08	8113.0	45.69111186211558	0.04	0.4902723705302981	0.30576335421514833	25	-1.5643663229998608
PPP1R2	PPP1R2	0.9424380421100551	282.0	0.0119402372532184	-0.0119402372532184	7.479112062109159e-05	4443.0	25.01971386729751	0.12	0.527433062609658	0.5877417550359059	25	-0.8770736823436129
EP400	EP400	0.938112536798178	281.0	0.0118809496431823	-0.0118809496431823	8.93505581897562e-07	5582.0	31.43516953925876	0.16	0.4658677775917056	0.3957530944577189	25	-1.1471466283052043
EDC3	EDC3	0.9225892370661078	280.0	0.0118290368752007	-0.0118290368752007	0.00075128956560267	1467.0	8.257294130900078	0.12	0.3362608309928845	0.3284757858605458	25	-0.9876886153654598
N4BP2L2.IT2	N4BP2L2.IT2	0.958530169711679	279.0	0.0118060282207749	-0.0118060282207749	0.00681540603926658	6154.0	34.65697870902331	0.25	1.051254567090649	1.8008718529770313	24	-0.5771918402475756
TMEM141	TMEM141	0.95544378378197	278.0	0.0117214671424442	-0.0117214671424442	0.19384947934743	22.0	0.11828320378506252	0.08	0.43058555104373164	0.8000458908319846	25	-0.5235500721911112
TEX30	TEX30	0.960595763304637	277.0	0.0117137174558143	-0.0117137174558143	2.41579752812656e-08	10693.0	60.22304832713754	0.08	0.8399136537904792	1.358099917217123	25	-0.6098225364977019
SPHK2	SPHK2	0.95544378378197	276.0	0.0117133048821895	-0.0117133048821895	4.26809097294387e-08	10917.0	61.48473583417821	0.24	0.8064282710374912	0.8063852664318777	25	-0.9855276370211783
C21orf91	C21orf91	0.960595763304637	275.0	0.011701998799988001	0.011701998799988001	3.8738238288464794e-05	8712.0	49.064999436746646	0.12	0.6345654553783167	0.7390568124180463	25	-0.8427815644381165
MAGOH	MAGOH	0.95544378378197	274.0	0.011564266746521001	-0.011564266746521001	0.00013346423782814	4112.0	23.155345274304384	0.08	0.42915076016139936	0.5010755270634675	25	-0.8333803406087837
DPM1	DPM1	0.955041728812001	273.0	0.011533677992081999	-0.011533677992081999	1.07800560508005e-07	9552.0	53.79632758814915	0.12	0.6139688086994384	0.6362043682870242	25	-0.9469207706470307
HGS	HGS	0.9392152887972081	272.0	0.0115209690828473	0.0115209690828473	0.00100309707387141	2839.0	15.985130111524162	0.08	0.4417273913617589	0.46426173331694226	25	-0.9266463104880072
CCDC51	CCDC51	0.9056467753343042	271.0	0.0114627918578018	-0.0114627918578018	2.62444378991869e-07	3006.0	16.92576320829109	0.08	0.38776283129067046	0.3577857562002998	25	-1.0517468426613494
VPS33B	VPS33B	0.9457665757745041	270.0	0.0113896295447981	0.0113896295447981	0.0518988966884573	6.0	0.028162667567872023	0.08	0.24527592021345726	0.554249332759734	25	-0.4219875006508098
SPPL3	SPPL3	0.9479443458824579	269.0	0.0113374302377305	0.0113374302377305	0.00182185111053277	1261.0	7.096992227103751	0.12	0.4546366787172457	0.6359164039867228	25	-0.6971030243918206
USPL1	USPL1	0.934037499916978	268.0	0.0113347173434705	0.0113347173434705	0.000830373037982555	3683.0	20.73898839698096	0.08	0.45000030594725665	0.5043741978196948	25	-0.8697225006751864
KRBOX4	KRBOX4	0.95544378378197	267.0	0.0112672407691028	-0.0112672407691028	0.0390754298085871	1164.0	6.550636476287034	0.0	0.2842048273232977	0.27282601907236315	25	-1.00040893270448
MLX	MLX	0.9408071702072769	266.0	0.0111973831794775	-0.0111973831794775	2.42131258175375e-05	7443.0	41.91731440802072	0.12	0.4585435121527655	0.40526448422947503	25	-1.1038374848559018
GLE1	GLE1	0.8983212551063621	265.0	0.0111490530215853	0.0111490530215853	8.9341667714196e-06	4282.0	24.11287597161203	0.12	0.44599237777127926	0.41240861982272903	25	-1.0543992143922896
EXOC8	EXOC8	0.9269930144142992	264.0	0.0111295492660451	-0.0111295492660451	0.00115136734839181	3472.0	19.550523825616764	0.0	0.3821854429820641	0.2980874200308022	25	-1.2447888397225109
C18orf25	C18orf25	0.95544378378197	263.0	0.0110041879586928	0.0110041879586928	7.73104743970394e-06	6896.0	38.83631857609552	0.08	0.5367927369709954	0.6185190054331792	25	-0.8500766256067864
NDUFS1	NDUFS1	0.914620102624747	262.0	0.0109403800395851	-0.0109403800395851	6.891989926130981e-05	5562.0	31.32251886898727	0.04	0.4223793441539366	0.3160838936724806	25	-1.3016764610621883
HCG11	HCG11	0.967964281322764	261.0	0.010903966261506002	0.010903966261506002	0.0571985853536927	327.0	1.836205925425256	0.16	0.41630128315587606	0.7384904536222449	25	-0.5489540384793387
RUFY2	RUFY2	0.9303528993033299	260.0	0.0108956627213354	0.0108956627213354	0.00045109063064740996	2703.0	15.219105553678043	0.0	0.39003731544971665	0.26837919437866187	25	-1.4127088115237514
GPR155	GPR155	0.972825967508692	259.0	0.010893282561135	-0.010893282561135	8.75411998614207e-05	10138.0	57.09699222710375	0.2	0.724524033507532	0.593062187419746	25	-1.2032983489492264
EXOC2	EXOC2	0.943284595640646	258.0	0.0108484970150034	0.0108484970150034	0.0145317227241909	2528.0	14.233412188802522	0.08	0.34942170503658765	0.36388780408516747	25	-0.930432963733903
FLOT1	FLOT1	0.9486531368718191	257.0	0.0108432403919444	-0.0108432403919444	0.00233263897584843	216.0	1.210994705418497	0.08	0.357540754682385	0.502950048989468	25	-0.6893279262762346
MYO5C	MYO5C	0.968669701024486	256.0	0.0108406003882271	0.0108406003882271	0.00458067801817717	8665.0	48.800270361608646	0.16	0.7223173345351634	0.9614912728595303	25	-0.739972118551803
CCDC181	CCDC181	0.988400093923166	255.0	0.0108126968243866	0.0108126968243866	0.003612766840662955	6801.0	38.30122789230595	0.20833333333333334	0.7737949950555986	0.8479854826114748	24	-0.8997586796905
DFFA	DFFA	0.951789298543416	254.0	0.0108037490501539	-0.0108037490501539	0.000542358292976588	2990.0	16.8356426720739	0.08	0.35909671771322804	0.4361456223666678	25	-0.7985703645794342
BRAT1	BRAT1	0.95544378378197	253.0	0.0107297516956938	0.0107297516956938	3.56301325281165e-08	10165.0	57.249070631970255	0.28	0.6946940154802129	0.47242021068650153	25	-1.4477878979618812
NDUFA6	NDUFA6	0.9595714099622109	252.0	0.0107103665335011	-0.0107103665335011	4.85622487622367e-07	6534.0	36.79734144418159	0.12	0.5632793482842559	0.7254966231525617	25	-0.7616423896635522
PELO	PELO	0.972621739071155	251.0	0.0106061650907099	-0.0106061650907099	0.00022982468802453998	995.0	5.5987383124929595	0.04	0.2727121186922905	0.2517026148871086	25	-1.041331865857405
ANKRD13B	ANKRD13B	0.976993917265818	250.0	0.0105398035601502	0.0105398035601502	1.35290543374781e-10	13217.0	74.43956291539934	0.4	1.2957872598255664	1.523728151990951	25	-0.8434886856858762
OSBPL7	OSBPL7	0.954335419219395	249.0	0.0104950769062859	0.0104950769062859	0.00510061171316607	4601.0	25.909654162442266	0.16	0.6496071352766376	1.176104218601688	25	-0.5434144765930818
GTPBP8	GTPBP8	0.95544378378197	248.0	0.0104530901762066	-0.0104530901762066	3.9296112978169797e-07	7304.0	41.13439224963388	0.16	0.598331552167557	0.7603064828017496	25	-0.7732124811365577
FAM168A	FAM168A	0.9439340035231879	247.0	0.0104503377790875	-0.0104503377790875	0.0058936812823617	1500.0	8.443167736848034	0.08	0.34852610982573223	0.3677255110260498	25	-0.9193699156289848
TGFBRAP1	TGFBRAP1	0.9337598651270079	246.0	0.0104450376026503	0.0104450376026503	0.0772689786670351	202.0	1.1321392362284555	0.04	0.4029435512554034	0.5312752228071888	25	-0.7387856553498623
SLC25A51	SLC25A51	0.9516801953472741	245.0	0.0103587629879361	0.0103587629879361	7.67746552207425e-08	7623.0	42.931170440464115	0.04	0.4441264263612858	0.32192257001060554	25	-1.3474285551306935
TBX22	TBX22	0.996258725862292	244.0	0.0103565111504513	0.0103565111504513	0.000651096582839288	13925.0	78.42739664301003	0.4782608695652174	1.6583441563394254	1.8356180002253237	23	-0.8977835502739034
CYTH2	CYTH2	0.9556977700293109	243.0	0.0103220774157172	0.0103220774157172	0.000209652922781204	3881.0	21.854230032668696	0.04	0.3504841759118518	0.2886453200515568	25	-1.1784777887109898
TSR2	TSR2	0.9679372159279509	242.0	0.0103190608779106	0.0103190608779106	0.00812650767433781	618.0	3.4752731778754082	0.08	0.3425473463670866	0.444508203293803	25	-0.7474064213604305
MAD1L1	MAD1L1	0.9697089171411121	241.0	0.010304147129831999	-0.010304147129831999	0.0380998597562914	3122.0	17.579137095865722	0.0	0.308372900857253	0.21567199887879057	25	-1.3820466044594786
IMPG2	IMPG2	0.985677832736032	240.0	0.010198692341187001	0.010198692341187001	4.2126480511654645e-06	15661.0	88.20547482257518	0.5833333333333334	2.260789858583086	2.1465519334954126	24	-1.04846807157238
LATS1	LATS1	0.9605117984945358	239.0	0.010173984527139999	0.010173984527139999	0.00741794945351823	5867.0	33.04044159062746	0.08	0.38846169022786037	0.3041877127292467	25	-1.24359955997772
RFK	RFK	0.9681839544003891	238.0	0.0101365865133115	-0.0101365865133115	4.44858728737052e-06	8783.0	49.46490931621043	0.12	0.631608040330911	0.6998056410088443	25	-0.8880629383348243
NCALD	NCALD	0.9782535026419971	237.0	0.0100954418272967	0.0100954418272967	0.012026349152274726	4326.0	24.360707446209304	0.16666666666666666	0.6683494189847204	1.2051076899065205	24	-0.546220045453767
PIH1D1	PIH1D1	0.960595763304637	236.0	0.0100899132095649	0.0100899132095649	3.0662894931486893e-05	1693.0	9.530246704967894	0.04	0.34826770886955666	0.5124098970035588	25	-0.6599751441913367
USF3	USF3	0.95544378378197	235.0	0.0100812912267556	0.0100812912267556	0.0129403436855569	1659.0	9.338740565506363	0.08	0.36418902384676066	0.3928926995336704	25	-0.9012835642919816
RPS3	RPS3	0.960595763304637	234.0	0.0100624602883449	0.0100624602883449	1.42825731820292e-06	3706.0	20.868536667793173	0.12	0.4768509717297401	0.5629699921261659	25	-0.8291534503970227
HADHB	HADHB	0.9125643488111229	233.0	0.0100416414462098	0.0100416414462098	2.968924297023e-08	6686.0	37.6534865382449	0.08	0.47444189172627793	0.424216745377314	25	-1.0947239950818384
DYM	DYM	0.9230346791103691	232.0	0.0100258063887836	-0.0100258063887836	0.00756835315320769	616.0	3.464008110848259	0.0	0.1938642907935793	0.17980514998082908	25	-1.0224316957795518
KLHL22	KLHL22	0.95544378378197	231.0	0.0100241130607937	-0.0100241130607937	0.00031836730705788103	3156.0	17.77064323532725	0.08	0.44065964587601214	0.4324297880332539	25	-0.9958507594349687
ILVBL	ILVBL	0.95544378378197	230.0	0.0100149271521086	-0.0100149271521086	0.0125070939888992	2335.0	13.146333220682662	0.08	0.5167794361392	0.9441055048913477	25	-0.5367668193454844
CAPN7	CAPN7	0.95544378378197	229.0	0.00998565048660732	-0.00998565048660732	9.10528850005602e-06	7996.0	45.03210544102737	0.12	0.5184857009720389	0.5033364574488033	25	-1.010258730438086
TAPT1	TAPT1	0.9728837547026751	228.0	0.00980822095077856	-0.00980822095077856	4.7636344165549496e-05	4523.0	25.47031654838346	0.12	0.4249846024432866	0.5329230112064012	25	-0.7790550844345323
APEH	APEH	0.953959464592558	227.0	0.00973922051672152	-0.00973922051672152	0.0006575696682664339	1958.0	11.022868086065111	0.08	0.33335032718403595	0.43770202548351117	25	-0.739341122102039
MYCBP2	MYCBP2	0.960595763304637	226.0	0.00973575531526583	-0.00973575531526583	0.0369123600631499	447.0	2.5121099470541846	0.12	0.3643384239747956	0.4230739439552431	25	-0.8381576642239237
SLC51A	SLC51A	0.9656015365573759	225.0	0.009731290960655321	0.009731290960655321	0.04461676667717201	113.0	0.6308437535203334	0.08	0.3708131855271805	0.5523280436115432	25	-0.6537453579316661
POFUT1	POFUT1	0.948321956915054	224.0	0.0097173775406791	0.0097173775406791	0.0589886230682369	231.0	1.2954827081221132	0.0	0.22157508627169822	0.19149292134720144	25	-1.1063474683061192
GLIDR	GLIDR	0.9773391414065591	223.0	0.00958104322644075	-0.00958104322644075	0.0158521202358187	190.0	1.0645488340655624	0.12	0.5485343575368469	1.053509478366164	25	-0.5115789894422614
ZNF829	ZNF829	0.9842715134681441	222.0	0.009553004006524271	0.009553004006524271	0.006824086029346935	7792.0	43.88306860425819	0.16666666666666666	0.5384885487344903	0.5535621749420091	24	-0.9555124404650246
CCDC22	CCDC22	0.9599986135940192	221.0	0.00953353352276288	-0.00953353352276288	0.000212212771259126	1239.0	6.9730764898051145	0.08	0.5018327526683926	0.9184034914622182	25	-0.5360380526883941
CSNK2B	CSNK2B	0.9474756912446809	220.0	0.009349081466928491	0.009349081466928491	0.000701031223263372	3045.0	17.14543201532049	0.08	0.4050633685517967	0.5255775655045639	25	-0.7529132007470208
RBM39	RBM39	0.930046520174962	219.0	0.00933754957661793	0.00933754957661793	0.000105991485574335	5209.0	29.334234538695505	0.08	0.4198013738457174	0.3484102715567987	25	-1.1781048315109295
GBGT1	GBGT1	0.9773391414065591	218.0	0.00930882977283231	-0.00930882977283231	9.8551587461713e-09	11972.0	67.4270586909992	0.3333333333333333	1.2419646618483553	1.6262699928498094	24	-0.7579650596119448
HCG22	HCG22	0.9941877726486121	217.0	0.00929021032443746	-0.00929021032443746	5.1036359349032705e-05	16664.0	93.85490593669032	0.5652173913043478	2.465684912716564	2.1882702518546853	23	-1.1225280334136931
EIF2B4	EIF2B4	0.9375778786335319	216.0	0.00914421195057396	-0.00914421195057396	0.00012049885567105	1298.0	7.305395967106004	0.04	0.2878548833690296	0.2561173294532219	25	-1.0882148116000883
PIWIL2	PIWIL2	0.990361920587817	215.0	0.00913759679155288	0.00913759679155288	1.914726927262015e-07	15330.0	86.34110622958207	0.7083333333333334	1.3704281431025833	0.9520368597244373	24	-1.4298716823895345
LXN	LXN	0.9777775474977259	214.0	0.009060717937564059	-0.009060717937564059	1.213982633018145e-07	9379.0	52.82189929030077	0.08333333333333333	0.7219234374256351	0.9448331710984231	24	-0.754485279829165
DNAJC14	DNAJC14	0.9382819878834822	213.0	0.00902631603389953	0.00902631603389953	0.00138005182261756	1415.0	7.96440238819421	0.16	0.4030091960398896	0.5021501378953971	25	-0.7845917988935426
THAP10	THAP10	0.9804573268036478	212.0	0.0089888699140132	-0.0089888699140132	0.00238607729861962	1902.0	10.707446209304944	0.08	0.49927946019818953	0.9173835556964345	25	-0.5344444940611245
ANTXR2	ANTXR2	0.9650975025777109	211.0	0.00890344416878332	-0.00890344416878332	0.001365959341111695	8996.0	50.66463895460178	0.16666666666666666	0.7966780678342174	1.2498074498994516	24	-0.6303167929818401
TMEM230	TMEM230	0.9539654683453481	210.0	0.00888324316345553	-0.00888324316345553	2.1689282038995303e-08	8061.0	45.39822011940971	0.08	0.6541224549265339	0.9395946891942563	25	-0.6867207948103659
CLIP1.AS1	CLIP1.AS1	0.987920153187125	209.0	0.00888192420677297	-0.00888192420677297	0.002033006462101186	9061.0	51.03075363298411	0.25	0.6829667179248743	0.5243196555783853	24	-1.2856370852138048
SMARCD1	SMARCD1	0.95544378378197	208.0	0.00883296724564807	0.00883296724564807	5.34246000789547e-07	8053.0	45.353159851301115	0.2	0.5875406998617051	0.4422032016654007	25	-1.3086918648181665
TLR8.AS1	TLR8.AS1	0.996258725862292	207.0	0.008830373562779971	-0.008830373562779971	0.04356913979803345	12791.0	72.04010363861664	0.375	1.3655217744162214	1.4106084260357945	24	-0.9617774683695354
MEX3B	MEX3B	0.9713141745586992	206.0	0.00876532095227994	0.00876532095227994	5.4758875767267e-09	13897.0	78.26968570462994	0.48	1.1829370595356503	1.330509606998592	25	-0.8824977530467488
ZSCAN21	ZSCAN21	0.95544378378197	205.0	0.00873681848460095	-0.00873681848460095	0.0026627580562440197	2512.0	14.143291652585331	0.08	0.33832716768810256	0.4424683885084585	25	-0.7448901611130598
MTM1	MTM1	0.95544378378197	204.0	0.00866139390948938	-0.00866139390948938	1.88155392974739e-06	8029.0	45.21797904697532	0.12	0.5396784334709349	0.4468447174049986	25	-1.1883704089538496
BUD31	BUD31	0.958726343528535	203.0	0.00860436556020598	-0.00860436556020598	2.5849666120841398e-11	7930.0	44.66035822913146	0.16	0.6207849117351294	0.7331873785734361	25	-0.8349578348798695
KIAA0930	KIAA0930	0.9792641523520841	202.0	0.0085851785789141	0.0085851785789141	2.1061264304640002e-08	10275.0	57.86864931846344	0.16	0.8244405371219818	1.0875332431305642	25	-0.750188891876586
ECI2	ECI2	0.9676145480131909	201.0	0.00853470313852061	0.00853470313852061	0.000455507913238726	4723.0	26.596823251098343	0.08	0.47976120022664254	0.539871173115976	25	-0.8728498955933183
NELFE	NELFE	0.967321881766644	200.0	0.00849208731967961	-0.00849208731967961	0.0147486787062626	652.0	3.666779317336938	0.08	0.3199677516192491	0.45189807927726844	25	-0.6892608722695173
HTR7P1	HTR7P1	0.9734943531146709	199.0	0.008481801369725879	-0.008481801369725879	0.0764254253207017	958.0	5.390334572490707	0.12	0.5152193657247089	0.7074504304180097	25	-0.7162870253051767
ZNF197	ZNF197	0.95544378378197	198.0	0.00839022700226957	0.00839022700226957	0.00880835422213339	1534.0	8.634673876309563	0.04	0.3283462723865373	0.5015647127591372	25	-0.6379157808454479
METTL6	METTL6	0.949200138021965	197.0	0.00835177777518299	-0.00835177777518299	0.00010391633960894001	6981.0	39.315083924749345	0.04	0.4760718999190214	0.4829338994781435	25	-0.9684971849134114
ANXA2P2	ANXA2P2	0.958028062102235	196.0	0.00833601693257719	-0.00833601693257719	2.59665505699368e-10	12028.0	67.74248056775937	0.16	0.9053676976183259	1.1314722207526624	25	-0.7928004455019122
SERPINA3	SERPINA3	0.992989127944183	195.0	0.008334524499357121	-0.008334524499357121	0.00366674393545833	14773.0	83.20378506252112	0.5652173913043478	2.299940935436719	2.2620611365078145	23	-1.0130612183520202
MICU1	MICU1	0.9383289044018209	194.0	0.00821923863762368	-0.00821923863762368	0.00208247277045631	3306.0	18.61552326236341	0.12	0.4657360666058841	0.5976451610420448	25	-0.7655325564261931
XAF1	XAF1	0.98390826316541	193.0	0.008102693276938971	-0.008102693276938971	0.0005428032301937382	11493.0	64.72907513799707	0.2916666666666667	1.4678818017262003	2.170793060581874	24	-0.6724635042171971
TAB2	TAB2	0.95544378378197	192.0	0.008099390147202729	-0.008099390147202729	0.0021501694177464103	3369.0	18.9703728737186	0.04	0.318458848112879	0.314127750507735	25	-0.9880039489157901
FLG	FLG	0.992989127944183	191.0	0.00805475347894833	-0.00805475347894833	8.772600374813219e-09	17432.0	98.18069167511545	0.75	3.6324907145072562	3.289726817261933	24	-1.1017437502743634
CEP164	CEP164	0.955406750590399	190.0	0.008009832838654309	-0.008009832838654309	8.6566871322243e-05	1626.0	9.15286695955841	0.04	0.4294320974629971	0.7527693372042743	25	-0.5598292116805285
GPN3	GPN3	0.952655602006634	189.0	0.00795848904082734	-0.00795848904082734	0.00208412926730065	3888.0	21.893657767263715	0.04	0.3848627151763429	0.30920992319282187	25	-1.218926683347351
TCTA	TCTA	0.9842715134681441	188.0	0.00794847590564597	-0.00794847590564597	0.0006598092906192451	3616.0	20.361608651571476	0.08	0.39740166976214397	0.5072207985096886	25	-0.7678178714295347
SELENOM	SELENOM	0.970692256495264	187.0	0.00775414960129475	0.00775414960129475	0.12080434193474698	1845.0	10.386391799031204	0.08	0.6047299089697201	1.037605696115345	25	-0.5753397091047415
ACSS1	ACSS1	0.9809345372984749	186.0	0.00774949309816085	0.00774949309816085	8.27352977379067e-06	12450.0	70.11940971048777	0.16	1.0009231662526026	1.438594511071069	25	-0.6903777718538627
PPOX	PPOX	0.9598842023682129	185.0	0.0077309860302214204	0.0077309860302214204	0.00521381253127055	330.0	1.8531035259659794	0.12	0.4243412541356351	0.6350569328491786	25	-0.6560203448788355
TBCD	TBCD	0.950194201497381	184.0	0.00764043822582612	-0.00764043822582612	0.00169660501429696	3054.0	17.19612481694266	0.08	0.40045608906439784	0.44338203349016825	25	-0.8859530183179652
GLUL	GLUL	0.979669435627973	183.0	0.0076352493970415596	-0.0076352493970415596	0.0124739491324087	3219.0	18.125492846682437	0.08	0.4750294960669546	0.8674995430918956	25	-0.538783277054016
PAIP2	PAIP2	0.95544378378197	182.0	0.00755298388977675	-0.00755298388977675	0.000111679606357117	4062.0	22.87371859862566	0.08	0.34616871407672756	0.26184970929109064	25	-1.2931682494652748
ABCB10	ABCB10	0.96708619785624	181.0	0.007543297088908559	0.007543297088908559	0.0589232875908873	276.0	1.5489467162329613	0.08	0.2905313384920788	0.43027376456444455	25	-0.6576929962012256
PRKAR2B	PRKAR2B	0.986740778329082	180.0	0.007542264550920479	-0.007542264550920479	4.4821772704370395e-05	10265.0	57.812323983327694	0.16	1.1695697749312943	2.1092523800501874	25	-0.5509191414792783
FGD1	FGD1	0.98390826316541	179.0	0.007506083850348309	0.007506083850348309	7.09731725223857e-05	6755.0	38.04213135068153	0.12	0.5047969742216778	0.35723364039122196	25	-1.392060640836414
REPS1	REPS1	0.95544378378197	178.0	0.00736583887701847	-0.00736583887701847	0.00345002066142925	3023.0	17.021516278021856	0.08	0.44232621956587037	0.6985095796112112	25	-0.6226978031295575
MDC1	MDC1	0.95544378378197	177.0	0.00730707092811611	-0.00730707092811611	6.07395331931727e-06	6688.0	37.664751605272045	0.12	0.4318206603160802	0.31374570415231356	25	-1.3530498864834695
ANXA13	ANXA13	0.993747410815391	176.0	0.0073067773360219	0.0073067773360219	3.19625943380417e-06	16349.0	92.08065787991438	0.6956521739130435	2.3172223112388197	2.099031475815914	23	-1.1004673157675786
RPL10	RPL10	0.971345413052034	175.0	0.00727816817664437	0.00727816817664437	2.18435048884434e-06	6173.0	34.76399684578123	0.16	0.5118527177052377	0.5601216101682938	25	-0.900830356066764
UROD	UROD	0.9677565008830841	174.0	0.007248860759538221	0.007248860759538221	0.0011411373500409	1538.0	8.657204010363861	0.04	0.39879514119431986	0.6604140235411641	25	-0.592880021437607
COPS4	COPS4	0.9439205515385991	173.0	0.00724186096127535	0.00724186096127535	7.87685292359584e-05	5883.0	33.13056212684465	0.16	0.5386972612378665	0.6330330317417119	25	-0.8395381814663883
PENK	PENK	0.994177642522904	172.0	0.007191212163176209	-0.007191212163176209	0.0004570299112458393	16386.0	92.28906161991664	0.5833333333333334	2.35119383251078	1.9265151967517071	24	-1.216706011091852
GSK3A	GSK3A	0.96485560132588	171.0	0.007121570670063471	-0.007121570670063471	5.89506096630196e-06	5566.0	31.345049003041566	0.2	0.5977608066962221	0.6522939053049039	25	-0.9054802309552075
BOK	BOK	0.9876112654558471	170.0	0.007107033961411571	0.007107033961411571	0.0057223753004164895	9557.0	53.824490255717016	0.16	0.9076121133427771	1.2167636810205693	25	-0.7400821485944259
ZNF660	ZNF660	0.9784562258745021	169.0	0.00709493887797124	0.00709493887797124	0.0015207036116722473	6670.0	37.563366002027706	0.25	0.8586549777111743	1.2766182795254255	24	-0.6670435889025221
PXMP2	PXMP2	0.967964281322764	168.0	0.00704028929665012	-0.00704028929665012	0.00737790964722109	1367.0	7.694040779542639	0.08	0.49845934700849887	0.7813304095952042	25	-0.6289516594732896
LENG1	LENG1	0.98196252169928	167.0	0.00700775883498755	-0.00700775883498755	0.0318589228916737	1574.0	8.85997521685254	0.0	0.297339473069217	0.2594527211572384	25	-1.1190158767241343
GNS	GNS	0.9561879082266891	166.0	0.0069733851169912	0.0069733851169912	0.0368880518764375	1248.0	7.023769291427284	0.04	0.4215041231230118	0.6654715613511473	25	-0.6229127765645969
URGCP	URGCP	0.95544378378197	165.0	0.00691084318034304	-0.00691084318034304	0.0036954348638128898	1073.0	6.038075926551763	0.12	0.3919487890024939	0.4642007679180288	25	-0.8294642586419484
FECH	FECH	0.9778393371519971	164.0	0.0069089359254312106	-0.0069089359254312106	0.0157614880126389	75.0	0.416807480004506	0.04	0.2681388921601083	0.4366308234294128	25	-0.5982856505248727
ADCY9	ADCY9	0.990005169794966	163.0	0.0069077187292862705	-0.0069077187292862705	2.12477588209863e-05	9817.0	55.28894896924636	0.2	0.6727555937070677	0.4988683678355042	25	-1.3347165663494958
PDAP1	PDAP1	0.952450763003082	162.0	0.0069069680663909295	0.0069069680663909295	0.010556827360711	780.0	4.387743607074462	0.08	0.32702203086774567	0.4804347319398309	25	-0.6663029159212528
CA14	CA14	0.986326617951775	161.0	0.00685662682203636	-0.00685662682203636	0.00011782384236459022	13149.0	74.05655063647629	0.375	1.2188816235810094	1.1070216778250186	24	-1.0948520892023146
AKAP10	AKAP10	0.957039930011985	160.0	0.00678428001821718	-0.00678428001821718	2.8997961336217198e-05	4040.0	22.749802861327026	0.08	0.44343609425081454	0.46373089867612644	25	-0.941606038068985
RPAP1	RPAP1	0.9726349520376191	159.0	0.0067803476078491	-0.0067803476078491	5.19800802470452e-06	6888.0	38.79125830798693	0.08	0.5784634233702597	0.7204821807511526	25	-0.7934728866804054
ZNF80	ZNF80	0.993556414906484	158.0	0.00674827508183585	-0.00674827508183585	0.019748226506124546	13133.0	73.96643010025909	0.3333333333333333	1.3559871645088502	1.4984743122317552	24	-0.9004084210276004
TBCCD1	TBCCD1	0.958530169711679	157.0	0.0067314163114499	0.0067314163114499	0.00219117602474942	5663.0	31.891404753858286	0.12	0.4870378968333574	0.5489859387283179	25	-0.8748976005369083
MPHOSPH6	MPHOSPH6	0.9842392938798721	156.0	0.0067043373234555205	-0.0067043373234555205	0.000434996502744448	12652.0	71.2571814802298	0.28	0.827328118581538	0.4295652608269294	25	-1.9103588117864805
INTS10	INTS10	0.9588849697946901	155.0	0.00665286836530009	0.00665286836530009	2.87912761254963e-05	4933.0	27.77965528894897	0.04	0.3947735082364216	0.30685104273560454	25	-1.2648503208950872
RSL24D1	RSL24D1	0.971737077064302	154.0	0.00662041383658033	-0.00662041383658033	0.000534556559917842	6346.0	35.7384251436296	0.04	0.47461726390693826	0.4458506494894113	25	-1.049671791678017
WDFY3	WDFY3	0.9773135384684549	153.0	0.0066021043167311	-0.0066021043167311	0.271890159950497	38.0	0.208403740002253	0.04	0.3018581434868274	0.47674240429527065	25	-0.6193198601801515
PREP	PREP	0.968461237043247	152.0	0.00648873833531668	0.00648873833531668	0.0272173625594489	171.0	0.957530697307649	0.04	0.24657042185484948	0.2837107759387638	25	-0.8462198262478126
ENTPD1	ENTPD1	0.980487227505182	151.0	0.00642720887489105	-0.00642720887489105	0.12430905181681501	1075.0	6.0493409935789115	0.08	0.43142722729803096	0.5711070220843234	25	-0.7441687844636395
CDC42BPG	CDC42BPG	0.9758505498543909	150.0	0.006409632909719421	0.006409632909719421	0.0262193158220049	9794.0	55.159400698434155	0.08	0.6111632538577191	0.6585360981988299	25	-0.9183302519058085
HINT2	HINT2	0.9721383842895209	149.0	0.00636453124927123	0.00636453124927123	0.000264260892723182	3664.0	20.63197026022305	0.12	0.4927857443194668	0.668326718970999	25	-0.7278194919681238
PTPRA	PTPRA	0.960595763304637	148.0	0.00633977490028154	-0.00633977490028154	0.0122082287456944	366.0	2.055874732454658	0.12	0.38225224986411743	0.5112205471627453	25	-0.7353234862137993
LRIG1	LRIG1	0.975544674083222	147.0	0.0063283651538595396	0.0063283651538595396	0.00162971772291074	1064.0	5.987383124929593	0.12	0.5551732070946409	0.9224885686524181	25	-0.5949611307840271
RNF130	RNF130	0.962586450603524	146.0	0.00607863060379647	0.00607863060379647	0.10265931157667099	220.0	1.2335248394727947	0.08	0.5092629195166763	1.093903739631207	25	-0.45998954997861224
ODF2L	ODF2L	0.984835265835567	145.0	0.0060156561766428205	0.0060156561766428205	4.53618233249175e-09	11758.0	66.22169651909428	0.24	0.7267813906270391	0.511540210822565	25	-1.4090109031534261
EQTN	EQTN	0.996258725862292	144.0	0.00601377780643921	-0.00601377780643921	0.0018725085969429904	15500.0	87.29863692688971	0.5833333333333334	1.5952661180146206	1.1094470241400385	24	-1.43247248911236
PCM1	PCM1	0.97204509136172	143.0	0.00600832040165933	-0.00600832040165933	0.00646812809859582	4398.0	24.76624985918666	0.08	0.46589957603165993	0.5013364761507262	25	-0.9173305305072892
BHLHE41	BHLHE41	0.9860057186400991	142.0	0.005972426802270871	0.005972426802270871	2.46519859365901e-06	10869.0	61.21437422552664	0.25	0.9662562802407675	1.152919648145575	24	-0.8329148132596012
RECQL	RECQL	0.9730725639606729	141.0	0.005810170360347921	-0.005810170360347921	0.000408268663559386	8307.0	46.78382336374901	0.08	0.548373000043837	0.41470969231913707	25	-1.308295513059684
GPATCH8	GPATCH8	0.9618877693218991	140.0	0.00574764373350478	0.00574764373350478	0.00023378532423354702	2176.0	12.25076039202433	0.12	0.4004982686397611	0.45534903945700217	25	-0.8669187605556198
SDHAF1	SDHAF1	0.9713141745586992	139.0	0.00574025940609641	-0.00574025940609641	0.00120712499876966	6138.0	34.56685817280612	0.2	0.6409364683192194	0.7180931130933339	25	-0.8845596724593061
CHCHD2	CHCHD2	0.97045793738998	138.0	0.0057211074504813	-0.0057211074504813	2.4790533666028497e-11	9261.0	52.15726033569899	0.08	0.550357417653437	0.44290402827061975	25	-1.22969373823391
CCNI	CCNI	0.958726343528535	137.0	0.00570600038632723	-0.00570600038632723	7.947355056238471e-06	2302.0	12.960459614734706	0.12	0.6585583969047726	1.2722521494457186	25	-0.5131470179106188
ATP6AP1	ATP6AP1	0.9755251956173879	136.0	0.00557622839247442	-0.00557622839247442	0.00100588251760871	689.0	3.875183057339191	0.12	0.3953005494635749	0.46409417291960436	25	-0.8397526704964963
CEP78	CEP78	0.9726412315573171	135.0	0.00554917695363939	0.00554917695363939	0.0003084391552276847	13601.0	76.60245578461192	0.4583333333333333	1.5634296401057493	1.9926524220897346	24	-0.7818124455033304
IFT52	IFT52	0.9697089171411121	134.0	0.0055338274983196606	-0.0055338274983196606	5.5922831995322305e-05	3531.0	19.882843302917653	0.08	0.47480787612860115	0.6739575575869867	25	-0.6962961440931879
PARVG	PARVG	0.9908218793097501	133.0	0.00548226333635619	0.00548226333635619	0.0007640568067168945	13503.0	76.05046750028163	0.4583333333333333	1.6562748010946777	2.2789608995542383	24	-0.7243619397249046
LRRC73	LRRC73	0.991915064438155	132.0	0.00548205582888408	0.00548205582888408	0.00162974173380879	11333.0	63.827869775825164	0.28	0.9120181805940991	0.9527656372583099	25	-0.9514786105992178
ZFP82	ZFP82	0.988990057757251	131.0	0.00546043727400108	0.00546043727400108	0.00134510999717118	6975.0	39.2812887236679	0.24	0.588560606156454	0.6427123055159257	25	-0.9072491126716172
CFAP126	CFAP126	0.987920153187125	130.0	0.0054532220329804705	0.0054532220329804705	6.279503603258261e-05	10413.0	58.64593894333671	0.28	0.7338632980491316	0.7647823719309931	25	-0.952440985501528
USP35	USP35	0.9773135384684549	129.0	0.00544303058943455	0.00544303058943455	3.18128809891381e-07	6322.0	35.603244339303814	0.28	0.7046600554970384	0.7159938028340472	25	-0.9765685431074438
UBQLN1	UBQLN1	0.9722212720273771	128.0	0.00536876447450845	0.00536876447450845	0.0030139730758663	788.0	4.432803875183057	0.04	0.3076686665747552	0.3685937031712077	25	-0.8201439674617333
TRAF6	TRAF6	0.960595763304637	127.0	0.0053023654462135295	-0.0053023654462135295	0.000152837549277337	4977.0	28.027486763546243	0.08	0.420995894459077	0.32852444713235557	25	-1.2653351451966353
CEP162	CEP162	0.9734943531146709	126.0	0.00527173864391511	-0.00527173864391511	4.0134036812892895e-05	7915.0	44.575870226427845	0.12	0.6309294916140322	0.7541975348203036	25	-0.829567486081995
ATP6V0A2	ATP6V0A2	0.969459827342429	125.0	0.00520608866933332	-0.00520608866933332	0.0142113986131106	953.0	5.3621719049228345	0.08	0.34389289820196356	0.4538244987066832	25	-0.7462946810888916
SLC25A26	SLC25A26	0.976993917265818	124.0	0.0052003322798854605	0.0052003322798854605	2.63362282023941e-06	2434.0	13.703954038526529	0.12	0.4094000338035201	0.47470477181831006	25	-0.851475960469888
AR	AR	0.9928886161677429	123.0	0.00518589255799846	-0.00518589255799846	0.005562431033742125	10717.0	60.358229131463325	0.3333333333333333	1.3183161752492731	2.1709537942987955	24	-0.6048633030052155
NDRG3	NDRG3	0.962024171946103	122.0	0.005090803564837471	0.005090803564837471	0.00166937425443545	1303.0	7.333558634673876	0.04	0.309373271389363	0.2950462964197074	25	-1.0313041428307899
CDH8	CDH8	0.996258725862292	121.0	0.0050781419830185	-0.0050781419830185	0.000506395648974098	12341.0	69.50546355750816	0.2916666666666667	1.0477446933056986	0.9022015715336283	24	-1.1556913490521625
ANAPC15	ANAPC15	0.984573317777479	120.0	0.0050747280440490705	-0.0050747280440490705	3.9733393231880394e-05	1595.0	8.978258420637601	0.16	0.5220316432463837	0.7324172560636064	25	-0.7058229594162372
ZNF783	ZNF783	0.9833337671169159	119.0	0.00505849803228997	0.00505849803228997	0.0008952251791849859	1572.0	8.84871014982539	0.12	0.41285729375605024	0.5597579706259268	25	-0.7285270011747321
ASB14	ASB14	0.984573317777479	118.0	0.00500511968279842	-0.00500511968279842	0.0018976237589937	5430.0	30.57902444519545	0.12	0.4465080733618324	0.4234909607442044	25	-1.0425321780261305
C19orf44	C19orf44	0.975017653592726	117.0	0.00498313219740565	0.00498313219740565	0.00349021307721216	1811.0	10.194885659569673	0.12	0.4008930241751952	0.43654079062198214	25	-0.9069253102641295
TNFRSF10B	TNFRSF10B	0.987296119147968	116.0	0.00497674127245321	0.00497674127245321	0.00036252814248250603	2906.0	16.36250985693365	0.04	0.36765028990751836	0.3538481829776481	25	-1.0249411077461277
POLR2F	POLR2F	0.9735345535523822	115.0	0.0048840690772252605	-0.0048840690772252605	2.8074811570578698e-05	2308.0	12.994254815816154	0.08	0.5111412705720361	0.8663604928547464	25	-0.5843493622690961
LIME1	LIME1	0.989551321177955	114.0	0.00478939645220041	-0.00478939645220041	5.417842018210293e-07	11064.0	62.31271826067365	0.375	1.1122357811021795	1.3199994578314325	24	-0.8389748784210509
GMFB	GMFB	0.98557811826279	113.0	0.0047431212192804795	-0.0047431212192804795	5.8776869423877504e-05	7426.0	41.82156133828996	0.04	0.5191475758712933	0.5115016307767584	25	-1.0056751018972243
SDHAF4	SDHAF4	0.9852934053835299	112.0	0.004704064312296871	0.004704064312296871	4.21572370402664e-08	7791.0	43.877436070744615	0.04	0.4838624319176438	0.320224343401159	25	-1.4963208684140679
ARL3	ARL3	0.9757743703723051	111.0	0.00466360022614504	-0.00466360022614504	0.13201905152635002	2425.0	13.653261236904358	0.04	0.3212568510420119	0.4816656307289486	25	-0.6572884395690375
SNX2	SNX2	0.976877061135173	110.0	0.00458003872079916	0.00458003872079916	1.87592549247611e-05	6192.0	34.871014982539144	0.08	0.5114882952085399	0.47080113329226964	25	-1.0766929402717815
CDC42EP1	CDC42EP1	0.9887782238028822	109.0	0.00446393611551658	0.00446393611551658	0.0107483299610095	9562.0	53.852652923284886	0.12	0.6109876514270771	0.46413636576064765	25	-1.3067791279779641
VWA8.AS1	VWA8.AS1	0.996258725862292	108.0	0.0043699993985601105	0.0043699993985601105	0.0245834800964718	13000.0	73.2173031429537	0.43478260869565216	1.2890416740825505	1.2032511928714449	23	-1.0676670692660966
MAK	MAK	0.994177642522904	107.0	0.00429827822862043	-0.00429827822862043	0.000727796925053526	9856.0	55.50861777627576	0.12	0.8043874300361274	1.0291227803988823	25	-0.777447712796132
ZNRF2P1	ZNRF2P1	0.9925534801896819	106.0	0.0042209557284947205	-0.0042209557284947205	4.67808156197423e-08	15408.0	86.78044384364087	0.64	1.4355151427454664	0.7100370959412936	25	-2.0158019844294337
MSANTD3	MSANTD3	0.984573317777479	105.0	0.00417001129773495	0.00417001129773495	0.000696752885263387	3350.0	18.863354736960684	0.08	0.5106316116219485	0.7197072910814684	25	-0.7037049736750323
NBAS	NBAS	0.9734943531146709	104.0	0.00410214206142562	0.00410214206142562	0.00030452282698720403	5095.0	28.692125718148024	0.0	0.3756732533176067	0.22613449662648777	25	-1.6431420981731715
SSPN	SSPN	0.9918839090928051	103.0	0.0040355471775989395	0.0040355471775989395	0.0001570998805302275	10984.0	61.862115579587694	0.20833333333333334	1.0030736951816184	1.423231997289544	24	-0.7019503144298505
FBXO36	FBXO36	0.9910202475727479	102.0	0.00401499472765665	-0.00401499472765665	2.7179083610377104e-09	8717.0	49.093162104314516	0.28	0.6705359012410278	0.6702428773441427	25	-0.9944468326981408
UBIAD1	UBIAD1	0.98573258967951	101.0	0.00396428678415996	0.00396428678415996	0.000142882029792729	3614.0	20.35034358454433	0.08	0.3329774973415197	0.2722719401188315	25	-1.2083992585272059
INHBC	INHBC	0.996344542651826	100.0	0.00396191615035403	-0.00396191615035403	5.09059746421689e-07	16740.0	94.28297848372198	0.5833333333333334	2.0754135668286384	1.827836766312617	24	-1.133280437758741
TMEM221	TMEM221	0.99405942876602	99.0	0.00391740547129709	-0.00391740547129709	0.00250600025789874	8781.0	49.45364424918328	0.16666666666666666	0.876741434108053	1.2743827765857956	24	-0.6848994232134419
SYMPK	SYMPK	0.9858035649566229	98.0	0.00386009826364655	-0.00386009826364655	1.89718443605282e-08	10189.0	57.38425143629604	0.16	0.6772226585729579	0.5416357756645414	25	-1.2432017797996309
KLHL3	KLHL3	0.990207264169671	97.0	0.0038294778241982704	0.0038294778241982704	0.0053563970891396	5724.0	32.23498929818632	0.16	0.7306686753177501	1.1859342455575461	25	-0.6128832186238464
PPP2R1B	PPP2R1B	0.9784562258745021	96.0	0.0038023114839899896	0.0038023114839899896	0.0146024425780769	2394.0	13.478652697983552	0.0	0.2805735517343011	0.2161189374688103	25	-1.2806431657117228
NIFK.AS1	NIFK.AS1	0.9833735044951579	95.0	0.0037768925285498797	0.0037768925285498797	0.00253751674603158	2943.0	16.570913596935902	0.04	0.3663893859038854	0.43996873218221627	25	-0.8241778718610324
HS3ST6	HS3ST6	0.996258725862292	94.0	0.00377486123667721	-0.00377486123667721	0.00593297615092406	15718.0	88.52652923284893	0.4583333333333333	1.5281977938604294	0.9949256110571444	24	-1.5321979007093784
RNF148	RNF148	0.996258725862292	93.0	0.00371990677260812	0.00371990677260812	0.0657387185123559	9886.0	55.677593781682994	0.30434782608695654	0.9538181979517361	1.109990766629627	23	-0.8559515265735083
HOMER3	HOMER3	0.9930171746285391	92.0	0.0037066519239084103	-0.0037066519239084103	5.91185942863553e-06	7424.0	41.81029627126281	0.36	0.9755659852542575	1.0324026837940803	25	-0.9413568451398884
BLOC1S2	BLOC1S2	0.9833337671169159	91.0	0.0036531064849263796	-0.0036531064849263796	4.9998169691204904e-06	7267.0	40.92598850963163	0.08	0.4882533217406294	0.40430649288765036	25	-1.198596173399483
CHMP5	CHMP5	0.9762504274699301	90.0	0.0036145089759019	0.0036145089759019	1.43471693360539e-12	11458.0	64.53193646502196	0.2	0.7411189725851108	0.5441381468448107	25	-1.3553625451287221
EXOC7	EXOC7	0.9844515387088231	89.0	0.0035248155007807204	0.0035248155007807204	0.00137035280112617	1292.0	7.271600766024558	0.08	0.41328647867341806	0.6366886843390793	25	-0.6435824497147995
LDLRAD4	LDLRAD4	0.992248437964939	88.0	0.00342956288022182	0.00342956288022182	0.0196071670295236	5403.0	30.42694604032894	0.125	0.6447047577801432	0.8539546124063931	24	-0.7509476330279969
RALY	RALY	0.9879708206743709	87.0	0.00341809700317955	0.00341809700317955	0.00831956232349578	2947.0	16.5934437309902	0.16	0.6411646390888861	0.9193171593726298	25	-0.6937176529163497
SCAMP4	SCAMP4	0.9809345372984749	86.0	0.00341195472022763	-0.00341195472022763	3.43321403828144e-05	9152.0	51.543314182719385	0.16	0.6140083844393643	0.5207619218954287	25	-1.172505907299703
SUPV3L1	SUPV3L1	0.9773068976222679	85.0	0.0033951001479280603	-0.0033951001479280603	0.000109467385013014	5693.0	32.06038075926551	0.12	0.4965979998121053	0.6800561701100456	25	-0.7252384749106356
GAK	GAK	0.9880983588793371	84.0	0.0032870686780443	0.0032870686780443	0.00012250693760800101	3953.0	22.259772445646053	0.16	0.5116943996104351	0.5317940976606463	25	-0.9560228915079472
GCM2	GCM2	0.9981377646968921	83.0	0.00315106705220771	0.00315106705220771	0.000381952361867692	16345.0	92.05812774586008	0.5833333333333334	2.3628293082098173	2.261058331044064	24	-1.0436167031869572
TNRC18P1	TNRC18P1	0.995097936669482	82.0	0.00310045231489158	0.00310045231489158	0.0161456526003693	6835.0	38.49273403176748	0.25	0.724301554386046	0.6777687280851789	24	-1.0640814073978895
DAZAP1	DAZAP1	0.982283582348869	81.0	0.00308708470111961	-0.00308708470111961	6.82504181389361e-12	9551.0	53.79069505463557	0.24	0.8473479164706106	1.1650374936144428	25	-0.7246640871189768
SLC39A1	SLC39A1	0.98460589986657	80.0	0.00308271869947845	-0.00308271869947845	0.000138633882615701	3573.0	20.119409710487776	0.04	0.327657112132888	0.3115813846918008	25	-1.0417002086131066
FAM189B	FAM189B	0.9895366371001519	79.0	0.00286444831864679	-0.00286444831864679	8.178189018480279e-05	7801.0	43.93376140588036	0.12	0.7459687635064425	1.076788294684996	25	-0.6901118064300501
MOB1A	MOB1A	0.987920153187125	78.0	0.00285295445996933	-0.00285295445996933	0.000111316260225752	9246.0	52.07277233299538	0.12	0.529770452903824	0.3154886129148939	25	-1.670163286007396
LDHAL6B	LDHAL6B	0.9965429536701981	77.0	0.00284311042949038	-0.00284311042949038	0.15077900599440253	5733.0	32.28568209980849	0.08333333333333333	0.5951300790937426	0.6263344187935918	24	-0.9456401418990837
UBL4A	UBL4A	0.990564038041843	76.0	0.0028364543961320603	0.0028364543961320603	0.00316696262495312	1208.0	6.798467950884308	0.16	0.4821415028242994	0.7827856561304793	25	-0.6123068871720281
RYK	RYK	0.990780959682904	75.0	0.0028267883266089896	0.0028267883266089896	5.59622153918128e-06	5723.0	32.229356764672744	0.04	0.42072837807756946	0.4247853415753153	25	-0.9837947519591274
SFPQ	SFPQ	0.988990057757251	74.0	0.00280460322798274	-0.00280460322798274	0.00146330207354236	3423.0	19.274529683451618	0.04	0.3369361833163993	0.2792164230549851	25	-1.1966759563516691
KPNA5	KPNA5	0.9930946500749059	73.0	0.0027997692280285103	-0.0027997692280285103	0.000143197904025278	8516.0	47.96102286808606	0.16	0.6678918606772928	0.7884165825139914	25	-0.8435795316842685
ZNF740	ZNF740	0.988046468542496	72.0	0.0027882151736168303	-0.0027882151736168303	0.000172411233935383	3597.0	20.254590514813565	0.12	0.6130379394334062	0.943316870741171	25	-0.6469191246206715
CCDC151	CCDC151	0.996258725862292	71.0	0.00278523201708395	0.00278523201708395	1.96547609738159e-05	8177.0	46.05159400698434	0.16	0.7281501684912953	0.6342454025949905	25	-1.1436660534020568
ANXA2P1	ANXA2P1	0.996258725862292	70.0	0.00272897762745003	0.00272897762745003	1.1633714204198525e-06	9853.0	55.49172017573504	0.16666666666666666	0.8799463785129986	1.28245616522099	24	-0.6840135551411914
IRF2	IRF2	0.985677832736032	69.0	0.00270822262633051	-0.00270822262633051	0.0347667799846921	596.0	3.351357440576771	0.2	0.5424228393584564	0.9190729070616018	25	-0.587238088061659
LIN52	LIN52	0.9861262138722799	68.0	0.00269213803779442	0.00269213803779442	0.00673320859649504	3354.0	18.885884871014984	0.08	0.4329562057256508	0.6254956303170763	25	-0.6878770159749107
ZNF554	ZNF554	0.9925534801896819	67.0	0.00268278044977831	0.00268278044977831	0.151449813552225	2.0	0.0056325335135744056	0.04	0.2303648403599436	0.3526480093104332	25	-0.6456354605698017
WDR45	WDR45	0.9894572132335809	66.0	0.00265765143351129	-0.00265765143351129	0.00736075715613577	417.0	2.3431339416469528	0.08	0.3823041663379044	0.6382920524523251	25	-0.5947849631619053
ASAP3	ASAP3	0.996104145185639	65.0	0.00249162218383085	-0.00249162218383085	0.00720780123286304	4539.0	25.560437084600654	0.12	0.6782834287248726	1.0352293862730164	25	-0.6527942652149735
PLEC	PLEC	0.996069615890854	64.0	0.0024868397313114	-0.0024868397313114	2.5481087749060603e-07	12622.0	71.08820547482257	0.36	0.9310786658526411	1.1270009134148842	25	-0.8239494884770214
ELOC	ELOC	0.9925534801896819	63.0	0.00245534051083125	-0.00245534051083125	1.3723126611506902e-06	10050.0	56.6013292779092	0.16	0.5826293207250539	0.5027513160476139	25	-1.1539979343570257
D2HGDH	D2HGDH	0.995505699368305	62.0	0.00243167830261689	0.00243167830261689	0.0160919174230035	3638.0	20.485524388870115	0.24	0.6446932436530338	0.9081925672709658	25	-0.7071865466597609
INPP4A	INPP4A	0.991488678556519	61.0	0.0023918925712381398	0.0023918925712381398	0.0122707423593423	1488.0	8.37557733468514	0.08	0.3865585065919221	0.6040649708702761	25	-0.6359690307272996
PHF13	PHF13	0.994969181468105	60.0	0.00238244733039037	-0.00238244733039037	1.48377950221034e-05	8441.0	47.53858285456798	0.08	0.5149166650626443	0.36195754518659734	25	-1.41600644757393
PNO1	PNO1	0.9932779126077099	59.0	0.00235092769984624	0.00235092769984624	3.13824834179529e-06	4965.0	27.95989636138335	0.04	0.3981538477108319	0.5350431426930458	25	-0.7397588875147173
PARP3	PARP3	0.99123459383323	58.0	0.0023047555117841102	-0.0023047555117841102	0.00622602304249978	1736.0	9.772445646051594	0.16666666666666666	0.7016593982921228	1.2811781597262089	24	-0.545868377064586
FBXO11	FBXO11	0.9888539180934308	57.0	0.00224915950645714	0.00224915950645714	0.00100414639153195	4205.0	23.679170891066804	0.08	0.3918968522273235	0.31327207908850296	25	-1.2437996193423493
PARL	PARL	0.9905118867140099	56.0	0.00224652726363381	0.00224652726363381	4.08547676626385e-09	6587.0	37.09586572040103	0.08	0.4808768332310479	0.3871904818296396	25	-1.2361623759594564
RUVBL2	RUVBL2	0.995189691140841	55.0	0.0021730421878527603	0.0021730421878527603	0.005111256274800679	2085.0	11.738199842289061	0.08	0.4585107948649146	0.8449805166642852	25	-0.5400571299306858
CRYBB2P1	CRYBB2P1	0.996258725862292	54.0	0.0021537641594156	-0.0021537641594156	0.002636899304789785	6708.0	37.77740227554354	0.16666666666666666	0.8283287871691263	1.3047276634569647	24	-0.6332164528654998
ISG20L2	ISG20L2	0.992423626388571	53.0	0.00214493301537245	0.00214493301537245	2.71730509721165e-05	3863.0	21.752844429424357	0.08	0.43264460930262716	0.48685540466685884	25	-0.8842454498000968
RAB24	RAB24	0.996258725862292	52.0	0.00200512817880935	0.00200512817880935	0.0666081614517825	495.0	2.782471555705756	0.04	0.30379873648669375	0.4485880529772942	25	-0.6727633656421966
PELP1	PELP1	0.9925737217193059	51.0	0.00197156668110289	-0.00197156668110289	3.7949378677079797e-11	11430.0	64.37422552664188	0.32	0.7105614122098225	0.5079316620225285	25	-1.3950495677060022
MRPL55	MRPL55	0.996258725862292	50.0	0.0019226760603421602	0.0019226760603421602	0.004443504428069071	1788.0	10.065337388757461	0.04	0.33655511391641857	0.4281496080143596	25	-0.7815782885052956
MAML1	MAML1	0.9914698622386959	49.0	0.0019192725165863601	0.0019192725165863601	2.13702504575417e-07	8424.0	47.442829784837215	0.16	0.511501667963534	0.4184464957361253	25	-1.217795824889147
C9orf135	C9orf135	0.9975665433020509	48.0	0.0018341110637310602	-0.0018341110637310602	0.000561374536841508	12424.0	69.97296383913483	0.43478260869565216	1.6457899276309944	1.6950756998976886	23	-0.9698421236682759
TNRC6B	TNRC6B	0.9910503174893109	47.0	0.0018334532306198102	0.0018334532306198102	0.00043298984343109704	5131.0	28.8948969246367	0.04	0.4419596654522521	0.3920554093074516	25	-1.1226122679931791
PARP14	PARP14	0.9937299790090859	46.0	0.0018248734620671101	-0.0018248734620671101	2.05175204896512e-06	9529.0	53.66677931733693	0.32	1.0399841008812514	1.4742098325779451	25	-0.7042140165377673
SETD1B	SETD1B	0.9907188755588259	45.0	0.00181993885205337	0.00181993885205337	1.90817798702348e-08	8662.0	48.78337276106792	0.28	0.7428771174069243	0.6378292069372273	25	-1.1618426539501552
LRP3	LRP3	0.996258725862292	44.0	0.00180060688291768	0.00180060688291768	1.1438507078706948e-11	12525.0	70.54184972400586	0.4583333333333333	1.337988206117122	1.2647012593932119	24	-1.056524289281795
MRPL38	MRPL38	0.994408260682381	43.0	0.0017372513250399	0.0017372513250399	0.0878206007391834	235.0	1.3180128421764108	0.0	0.2197858691656184	0.20262671946202027	25	-1.0761098951782067
PYY2	PYY2	0.9975665433020509	42.0	0.0016583959035637	0.0016583959035637	0.023509456406728132	5704.0	32.122338627914836	0.125	0.5402739124121537	0.5665932083420019	24	-0.9506212015578482
POGLUT1	POGLUT1	0.995428209028446	41.0	0.0016327507319290199	-0.0016327507319290199	0.00205224971147921	6684.0	37.64222147121775	0.12	0.6217674328873725	0.9028192292525309	25	-0.6868868784162585
DAD1	DAD1	0.9933403812033281	40.0	0.0014884470935005699	0.0014884470935005699	3.72615426852788e-08	8317.0	46.840148698884754	0.12	0.52000045013057	0.36993892427701486	25	-1.401615155935311
RRP15	RRP15	0.9961356993818191	39.0	0.00144199109591568	-0.00144199109591568	0.00157818885965786	6994.0	39.388306860425814	0.12	0.5618728921151867	0.7163962247968356	25	-0.7822918122973146
COPS7A	COPS7A	0.9930171746285391	38.0	0.00143356363323481	-0.00143356363323481	0.000793232026327283	1933.0	10.882054748225752	0.0	0.32288410949778246	0.29471648176149595	25	-1.0907111266504825
RBM8A	RBM8A	0.990207264169671	37.0	0.00143139844901786	-0.00143139844901786	0.0055310514520569894	1377.0	7.750366114678382	0.12	0.42792931565034714	0.5259532029890392	25	-0.8109046865339034
BBX	BBX	0.996258725862292	36.0	0.0012778986514375699	-0.0012778986514375699	0.00027631702536181897	6575.0	37.02827531823814	0.08	0.46486551292751765	0.3309190170066709	25	-1.4009095592917669
PIGS	PIGS	0.996258725862292	35.0	0.00120129905313347	-0.00120129905313347	3.75121698886881e-05	1099.0	6.184521797904698	0.08	0.3858835176829323	0.5660114859041625	25	-0.6796367710017346
ALKBH8	ALKBH8	0.996258725862292	34.0	0.00118201628229089	0.00118201628229089	7.440047697199879e-06	9130.0	51.41939844542075	0.08	0.5947944500686972	0.5937423140911191	25	-0.9997812513920091
FEZ2	FEZ2	0.996258725862292	33.0	0.0011092348750377	-0.0011092348750377	0.00066320206280343	1105.0	6.218316998986144	0.12	0.6042425219112783	1.229998231538612	25	-0.4903529708996229
KDM8	KDM8	0.996258725862292	32.0	0.0010354056312855198	0.0010354056312855198	0.00335841361573794	2763.0	15.557057564492508	0.12	0.45854986425587185	0.6219373121999036	25	-0.7356279317062934
UBE2Q1	UBE2Q1	0.995505699368305	31.0	0.00101691785050485	0.00101691785050485	0.0257957798381847	932.0	5.243888701137772	0.04	0.29406882707191434	0.37083354634131577	25	-0.7902518855499768
RCBTB1	RCBTB1	0.9964612169331619	30.0	0.000986311235662158	-0.000986311235662158	0.0411403773289131	397.0	2.2304832713754643	0.04	0.25510708186582853	0.2764774943422514	25	-0.9191372745717609
EIF3A	EIF3A	0.996258725862292	29.0	0.0009573892491368109	-0.0009573892491368109	0.0008669115385698611	3094.0	17.421426157485637	0.08	0.4266374038853646	0.49292663894308386	25	-0.8635768104336095
PUM3	PUM3	0.996258725862292	28.0	0.000892348115443372	-0.000892348115443372	2.0515297944154702e-08	9567.0	53.88081559085276	0.2	0.6977110264005495	0.6615508080509631	25	-1.0533109019064582
MRI1	MRI1	0.997074024497627	27.0	0.00086208533098177	0.00086208533098177	0.000427584438718109	1850.0	10.414554466599075	0.08	0.5029158699443517	0.6666028793207448	25	-0.7531527393415295
MAPKAPK5	MAPKAPK5	0.996258725862292	26.0	0.0008059808147856951	0.0008059808147856951	0.0406896605876846	347.0	1.9488565956967443	0.04	0.247122673402916	0.3480821542364867	25	-0.7076395316169612
MCCC1	MCCC1	0.9969012846498829	25.0	0.000797089976546354	-0.000797089976546354	8.0359972859085e-15	9629.0	54.23003266869438	0.12	0.6511645433812728	0.5556897722771998	25	-1.1703786642311957
AGPAT3	AGPAT3	0.996258725862292	24.0	0.000791575128410066	0.000791575128410066	0.0014033207144509901	5347.0	30.111524163568774	0.16	0.9566416168129405	1.6785187203970122	25	-0.5694604594332124
BCORL1	BCORL1	0.997188630709858	23.0	0.0007676669845444321	-0.0007676669845444321	1.55300206374301e-08	10086.0	56.80410048439788	0.16	0.6538615857847391	0.4583432129707298	25	-1.424901471906167
CACFD1	CACFD1	0.9964926786075509	22.0	0.0007290809538715259	0.0007290809538715259	0.017927337444889998	1622.0	9.130336825504111	0.08	0.5288708519685383	1.0128974221677904	25	-0.5214168379304831
TTC19	TTC19	0.9973549016058629	21.0	0.000698286843348704	0.000698286843348704	1.3395957026949e-06	8439.0	47.52731778754083	0.12	0.6985971133984532	0.8035444876930646	25	-0.8685254360449122
NCOA6	NCOA6	0.996258725862292	20.0	0.000680686409835505	-0.000680686409835505	0.000414041339112164	2214.0	12.46479666554016	0.12	0.40573561637630207	0.4187102718212483	25	-0.9673871343175184
EPHX1	EPHX1	0.9977626537880121	19.0	0.0006800507107167059	0.0006800507107167059	0.000309055154191002	10092.0	56.837895685479324	0.32	1.1125706677477332	1.5228486395974261	25	-0.7301386284397583
ZNF160	ZNF160	0.9973549016058629	18.0	0.0006716396268086491	-0.0006716396268086491	0.000362455086811098	4473.0	25.188689872704742	0.04	0.34954339197824674	0.29233561063124686	25	-1.1933946452781152
ZBTB11	ZBTB11	0.996258725862292	17.0	0.000670600075990495	0.000670600075990495	0.000179109979527014	5004.0	28.17956516841275	0.08	0.46967836987001144	0.47628525919141856	25	-0.9847203135999789
MRPS18C	MRPS18C	0.996344542651826	16.0	0.000618969291760277	0.000618969291760277	0.000226139966721106	6794.0	38.26180015771094	0.08	0.45319326208108	0.4266226972731136	25	-1.0608303207543424
USP43	USP43	0.99813851347504	15.0	0.0006172476974081441	-0.0006172476974081441	0.0496903651546319	4245.0	23.904472231609777	0.12	0.44936976675610557	0.5611436522504714	25	-0.7997105861555622
CDC27	CDC27	0.9970848804926121	14.0	0.000510731416922617	-0.000510731416922617	0.0135922338689508	2920.0	16.44136532612369	0.04	0.36637184232115744	0.31766645138635485	25	-1.1517146658312505
CHUK	CHUK	0.9967781589279449	13.0	0.000485282546690187	-0.000485282546690187	0.000318592552029102	6101.0	34.358454432803875	0.04	0.43642885526506914	0.35856558113627074	25	-1.2157987148038651
SRRT	SRRT	0.9973549016058629	12.0	0.000414445020891782	0.000414445020891782	5.9332242895844e-06	7257.0	40.869663174495884	0.08	0.4518032258972511	0.2675206848259881	25	-1.6873042216154996
DDX19A	DDX19A	0.997858579394431	11.0	0.000406605366971822	0.000406605366971822	0.0008139687188314559	1997.0	11.242536893094513	0.12	0.3619660330825928	0.3866484031539041	25	-0.9351116538083915
DZANK1	DZANK1	0.99846429183275	10.0	0.000387236934087104	-0.000387236934087104	1.28165070425085e-05	8839.0	49.78033119297059	0.16	0.6846285371672124	0.8417045107646428	25	-0.8129234089663239
GPR52	GPR52	0.999818048267075	9.0	0.000363434189704935	0.000363434189704935	0.32054959681760653	10217.0	57.541962374676125	0.25	0.9826754321258847	1.10528646239961	24	-0.8887397352208142
CENPV	CENPV	0.9987551484519449	8.0	0.000314678783541371	0.000314678783541371	1.74198924405471e-07	9846.0	55.45229244114002	0.12	0.7178595545065489	0.6521818713440349	25	-1.1002220503987188
CGRRF1	CGRRF1	0.99906675346995	7.0	0.00022764976901668599	0.00022764976901668599	2.19179841578154e-07	8930.0	50.29289174270586	0.08	0.6066128973298038	0.5872471790947261	25	-1.0325894600218657
YBX1	YBX1	0.999088399847168	6.0	0.000193616357595218	0.000193616357595218	0.000181698686383716	4650.0	26.18564830460741	0.04	0.4558974555557602	0.6698963387240578	25	-0.6802602325997746
PKNOX1	PKNOX1	0.998943263465777	5.0	0.000179551818071947	-0.000179551818071947	0.00547568536978783	390.0	2.1910555367804436	0.04	0.30166964654614126	0.3879274422142459	25	-0.7771816631666942
UAP1	UAP1	0.9995083407243371	4.0	0.000177984858527642	-0.000177984858527642	2.65092942404621e-05	3205.0	18.046637377492395	0.12	0.5262642561156412	0.6601254477510602	25	-0.7969489330390213
PIGQ	PIGQ	0.9998231712413961	3.0	4.5477144625356204e-05	4.5477144625356204e-05	1.78973730514595e-06	9580.0	53.95403852652923	0.2	0.9107904446356488	1.2674106504091012	25	-0.7185871187030413
RIC8A	RIC8A	0.9997702103438779	2.0	3.25471444316083e-05	3.25471444316083e-05	8.92099591198344e-06	5937.0	33.43471893657767	0.12	0.4311854213598552	0.33057734091727664	25	-1.3042420663771837
CD209	CD209	0.9999767415127601	1.0	9.483088554496561e-06	9.483088554496561e-06	3.174628244785725e-07	16034.0	90.30640982313844	0.625	1.796525069016707	1.6039546164326877	24	-1.1200538765390597
ACTRT2	ACTRT2					0.0009034581490558051	17498.0	98.55243888701138	0.782608695652174	3.0400789040640195	2.0152855554867846	23
ADAM6	ADAM6					0.0100635797486605	15945.0	89.80511434043032	0.4782608695652174	1.7897135267950077	1.4526441890120878	23
ASB17	ASB17					0.00143019643397658	15121.0	85.16390672524501	0.5652173913043478	1.8283484766778773	1.4430672934520936	23
ATXN8OS	ATXN8OS					0.000229283031171897	14913.0	83.99233975442154	0.625	1.885695439023633	1.6474861364452134	24
BPIFA3	BPIFA3					0.0661687346232141	15167.0	85.42300326686943	0.4782608695652174	1.9376973542624736	1.9652552831928893	23
C15orf32	C15orf32					0.0160885950935984	13650.0	76.87844992677707	0.47619047619047616	1.276791604938604	1.1839545447760225	21
C4orf17	C4orf17					0.0036722543862456897	15018.0	84.58375577334685	0.5217391304347826	1.7572088415631657	1.5298235777123643	23
CABP2	CABP2					0.0218830309636207	15182.0	85.50749126957305	0.5217391304347826	1.7141348012290119	1.2509582648187934	23
CARD18	CARD18					0.008876578549343615	17278.0	97.31328151402501	0.6363636363636364	2.827123726975682	2.2394554763302432	22
CCDC140	CCDC140					0.0012878830453471	15503.0	87.31553452743043	0.4782608695652174	1.6086745622077583	1.3446259751586314	23
CCDC172	CCDC172					0.000165996058946186	16801.0	94.62656302805001	0.6521739130434783	2.32982966117853	1.802749345644783	23
CETN1	CETN1					5.9231163506074954e-05	17686.0	99.61135518756336	0.8333333333333334	4.456791253193781	2.9803345889337476	18
CLDN17	CLDN17					0.006044899833198865	16708.0	94.10273741128759	0.5909090909090909	2.16981142230887	1.7375685128211849	22
CPS1.IT1	CPS1.IT1					0.0021319848598312704	14976.0	84.34718936577671	0.5909090909090909	1.652952415967662	1.3277613940833843	22
CSN1S2AP	CSN1S2AP					0.0418732159119248	17512.0	98.63129435620141	0.47619047619047616	3.663650233204331	2.944254828770782	21
CSN2	CSN2					0.002263458020349592	17600.0	99.12695730539596	0.5909090909090909	4.249789340179255	3.4614900233092736	22
CST13P	CST13P					0.0494177366272765	15251.0	85.89613608200968	0.4782608695652174	1.6738014510954546	1.4306507978681042	23
CST8	CST8					0.0014610683461682649	16403.0	92.3848146896474	0.5454545454545454	2.0320860667252263	1.5714240619616635	22
CYLC1	CYLC1					0.000149208883518756	16689.0	93.99571927452968	0.6190476190476191	2.231732788029505	1.7777012737578048	21
DAOA.AS1	DAOA.AS1					0.155664292073383	11540.0	64.99380421313506	0.2608695652173913	1.058229411152372	1.0319130689791252	23
DCAF4L2	DCAF4L2					0.00023660985761837701	16476.0	92.79598963613833	0.6521739130434783	2.506128228236248	2.318547892889065	23
DEFB121	DEFB121					0.0039095412890634606	16820.0	94.73358116480793	0.5263157894736842	2.1653677883375284	1.8466734285331923	19
DEFB122	DEFB122					0.00903944229229146	15580.0	87.74923960797567	0.5454545454545454	1.6239388621115745	1.0752863062129134	22
DEFB123	DEFB123					0.0007168989970961161	16738.0	94.27171341669482	0.6666666666666666	2.239467065131162	1.698758320194476	21
DEFB127	DEFB127					0.000278458314186427	17069.0	96.13608200968795	0.631578947368421	2.6910520730632905	1.8474839963253025	19
DEFB129	DEFB129					0.000221901735579229	17354.0	97.74135406105665	0.631578947368421	3.161856410432936	2.563245404749081	19
DPPA5	DPPA5					0.0197222344724094	17130.0	96.47966655401599	0.5789473684210527	2.7659318876965973	2.2087349196723967	19
DSCR10	DSCR10					0.12472785185594351	13038.0	73.43133941646953	0.3181818181818182	1.2735071097022888	1.0923668288057755	22
DSCR8	DSCR8					5.59572778576682e-10	16402.0	92.37918215613382	0.6086956521739131	2.58614587226496	2.213114658490205	23
F9	F9					4.95689544725506e-07	17593.0	99.08752957080094	0.7142857142857143	3.4564417509847827	2.5096241236266517	21
FAM24A	FAM24A					0.013384787493211401	14874.0	83.77267094739213	0.5	1.2919131811199984	1.3759582003450817	22
FAM71B	FAM71B					0.00335239641915941	15802.0	88.99966204798918	0.5454545454545454	2.206487306240613	2.216114294617175	22
FAM9A	FAM9A					0.00699402864953343	14637.0	82.437760504675	0.5217391304347826	1.3867446352652257	1.1644551749818182	23
FSHB	FSHB					0.020471218012310048	15174.0	85.46243100146445	0.5	1.4815694403888493	1.2745164432083185	22
GABRG3.AS1	GABRG3.AS1					0.0302716505327406	16383.0	92.27216401937591	0.42857142857142855	1.8231689757212404	1.4411683987723174	21
GPHB5	GPHB5					0.0122503770023536	15451.0	87.02264278472457	0.5238095238095238	1.452900705273595	0.9207548340824857	21
GPR6	GPR6					0.01344635537346325	14575.0	82.08854342683338	0.5	1.3936264065582646	1.198885810401031	24
GPX5	GPX5					0.00574443532891268	15097.0	85.02872592091923	0.4782608695652174	1.639301645144069	1.437234766842125	23
GUCA1C	GUCA1C					0.0021177410603703027	16012.0	90.1824940858398	0.5909090909090909	2.088673347207666	1.8543881350481255	22
HMHB1	HMHB1					0.00399030168263597	15590.0	87.8055649431114	0.6086956521739131	1.9220431596004834	1.5788990371827467	23
HTN1	HTN1					0.000710810937277797	17671.0	99.52686718485974	0.6666666666666666	3.9756316846163418	2.246356183406287	21
IFNA2	IFNA2					6.4458129306143e-08	17388.0	97.93286020051819	0.75	2.8957748357034996	1.8288600988189063	20
IFNA6	IFNA6					0.00040692126853292	15651.0	88.14914948743944	0.5454545454545454	1.6503540143892357	1.265930209894216	22
IFNA8	IFNA8					0.0283031610930473	14709.0	82.84330291765235	0.45454545454545453	1.5238942691232131	1.3579208386062005	22
IQCF2	IQCF2					0.000856723308111442	15900.0	89.55165033231947	0.5714285714285714	1.8767157777025862	1.4785058872445467	21
KIF2B	KIF2B					0.00288220906447752	15874.0	89.40520446096653	0.4782608695652174	2.2730548222566083	2.1002524430144467	23
KLHL1	KLHL1					4.473332537527679e-05	15583.0	87.76613720851638	0.6086956521739131	2.228593534077423	2.166871057344795	23
KRTAP17.1	KRTAP17.1					0.000332638268493279	16241.0	91.47234426044834	0.47368421052631576	2.087482273099233	1.5900297748552987	19
KRTAP19.1	KRTAP19.1					0.010727494053511904	15665.0	88.22800495662949	0.45454545454545453	2.0456892241252445	1.963531233783002	22
KRTAP19.3	KRTAP19.3					0.0472907089708813	15159.0	85.37794299876084	0.45	1.4087132729759466	1.1415740277174031	20
KRTAP2.4	KRTAP2.4					0.02967006511309135	15985.0	90.03041568097329	0.5909090909090909	2.0462081329751953	1.577907104812609	22
KRTAP4.2	KRTAP4.2					0.01810115866696	15535.0	87.49577559986481	0.55	1.672890459136346	1.3168776091428314	20
KRTAP4.4	KRTAP4.4					0.003843605466989755	16157.0	90.99921144530809	0.6	1.713095468368099	1.421995166804837	20
KRTAP4.5	KRTAP4.5					0.00335111005908587	15138.0	85.25965979497578	0.5	1.473771091800079	1.3660319447840068	20
KRTAP7.1	KRTAP7.1					0.0491585394328367	13286.0	74.82820772783597	0.4090909090909091	1.554619168851618	1.5847644823566167	22
KRTAP9.9	KRTAP9.9					0.000611402534089811	17378.0	97.87653486538244	0.85	2.969881496436101	2.0710904400731045	20
LACRT	LACRT					0.00226190050807721	16903.0	95.2010814464346	0.5	2.2047350245589326	2.0075190955089823	22
LCE2B	LCE2B					5.72227953433943e-06	17684.0	99.60009012053621	0.8181818181818182	3.9683892334519473	2.044557783236013	22
LCE3D	LCE3D					0.000424297840984146	17204.0	96.8964740340205	0.6521739130434783	2.9703681251384717	2.548816736960615	23
LINC00208	LINC00208					0.0109588786547275	14979.0	84.36408696631744	0.5	1.470939328316736	1.0139196370298926	20
LINC00210	LINC00210					0.0284645918424911	15311.0	86.23408809282415	0.47619047619047616	1.249114856622154	0.8134207859928768	21
LINC00276	LINC00276					0.00847772845002647	14682.0	82.69122451278585	0.43478260869565216	1.4659108692426612	1.3721983570536895	23
LINC00280	LINC00280					0.03177519164671669	14310.0	80.59592204573617	0.4166666666666667	1.7475652850004062	1.1881283571471584	12
LINC00290	LINC00290					0.034005215706823	16350.0	92.08629041342796	0.5263157894736842	1.685633977211943	1.2325922731811338	19
LINC00301	LINC00301					0.119656899924232	16902.0	95.19544891292102	0.42857142857142855	1.8897412945971852	1.5396132014631636	21
LINC00307	LINC00307					0.23882792645638398	14393.0	81.06342232736284	0.15789473684210525	1.3734842316923819	0.8704845598413388	19
LINC00308	LINC00308					0.0188688195204497	15150.0	85.32725019713867	0.47619047619047616	1.380623576851498	1.1746817573576018	21
LINC00317	LINC00317					0.0664967403570023	15298.0	86.16086515714768	0.3684210526315789	1.632124271182283	1.293143876272152	19
LINC00354	LINC00354					0.0202560271954657	16409.0	92.41860989072885	0.5263157894736842	1.5925146364886138	1.1819851235804641	19
LINC00358	LINC00358					7.09038393259957e-07	16745.0	94.31114115128985	0.6086956521739131	2.037567553519611	2.0053686776972004	23
LINC00382	LINC00382					0.40099888427335406	14214.5	80.05801509518982	0.11764705882352941	1.0475229305304583	0.6659155941373163	17
LINC00396	LINC00396					0.00010446388318052099	16506.0	92.96496564154556	0.6842105263157895	1.632626479146103	1.0393473879141804	19
LINC00423	LINC00423					0.18593888823682148	13388.0	75.40272614622056	0.36363636363636365	1.1259018945476174	0.9633534047178398	22
LINC00508	LINC00508					0.24457316865722	12003.0	67.60166722992001	0.38095238095238093	1.2583261217541637	1.167966075743358	21
LINC00587	LINC00587					0.00118540651003846	16917.0	95.27993691562465	0.5294117647058824	2.1983469745208164	1.6193299354764263	17
LINC00606	LINC00606					0.0014000378334407366	16130.0	90.84713304044159	0.6818181818181818	2.162967908764019	1.6332050680665908	22
LINC00616	LINC00616					0.0229383574601133	14029.0	79.01318012842177	0.4090909090909091	1.499317115114922	1.4357676867271625	22
LINC00851	LINC00851					0.00015212357728011102	15971.0	89.95156021178326	0.5714285714285714	1.7654286730755064	1.3817203786404666	21
LINC00879	LINC00879					0.002441413606791875	16451.0	92.65517629829897	0.5454545454545454	1.8534464448660974	1.448092530382026	22
LINC00905	LINC00905					6.1058314408349e-05	17425.0	98.14126394052045	0.7619047619047619	2.9760800609542977	2.1272301816896344	21
LINC00911	LINC00911					0.0190953327087263	15804.0	89.01092711501633	0.5714285714285714	1.4809573772097577	1.0274045951009165	21
LINC00919	LINC00919					0.09387896688764	14798.0	83.34459840036048	0.4782608695652174	2.1110970073304505	1.9030549480397223	23
LINC00955	LINC00955					0.00409249593111649	16429.0	92.53126056100034	0.5238095238095238	2.1464025615539293	1.5793534840241046	21
LINC01005	LINC01005					0.065274727020155	14031.0	79.0244451954489	0.42857142857142855	1.4126931770269728	1.0411639499550358	21
LINC01015	LINC01015					0.000127150471072329	17428.0	98.15816154106116	0.7368421052631579	3.675944056155878	2.879426399915228	19
LINC01020	LINC01020					0.0508682366606439	14586.0	82.1505012954827	0.43478260869565216	1.3765716402246817	1.1520875900392036	23
LINC01159	LINC01159					0.001066781040719664	14967.0	84.29649656415455	0.625	1.7445360028948766	1.5470712122923849	24
LINC01210	LINC01210					0.0855624197630681	15667.0	88.23927002365663	0.43478260869565216	1.6190151559822095	1.4135847850141496	23
LINC01231	LINC01231					0.057561611110252806	13090.0	73.72423115917539	0.45454545454545453	1.3902928867250903	1.327512445868937	22
LINC01241	LINC01241					0.017646007177445154	14856.0	83.67128534414779	0.4090909090909091	1.588673675981329	1.2276135648024842	22
LINC01350	LINC01350					0.014442080873297755	15102.0	85.0568885884871	0.45454545454545453	1.4681163638109078	1.2276718969730085	22
LINC01365	LINC01365					0.09594522913398379	14778.0	83.23194773008899	0.45	1.4320553326957257	1.028980898709919	20
LINC01419	LINC01419					2.8511019856814965e-05	16992.0	95.70237692914272	0.6818181818181818	2.909414592511553	2.4571910006956634	22
LINC01432	LINC01432					0.152047905956809	13408.0	75.51537681649205	0.34782608695652173	1.3012627435105057	1.083187822117496	23
LINC01477	LINC01477					0.0166001948378061	14714.0	82.87146558522022	0.5454545454545454	1.3781725244998986	1.1368277344756932	22
LINC01487	LINC01487					0.004089184411342616	16284.0	91.71454320153204	0.5	2.0164525720014064	1.734978311958371	22
LINC01523	LINC01523					0.153903688031041	13498.0	76.02230483271374	0.3181818181818182	1.0989193667040955	0.9024982777907058	22
LINC01525	LINC01525					0.041013203745502	13890.0	78.23025797003491	0.4	1.4504216651478292	1.1738389429694764	20
LINC01566	LINC01566					0.004814979457059225	14428.0	81.26056100033794	0.5	1.4481373829522362	1.2839760325448313	22
LINC01580	LINC01580					0.0061342084343551295	15444.0	86.98321505012954	0.43478260869565216	1.6349556334972923	1.3436195452466826	23
LINC01657	LINC01657					0.0460732490258661	14468.0	81.48586234088093	0.5	1.816302393887407	1.7224587744392685	22
LINC01706	LINC01706					0.0408593442806975	16467.0	92.74529683451615	0.5882352941176471	1.8904777080341224	1.1772189484598046	17
LINC01718	LINC01718					0.03184884253717053	15984.0	90.02478314745971	0.5	1.6061503963797024	1.127990627635572	20
LINC01741	LINC01741					0.060887271719219246	13800.0	77.72332995381322	0.4	1.1216575638523718	0.8748849312839088	20
LINC01777	LINC01777					0.0199511509898656	13110.0	73.83688182944688	0.2727272727272727	1.2114942652091238	0.96337412040975	22
LINC01782	LINC01782					0.00574508926496159	13167.0	74.15793623972063	0.375	1.363604617110319	1.2939565199631133	24
LINC01815	LINC01815					0.0703458579356856	14496.0	81.643573279261	0.391304347826087	1.2268597465376545	1.0459307898476995	23
LINC01821	LINC01821					0.0022786679900999	14475.0	81.52529007547594	0.5263157894736842	1.9158737425880508	1.614498990387335	19
LINGO1.AS2	LINGO1.AS2					5.6656388599134e-05	16140.0	90.90345837557733	0.5882352941176471	2.101730740596049	1.706738611224439	17
MAGEB18	MAGEB18					0.0032116503355906698	16129.0	90.84150050692801	0.5454545454545454	1.9105669986796123	1.3847441937462253	22
MAGEB4	MAGEB4					0.0380171703889776	16702.0	94.06894221020615	0.5909090909090909	2.1706885647142715	1.9609469642243995	22
MAGEB6	MAGEB6					0.00045403877540599845	16143.0	90.92035597611805	0.5909090909090909	1.6178492113735785	1.1812002497697467	22
MBL2	MBL2					1.25462327413837e-05	17569.0	98.95234876647515	0.7142857142857143	2.9223396282944627	2.0147477063984778	21
MIR3976HG	MIR3976HG					0.0024669555055177464	15839.0	89.20806578799143	0.5454545454545454	1.7155072021304152	1.2964189089851392	22
MIR4307HG	MIR4307HG					0.0246619986342678	12170.0	68.54230032668694	0.38095238095238093	1.2911442333961656	1.1477941566102086	21
MOS	MOS					0.000937061605629636	17374.0	97.85400473132815	0.6	2.865076111102014	2.2909667967523193	20
MYCNUT	MYCNUT					0.01668455932829175	15996.0	90.09237354962262	0.5416666666666666	1.7738726605731046	1.3218819118419585	24
NAALADL2.AS3	NAALADL2.AS3					0.0513724480825351	15325.0	86.31294356201418	0.42857142857142855	1.3828475920812606	0.7161786983339243	21
NEGR1.IT1	NEGR1.IT1					0.241521489204534	15796.0	88.96586684690773	0.3	1.3888972874942698	0.7446936418838989	20
NEU2	NEU2					0.0008685930673520269	17179.0	96.75566069618114	0.5217391304347826	2.241871875781904	1.3303693701035275	23
NEUROG1	NEUROG1					2.3510637540453401e-07	17742.0	99.92677706432353	0.7894736842105263	5.367050694791215	3.46115361395385	19
NPVF	NPVF					8.42022789338109e-05	17517.0	98.65945702376929	0.631578947368421	3.2337947522386847	2.139065045893404	19
OPRPN	OPRPN					0.0012114453961938301	17041.0	95.97837107130786	0.7142857142857143	2.556576980548153	1.9396771737660472	21
OR10D3	OR10D3					0.012458588052372049	14449.0	81.37884420412301	0.45454545454545453	1.5149382448967075	1.4184041620787982	22
OR10H3	OR10H3					0.0030994869412033403	16869.0	95.00957530697308	0.7727272727272727	2.404312015884438	1.8631923936613577	22
OR10J1	OR10J1					0.0057322128738278	15700.5	88.42795989636137	0.5238095238095238	1.7644837406736962	1.7429719939077053	21
OR12D2	OR12D2					0.0030891885852115	15466.0	87.10713078742818	0.5909090909090909	1.6179338333650746	1.0848778822800118	22
OR12D3	OR12D3					0.017075611833958	15706.0	88.45893883068604	0.5238095238095238	1.5547148820838275	1.16491795379957	21
OR1A1	OR1A1					0.0003736547546546265	16440.0	92.59321842964965	0.5909090909090909	1.8015665988988767	1.1556230690163258	22
OR1A2	OR1A2					2.88985237919339e-07	17570.0	98.95798129998873	0.7894736842105263	2.7641583558831395	1.803082881540151	19
OR1D2	OR1D2					0.00228308964242835	16909.0	95.23487664751605	0.7142857142857143	2.531432740943105	1.9795267090310182	21
OR2B3	OR2B3					0.0514052664293784	16339.0	92.02433254477863	0.47619047619047616	1.6185487045192248	1.279766094243936	21
OR2J2	OR2J2					0.00206445535992198	16416.0	92.45803762532387	0.5714285714285714	1.8982102396668128	1.6015914699000346	21
OR2J3	OR2J3					0.0029627196946612603	15144.0	85.29345499605722	0.5217391304347826	1.5109676704798873	1.3410113864972348	23
OR2W1	OR2W1					0.00032847396781227403	16767.0	94.43505688858848	0.5714285714285714	2.277099366575178	1.9498680397265233	21
OR4A5	OR4A5					0.00621681103600053	15903.0	89.5685479328602	0.55	1.7486666104665916	1.2164800759750773	20
OR4N4	OR4N4					0.05722578484150935	13570.0	76.42784724569111	0.36363636363636365	1.5012344374758433	1.4075502796426953	22
OR52A1	OR52A1					8.42341887846991e-05	17051.0	96.03469640644362	0.5652173913043478	2.6961732846255613	2.251383063428803	23
OR5I1	OR5I1					7.136416817415761e-06	17677.0	99.56066238594119	0.7222222222222222	4.035678128173846	2.7525877067301985	18
OR5J2	OR5J2					2.19833195497702e-05	17008.0	95.79249746535992	0.5789473684210527	2.551173448415212	1.6318921148145573	19
OR6B1	OR6B1					0.001424187563764775	15738.0	88.63917990312042	0.5454545454545454	1.5185873719841618	1.1190616818812495	22
OR7A10	OR7A10					0.0488408043516188	13449.0	75.7463106905486	0.36363636363636365	1.2737132950370833	1.1075229694889455	22
OR7E156P	OR7E156P					0.0219971990056483	16445.0	92.62138109721752	0.5909090909090909	2.2308719282236775	1.7219662822894277	22
OR8B8	OR8B8					0.286037887031852	10883.0	61.29322969471668	0.23809523809523808	0.9638035691315365	0.8513354743175101	21
OR8D1	OR8D1					0.03393656702602004	14293.0	80.5001689760054	0.45454545454545453	1.5565867481965021	1.5538124736201597	22
OTX2	OTX2					0.00010947820818049499	17305.0	97.46535991889151	0.782608695652174	2.8073275433693037	2.339760579577205	23
PASD1	PASD1					0.00205126540449302	14564.0	82.02658555818407	0.4782608695652174	2.0625503831725176	2.343930034092651	23
PATE1	PATE1					0.000735411268814098	17489.0	98.5017460853892	0.6363636363636364	2.9252432733538707	2.2123988330434328	22
PAX4	PAX4					0.00064454421197535	16626.0	93.64086966317448	0.5652173913043478	2.566881990161465	1.9927700585883572	23
PRM3	PRM3					0.0282569635531563	15732.0	88.60538470203898	0.5238095238095238	2.0268921385587197	1.8109025414153297	21
PRORY	PRORY					0.0488901530835282	11312.0	63.7095865720401	0.30434782608695654	1.005795151497633	0.9948504499746027	23
PRSS58	PRSS58					0.02735527123488475	16006.0	90.14869888475836	0.5	1.689359708881959	1.4839232237600861	22
RAB9BP1	RAB9BP1					0.046182227437867554	13307.0	74.94649093162104	0.3181818181818182	1.056855135994896	0.8941879773256106	22
RBMY2FP	RBMY2FP					1.71803854362031e-05	15598.0	87.85062521122	0.5714285714285714	1.783698259271812	1.6697583781203074	21
RBMY3AP	RBMY3AP					0.0018547487335455399	17071.0	96.1473470767151	0.5263157894736842	2.2062937201441613	1.5461691367691295	19
REG1B	REG1B					0.0024983478919935603	17493.0	98.5242762194435	0.6363636363636364	3.6145381349646657	3.6535790813930396	22
REG1CP	REG1CP					0.03428523090185665	15660.0	88.19984228906162	0.5454545454545454	1.9524629778657563	1.7272417881134126	22
REG3A	REG3A					1.3428915469985301e-05	17534.0	98.75521009350005	0.6956521739130435	4.193759311598365	3.7090528897259443	23
RNASE11	RNASE11					0.0128009554106508	16187.0	91.16818745071532	0.4782608695652174	1.9432440310944048	1.7677660677039744	23
SCP2D1	SCP2D1					0.0807267940012308	16265.0	91.60752506477412	0.47619047619047616	2.1638666885844877	1.6843884892084768	21
SGCZ	SGCZ					0.00125979645575256	13729.0	77.32342007434944	0.4782608695652174	1.522309323856711	1.5690172840978984	23
SLC2A2	SLC2A2					8.34019501077505e-08	17474.0	98.41725808268559	0.7391304347826086	3.220317765229548	2.5232385180145585	23
SLC7A13	SLC7A13					0.0035718041882164403	15644.0	88.10972175284442	0.5	1.8046364851721377	1.5393432590639986	22
SLIT1.AS1	SLIT1.AS1					0.01160444712415055	15958.0	89.87833727610679	0.5	1.7035080913980443	1.1875716009802868	22
SMCP	SMCP					0.0038662883339476	17155.0	96.62047989185535	0.6666666666666666	2.909823850082812	2.262860859226244	21
SMR3B	SMR3B					4.89705542098721e-05	17676.0	99.55502985242762	0.8095238095238095	4.337559840966878	2.6623071823850397	21
SPACA7	SPACA7					0.0348047088054908	16106.0	90.7119522361158	0.5	1.7851603520483628	1.4419866293732113	22
SPRR4	SPRR4					0.0013764996063310398	17133.0	96.49656415455671	0.6363636363636364	2.5237216711633312	1.8627088159140988	22
SRY	SRY					7.074554791524996e-07	16410.0	92.42424242424242	0.6666666666666666	2.3160828974093306	1.6573550718684453	24
TAAR2	TAAR2					0.03740473844772365	15419.0	86.84240171229018	0.45	1.5796494143967916	1.2273064032471561	20
TAAR8	TAAR8					0.026116875534537363	13733.0	77.34595020840374	0.3181818181818182	1.4279590714913757	1.1025370047387866	22
TAAR9	TAAR9					0.00987571934184726	13673.0	77.00799819758927	0.5	1.5198203608447896	1.3843900478559688	22
TAS2R16	TAS2R16					8.50571767062159e-05	16880.0	95.07153317562239	0.6	2.418890014863687	1.8966431245448778	20
TEX36.AS1	TEX36.AS1					0.0728171961637991	15672.0	88.26743269122451	0.42857142857142855	1.7945050776343519	1.6155979381010794	21
TMEM174	TMEM174					0.000181098547105923	16508.0	92.97623070857271	0.5454545454545454	2.2020362889559384	1.4595548568610521	22
TP53TG3HP	TP53TG3HP					0.135921606639538	12895.0	72.62588712402838	0.23809523809523808	1.0654377933361059	0.7010744321591541	21
TRIM42	TRIM42					0.0011984013829474198	15357.0	86.49318463444857	0.5217391304347826	2.190873734235167	2.130311431689331	23
TTTY10	TTTY10					0.0291943238222931	14317.0	80.63534978033118	0.4782608695652174	1.4124842799105783	1.22723310845892	23
TTTY11	TTTY11					0.40593525426264004	13861.5	78.06973076489804	0.3157894736842105	1.3158218199543619	1.0570307935279877	19
TTTY12	TTTY12					0.38273578252070795	14214.5	80.05801509518982	0.3684210526315789	1.231274537987874	1.089061019842243	19
TTTY13	TTTY13					0.24241420348523102	15709.0	88.47583643122675	0.35294117647058826	1.499236142765809	1.1570074752157933	17
TTTY14	TTTY14					0.005337459238537914	7425.0	41.815928804776384	0.3333333333333333	1.1773664772985637	1.7620745583600204	24
TTTY5	TTTY5					0.40494341426034897	14014.0	78.92869212571814	0.15789473684210525	1.0460227755975453	0.5519679075001026	19
TTTY7	TTTY7					0.0340360008091574	13861.5	78.06973076489804	0.47368421052631576	1.5114643436000816	1.1931113431784317	19
TXNDC8	TXNDC8					0.0384064229337061	13545.0	76.28703390785175	0.36363636363636365	1.2549257129048594	1.1494497731663458	22
VN1R4	VN1R4					0.0006340639973772075	15887.0	89.478427396643	0.6	1.7059460252566705	1.2999882813557442	20
